1.2972678678941885
1.5103187937418232
0.5730991434390911
0.12851391526245512
0.041036227043849426
0.021157102247399886
0.015089169137502243
0.011764390383890705
0.009638719265808726
0.008157248575527779
0.007064410311892537
0.00622478698844832
0.0055595693521035645
0.005019658625531089
0.004572829355617916
0.004197038209098517
0.003876690448445175
0.0036004400658215603
0.003359834289257199
0.0031484464890453737
0.0029613035420310335
0.002794497118139494
0.002644913414405145
0.0025100412361138795
0.0023878331365965663
0.0022766032506273135
0.0021749509845251486
0.0020817032371782934
0.001995870106692099
0.001916610548773907
0.0018432054732239335
0.0017750364652373745
0.0017115688063903138
0.00165233781529354
0.0015969377750776352
0.0015450128940586148
0.0014962498772942878
0.001450371784053106
0.0014071329190116022
0.0013663145599499518
0.0013277213665576293
0.0012911783470774586
0.0012565282843558308
0.0012236295422153852
0.0011923541882409249
0.0011625863810460386
0.0011342209795986327
0.0011071623397795845
0.0010813232694488184
0.0010566241182175715
0.0010329919821208792
0.0010103600066407566
9.886667741976507E-4
9.67855764420438E-4
9.478748773168587E-4
9.286760109677065E-4
9.102146866178531E-4
8.924497150815878E-4
8.753428992543042E-4
8.588587682594308E-4
8.429643393800209E-4
8.276289044507258E-4
8.128238378320175E-4
7.985224234688964E-4
7.846996988609004E-4
7.713323140481562E-4
7.583984039568936E-4
7.458774726532343E-4
7.337502882312217E-4
7.219987872143666E-4
7.106059874826779E-4
6.995559088527833E-4
6.888335005389222E-4
6.784245748104466E-4
6.683157462380244E-4
6.584943759878044E-4
6.489485206817648E-4
6.3966688539419E-4
6.306387803999671E-4
6.218540813303334E-4
6.133031924277047E-4
6.049770126223306E-4
5.968669041816245E-4
5.889646637078274E-4
5.81262495281634E-4
5.737529855691748E-4
5.664290807271274E-4
5.592840649566195E-4
5.523115405703461E-4
5.455054094500416E-4
5.388598557827326E-4
5.323693299741144E-4
5.26028533646773E-4
5.19832405638861E-4
5.137761089265192E-4
5.078550183997747E-4
5.020647094277101E-4
4.964009471543191E-4
4.908596764711085E-4
4.854370126172292E-4
4.801292323618744E-4
4.749327657273061E-4
4.6984418821438426E-4
4.648602134953777E-4
4.599776865416788E-4
4.551935771566003E-4
4.5050497388571183E-4
4.459090782792525E-4
4.414031994832361E-4
4.369847491374478E-4
4.326512365602508E-4
4.2840026420168034E-4
4.242295233474531E-4
4.201367900580634E-4
4.161199213279612E-4
4.1217685145119573E-4
4.0830558858060486E-4
4.045042114687184E-4
4.0077086637926174E-4
3.971037641589847E-4
3.9350117746016005E-4
3.8996143810486887E-4
3.8648293458261795E-4
3.8306410967361407E-4
3.797034581903266E-4
3.763995248305501E-4
3.731509021356617E-4
3.6995622854805424E-4
3.6681418656221254E-4
3.637235009642179E-4
3.6068293715480295E-4
3.5769129955133273E-4
3.5474743006450146E-4
3.51850206645593E-4
3.489985419006589E-4
3.461913817679414E-4
3.4342770425527784E-4
3.4070651823428705E-4
3.380268622884535E-4
3.353878036122525E-4
3.327884369587491E-4
3.3022788363319715E-4
3.2770529053029266E-4
3.252198292129123E-4
3.227706950302648E-4
3.2035710627351566E-4
3.1797830336702346E-4
3.156335480934412E-4
3.133221228511073E-4
3.110433299421034E-4
3.0879649088951704E-4
3.0658094578258087E-4
3.043960526483091E-4
3.022411868484255E-4
3.001157405003943E-4
2.98019121921444E-4
2.9595075509452945E-4
2.9391007915521784E-4
2.918965478985567E-4
2.899096293050437E-4
2.8794880508481457E-4
2.860135702392484E-4
2.841034326392064E-4
2.8221791261922837E-4
2.803565425869002E-4
2.7851886664682343E-4
2.767044402384955E-4
2.7491282978752134E-4
2.731436123696105E-4
2.71396375386787E-4
2.6967071625530904E-4
2.679662421048161E-4
2.662825694882311E-4
2.6461932410195703E-4
2.6297614051597537E-4
2.6135266191341754E-4
2.597485398392289E-4
2.581634339575688E-4
2.565970118175697E-4
2.5504894862715644E-4
2.535189270345828E-4
2.5200663691737397E-4
2.505117751784022E-4
2.490340455488238E-4
2.475731583975496E-4
2.461288305471065E-4
2.4470078509552807E-4
2.4328875124412423E-4
2.4189246413085631E-4
2.4051166466915568E-4
2.3914609939193102E-4
2.377955203005834E-4
2.364596847188866E-4
2.3513835515148163E-4
2.3383129914685637E-4
2.3253828916466057E-4
2.3125910244715543E-4
2.2999352089467291E-4
2.2874133094494324E-4
2.2750232345614504E-4
2.2627629359354455E-4
2.2506304071958185E-4
2.2386236828732532E-4
2.226740837371191E-4
2.2149799839635856E-4
2.203339273822648E-4
2.1918168950754182E-4
2.1804110718885313E-4
2.1691200635796592E-4
2.1579421637554265E-4
2.1468756994742473E-4
2.1359190304336189E-4
2.1250705481807978E-4
2.1143286753464517E-4
2.1036918649000843E-4
2.0931585994267117E-4
2.0827273904242577E-4
2.0723967776205298E-4
2.062165328309785E-4
2.0520316367073955E-4
2.0419943233230295E-4
2.0320520343507706E-4
2.0222034410764383E-4
2.0124472393009572E-4
2.0027821487796798E-4
1.993206912676868E-4
1.9837202970350267E-4
1.9743210902586658E-4
1.9650081026117367E-4
1.9557801657287086E-4
1.9466361321386828E-4
1.9375748748018629E-4
1.9285952866586887E-4
1.9196962801905148E-4
1.910876786991943E-4
1.9021357573542158E-4
1.8934721598596E-4
1.8848849809860582E-4
1.8763732247222326E-4
1.8679359121922187E-4
1.859572081290009E-4
1.8512807863232508E-4
1.843061097665776E-4
1.8349121014193202E-4
1.826832899083316E-4
1.8188226072331977E-4
1.8108803572066724E-4
1.8030052947977154E-4
1.795196579958245E-4
1.7874533865068574E-4
1.7797749018452492E-4
1.7721603266808152E-4
1.7646088747566707E-4
1.757119772587782E-4
1.7496922592037296E-4
1.7423255858973848E-4
1.7350190159798947E-4
1.7277718245412705E-4
1.7205832982166813E-4
1.7134527349585584E-4
1.7063794438136024E-4
1.6993627447054463E-4
1.692401968222169E-4
1.68549645540875E-4
1.678645557564542E-4
1.6718486360451542E-4
1.6651050620690878E-4
1.6584142165287571E-4
1.6517754898057814E-4
1.6451882815904929E-4
1.638652000705676E-4
1.6321660649340714E-4
1.625729900849883E-4
1.619342943654082E-4
1.6130046370133535E-4
1.6067144329025886E-4
1.600471791450983E-4
1.5942761807914572E-4
1.5881270769133054E-4
1.5820239635183268E-4
1.5759663318798626E-4
1.5699536807049774E-4
1.5639855159998019E-4
1.5580613509373506E-4
1.552180705728782E-4
1.546343107496922E-4
1.5405480901527335E-4
1.5347951942744543E-4
1.5290839669890218E-4
1.523413961856486E-4
1.5177847387563338E-4
1.5121958637766622E-4
1.5066469091052964E-4
1.501137452923435E-4
1.4956670793015033E-4
1.4902353780969437E-4
1.4848419448543936E-4
1.4794863807076621E-4
1.4741682922840376E-4
1.4688872916101642E-4
1.463642996020243E-4
1.458435028065696E-4
1.4532630154269995E-4
1.4481265908272093E-4
1.4430253919469677E-4
1.437959061341566E-4
1.4329272463595998E-4
1.4279295990630455E-4
1.422965776148995E-4
1.41803543887325E-4
1.4131382529748666E-4
1.4082738886026538E-4
1.4034420202429533E-4
1.3986423266487347E-4
1.3938744907702658E-4
1.389138199686932E-4
1.3844331445404828E-4
1.3797590204696184E-4
1.3751155265456793E-4
1.3705023657096743E-4
1.365919244710575E-4
1.3613658740445965E-4
1.356841967895824E-4
1.3523472440778102E-4
1.3478814239763857E-4
1.3434442324934893E-4
1.3390353979921124E-4
1.3346546522421151E-4
1.33030173036729E-4
1.3259763707932626E-4
1.3216783151962628E-4
1.317407308453121E-4
1.3131630985919047E-4
1.3089454367436713E-4
1.3047540770949235E-4
1.3005887768410831E-4
1.2964492961407113E-4
1.292335398070673E-4
1.2882468485819436E-4
1.2841834164563723E-4
1.2801448732640988E-4
1.276130993321903E-4
1.272141553652027E-4
1.2681763339420716E-4
1.2642351165052348E-4
1.260317686241643E-4
1.2564238306000302E-4
1.2525533395402956E-4
1.2487060054966047E-4
1.244881623341262E-4
1.2410799903490426E-4
1.237300906162349E-4
1.2335441727567904E-4
1.229809594407435E-4
1.2260969776557135E-4
1.2224061312766894E-4
1.2187368662471882E-4
1.215088995714205E-4
1.2114623349639656E-4
1.2078567013914878E-4
1.2042719144707388E-4
1.2007077957252223E-4
1.1971641686989867E-4
1.1936408589283183E-4
1.1901376939137248E-4
1.1866545030924865E-4
1.1831911178117056E-4
1.1797473713015961E-4
1.1763230986495545E-4
1.1729181367742397E-4
1.1695323244005546E-4
1.1661655020345616E-4
1.1628175119392468E-4
1.1594881981103257E-4
1.156177406252668E-4
1.1528849837570314E-4
1.1496107796771726E-4
1.1463546447072936E-4
1.1431164311599536E-4
1.1398959929442096E-4
1.1366931855442719E-4
1.1335078659982765E-4
1.1303398928776541E-4
1.1271891262665735E-4
1.1240554277419442E-4
1.1209386603535558E-4
1.1178386886046818E-4
1.1147553784328307E-4
1.1116885971909002E-4
1.1086382136286585E-4
1.1056040978744372E-4
1.102586121417139E-4
1.0995841570885136E-4
1.0965980790457417E-4
1.0936277627542957E-4
1.0906730849709272E-4
1.0877339237272221E-4
1.084810158313007E-4
1.081901669260383E-4
1.0790083383277174E-4
1.0761300484841163E-4
1.0732666838939125E-4
1.0704181299015743E-4
1.0675842730167226E-4
1.0647650008994195E-4
1.061960202345761E-4
1.0591697672734308E-4
1.0563935867077748E-4
1.0536315527679662E-4
1.0508835586532334E-4
1.0481494986295603E-4
1.0454292680163502E-4
1.0427227631734468E-4
1.0400298814882162E-4
1.0373505213629606E-4
1.0346845822024008E-4
1.0320319644013961E-4
1.0293925693328099E-4
1.0267662993356064E-4
1.0241530577030536E-4
1.0215527486712113E-4
1.0189652774073753E-4
1.0163905499989875E-4
1.0138284734423997E-4
1.0112789556319969E-4
1.0087419053494361E-4
1.0062172322530072E-4
1.0037048468671405E-4
1.0012046605721509E-4
9.987165855939481E-5
The correct rate for BP: 100.00% 
