0.9251861024625191
0.8370684309683534
0.10871493400419839
0.03197425980805912
0.0062292198814098984
0.005136928781266251
0.004357174332132936
0.0037771345426761416
0.003330735663923027
0.0029771919175468533
0.0026904798505773776
0.0024533740775760904
0.0022540687877104
0.0020842179813379325
0.001937760085324738
0.00181018831846637
0.0016980828844789409
0.0015988021143468066
0.0015102731272349076
0.0014308465801285814
0.0013591937540365566
0.0012942322566260613
0.0012350714719765571
0.0011809718944081633
0.0011313143911171766
0.0010855766755452011
0.0010433150918012215
0.0010041503617466405
9.677563239704372E-4
9.338509565458642E-4
9.0218916077623E-4
8.725569156114337E-4
8.447665082784349E-4
8.18652616826156E-4
7.940690721777112E-4
7.708861660449603E-4
7.489884002844331E-4
7.282725954981105E-4
7.086462937224958E-4
6.900264032148825E-4
6.723380435917749E-4
6.555135576031131E-4
6.394916621580784E-4
6.24216716243047E-4
6.096380873830823E-4
5.957096015173453E-4
5.823890637561717E-4
5.696378395939205E-4
5.574204878677138E-4
5.4570443815723E-4
5.344597064755278E-4
5.236586440544061E-4
5.132757148182648E-4
5.032872977981026E-4
4.936715112864231E-4
4.8440805599446365E-4
4.7547807485998864E-4
4.668640274809135E-4
4.585495774262293E-4
4.5051949091067927E-4
4.427595455193158E-4
4.352564478390087E-4
4.279977589997793E-4
4.209718272546219E-4
4.1416772683423896E-4
4.0757520240631125E-4
4.011846185495924E-4
3.949869137228522E-4
3.8897355826934983E-4
3.83136516050514E-4
3.7746820934836487E-4
3.71961486716688E-4
3.666095934961803E-4
3.614061447398024E-4
3.56345100321775E-4
3.5142074202771864E-4
3.4662765244454084E-4
3.419606954874035E-4
3.3741499841775306E-4
3.3298593522098843E-4
3.2866911122545026E-4
3.244603488560448E-4
3.2035567442614414E-4
3.1635130588059145E-4
3.124436414110068E-4
3.0862924887185465E-4
3.049048559323897E-4
3.0126734090557604E-4
2.977137242003381E-4
2.942411603483189E-4
2.9084693056065223E-4
2.8752843577418E-4
2.8428319014992676E-4
2.8110881499001663E-4
2.7800303304193613E-4
2.74963663161693E-4
2.7198861530982596E-4
2.690758858562982E-4
2.662235531722825E-4
2.634297734886411E-4
2.606927770024565E-4
2.5801086421449254E-4
2.5538240248174635E-4
2.5280582277059795E-4
2.5027961659696685E-4
2.478023331411482E-4
2.4537257652576983E-4
2.429890032462168E-4
2.4065031974370444E-4
2.3835528011180744E-4
2.3610268392800074E-4
2.3389137420235732E-4
2.3172023543604553E-4
2.295881917828952E-4
2.2749420530765343E-4
2.2543727433511524E-4
2.2341643188461026E-4
2.2143074418476085E-4
2.194793092637629E-4
2.175612556107252E-4
2.1567574090398597E-4
2.138219508024597E-4
2.1199909779646086E-4
2.1020642011459733E-4
2.0844318068358013E-4
2.0670866613798684E-4
2.050021858771832E-4
2.0332307116686227E-4
2.0167067428269824E-4
2.000443676938685E-4
1.984435432842925E-4
1.968676116095658E-4
1.953160011877079E-4
1.937881578219301E-4
1.9228354395376296E-4
1.908016380449663E-4
1.8934193398673977E-4
1.8790394053483362E-4
1.8648718076927514E-4
1.8509119157741446E-4
1.837155231591684E-4
1.8235973855337592E-4
1.8102341318415848E-4
1.79706134426359E-4
1.784075011891342E-4
1.7712712351677454E-4
1.7586462220598847E-4
1.7461962843881874E-4
1.7339178343046325E-4
1.7218073809133043E-4
1.70986152702609E-4
1.6980769660476054E-4
1.68645047898365E-4
1.674978931566785E-4
1.6636592714943407E-4
1.65248852577375E-4
1.6414637981697585E-4
1.6305822667500022E-4
1.619841181523494E-4
1.6092378621686957E-4
1.5987696958470293E-4
1.5884341350978336E-4
1.578228695811849E-4
1.5681509552789924E-4
1.5581985503084072E-4
1.5483691754162736E-4
1.538660581080017E-4
1.5290705720549124E-4
1.5195970057512093E-4
1.5102377906690161E-4
1.5009908848884445E-4
1.4918542946131517E-4
1.4828260727644795E-4
1.473904317624905E-4
1.46508717152798E-4
1.4563728195936986E-4
1.4477594885068504E-4
1.4392454453370925E-4
1.43082899639876E-4
1.422508486149138E-4
1.4142822961236035E-4
1.4061488439059755E-4
1.3981065821331326E-4
1.3901539975323392E-4
1.3822896099899377E-4
1.3745119716505587E-4
1.3668196660452796E-4
1.3592113072478826E-4
1.351685539058427E-4
1.3442410342123405E-4
1.3368764936149866E-4
1.3295906456002417E-4
1.3223822452121088E-4
1.315250073509165E-4
1.3081929368901767E-4
1.3012096664408239E-4
1.2942991173004617E-4
1.2874601680479888E-4
1.2806917201068588E-4
1.2739926971676522E-4
1.2673620446281957E-4
1.2607987290506564E-4
1.2543017376344227E-4
1.2478700777051439E-4
1.2415027762182734E-4
1.2351988792776652E-4
1.2289574516680468E-4
1.2227775764011453E-4
1.2166583542748733E-4
1.2105989034454044E-4
1.2045983590112808E-4
1.1986558726096607E-4
1.1927706120238351E-4
1.1869417608019461E-4
1.1811685178863049E-4
1.1754500972534767E-4
1.1697857275637972E-4
1.1641746518212685E-4
1.1586161270423179E-4
1.153109423934048E-4
1.147653826581066E-4
1.14224863214098E-4
1.1368931505481889E-4
1.1315867042254328E-4
1.1263286278034963E-4
1.1211182678480259E-4
1.1159549825939338E-4
1.1108381416866744E-4
1.1057671259304008E-4
1.1007413270428508E-4
1.0957601474164842E-4
1.0908229998859786E-4
1.0859293075017603E-4
1.0810785033092957E-4
1.0762700301341438E-4
1.0715033403726256E-4
1.0667778957875849E-4
1.0620931673095146E-4
1.0574486348428314E-4
1.052843787076684E-4
1.0482781213009393E-4
1.043751143226354E-4
1.0392623668096536E-4
1.0348113140825478E-4
1.0303975149852353E-4
1.0260205072039586E-4
1.0216798360124415E-4
1.0173750541172996E-4
1.0131057215071257E-4
1.0088714053053889E-4
1.0046716796265973E-4
1.0005061254362691E-4
9.963743304139758E-5
The correct rate for BP: 100.00% 
