1.1956488389045363
1.1354633581835492
0.8451034515030417
0.5535696466525909
0.3464480557900915
0.2235094897084798
0.15491881006681565
0.11511918357299655
0.0901581772843776
0.07338216418495222
0.06147381343864392
0.05265109647290488
0.04588869185375101
0.040561407178171374
0.036269143044446374
0.032745288140194895
0.029806021181456456
0.027320867558006997
0.025194874668317296
0.023357425648213314
0.02175499531019625
0.020346327868912658
0.019099147606706418
0.017987865982516782
0.016991952001774877
0.016094753578228867
0.015282631505766035
0.014544313929598257
0.013870408834959881
0.013253031431865339
0.012685516201712273
0.012162192096977394
0.011678205386128885
0.011229378823046976
0.010812098781267827
0.010423224113521725
0.010060012032795648
0.009720057435699647
0.009401242920727219
0.009101697375147927
0.008819761472254427
0.008553958776247764
0.008302971424332875
0.008065619565677692
0.007840843900125682
0.007627690787238532
0.0074252994967625545
0.007232891251218698
0.007049759774723876
0.0068752631129343055
0.006708816529885243
0.006549886320578754
0.006397984405061842
0.006252663591695615
0.006113513415327087
0.00598015647090841
0.005852245175374056
0.0057294589007688785
0.005611501430101569
0.005498098694491559
0.0053889967561268435
0.0052839600065587395
0.005182769554088768
0.005085221777583762
0.004991127027098582
0.004900308454276633
0.004812600957712872
0.004727850230359492
0.004645911897682823
0.0045666507366812145
0.004489939967082948
0.00441566060708898
0.004343700886931829
0.004273955714309394
0.004206326186438146
0.00414071914406806
0.00407704676332441
0.0040152261816995
0.003955179154918955
0.00389683174176027
0.003840114014212538
0.003784959790640298
0.00373130638985694
0.0036790944042277176
0.0036282674901123436
0.003578772174126549
0.003530557673851311
0.0034835757317530328
0.003437780461196586
0.003393128203540017
0.003349577395394729
0.0033070884452203755
0.0032656236185001496
0.0032251469308109608
0.003185624048164311
0.003147022194049844
0.003109310062663161
0.00307245773784473
0.003036436617297813
0.0030012193416898004
0.0029667797282751478
0.0029330927087079708
0.0029001342707402258
0.002867881403525963
0.002836312046275035
0.0028054050400202054
0.00277514008228021
0.002745497684418835
0.002716459131515215
0.00268800644457512
0.002660122344926058
0.0026327902206507237
0.0026059940949244493
0.002579718596132194
0.0025539489296500257
0.002528670851183914
0.002503870641567251
0.00247953508292481
0.0024556514361178342
0.002432207419391006
0.0024091911881473087
0.002386591315782231
0.0023643967755133215
0.0023425969231453715
0.0023211814807159456
0.002300140520969101
0.0022794644526090767
0.0022591440062889106
0.0022391702212913745
0.002219534432863157
0.0022002282601649914
0.0021812435948035474
0.002162572589912243
0.00214420764975108
0.0021261414197967636
0.002108366777296488
0.0020908768222604474
0.0020736648688694766
0.002056724437275733
0.0020400492457756723
0.002023633203335881
0.0020074704024532755
0.0019915551123325295
0.0019758817723642937
0.0019604449858891104
0.0019452395142323842
0.001930260270996845
0.0019155023165998166
0.0019009608530429075
0.0018866312189029203
0.0018725088845330745
0.0018585894474643597
0.0018448686279973685
0.0018313422649755115
0.0018180063117310139
0.0018048568321954468
0.0017918899971671857
0.0017791020807284353
0.0017664894568048281
0.0017540485958611927
0.0017417760617271163
0.0017296685085464707
0.0017177226778453396
0.001705935395712962
0.0016943035700907319
0.001682824188164385
0.0016714943138549513
0.0016603110854039884
0.0016492717130491114
0.001638373476785979
0.001627613724212819
0.0016169898684541201
0.0016064993861601097
0.001596139815578839
0.0015859087546976828
0.0015758038594515873
0.0015658228419951259
0.0015559634690357866
0.001546223560226012
0.0015366009866115255
0.0015270936691337766
0.001517699577184178
0.0015084167272081616
0.0014992431813571178
0.0014901770461861166
0.0014812164713958258
0.0014723596486168008
0.001463604810234472
0.0014549502282532878
0.0014463942131985065
0.0014379351130541917
0.0014295713122359712
0.0014213012305973902
0.0014131233224683746
0.0014050360757248154
0.0013970380108879494
0.0013891276802525552
0.0013813036670427673
0.001373564584594609
0.0013659090755642612
0.0013583358111609817
0.0013508434904040195
0.0013434308394024317
0.0013360966106571483
0.0013288395823844027
0.0013216585578597942
0.001314552364782271
0.0013075198546573135
0.0013005599021985925
0.0012936714047476429
0.0012868532817106738
0.0012801044740121633
0.001273423943564443
0.0012668106727529646
0.0012602636639364763
0.0012537819389617955
0.0012473645386925584
0.0012410105225515908
0.001234718968076285
0.001228488970486788
0.0012223196422663325
0.0012162101127534387
0.001210159527745636
0.001204167049114231
0.0011982318544297964
0.0011923531365980692
0.001186530103505916
0.0011807619776770027
0.001175047995936857
0.0011693874090871201
0.0011637794815886012
0.0011582234912528662
0.0011527187289421443
0.0011472644982772518
0.001141860115353326
0.0011365049084630426
0.001131198217827193
0.0011259393953323474
0.0011207278042753655
0.0011155628191145796
0.0011104438252274062
0.001105370218674317
0.0011003414059687687
0.0010953568038531225
0.0010904158390802191
0.0010855179482005884
0.0010806625773549427
0.0010758491820719986
0.0010710772270712736
0.001066346186070992
0.0010616555416005145
0.0010570047848176823
0.0010523934153304838
0.001047820941023222
0.0010432868778868867
0.0010387907498536917
0.001034332088635607
0.0010299104335668486
0.0010255253314501087
0.0010211763364065634
0.0010168630097293454
0.0010125849197406465
0.0010083416416521041
0.0010041327574285682
9.99957855655029E-4
9.958165314066878E-4
9.91708386122066E-4
9.876330274790608E-4
9.835900692738912E-4
9.79579131302821E-4
9.755998392466389E-4
9.716518245577561E-4
9.677347243498772E-4
9.638481812902573E-4
9.599918434943172E-4
9.561653644226448E-4
9.523684027804189E-4
9.486006224189388E-4
9.44861692239487E-4
9.411512860992568E-4
9.374690827193824E-4
9.338147655950337E-4
9.30188022907454E-4
9.265885474379267E-4
9.230160364836774E-4
9.194701917755474E-4
9.159507193974764E-4
9.124573297077552E-4
9.089897372619292E-4
9.055476607373916E-4
9.021308228595954E-4
8.987389503297943E-4
8.953717737543963E-4
8.920290275757344E-4
8.887104500043475E-4
8.854157829526978E-4
8.821447719702254E-4
8.788971661797938E-4
8.756727182154862E-4
8.724711841616217E-4
8.692923234931073E-4
8.661358990169788E-4
8.630016768151341E-4
8.598894261882817E-4
8.567989196010034E-4
8.537299326279319E-4
8.506822439010175E-4
8.47655635057904E-4
8.446498906912872E-4
8.416647982993096E-4
8.38700148236968E-4
8.357557336684787E-4
8.32831350520563E-4
8.299267974366978E-4
8.27041875732253E-4
8.241763893505026E-4
8.213301448195277E-4
8.185029512099291E-4
8.156946200933724E-4
8.129049655019667E-4
8.101338038884007E-4
8.073809540868521E-4
8.046462372746463E-4
8.019294769346971E-4
7.992304988185935E-4
7.965491309104241E-4
7.938852033913235E-4
7.912385486046232E-4
7.88609001021725E-4
7.85996397208564E-4
7.834005757927356E-4
7.808213774312375E-4
7.78258644778791E-4
7.757122224567778E-4
7.731819570227207E-4
7.706676969403684E-4
7.681692925503091E-4
7.656865960411164E-4
7.632194614210356E-4
7.607677444902072E-4
7.583313028133657E-4
7.559099956930175E-4
7.5350368414317E-4
7.511122308634831E-4
7.487355002138956E-4
7.463733581897136E-4
7.440256723971459E-4
7.416923120292755E-4
7.393731478424349E-4
7.370680521330498E-4
7.347768987148427E-4
7.324995628964844E-4
7.302359214595779E-4
7.279858526370929E-4
7.257492360921522E-4
7.235259528971637E-4
7.213158855133386E-4
7.191189177705962E-4
7.169349348477292E-4
7.147638232530231E-4
7.126054708050933E-4
7.104597666141578E-4
7.083266010635364E-4
7.062058657915445E-4
7.04097453673629E-4
7.020012588048687E-4
6.999171764827085E-4
6.978451031900321E-4
6.957849365785006E-4
6.937365754521771E-4
6.916999197513952E-4
6.89674870536956E-4
6.876613299745242E-4
6.856592013193331E-4
6.836683889011151E-4
6.816887981092761E-4
6.79720335378341E-4
6.777629081736142E-4
6.758164249770905E-4
6.738807952735577E-4
6.71955929537006E-4
6.700417392171648E-4
6.681381367263197E-4
6.662450354263157E-4
6.643623496157887E-4
6.624899945175748E-4
6.606278862663325E-4
6.58775941896402E-4
6.56934079329777E-4
6.551022173643447E-4
6.532802756622682E-4
6.514681747385721E-4
6.496658359498823E-4
6.478731814833989E-4
6.46090134345972E-4
6.443166183533947E-4
6.42552558119836E-4
6.407978790474812E-4
6.390525073162884E-4
6.373163698738975E-4
6.355893944257526E-4
6.338715094253344E-4
6.321626440645304E-4
6.304627282641789E-4
6.287716926647725E-4
6.270894686172453E-4
6.254159881739663E-4
6.237511840798256E-4
6.220949897634707E-4
6.204473393286811E-4
6.188081675458528E-4
6.17177409843639E-4
6.155550023006976E-4
6.139408816375461E-4
6.123349852085937E-4
6.107372509942245E-4
6.091476175930442E-4
6.075660242142221E-4
6.059924106699545E-4
6.044267173680348E-4
6.028688853045291E-4
6.01318856056572E-4
5.997765717752608E-4
5.982419751786349E-4
5.967150095448004E-4
5.95195618705121E-4
5.936837470374897E-4
5.921793394597625E-4
5.906823414232354E-4
5.891926989062144E-4
5.877103584077097E-4
5.862352669411864E-4
5.847673720284336E-4
5.833066216935018E-4
5.818529644567304E-4
5.804063493288612E-4
5.789667258052482E-4
5.775340438601171E-4
5.761082539409363E-4
5.746893069628607E-4
5.73277154303243E-4
5.718717477962192E-4
5.704730397274015E-4
5.69080982828595E-4
5.676955302726305E-4
5.663166356682547E-4
5.649442530550812E-4
5.635783368986179E-4
5.622188420853914E-4
5.608657239180485E-4
5.595189381106786E-4
5.581784407840217E-4
5.568441884608885E-4
5.555161380615499E-4
5.541942468992565E-4
5.528784726757468E-4
5.515687734768737E-4
5.502651077682817E-4
5.489674343911191E-4
5.476757125578203E-4
5.463899018479464E-4
5.451099622040817E-4
5.438358539277832E-4
5.425675376755838E-4
5.413049744550555E-4
5.400481256208856E-4
5.387969528710938E-4
5.375514182432042E-4
5.363114841105058E-4
5.350771131783704E-4
5.338482684806317E-4
5.326249133759488E-4
5.314070115442996E-4
5.301945269834561E-4
5.289874240055421E-4
5.277856672336129E-4
5.26589221598296E-4
5.25398052334481E-4
5.242121249780041E-4
5.230314053624451E-4
5.21855859615925E-4
5.206854541579311E-4
5.195201556962356E-4
5.183599312237888E-4
5.172047480156975E-4
5.160545736262399E-4
5.149093758858844E-4
5.137691228983856E-4
5.126337830378886E-4
5.11503324946075E-4
5.103777175293822E-4
5.092569299561909E-4
5.081409316540973E-4
5.070296923072029E-4
5.05923181853453E-4
5.04821370481963E-4
5.037242286304505E-4
5.026317269826362E-4
5.015438364657069E-4
5.004605282477826E-4
4.993817737354784E-4
4.983075445714076E-4
4.972378126317991E-4
4.961725500240705E-4
4.951117290845004E-4
4.940553223758626E-4
4.930033026851537E-4
4.919556430212839E-4
4.909123166128522E-4
4.898732969059183E-4
4.888385575618039E-4
4.878080724549183E-4
4.867818156706359E-4
4.8575976150315393E-4
4.8474188445342316E-4
4.837281592270612E-4
4.8271856073232877E-4
4.817130640781092E-4
4.807116445719046E-4
4.7971427771786846E-4
4.7872093921487327E-4
4.7773160495456237E-4
4.767462510194794E-4
4.7576485368116194E-4
4.7478738939829936E-4
4.738138348149072E-4
4.728441667584843E-4
4.7187836223825644E-4
4.709163984433795E-4
4.6995825274120267E-4
4.690039026755304E-4
4.6805332596492043E-4
4.6710650050099087E-4
4.6616340434673385E-4
4.652240157348981E-4
4.642883130663252E-4
4.6335627490835004E-4
4.6242787999320527E-4
4.6150310721644274E-4
4.605819356353668E-4
4.596643444675122E-4
4.5875031308909774E-4
4.5783982103354777E-4
4.569328479899755E-4
4.560293738017135E-4
4.55129378464891E-4
4.542328421269491E-4
4.5333974508524234E-4
4.5245006778564143E-4
4.5156379082110845E-4
4.506808949303616E-4
4.4980136099648227E-4
4.4892517004558273E-4
4.480523032454816E-4
4.471827419043755E-4
4.463164674695523E-4
4.4545346152609556E-4
4.4459370579559874E-4
4.437371821349489E-4
4.4288387253504154E-4
4.420337591195571E-4
4.411868241437623E-4
4.403430499932964E-4
4.3950241918296984E-4
4.38664914355603E-4
4.37830518280845E-4
4.369992138540456E-4
4.3617098409508325E-4
4.3534581214726883E-4
4.345236812762069E-4
4.337045748687136E-4
4.3288847643169946E-4
4.320753695911166E-4
4.312652380908732E-4
4.304580657917848E-4
4.296538366705228E-4
4.288525348185934E-4
4.280541444412929E-4
4.272586498567238E-4
4.2646603549476E-4
4.2567628589609445E-4
4.2488938571122914E-4
4.241053196995104E-4
4.2332407272818045E-4
4.2254562977142064E-4
4.217699759094033E-4
4.2099709632738844E-4
4.2022697631478065E-4
4.1945960126421134E-4
4.18694956670667E-4
4.1793302813057464E-4
4.171738013409334E-4
4.164172620984263E-4
4.1566339629858003E-4
4.1491218993487704E-4
4.1416362909794117E-4
4.1341769997467806E-4
4.1267438884746885E-4
4.1193368209332417E-4
4.1119556618308435E-4
4.104600276806221E-4
4.097270532420312E-4
4.089966296148662E-4
4.0826874363733676E-4
4.0754338223753845E-4
4.068205324327062E-4
4.0610018132845166E-4
4.053823161180052E-4
4.046669240814861E-4
4.0395399258517136E-4
4.032435090807579E-4
4.0253546110466013E-4
4.018298362772881E-4
4.011266223023379E-4
4.0042580696611973E-4
3.997273781368351E-4
3.9903132376391953E-4
3.983376318773624E-4
3.976462905870179E-4
3.969572880819598E-4
3.962706126298357E-4
3.955862525761915E-4
3.949041963438437E-4
3.942244324322274E-4
3.935469494168007E-4
3.9287173594837607E-4
3.9219878075253143E-4
3.915280726289891E-4
3.908596004510068E-4
3.901933531647799E-4
3.8952931978884406E-4
3.8886748941349756E-4
3.8820785120020473E-4
3.875503943810188E-4
3.86895108258028E-4
3.862419822027595E-4
3.85591005655655E-4
3.849421681254799E-4
3.8429545918879673E-4
3.836508684894089E-4
3.830083857378322E-4
3.823680007107534E-4
3.8172970325048967E-4
3.8109348326449043E-4
3.8045933072480034E-4
3.798272356675415E-4
3.7919718819241945E-4
3.7856917846220794E-4
3.779431967022554E-4
3.773192331999775E-4
3.766972783043913E-4
3.7607732242559474E-4
3.754593560343227E-4
3.7484336966144986E-4
3.7422935389750804E-4
3.736172993922507E-4
3.7300719685415756E-4
3.723990370499984E-4
3.7179281080436556E-4
3.7118850899923013E-4
3.705861225734841E-4
3.699856425225227E-4
3.69387059897783E-4
3.68790365806305E-4
3.6819555141034206E-4
3.676026079268874E-4
3.670115266272802E-4
3.6642229883677296E-4
3.658349159341347E-4
3.6524936935122175E-4
3.646656505725833E-4
3.6408375113505597E-4
3.63503662627356E-4
3.629253766896945E-4
3.623488850133809E-4
3.61774179340439E-4
3.612012514632147E-4
3.6063009322399305E-4
3.6006069651463724E-4
3.5949305327619233E-4
3.589271554985295E-4
3.583629952199669E-4
3.5780056452690935E-4
3.5723985555350003E-4
3.5668086048124036E-4
3.5612357153865133E-4
3.555679810009119E-4
3.5501408118951536E-4
3.5446186447192756E-4
3.53911323261239E-4
3.533624500158254E-4
3.5281523723901015E-4
3.5226967747874785E-4
3.517257633272635E-4
3.5118348742075423E-4
3.5064284243904644E-4
3.5010382110528185E-4
3.495664161855966E-4
3.49030620488811E-4
3.4849642686610367E-4
3.4796382821071145E-4
3.4743281745762454E-4
3.469033875832676E-4
3.463755316052072E-4
3.458492425818621E-4
3.4532451361217405E-4
3.4480133783534997E-4
3.4427970843054623E-4
3.437596186165941E-4
3.432410616516973E-4
3.427240308331566E-4
3.4220851949709664E-4
3.416945210181598E-4
3.4118202880925906E-4
3.4067103632128926E-4
3.4016153704284727E-4
3.396535244999785E-4
3.3914699225589043E-4
3.386419339107162E-4
3.3813834310120845E-4
3.3763621350052194E-4
3.371355388179223E-4
3.3663631279855016E-4
3.3613852922316175E-4
3.3564218190785996E-4
3.351472647038699E-4
3.346537714972802E-4
3.34161696208787E-4
3.336710327934709E-4
3.33181775240537E-4
3.326939175730803E-4
3.32207453847848E-4
3.31722378155016E-4
3.312386846179358E-4
3.3075636739291544E-4
3.3027542066897594E-4
3.297958386676429E-4
3.2931761564271316E-4
3.2884074588001986E-4
3.283652236972236E-4
3.2789104344358155E-4
3.274181994997407E-4
3.2694668627750715E-4
3.2647649821964373E-4
3.2600762979964615E-4
3.2554007552154874E-4
3.2507382991968684E-4
3.2460888755851057E-4
3.2414524303237945E-4
3.2368289096533704E-4
3.232218260109334E-4
3.227620428520111E-4
3.223035362004954E-4
3.21846300797224E-4
3.2139033141172484E-4
3.2093562284202004E-4
3.2048216991446534E-4
3.200299674835188E-4
3.195790104315741E-4
3.1912929366876826E-4
3.186808121327871E-4
3.1823356078868644E-4
3.177875346287053E-4
3.173427286720883E-4
3.1689913796489785E-4
3.1645675757983156E-4
3.160155826160623E-4
3.155756081990374E-4
3.1513682948032117E-4
3.1469924163740745E-4
3.1426283987355806E-4
3.1382761941763315E-4
3.1339357552390043E-4
3.129607034718974E-4
3.1252899856623953E-4
3.120984561364689E-4
3.116690715368735E-4
3.112408401463538E-4
3.1081375736821286E-4
3.1038781863005325E-4
3.099630193835764E-4
3.0953935510442563E-4
3.091168212920651E-4
3.0869541346957536E-4
3.0827512718353296E-4
3.078559580038561E-4
3.07437901523625E-4
3.0702095335896087E-4
3.066051091488636E-4
3.061903645550596E-4
3.057767152618644E-4
3.0536415697602666E-4
3.0495268542659573E-4
3.045422963647614E-4
3.041329855637171E-4
3.037247488185246E-4
3.0331758194596987E-4
3.029114807844189E-4
3.0250644119368404E-4
3.021024590548866E-4
3.0169953027031393E-4
3.0129765076329624E-4
3.008968164780529E-4
3.004970233795844E-4
3.0009826745352097E-4
2.997005447059936E-4
2.993038511635108E-4
2.989081828728305E-4
2.985135359008146E-4
2.9811990633432504E-4
2.977272902800817E-4
2.973356838645414E-4
2.969450832337747E-4
2.9655548455333734E-4
2.9616688400815747E-4
2.957792778024071E-4
2.953926621593751E-4
2.950070333213635E-4
2.9462238754955167E-4
2.942387211238932E-4
2.93856030342982E-4
2.934743115239552E-4
2.930935610023646E-4
2.9271377513205625E-4
2.9233495028508326E-4
2.9195708285155783E-4
2.9158016923957174E-4
2.9120420587505554E-4
2.908291892016997E-4
2.904551156808083E-4
2.900819817912247E-4
2.8970978402920595E-4
2.893385189083133E-4
2.8896818295931796E-4
2.885987727300785E-4
2.882302847854561E-4
2.87862715707197E-4
2.874960620938341E-4
2.8713032056057697E-4
2.86765487739221E-4
2.8640156027804486E-4
2.860385348416883E-4
2.85676408111099E-4
2.853151767833797E-4
2.84954837571733E-4
2.8459538720533654E-4
2.8423682242926374E-4
2.8387914000437605E-4
2.8352233670723265E-4
2.8316640932998896E-4
2.8281135468032775E-4
2.824571695813294E-4
2.8210385087139815E-4
2.8175139540418114E-4
2.813998000484488E-4
2.8104906168803176E-4
2.8069917722171325E-4
2.8035014356314825E-4
2.800019576407746E-4
2.796546163977219E-4
2.7930811679171945E-4
2.789624557950149E-4
2.786176303942991E-4
2.78273637590599E-4
2.7793047439920104E-4
2.775881378495821E-4
2.7724662498529424E-4
2.7690593286391234E-4
2.765660585569357E-4
2.7622699914970445E-4
2.7588875174133456E-4
2.7555131344461035E-4
2.752146813859264E-4
2.7487885270519784E-4
2.7454382455578864E-4
2.742095941044219E-4
2.738761585311097E-4
2.7354351502907376E-4
2.732116608046716E-4
2.728805930773094E-4
2.7255030907937894E-4
2.722208060561768E-4
2.7189208126582684E-4
2.7156413197920737E-4
2.7123695547988564E-4
2.7091054906402755E-4
2.7058491004033815E-4
2.702600357299914E-4
2.699359234665452E-4
2.6961257059587265E-4
2.692899744761117E-4
2.6896813247757174E-4
2.6864704198266366E-4
2.6832670038584534E-4
2.680071050935398E-4
2.676882535240872E-4
2.673701431076398E-4
2.670527712861333E-4
2.6673613551319783E-4
2.664202332540909E-4
2.6610506198564913E-4
2.6579061919619607E-4
2.6547690238550763E-4
2.651639090647131E-4
2.648516367562598E-4
2.6454008299383404E-4
2.642292453223071E-4
2.6391912129765946E-4
2.636097084869314E-4
2.633010044681444E-4
2.629930068302621E-4
2.626857131731097E-4
2.6237912110731464E-4
2.620732282542708E-4
2.6176803224603663E-4
2.614635307253035E-4
2.6115972134533797E-4
2.608566017699082E-4
2.605541696732314E-4
2.602524227399256E-4
2.599513586649298E-4
2.596509751534707E-4
2.5935126992098325E-4
2.590522406930797E-4
2.5875388520547014E-4
2.5845620120391524E-4
2.5815918644417026E-4
2.5786283869193695E-4
2.575671557227949E-4
2.5727213532216034E-4
2.569777752852198E-4
2.5668407341689254E-4
2.5639102753175755E-4
2.5609863545401435E-4
2.5580689501742803E-4
2.5551580406527963E-4
2.5522536045029584E-4
2.549355620346235E-4
2.546464066897632E-4
2.543578922965253E-4
2.5407001674496155E-4
2.537827779343475E-4
2.534961737730983E-4
2.532102021787424E-4
2.5292486107785937E-4
2.5264014840604174E-4
2.523560621078347E-4
2.5207260013669993E-4
2.5178976045494883E-4
2.5150754103371977E-4
2.512259398529052E-4
2.5094495490112997E-4
2.5066458417568336E-4
2.503848256824846E-4
2.501056774360288E-4
2.4982713745934945E-4
2.4954920378395727E-4
2.4927187444982106E-4
2.4899514750529965E-4
2.4871902100710556E-4
2.484434930202535E-4
2.481685616180372E-4
2.4789422488195943E-4
2.4762048090169785E-4
2.4734732777507073E-4
2.4707476360798805E-4
2.468027865143976E-4
2.4653139461625474E-4
2.462605860434832E-4
2.459903589339217E-4
2.457207114332935E-4
2.454516416951522E-4
2.451831478808519E-4
2.4491522815949397E-4
2.446478807079112E-4
2.443811037105882E-4
2.441148953596635E-4
2.4384925385485608E-4
2.4358417740344296E-4
2.4331966422021502E-4
2.4305571252744435E-4
2.4279232055483021E-4
2.425294865394736E-4
2.4226720872583556E-4
2.4200548536570097E-4
2.4174431471813006E-4
2.4148369504943258E-4
2.4122362463312817E-4
2.4096410174990178E-4
2.4070512468757352E-4
2.404466917410659E-4
2.401888012123494E-4
2.3993145141043215E-4
2.3967464065129636E-4
2.394183672578806E-4
2.3916262956004167E-4
2.3890742589451885E-4
2.3865275460488463E-4
2.3839861404153405E-4
2.3814500256162912E-4
2.3789191852907827E-4
2.3763936031448983E-4
2.3738732629514288E-4
2.371358148549633E-4
2.3688482438447632E-4
2.3663435328077011E-4
2.3638439994748005E-4
2.3613496279474208E-4
2.3588604023916306E-4
2.3563763070378105E-4
2.353897326180508E-4
2.3514234441779054E-4
2.348954645451646E-4
2.3464909144864832E-4
2.3440322358298521E-4
2.3415785940917433E-4
2.3391299739441794E-4
2.336686360121135E-4
2.334247737418032E-4
2.3318140906914493E-4
2.3293854048589592E-4
2.326961664898704E-4
2.3245428558490885E-4
2.3221289628085285E-4
2.3197199709351534E-4
2.3173158654465038E-4
2.3149166316190997E-4
2.3125222547884403E-4
2.310132720348378E-4
2.307748013751124E-4
2.3053681205067528E-4
2.3029930261829636E-4
2.300622716404816E-4
2.2982571768545332E-4
2.2958963932710735E-4
2.2935403514498967E-4
2.2911890372427168E-4
2.2888424365571886E-4
2.2865005353566784E-4
2.2841633196599655E-4
2.281830775540921E-4
2.279502889128295E-4
2.2771796466054706E-4
2.2748610342101735E-4
2.2725470382340988E-4
2.2702376450228293E-4
2.2679328409754641E-4
2.265632612544374E-4
2.263336946234898E-4
2.2610458286052124E-4
2.2587592462659466E-4
2.256477185879948E-4
2.2541996341621562E-4
2.2519265778791624E-4
2.249658003849001E-4
2.2473938989411225E-4
2.2451342500758178E-4
2.2428790442241445E-4
2.240628268407659E-4
2.2383819096982334E-4
2.2361399552176865E-4
2.2339023921376808E-4
2.231669207679266E-4
2.2294403891129973E-4
2.2272159237583144E-4
2.2249957989835755E-4
2.2227800022056344E-4
2.220568520889823E-4
2.2183613425495264E-4
2.2161584547460435E-4
2.2139598450882753E-4
2.211765501232667E-4
2.2095754108827968E-4
2.2073895617893087E-4
2.2052079417494595E-4
2.2030305386072887E-4
2.200857340252948E-4
2.1986883346227133E-4
2.1965235096988836E-4
2.1943628535092542E-4
2.1922063541272065E-4
2.1900539996712483E-4
2.1879057783049684E-4
2.1857616782367632E-4
2.183621687719604E-4
2.1814857950508963E-4
2.1793539885721567E-4
2.1772262566689202E-4
2.175102587770458E-4
2.1729829703496254E-4
2.1708673929226116E-4
2.1687558440487838E-4
2.1666483123304562E-4
2.1645447864126073E-4
2.162445254982959E-4
2.1603497067713737E-4
2.1582581305500188E-4
2.1561705151328906E-4
2.154086849375871E-4
2.1520071221763215E-4
2.1499313224730707E-4
2.147859439246014E-4
2.14579146151616E-4
2.1437273783452132E-4
2.1416671788355228E-4
2.139610852129922E-4
2.137558387411464E-4
2.135509773903159E-4
2.1334650008680042E-4
2.1314240576086676E-4
2.1293869334672248E-4
2.1273536178251904E-4
2.1253241001031593E-4
2.123298369760662E-4
2.121276416296098E-4
2.1192582292464302E-4
2.117243798186966E-4
2.1152331127314016E-4
2.1132261625314078E-4
2.1112229372766364E-4
2.1092234266944333E-4
2.1072276205496684E-4
2.105235508644651E-4
2.103247080818914E-4
2.1012623269490164E-4
2.0992812369483656E-4
2.0973038007671385E-4
2.0953300083920295E-4
2.09335984984615E-4
2.0913933151887377E-4
2.0894303945152357E-4
2.0874710779568315E-4
2.0855153556805135E-4
2.0835632178887903E-4
2.0816146548196873E-4
2.0796696567463172E-4
2.0777282139770149E-4
2.075790316855027E-4
2.073855955758247E-4
2.0719251210994012E-4
2.0699978033254804E-4
2.0680739929179073E-4
2.066153680392259E-4
2.064236856298061E-4
2.062323511218687E-4
2.0604136357712635E-4
2.0585072206064618E-4
2.0566042564083175E-4
2.0547047338941181E-4
2.052808643814289E-4
2.05091597695225E-4
2.0490267241241353E-4
2.0471408761788034E-4
2.0452584239976485E-4
2.0433793584944098E-4
2.04150367061505E-4
2.0396313513377034E-4
2.0377623916723378E-4
2.0358967826608583E-4
2.0340345153767108E-4
2.0321755809249822E-4
2.0303199704420653E-4
2.0284676750957287E-4
2.0266186860846958E-4
2.0247729946387758E-4
2.0229305920186033E-4
2.021091469515511E-4
2.019255618451379E-4
2.0174230301786512E-4
2.0155936960799124E-4
2.013767607568044E-4
2.011944756085884E-4
2.0101251331062668E-4
2.008308730131781E-4
2.0064955386946107E-4
2.0046855503565863E-4
2.0028787567088167E-4
2.00107514937173E-4
1.9992747199949586E-4
1.997477460256988E-4
1.9956833618653728E-4
1.9938924165563318E-4
1.992104616094731E-4
1.9903199522740105E-4
1.9885384169159232E-4
1.9867600018705768E-4
1.984984699016234E-4
1.983212500259033E-4
1.981443397533228E-4
1.979677382800735E-4
1.9779144480511977E-4
1.9761545853017796E-4
1.974397786597077E-4
1.9726440440090128E-4
1.9708933496367367E-4
1.969145695606448E-4
1.9674010740713114E-4
1.9656594772113638E-4
1.963920897233396E-4
1.962185326370737E-4
1.9604527568833598E-4
1.9587231810575464E-4
1.9569965912058564E-4
1.9552729796671112E-4
1.953552338806118E-4
1.951834661013624E-4
1.9501199387062922E-4
1.948408164326475E-4
1.9466993303421596E-4
1.9449934292468493E-4
1.9432904535594592E-4
1.9415903958242264E-4
1.9398932486105276E-4
1.9381990045129179E-4
1.9365076561508516E-4
1.9348191961686948E-4
1.9331336172356118E-4
1.9314509120454273E-4
1.9297710733164847E-4
1.928094093791662E-4
1.9264199662381997E-4
1.9247486834475145E-4
1.9230802382352885E-4
1.921414623441203E-4
1.9197518319288997E-4
1.918091856585868E-4
1.9164346903233887E-4
1.9147803260764488E-4
1.9131287568035122E-4
1.9114799754865047E-4
1.909833975130746E-4
1.9081907487648793E-4
1.9065502894406483E-4
1.9049125902328838E-4
1.9032776442394413E-4
1.9016454445810386E-4
1.9000159844011918E-4
1.898389256866041E-4
1.8967652551645065E-4
1.8951439725078446E-4
1.893525402129798E-4
1.8919095372864713E-4
1.8902963712561554E-4
1.8886858973393301E-4
1.8870781088584668E-4
1.885472999158057E-4
1.883870561604443E-4
1.8822707895857399E-4
1.8806736765117728E-4
1.8790792158139888E-4
1.8774874009452988E-4
1.875898225380096E-4
1.8743116826141264E-4
1.87272776616432E-4
1.8711464695688577E-4
1.8695677863869365E-4
1.8679917101987586E-4
1.8664182346054872E-4
1.8648473532291134E-4
1.8632790597123178E-4
1.8617133477184653E-4
1.8601502109314694E-4
1.858589643055838E-4
1.8570316378163242E-4
1.8554761889581957E-4
1.8539232902467783E-4
1.852372935467658E-4
1.8508251184265543E-4
1.8492798329490783E-4
1.847737072880827E-4
1.8461968320872244E-4
1.844659104453452E-4
1.843123883884395E-4
1.8415911643044968E-4
1.840060939657764E-4
1.8385332039076434E-4
1.8370079510369392E-4
1.8354851750477548E-4
1.8339648699614177E-4
1.8324470298183713E-4
1.830931648678079E-4
1.8294187206191129E-4
1.8279082397388853E-4
1.8264002001536014E-4
1.8248945959982755E-4
1.8233914214265838E-4
1.8218906706108824E-4
1.8203923377419355E-4
1.8188964170290828E-4
1.81740290270006E-4
1.8159117890007871E-4
1.8144230701956225E-4
1.812936740566945E-4
1.8114527944152622E-4
1.809971226059173E-4
1.808492029835227E-4
1.807015200097784E-4
1.8055407312191204E-4
1.8040686175891654E-4
1.8025988536156374E-4
1.801131433723762E-4
1.7996663523563584E-4
1.798203603973732E-4
1.7967431830535538E-4
1.79528508409082E-4
1.7938293015978547E-4
1.792375830104127E-4
1.7909246641562574E-4
1.789475798317905E-4
1.78802922716982E-4
1.7865849453095733E-4
1.7851429473516662E-4
1.7837032279273695E-4
1.7822657816847292E-4
1.7808306032884324E-4
1.7793976874197882E-4
1.777967028776639E-4
1.7765386220733195E-4
1.775112462040576E-4
1.7736885434254616E-4
1.772266860991373E-4
1.770847409517934E-4
1.7694301838009E-4
1.7680151786520973E-4
1.7666023888995066E-4
1.7651918093869725E-4
1.7637834349742954E-4
1.7623772605371006E-4
1.7609732809668467E-4
1.759571491170726E-4
1.75817188607159E-4
1.756774460607843E-4
1.7553792097335647E-4
1.753986128418241E-4
1.7525952116467718E-4
1.7512064544195308E-4
1.749819851752089E-4
1.748435398675378E-4
1.7470530902354562E-4
1.7456729214935303E-4
1.7442948875259496E-4
1.7429189834240657E-4
1.741545204294109E-4
1.7401735452573494E-4
1.7388040014498752E-4
1.7374365680225255E-4
1.7360712401408892E-4
1.734708012985323E-4
1.7333468817507734E-4
1.7319878416466905E-4
1.7306308878971716E-4
1.729276015740645E-4
1.7279232204300767E-4
1.7265724972327106E-4
1.7252238414301523E-4
1.7238772483182146E-4
1.7225327132068682E-4
1.721190231420343E-4
1.719849798296867E-4
1.7185114091887162E-4
1.717175059462169E-4
1.715840744497427E-4
1.7145084596886017E-4
1.713178200443582E-4
1.711849962184066E-4
1.710523740345465E-4
1.7091995303768648E-4
1.707877327740959E-4
1.7065571279140421E-4
1.7052389263859464E-4
1.7039227186598958E-4
1.7026085002526327E-4
1.7012962666941456E-4
1.6999860135279176E-4
1.698677736310535E-4
1.697371430611927E-4
1.696067092015082E-4
1.6947647161162332E-4
1.6934642985246E-4
1.692165834862475E-4
1.6908693207651565E-4
1.6895747518807746E-4
1.688282123870452E-4
1.6869914324080674E-4
1.6857026731803147E-4
1.6844158418866928E-4
1.6831309342392952E-4
1.6818479459629153E-4
1.680566872794976E-4
1.6792877104853591E-4
1.678010454796567E-4
1.676735101503525E-4
1.6754616463935017E-4
1.6741900852663218E-4
1.6729204139339092E-4
1.6716526282206504E-4
1.6703867239630676E-4
1.669122697009925E-4
1.6678605432221384E-4
1.6666002584726837E-4
1.6653418386466197E-4
1.6640852796410453E-4
1.6628305773650019E-4
1.6615777277394724E-4
1.6603267266973002E-4
1.6590775701832156E-4
1.6578302541537406E-4
1.6565847745770923E-4
1.6553411274332867E-4
1.654099308713994E-4
1.6528593144224252E-4
1.6516211405734937E-4
1.6503847831935933E-4
1.6491502383206926E-4
1.647917502004103E-4
1.646686570304628E-4
1.645457439294503E-4
1.644230105057206E-4
1.6430045636875906E-4
1.6417808112916639E-4
1.640558843986811E-4
1.6393386579014352E-4
1.6381202491751653E-4
1.6369036139587059E-4
1.6356887484138472E-4
1.6344756487133208E-4
1.6332643110409273E-4
1.6320547315913517E-4
1.6308469065701872E-4
1.6296408321938874E-4
1.6284365046897572E-4
1.627233920295849E-4
1.626033075260975E-4
1.6248339658446345E-4
1.6236365883170445E-4
1.6224409389590798E-4
1.6212470140620157E-4
1.6200548099279673E-4
1.618864322869333E-4
1.61767554920912E-4
1.616488485280746E-4
1.6153031274280117E-4
1.6141194720051076E-4
1.612937515376598E-4
1.6117572539172835E-4
1.6105786840122808E-4
1.60940180205682E-4
1.6082266044565086E-4
1.607053087626915E-4
1.605881247993848E-4
1.6047110819931447E-4
1.6035425860707329E-4
1.6023757566824986E-4
1.6012105902943113E-4
1.6000470833820306E-4
1.5988852324314034E-4
1.5977250339379705E-4
1.5965664844072488E-4
1.595409580354426E-4
1.5942543183045408E-4
1.5931006947923524E-4
1.5919487063622556E-4
1.5907983495683985E-4
1.589649620974577E-4
1.588502517154048E-4
1.5873570346897607E-4
1.586213170174199E-4
1.585070920209261E-4
1.5839302814063546E-4
1.5827912503863284E-4
1.5816538237794456E-4
1.5805179982253208E-4
1.579383770372867E-4
1.5782511368803682E-4
1.5771200944153437E-4
1.5759906396545651E-4
1.5748627692839683E-4
1.573736479998734E-4
1.5726117685031495E-4
1.5714886315106204E-4
1.5703670657436186E-4
1.5692470679336702E-4
1.5681286348213471E-4
1.5670117631561942E-4
1.5658964496967007E-4
1.5647826912102648E-4
1.5636704844732339E-4
1.5625598262707964E-4
1.5614507133969566E-4
1.560343142654562E-4
1.559237110855196E-4
1.5581326148192133E-4
1.557029651375617E-4
1.5559282173622073E-4
1.554828309625375E-4
1.5537299250201306E-4
1.5526330604100942E-4
1.5515377126674632E-4
1.5504438786729385E-4
1.5493515553157761E-4
1.5482607394936667E-4
1.5471714281127796E-4
1.5460836180877145E-4
1.5449973063414655E-4
1.5439124898053157E-4
1.542829165419002E-4
1.5417473301305073E-4
1.5406669808960867E-4
1.5395881146802815E-4
1.538510728455806E-4
1.537434819203662E-4
1.5363603839129466E-4
1.5352874195808842E-4
1.5342159232128828E-4
1.533145891822406E-4
1.532077322430949E-4
1.5310102120680966E-4
1.5299445577713464E-4
1.5288803565863252E-4
1.5278176055664427E-4
1.526756301773183E-4
1.525696442275794E-4
1.5246380241515164E-4
1.5235810444853617E-4
1.5225255003701845E-4
1.5214713889066437E-4
1.5204187072031362E-4
1.5193674523758467E-4
1.5183176215486207E-4
1.517269211853026E-4
1.5162222204283192E-4
1.515176644421337E-4
1.5141324809866104E-4
1.5130897272861414E-4
1.512048380489607E-4
1.5110084377741752E-4
1.509969896324538E-4
1.508932753332861E-4
1.5078970059987756E-4
1.5068626515293834E-4
1.505829687139122E-4
1.5047981100499436E-4
1.5037679174910703E-4
1.5027391066990632E-4
1.5017116749178406E-4
1.5006856193986202E-4
1.499660937399838E-4
1.4986376261872213E-4
1.4976156830336925E-4
1.4965951052193648E-4
1.4955758900315658E-4
1.494558034764749E-4
1.4935415367204688E-4
1.4925263932074204E-4
1.4915126015413745E-4
1.4905001590451153E-4
1.4894890630485206E-4
1.4884793108884252E-4
1.487470899908736E-4
1.4864638274602032E-4
1.485458090900584E-4
1.48445368759457E-4
1.4834506149137404E-4
1.4824488702365045E-4
1.4814484509482106E-4
1.480449354440936E-4
1.4794515781136513E-4
1.4784551193720185E-4
1.4774599756285883E-4
1.4764661443025505E-4
1.4754736228198592E-4
1.4744824086131066E-4
1.473492499121643E-4
1.4725038917914437E-4
1.4715165840750732E-4
1.4705305734317956E-4
1.4695458573273665E-4
1.4685624332342017E-4
1.46758029863116E-4
1.466599451003744E-4
1.465619887843846E-4
1.4646416066499562E-4
1.463664604926935E-4
1.4626888801861062E-4
1.4617144299452518E-4
1.4607412517285645E-4
1.4597693430665128E-4
1.458798701496071E-4
1.457829324560412E-4
1.456861209809142E-4
1.45589435479812E-4
1.4549287570894483E-4
1.4539644142515885E-4
1.4530013238591122E-4
1.45203948349288E-4
1.4510788907399921E-4
1.4501195431936405E-4
1.449161438453208E-4
1.4482045741242815E-4
1.4472489478184597E-4
1.4462945571535322E-4
1.4453413997532816E-4
1.4443894732476582E-4
1.443438775272609E-4
1.4424893034700425E-4
1.4415410554879498E-4
1.4405940289802718E-4
1.439648221606951E-4
1.4387036310338632E-4
1.4377602549327597E-4
1.4368180909813793E-4
1.4358771368633215E-4
1.434937390268045E-4
1.4339988488908394E-4
1.4330615104329275E-4
1.4321253726012298E-4
1.431190433108559E-4
1.4302566896734432E-4
1.429324140020211E-4
1.428392781878945E-4
1.4274626129853998E-4
1.4265336310810708E-4
1.4256058339131864E-4
1.4246792192345505E-4
1.4237537848037424E-4
1.4228295283848498E-4
1.4219064477476596E-4
1.420984540667583E-4
1.4200638049255245E-4
1.4191442383080366E-4
1.4182258386071737E-4
1.4173086036205443E-4
1.4163925311512713E-4
1.415477619007966E-4
1.4145638650047318E-4
1.4136512669611254E-4
1.4127398227021474E-4
1.4118295300582216E-4
1.4109203868652268E-4
1.4100123909643983E-4
1.4091055402023426E-4
1.4081998324310503E-4
1.4072952655078456E-4
1.4063918372953754E-4
1.4054895456616493E-4
1.4045883884798995E-4
1.4036883636286875E-4
1.4027894689918325E-4
1.4018917024583767E-4
1.4009950619226023E-4
1.4000995452840398E-4
1.399205150447353E-4
1.3983118753224717E-4
1.3974197178243745E-4
1.3965286758733236E-4
1.3956387473946274E-4
1.394749930318782E-4
1.3938622225812748E-4
1.3929756221228061E-4
1.3920901268890687E-4
1.3912057348308492E-4
1.3903224439039625E-4
1.3894402520692338E-4
1.3885591572925253E-4
1.3876791575446825E-4
1.3868002508015515E-4
1.3859224350438616E-4
1.385045708257405E-4
1.384170068432822E-4
1.3832955135657348E-4
1.382422041656612E-4
1.381549650710852E-4
1.3806783387387153E-4
1.379808103755311E-4
1.3789389437805853E-4
1.3780708568393482E-4
1.3772038409612183E-4
1.3763378941805525E-4
1.3754730145366213E-4
1.3746092000733196E-4
1.3737464488394006E-4
1.3728847588883258E-4
1.3720241282782732E-4
1.3711645550721694E-4
1.370306037337599E-4
1.3694485731468773E-4
1.3685921605769411E-4
1.3677367977094217E-4
1.3668824826305583E-4
1.3660292134312884E-4
1.3651769882070774E-4
1.3643258050580377E-4
1.3634756620889185E-4
1.3626265574089044E-4
1.361778489131853E-4
1.3609314553761375E-4
1.3600854542646933E-4
1.3592404839249156E-4
1.3583965424887403E-4
1.3575536280926044E-4
1.3567117388773938E-4
1.3558708729884803E-4
1.35503102857568E-4
1.3541922037932296E-4
1.3533543967998507E-4
1.3525176057585945E-4
1.3516818288369548E-4
1.3508470642068619E-4
1.3500133100444878E-4
1.3491805645305234E-4
1.3483488258498252E-4
1.3475180921917643E-4
1.3466883617499324E-4
1.3458596327222197E-4
1.3450319033108678E-4
1.3442051717223264E-4
1.3433794361673935E-4
1.3425546948610755E-4
1.341730946022662E-4
1.34090818787563E-4
1.3400864186476915E-4
1.339265636570786E-4
1.3384458398809957E-4
1.3376270268186522E-4
1.336809195628189E-4
1.3359923445582683E-4
1.3351764718616123E-4
1.3343615757951803E-4
1.3335476546199728E-4
1.3327347066010984E-4
1.3319227300077893E-4
1.331111723113388E-4
1.3303016841952403E-4
1.3294926115348148E-4
1.3286845034176067E-4
1.3278773581331077E-4
1.3270711739749044E-4
1.3262659492405457E-4
1.3254616822316184E-4
1.3246583712536614E-4
1.3238560146162145E-4
1.3230546106327584E-4
1.3222541576208072E-4
1.321454653901681E-4
1.3206560978007518E-4
1.3198584876472695E-4
1.3190618217743662E-4
1.3182660985191127E-4
1.317471316222445E-4
1.3166774732291975E-4
1.315884567888003E-4
1.3150925985514294E-4
1.3143015635758463E-4
1.3135114613214E-4
1.3127222901521674E-4
1.31193404843596E-4
1.3111467345443728E-4
1.3103603468528745E-4
1.3095748837405768E-4
1.308790343590468E-4
1.3080067247892192E-4
1.3072240257272873E-4
1.3064422447988216E-4
1.3056613804017278E-4
1.3048814309375985E-4
1.3041023948117477E-4
1.3033242704331446E-4
1.3025470562144604E-4
1.301770750572026E-4
1.3009953519258247E-4
1.300220858699473E-4
1.2994472693202646E-4
1.2986745822191027E-4
1.297902795830447E-4
1.297131908592424E-4
1.296361918946759E-4
1.2955928253387402E-4
1.2948246262172168E-4
1.2940573200345934E-4
1.2932909052468816E-4
1.2925253803135645E-4
1.291760743697746E-4
1.2909969938659392E-4
1.290234129288278E-4
1.2894721484383345E-4
1.288711049793158E-4
1.2879508318333787E-4
1.2871914930429783E-4
1.2864330319094417E-4
1.285675446923788E-4
1.2849187365803603E-4
1.284162899376958E-4
1.283407933814897E-4
1.2826538383988232E-4
1.2819006116367588E-4
1.2811482520402165E-4
1.2803967581240187E-4
1.2796461284064121E-4
1.278896361408923E-4
1.278147455656545E-4
1.277399409677552E-4
1.2766522220035887E-4
1.275905891169572E-4
1.275160415713799E-4
1.2744157941778526E-4
1.2736720251065777E-4
1.2729291070481978E-4
1.272187038554138E-4
1.2714458181791217E-4
1.2707054444811047E-4
1.2699659160213882E-4
1.269227231364369E-4
1.268489389077878E-4
1.26775238773272E-4
1.2670162259031638E-4
1.2662809021665735E-4
1.2655464151034522E-4
1.264812763297597E-4
1.2640799453359346E-4
1.2633479598086014E-4
1.2626168053088418E-4
1.2618864804330658E-4
1.2611569837809203E-4
1.260428313955037E-4
1.2597004695612986E-4
1.2589734492086387E-4
1.2582472515091243E-4
1.2575218750779594E-4
1.2567973185333522E-4
1.2560735804967142E-4
1.2553506595924192E-4
1.2546285544479753E-4
1.2539072636939588E-4
1.253186785963931E-4
1.2524671198945416E-4
1.2517482641255103E-4
1.251030217299453E-4
1.2503129780621974E-4
1.2495965450623828E-4
1.2488809169517654E-4
1.248166092385091E-4
1.247452070020027E-4
1.246738848517278E-4
1.2460264265404565E-4
1.245314802756208E-4
1.2446039758340604E-4
1.2438939444465175E-4
1.243184707269005E-4
1.2424762629799073E-4
1.24176861026048E-4
1.2410617477949114E-4
1.2403556742703089E-4
1.2396503883766298E-4
1.2389458888067888E-4
1.2382421742564677E-4
1.23753924342435E-4
1.2368370950118873E-4
1.2361357277234335E-4
1.2354351402661532E-4
1.2347353313500977E-4
1.2340362996880958E-4
1.2333380439958329E-4
1.2326405629918232E-4
1.2319438553973385E-4
1.2312479199365356E-4
1.2305527553362774E-4
1.2298583603262344E-4
1.2291647336388768E-4
1.2284718740094484E-4
1.2277797801759347E-4
1.2270884508790988E-4
1.2263978848624013E-4
1.2257080808721494E-4
1.225019037657221E-4
1.224330753969398E-4
1.223643228563035E-4
1.222956460195271E-4
1.2222704476259498E-4
1.2215851896175793E-4
1.2209006849353755E-4
1.2202169323472278E-4
1.2195339306237082E-4
1.2188516785380598E-4
1.2181701748661576E-4
1.21748941838654E-4
1.2168094078804573E-4
1.2161301421316723E-4
1.2154516199266765E-4
1.2147738400545785E-4
1.2140968013070076E-4
1.2134205024783362E-4
1.2127449423654925E-4
1.2120701197679021E-4
1.2113960334877809E-4
1.2107226823297184E-4
1.210050065100982E-4
1.2093781806114392E-4
1.2087070276734429E-4
1.208036605101966E-4
1.2073669117144511E-4
1.2066979463309523E-4
1.2060297077740227E-4
1.2053621948687568E-4
1.2046954064427406E-4
1.2040293413261401E-4
1.2033639983515367E-4
1.2026993763541161E-4
1.2020354741714747E-4
1.201372290643685E-4
1.2007098246133874E-4
1.2000480749256421E-4
1.199387040427945E-4
1.1987267199703023E-4
1.1980671124051846E-4
1.1974082165874533E-4
1.196750031374454E-4
1.1960925556259618E-4
1.1954357882041547E-4
1.1947797279736665E-4
1.1941243738015205E-4
1.193469724557161E-4
1.1928157791124296E-4
1.1921625363415699E-4
1.1915099951212001E-4
1.190858154330327E-4
1.1902070128503567E-4
1.1895565695650485E-4
1.1889068233605292E-4
1.188257773125281E-4
1.1876094177500968E-4
1.1869617561282217E-4
1.1863147871551152E-4
1.1856685097286631E-4
1.1850229227490583E-4
1.1843780251187747E-4
1.183733815742641E-4
1.1830902935277856E-4
1.1824474573836096E-4
1.1818053062218726E-4
1.1811638389566117E-4
1.1805230545040457E-4
1.1798829517828113E-4
1.1792435297137781E-4
1.1786047872200327E-4
1.1779667232269484E-4
1.1773293366621799E-4
1.1766926264556007E-4
1.1760565915393572E-4
1.1754212308478133E-4
1.1747865433175278E-4
1.1741525278873526E-4
1.173519183498361E-4
1.1728865090937724E-4
1.1722545036190574E-4
1.1716231660218651E-4
1.1709924952520625E-4
1.1703624902617598E-4
1.1697331500051514E-4
1.1691044734386721E-4
1.1684764595209092E-4
1.1678491072126357E-4
1.167222415476768E-4
1.1665963832783885E-4
1.1659710095847755E-4
1.1653462933652463E-4
1.1647222335913607E-4
1.1640988292367702E-4
1.163476079277262E-4
1.1628539826907465E-4
1.1622325384572678E-4
1.1616117455589421E-4
1.1609916029800444E-4
1.160372109706909E-4
1.1597532647279963E-4
1.1591350670338399E-4
1.1585175156171026E-4
1.1579006094724148E-4
1.1572843475966168E-4
1.1566687289885322E-4
1.1560537526491234E-4
1.155439417581305E-4
1.1548257227901438E-4
1.1542126672827282E-4
1.1536002500681463E-4
1.1529884701575984E-4
1.152377326564248E-4
1.1517668183033149E-4
1.1511569443920494E-4
1.1505477038497222E-4
1.149939095697612E-4
1.149331118958952E-4
1.1487237726590848E-4
1.1481170558252558E-4
1.147510967486749E-4
1.1469055066748234E-4
1.1463006724227078E-4
1.1456964637656194E-4
1.145092879740732E-4
1.1444899193872464E-4
1.1438875817462207E-4
1.1432858658607537E-4
1.1426847707758887E-4
1.1420842955385619E-4
1.1414844391977139E-4
1.1408852008041436E-4
1.1402865794106932E-4
1.1396885740720222E-4
1.1390911838447949E-4
1.1384944077875208E-4
1.1378982449606884E-4
1.1373026944266392E-4
1.1367077552496623E-4
1.136113426495934E-4
1.1355197072334808E-4
1.1349265965322843E-4
1.1343340934641178E-4
1.1337421971027625E-4
1.1331509065237545E-4
1.1325602208045852E-4
1.1319701390245157E-4
1.1313806602647606E-4
1.1307917836083727E-4
1.1302035081401819E-4
1.1296158329469552E-4
1.129028757117244E-4
1.1284422797414835E-4
1.1278563999118624E-4
1.1272711167225073E-4
1.1266864292692512E-4
1.1261023366498414E-4
1.1255188379637633E-4
1.124935932312362E-4
1.1243536187987661E-4
1.1237718965279236E-4
1.123190764606581E-4
1.1226102221432031E-4
1.1220302682481447E-4
1.1214509020334991E-4
1.12087212261309E-4
1.1202939291025934E-4
1.1197163206194102E-4
1.1191392962827292E-4
1.1185628552134381E-4
1.1179869965342777E-4
1.1174117193696415E-4
1.1168370228457627E-4
1.1162629060905476E-4
1.1156893682336774E-4
1.1151164084065192E-4
1.1145440257422604E-4
1.1139722193757374E-4
1.1134009884434926E-4
1.1128303320838618E-4
1.112260249436847E-4
1.1116907396441614E-4
1.1111218018492158E-4
1.110553435197131E-4
1.1099856388347336E-4
1.1094184119105188E-4
1.1088517535746983E-4
1.1082856629791407E-4
1.1077201392773947E-4
1.1071551816246985E-4
1.1065907891779671E-4
1.1060269610957146E-4
1.1054636965382661E-4
1.1049009946674454E-4
1.1043388546467915E-4
1.1037772756415289E-4
1.1032162568184913E-4
1.1026557973461347E-4
1.1020958963946207E-4
1.1015365531356937E-4
1.1009777667427058E-4
1.1004195363907161E-4
1.0998618612563064E-4
1.0993047405177555E-4
1.0987481733549453E-4
1.0981921589493156E-4
1.0976366964839462E-4
1.0970817851435728E-4
1.0965274241144187E-4
1.095973612584423E-4
1.0954203497429638E-4
1.0948676347811786E-4
1.0943154668916725E-4
1.093763845268634E-4
1.0932127691078933E-4
1.0926622376068001E-4
1.0921122499642988E-4
1.0915628053808572E-4
1.0910139030585556E-4
1.0904655422009756E-4
1.0899177220133022E-4
1.0893704417022172E-4
1.0888237004760103E-4
1.0882774975444495E-4
1.0877318321188961E-4
1.0871867034121876E-4
1.086642110638747E-4
1.0860980530144859E-4
1.0855545297568397E-4
1.0850115400847711E-4
1.0844690832188023E-4
1.08392715838086E-4
1.083385764794478E-4
1.0828449016846718E-4
1.0823045682779206E-4
1.0817647638022191E-4
1.0812254874871045E-4
1.0806867385635046E-4
1.0801485162639076E-4
1.0796108198222917E-4
1.0790736484740337E-4
1.0785370014561022E-4
1.0780008780068215E-4
1.0774652773660891E-4
1.0769301987751579E-4
1.0763956414768258E-4
1.0758616047153459E-4
1.0753280877363765E-4
1.0747950897870554E-4
1.074262610115967E-4
1.0737306479731232E-4
1.0731992026100156E-4
1.0726682732795237E-4
1.0721378592360284E-4
1.0716079597352377E-4
1.0710785740343832E-4
1.0705497013920546E-4
1.0700213410683035E-4
1.0694934923245999E-4
1.0689661544237855E-4
1.0684393266301336E-4
1.067913008209322E-4
1.0673871984284616E-4
1.066861896556027E-4
1.0663371018618852E-4
1.0658128136173315E-4
1.0652890310950189E-4
1.0647657535689861E-4
1.0642429803146962E-4
1.063720710608929E-4
1.0631989437298683E-4
1.0626776789571078E-4
1.062156915571557E-4
1.0616366528555324E-4
1.0611168900926958E-4
1.0605976265680526E-4
1.0600788615679946E-4
1.0595605943802583E-4
1.0590428242939267E-4
1.0585255505994495E-4
1.0580087725885255E-4
1.0574924895543989E-4
1.0569767007914056E-4
1.056461405595386E-4
1.055946603263512E-4
1.0554322930941414E-4
1.0549184743871184E-4
1.0544051464434845E-4
1.0538923085657004E-4
1.0533799600574985E-4
1.0528681002239009E-4
1.0523567283712775E-4
1.0518458438073033E-4
1.0513354458409192E-4
1.0508255337824088E-4
1.0503161069433525E-4
1.0498071646365506E-4
1.0492987061762168E-4
1.0487907308777514E-4
1.0482832380579189E-4
1.0477762270346868E-4
1.0472696971273665E-4
1.046763647656504E-4
1.0462580779439508E-4
1.0457529873127944E-4
1.0452483750874518E-4
1.0447442405935202E-4
1.0442405831579065E-4
1.0437374021087949E-4
1.0432346967755867E-4
1.0427324664889358E-4
1.042230710580783E-4
1.0417294283842819E-4
1.041228619233864E-4
1.0407282824651413E-4
1.0402284174150251E-4
1.039729023421658E-4
1.0392300998243698E-4
1.0387316459637597E-4
1.038233661181646E-4
1.0377361448210662E-4
1.0372390962262541E-4
1.0367425147427177E-4
1.036246399717151E-4
1.0357507504974289E-4
1.0352555664326975E-4
1.0347608468732776E-4
1.0342665911706869E-4
1.033772798677637E-4
1.0332794687481129E-4
1.0327866007371747E-4
1.0322941940011899E-4
1.031802247897626E-4
1.031310761785223E-4
1.0308197350238184E-4
1.0303291669745008E-4
1.0298390569995083E-4
1.0293494044622591E-4
1.0288602087273273E-4
1.0283714691604977E-4
1.0278831851287201E-4
1.0273953560000668E-4
1.0269079811438173E-4
1.0264210599304046E-4
1.0259345917313754E-4
1.0254485759194825E-4
1.0249630118686352E-4
1.0244778989538713E-4
1.0239932365513738E-4
1.0235090240384496E-4
1.0230252607936259E-4
1.022541946196475E-4
1.0220590796277865E-4
1.0215766604694065E-4
1.0210946881043529E-4
1.020613161916813E-4
1.0201320812920194E-4
1.0196514456164112E-4
1.0191712542774966E-4
1.0186915066639083E-4
1.0182122021653831E-4
1.0177333401728436E-4
1.0172549200782109E-4
1.0167769412745942E-4
1.0162994031562263E-4
1.0158223051183587E-4
1.0153456465574235E-4
1.0148694268708922E-4
1.0143936454574167E-4
1.0139183017166182E-4
1.0134433950493362E-4
1.0129689248574083E-4
1.0124948905438079E-4
1.0120212915125715E-4
1.0115481271688095E-4
1.0110753969187654E-4
1.010603100169653E-4
1.010131236329862E-4
1.0096598048088425E-4
1.0091888050170384E-4
1.0087182363660437E-4
1.0082480982684875E-4
1.007778390138042E-4
1.0073091113894377E-4
1.0068402614385138E-4
1.0063718397021125E-4
1.0059038455981667E-4
1.0054362785456077E-4
1.0049691379644751E-4
1.0045024232757741E-4
1.0040361339016934E-4
1.0035702692652849E-4
1.0031048287907827E-4
1.0026398119033692E-4
1.0021752180293144E-4
1.0017110465958971E-4
1.0012472970314065E-4
1.0007839687651928E-4
1.0003210612276415E-4
9.998585738501028E-5
The correct rate for BP: 100.00% 
