1.238944888523238
0.961287900729461
0.706758656471642
0.49243571688660126
0.33848216436325723
0.23939245285774846
0.17756337797707103
0.13783058719870103
0.11101200373670553
0.09203867373099975
0.07806927199031759
0.06743943212108877
0.05912749191718865
0.05247889851304406
0.04705826977377684
0.042566431511533706
0.038791922180242785
0.03558155857368813
0.03282196005938787
0.03042759940421227
0.028332866097394858
0.026486667901496216
0.024848679740026084
0.023386686719169134
0.02207466920056006
0.020891400772776864
0.01981940690780748
0.018844181295137978
0.017953588946182552
0.0171374064872424
0.016386964466279033
0.01569486638396031
0.01505476604001825
0.014461189639435667
0.013909392569283925
0.013395243261444261
0.012915128385555735
0.012465874966040583
0.012044686022226305
0.011649087086002
0.011276881523966546
0.010926113028394524
0.010595033977986223
0.010282078630322385
0.009985840311601471
0.009705051929193338
0.009438569258941624
0.00918535655960923
0.00894447414714691
0.0087150676259658
0.008496358526474969
0.008287636140396069
0.008088250379804476
0.007897605514036213
0.007715154661773193
0.007540394934747504
0.007372863145352981
0.007212132003633704
0.007057806740119784
0.006909522100195024
0.006766939663423191
0.006629745447786499
0.006497647764309181
0.006370375292219533
0.0062476753487847765
0.006129312331349307
0.006015066312009893
0.005904731767852072
0.0057981164318109905
0.005695040251065351
0.00559533444146422
0.005498840627866377
0.005405410061467303
0.00531490290622871
0.005227187587431923
0.005142140196166846
0.005059643944260267
0.004979588664753645
0.004901870353572359
0.004826390748497132
0.00475305694196042
0.004681781024555071
0.00461247975646396
0.0045450742643048745
0.004479489761137306
0.004415655287602641
0.004353503472368952
0.004292970310229392
0.004233994956362294
0.004176519535402652
0.004120488964101754
0.004065850786465291
0.00401255502036234
0.003960554014689228
0.0039098023162545455
0.003860256545625575
0.00381187528124373
0.003764618951176353
0.00371844973192686
0.003673331453774873
0.0036292295121618783
0.0035861107846790366
0.003543943553250168
0.003502697431136088
0.0034623432944172936
0.0034228532176387647
0.0033842004133265973
0.0033463591751084687
0.0033093048241909905
0.003273013658966347
0.003237462907537454
0.0032026306829676214
0.003168495941074522
0.003135038440602252
0.003102238705617295
0.0030700779899854296
0.0030385382437970957
0.003007602081618319
0.0029772527524528367
0.002947474111309232
0.002918250592274562
0.0028895671830023477
0.0028614094005294933
0.0028337632683425383
0.002806615294618622
0.0027799524515723048
0.0027537621558429938
0.0027280322498631107
0.002702750984150072
0.00267790700046963
0.0026534893158210067
0.0026294873071975922
0.002605890697080147
0.002582689539621626
0.002559874207485871
0.002537435379304443
0.002515364027717995
0.0024936514079710696
0.002472289047030472
0.0024512687331998146
0.002430582506203957
0.002410222647718811
0.0023901816723236762
0.002370452318854086
0.0023510275421349197
0.0023319005050744072
0.0023130645711008386
0.0022945132969249913
0.002276240425611874
0.0022582398799467084
0.0022405057560807096
0.002223032317442972
0.0022058139889057013
0.0021888453511905224
0.002172121135504556
0.002155636218395117
0.002139385616812997
0.0021233644833743978
0.002107568101812388
0.0020919918826091456
0.0020766313588005845
0.002061482181945627
0.0020465401182526255
0.0020318010448558154
0.0020172609462352415
0.002002915910773494
0.0019887621274435547
0.001974795882621774
0.001961013557020556
0.0019474116227355817
0.0019339866404026749
0.0019207352564595311
0.0019076542005078468
0.0018947402827717607
0.0018819903916482326
0.0018694014913458346
0.0018569706196081108
0.0018446948855179936
0.0018325714673800325
0.0018205976106771625
0.0018087706260990683
0.00179708788763913
0.0017855468307573438
0.001774144950606409
0.0017628798003186735
0.0017517489893512691
0.001740750181887395
0.001729881095291466
0.001719139498615881
0.0017085232111577022
0.0016980301010630795
0.0016876580839776754
0.0016774051217413868
0.0016672692211256045
0.0016572484326114446
0.0016473408492074454
0.0016375446053052054
0.0016278578755715128
0.0016182788738758488
0.0016088058522515743
0.001599437099890007
0.001590170942165811
0.0015810057396928553
0.0015719398874092317
0.0015629718136905557
0.0015540999794903996
0.0015453228775070132
0.0015366390313753344
0.0015280469948834256
0.0015195453512124291
0.0015111327121993747
0.0015028077176218561
0.0014945690345039293
0.00148641535644255
0.001478345402953695
0.001470357918837655
0.00146245167356278
0.0014546254606670568
0.0014468780971769125
0.0014392084230427492
0.001431615300590475
0.0014240976139888054
0.0014166542687314245
0.0014092841911338791
0.001401986327844501
0.0013947596453690232
0.0013876031296083606
0.0013805157854091896
0.0013734966361269134
0.00136654472320058
0.0013596591057394142
0.0013528388601205953
0.0013460830795978904
0.0013393908739208276
0.001332761368964118
0.0013261937063668993
0.001319687043181668
0.001313240551532404
0.0013068534182817887
0.0013005248447070807
0.0012942540461845279
0.0012880402518819598
0.0012818827044593385
0.0012757806597770616
0.0012697333866117581
0.0012637401663792927
0.0012578002928649802
0.0012519130719604444
0.0012460778214073193
0.0012402938705472879
0.0012345605600783912
0.0012288772418175059
0.0012232432784686194
0.0012176580433969405
0.0012121209204084883
0.0012066313035352196
0.001201188596825289
0.0011957922141384984
0.001190441578946682
0.001185136124138944
0.0011798752918315769
0.0011746585331825251
0.0011694853082103076
0.0011643550856172463
0.0011592673426168735
0.001154221564765443
0.001149217245797404
0.0011442538874646868
0.0011393309993798194
0.0011344480988626324
0.0011296047107905629
0.001124800367452367
0.0011200346084052556
0.0011153069803352719
0.001110617036920868
0.0011059643386995594
0.0011013484529376581
0.0010967689535029083
0.0010922254207399928
0.0010877174413488416
0.001083244608265648
0.0010788065205465755
0.0010744027832539776
0.0010700330073451414
0.001065696809563607
0.0010613938123326648
0.0010571236436513398
0.0010528859369926082
0.0010486803312037634
0.0010445064704090509
0.0010403640039142494
0.001036252586113486
0.0010321718763978758
0.0010281215390662197
0.0010241012432375758
0.0010201106627656452
0.001016149476155039
0.0010122173664792293
0.0010083140213002853
0.0010044391325902456
0.0010005923966541327
9.967735140546294E-4
9.929821895381915E-4
9.89218131962829E-4
9.85481054227221E-4
9.817706732014294E-4
9.78086709658933E-4
9.744288882100584E-4
9.707969372367925E-4
9.67190588828881E-4
9.636095787212578E-4
9.600536462326665E-4
9.56522534205562E-4
9.530159889472153E-4
9.495337601719367E-4
9.460756009445168E-4
9.426412676247108E-4
9.392305198128907E-4
9.358431202967064E-4
9.324788349988276E-4
9.291374329256671E-4
9.258186861171592E-4
9.225223695974735E-4
9.192482613266624E-4
9.159961421532688E-4
9.127657957678914E-4
9.095570086575129E-4
9.063695700608533E-4
9.032032719244355E-4
9.000579088595746E-4
8.969332781001502E-4
8.938291794611665E-4
8.907454152981164E-4
8.876817904670882E-4
8.846381122856006E-4
8.816141904942431E-4
8.786098372189068E-4
8.756248669338383E-4
8.726590964252977E-4
8.69712344755903E-4
8.667844332296509E-4
8.638751853575533E-4
8.609844268239066E-4
8.581119854531854E-4
8.552576911775164E-4
8.524213760047687E-4
8.496028739871867E-4
8.468020211906144E-4
8.440186556642567E-4
8.412526174109885E-4
8.385037483581966E-4
8.357718923291057E-4
8.330568950146729E-4
8.303586039459215E-4
8.276768684668133E-4
8.250115397075423E-4
8.223624705583361E-4
8.197295156437081E-4
8.17112531297163E-4
8.145113755362961E-4
8.119259080384048E-4
8.093559901164493E-4
8.068014846954641E-4
8.042622562893667E-4
8.017381709781611E-4
7.992290963855331E-4
7.96734901656824E-4
7.942554574373792E-4
7.917906358512773E-4
7.893403104803911E-4
7.869043563438331E-4
7.844826498777089E-4
7.820750689152574E-4
7.796814926672728E-4
7.773018017028976E-4
7.749358779306923E-4
7.725836045800674E-4
7.702448661829616E-4
7.679195485558852E-4
7.656075387822308E-4
7.633087251948459E-4
7.61022997358937E-4
7.587502460552403E-4
7.564903632634324E-4
7.542432421458799E-4
7.520087770315513E-4
7.497868634003021E-4
7.47577397867337E-4
7.453802781679101E-4
7.431954031423666E-4
7.410226727212914E-4
7.388619879110193E-4
7.367132507792667E-4
7.345763644410951E-4
7.324512330449852E-4
7.303377617592497E-4
7.282358567585476E-4
7.261454252106979E-4
7.240663752636424E-4
7.219986160326411E-4
7.199420575876483E-4
7.178966109409261E-4
7.158621880347846E-4
7.138387017295621E-4
7.118260657917666E-4
7.098241948824286E-4
7.078330045455782E-4
7.058524111969631E-4
7.038823321128885E-4
7.019226854192596E-4
6.999733900807518E-4
6.98034365890212E-4
6.961055334581349E-4
6.941868142023688E-4
6.922781303379362E-4
6.903794048670264E-4
6.884905615691224E-4
6.866115249913037E-4
6.847422204386386E-4
6.828825739647864E-4
6.810325123626991E-4
6.791919631554509E-4
6.773608545872494E-4
6.755391156145213E-4
6.737266758971726E-4
6.719234657899685E-4
6.701294163340057E-4
6.683444592483807E-4
6.665685269218762E-4
6.648015524048837E-4
6.63043469401337E-4
6.612942122608593E-4
6.595537159709145E-4
6.578219161492E-4
6.560987490360219E-4
6.543841514868765E-4
6.526780609650792E-4
6.509804155345057E-4
6.492911538524921E-4
6.476102151627584E-4
6.459375392884631E-4
6.442730666253683E-4
6.426167381350977E-4
6.409684953384776E-4
6.393282803089653E-4
6.376960356661952E-4
6.360717045695919E-4
6.344552307120942E-4
6.328465583139146E-4
6.31245632116477E-4
6.296523973763469E-4
6.280667998592799E-4
6.264887858343854E-4
6.249183020683083E-4
6.233552958195458E-4
6.217997148328008E-4
6.202515073334405E-4
6.187106220220172E-4
6.1717700806885E-4
6.156506151087299E-4
6.141313932356228E-4
6.126192929975221E-4
6.111142653912931E-4
6.096162618576533E-4
6.081252342761895E-4
6.066411349604289E-4
6.05163916653005E-4
6.036935325208716E-4
6.022299361505637E-4
6.007730815435873E-4
5.993229231117759E-4
5.978794156727654E-4
5.964425144455446E-4
5.950121750460072E-4
5.93588353482613E-4
5.921710061520732E-4
5.907600898351226E-4
5.89355561692304E-4
5.879573792598649E-4
5.865655004456342E-4
5.851798835250411E-4
5.838004871371021E-4
5.824272702805085E-4
5.810601923097477E-4
5.79699212931283E-4
5.783442921997686E-4
5.769953905143332E-4
5.756524686148857E-4
5.74315487578499E-4
5.729844088158046E-4
5.716591940674669E-4
5.703398054006552E-4
5.690262052056477E-4
5.677183561923529E-4
5.664162213870065E-4
5.65119764128795E-4
5.63828948066619E-4
5.62543737155798E-4
5.612640956549333E-4
5.599899881226895E-4
5.587213794147049E-4
5.574582346804969E-4
5.562005193604305E-4
5.549481991826847E-4
5.537012401602961E-4
5.524596085882412E-4
5.512232710405117E-4
5.499921943672665E-4
5.48766345691998E-4
5.475456924087442E-4
5.463302021793347E-4
5.451198429306472E-4
5.439145828519346E-4
5.427143903921584E-4
5.415192342573476E-4
5.403290834080313E-4
5.391439070566499E-4
5.37963674665028E-4
5.36788355941884E-4
5.356179208403269E-4
5.344523395554491E-4
5.332915825218759E-4
5.32135620411416E-4
5.309844241306624E-4
5.298379648187023E-4
5.286962138447948E-4
5.275591428060804E-4
5.264267235253746E-4
5.252989280489158E-4
5.241757286441681E-4
5.230570977976623E-4
5.219430082128479E-4
5.208334328079796E-4
5.197283447140111E-4
5.1862771727253E-4
5.175315240337061E-4
5.164397387542904E-4
5.153523353955835E-4
5.142692881214812E-4
5.131905712965051E-4
5.12116159483898E-4
5.110460274436844E-4
5.099801501308039E-4
5.089185026932314E-4
5.078610604701517E-4
5.068077989901057E-4
5.057586939692288E-4
5.047137213094306E-4
5.03672857096669E-4
5.026360775991551E-4
5.016033592656949E-4
5.005746787239402E-4
4.995500127787376E-4
4.985293384104236E-4
4.975126327732157E-4
4.964998731935634E-4
4.954910371685567E-4
4.944861023643183E-4
4.934850466144234E-4
4.924878479183702E-4
4.914944844400197E-4
4.905049345060727E-4
4.895191766045821E-4
4.885371893834339E-4
4.875589516489246E-4
4.865844423642374E-4
4.8561364064806414E-4
4.846465257731434E-4
4.83683077164866E-4
4.8272327439987804E-4
4.8176709720470557E-4
4.8081452545437986E-4
4.798655391711068E-4
4.789201185229197E-4
4.7797824382236046E-4
4.7703989552517936E-4
4.7610505422904107E-4
4.751737006722522E-4
4.742458157324873E-4
4.7332138042553717E-4
4.7240037590409777E-4
4.7148278345651403E-4
4.705685845055854E-4
4.696577606073635E-4
4.6875029344998207E-4
4.6784616485245407E-4
4.6694535676353817E-4
4.6604785126058907E-4
4.651536305484036E-4
4.642626769581181E-4
4.6337497294608786E-4
4.6249050109276426E-4
4.616092441016617E-4
4.607311847982297E-4
4.5985630612879215E-4
4.5898459115952916E-4
4.581160230753954E-4
4.572505851790928E-4
4.5638826089006585E-4
4.5552903374348184E-4
4.546728873892113E-4
4.5381980559086957E-4
4.5296977222480895E-4
4.521227712791652E-4
4.512787868528719E-4
4.504378031547518E-4
4.4959980450253833E-4
4.4876477532195474E-4
4.4793270014580777E-4
4.4710356361303473E-4
4.4627735046786043E-4
4.454540455588426E-4
4.446336338380302E-4
4.438161003600572E-4
4.430014302812997E-4
4.4218960885900125E-4
4.413806214504292E-4
4.4057445351203175E-4
4.397710905986031E-4
4.3897051836246445E-4
4.3817272255264545E-4
4.3737768901406745E-4
4.365854036867561E-4
4.3579585260504044E-4
4.3500902189678217E-4
4.342248977825684E-4
4.3344346657497954E-4
4.326647146778089E-4
4.3188862858531185E-4
4.3111519488144413E-4
4.30344400239164E-4
4.295762314196555E-4
4.288106752716262E-4
4.2804771873058934E-4
4.272873488181474E-4
4.2652955264130114E-4
4.257743173917308E-4
4.250216303451248E-4
4.242714788604897E-4
4.2352385037947574E-4
4.2277873242570327E-4
4.220361126041038E-4
4.212959786002675E-4
4.205583181797711E-4
4.198231191875558E-4
4.190903695472847E-4
4.183600572607061E-4
4.1763217040702305E-4
4.169066971422841E-4
4.161836256987594E-4
4.154629443843333E-4
4.147446415819197E-4
4.1402870574883544E-4
4.133151254162355E-4
4.1260388918850586E-4
4.118949857426964E-4
4.111884038279508E-4
4.104841322649226E-4
4.0978215994522544E-4
4.090824758308558E-4
4.083850689536665E-4
4.076899284148017E-4
4.0699704338415405E-4
4.0630640309982234E-4
4.056179968675989E-4
4.0493181406041926E-4
4.042478441178513E-4
4.035660765455803E-4
4.028865009148813E-4
4.022091068621183E-4
4.0153388408825473E-4
4.0086082235832115E-4
4.001899115009537E-4
3.995211414078892E-4
3.988545020334821E-4
3.9818998339421146E-4
3.9752757556822774E-4
3.968672686948678E-4
3.962090529741766E-4
3.9555291866646703E-4
3.9489885609183135E-4
3.942468556297175E-4
3.9359690771845527E-4
3.929490028548197E-4
3.9230313159358226E-4
3.91659284547072E-4
3.910174523847464E-4
3.9037762583275733E-4
3.8973979567352165E-4
3.891039527452926E-4
3.884700879417676E-4
3.878381922116226E-4
3.8720825655815205E-4
3.8658027203882666E-4
3.859542297649044E-4
3.853301209010169E-4
3.8470793666479046E-4
3.840876683264266E-4
3.834693072083443E-4
3.8285284468475263E-4
3.8223827218131044E-4
3.816255811747032E-4
3.810147631923009E-4
3.8040580981176637E-4
3.797987126606892E-4
3.7919346341622304E-4
3.785900538047057E-4
3.7798847560132286E-4
3.7738872062973214E-4
3.7679078076170995E-4
3.761946479168164E-4
3.7560031406201936E-4
3.750077712113762E-4
3.7441701142567826E-4
3.738280268121168E-4
3.732408095239309E-4
3.7265535176009935E-4
3.72071645765E-4
3.7148968382806304E-4
3.7090945828347513E-4
3.7033096150984433E-4
3.6975418592987975E-4
3.6917912401007377E-4
3.686057682603947E-4
3.680341112339672E-4
3.674641455267781E-4
3.6689586377734935E-4
3.6632925866645434E-4
3.65764322916799E-4
3.652010492927487E-4
3.646394306000044E-4
3.640794596853326E-4
3.6352112943625404E-4
3.6296443278077803E-4
3.6240936268709987E-4
3.6185591216331787E-4
3.6130407425716927E-4
3.6075384205572236E-4
3.602052086851361E-4
3.5965816731035394E-4
3.5911271113485573E-4
3.585688334003676E-4
3.580265273866109E-4
3.5748578641104186E-4
3.5694660382855624E-4
3.564089730312752E-4
3.5587288744824984E-4
3.5533834054521715E-4
3.548053258243544E-4
3.5427383682401525E-4
3.5374386711849366E-4
3.532154103177552E-4
3.5268846006720637E-4
3.521630100474414E-4
3.516390539740261E-4
3.511165855972212E-4
3.505955987017614E-4
3.500760871066258E-4
3.495580446647968E-4
3.4904146526302507E-4
3.485263428216145E-4
3.480126712941705E-4
3.475004446673889E-4
3.4698965696082707E-4
3.464803022266865E-4
3.459723745495872E-4
3.4546586804634193E-4
3.4496077686575505E-4
3.4445709518839184E-4
3.43954817226372E-4
3.4345393722314856E-4
3.4295444945331926E-4
3.4245634822238896E-4
3.419596278665778E-4
3.41464282752626E-4
3.40970307277563E-4
3.404776958685285E-4
3.3998644298255805E-4
3.394965431064017E-4
3.3900799075629466E-4
3.3852078047780725E-4
3.3803490684559376E-4
3.375503644632552E-4
3.370671479631183E-4
3.365852520060387E-4
3.361046712812321E-4
3.356254005060852E-4
3.351474344259553E-4
3.3467076781400256E-4
3.34195395470997E-4
3.3372131222514985E-4
3.3324851293192086E-4
3.327769924738337E-4
3.323067457603339E-4
3.3183776772756753E-4
3.3137005333824663E-4
3.3090359758144924E-4
3.3043839547245856E-4
3.2997444205260353E-4
3.2951173238906335E-4
3.290502615747289E-4
3.2859002472802E-4
3.2813101699272223E-4
3.276732335378233E-4
3.2721666955735907E-4
3.2676132027024285E-4
3.263071809201155E-4
3.258542467751667E-4
3.254025131280005E-4
3.2495197529547044E-4
3.2450262861852193E-4
3.240544684620422E-4
3.23607490214701E-4
3.231616892888125E-4
3.227170611201694E-4
3.222736011679021E-4
3.218313049143286E-4
3.213901678648201E-4
3.2095018554762476E-4
3.205113535137576E-4
3.200736673368282E-4
3.1963712261292204E-4
3.192017149604422E-4
3.187674400199764E-4
3.1833429345415494E-4
3.1790227094751167E-4
3.174713682063583E-4
3.1704158095862496E-4
3.16612904953743E-4
3.161853359625075E-4
3.1575886977695117E-4
3.153335022101865E-4
3.149092290963033E-4
3.144860462902256E-4
3.1406394966757587E-4
3.136429351245673E-4
3.132229985778524E-4
3.128041359644148E-4
3.123863432414292E-4
3.119696163861434E-4
3.115539513957741E-4
3.111393442873415E-4
3.107257910975813E-4
3.10313287882819E-4
3.09901830718829E-4
3.0949141570075486E-4
3.090820389429412E-4
3.086736965788544E-4
3.0826638476095955E-4
3.078600996605851E-4
3.0745483746783567E-4
3.070505943914536E-4
3.066473666587153E-4
3.0624515051533166E-4
3.0584394222530345E-4
3.054437380708582E-4
3.050445343522841E-4
3.0464632738787625E-4
3.042491135137872E-4
3.038528890839305E-4
3.0345765046988957E-4
3.030633940607904E-4
3.0267011626321417E-4
3.022778135010666E-4
3.018864822155091E-4
3.0149611886482835E-4
3.0110671992435205E-4
3.0071828188632077E-4
3.003308012598245E-4
2.999442745706608E-4
2.9955869836128667E-4
2.9917406919066294E-4
2.987903836342016E-4
2.98407638283631E-4
2.9802582974694E-4
2.9764495464824746E-4
2.9726500962772706E-4
2.9688599134149087E-4
2.96507896461533E-4
2.9613072167559203E-4
2.9575446368709335E-4
2.953791192150339E-4
2.9500468499390374E-4
2.946311577735934E-4
2.942585343193027E-4
2.938868114114453E-4
2.935159858455693E-4
2.9314605443226223E-4
2.9277701399707014E-4
2.924088613804032E-4
2.920415934374502E-4
2.916752070381052E-4
2.9130969906685823E-4
2.909450664227327E-4
2.9058130601919364E-4
2.902184147840638E-4
2.8985638965943873E-4
2.894952276016047E-4
2.8913492558096243E-4
2.887754805819409E-4
2.884168896029225E-4
2.8805914965614654E-4
2.8770225776765507E-4
2.873462109771957E-4
2.8699100633814534E-4
2.8663664091743994E-4
2.862831117954823E-4
2.859304160660942E-4
2.8557855083639764E-4
2.852275132267797E-4
2.848773003707913E-4
2.8452790941508005E-4
2.8417933751932815E-4
2.8383158185615653E-4
2.834846396110654E-4
2.8313850798235236E-4
2.8279318418105836E-4
2.8244866543087986E-4
2.821049489680985E-4
2.817620320415086E-4
2.8141991191236586E-4
2.810785858542852E-4
2.807380511532041E-4
2.803983051072878E-4
2.8005934502688324E-4
2.7972116823442636E-4
2.7938377206440185E-4
2.7904715386324445E-4
2.7871131098930387E-4
2.783762408127632E-4
2.7804194071556445E-4
2.7770840809136495E-4
2.773756403454508E-4
2.7704363489468623E-4
2.767123891674443E-4
2.7638190060354646E-4
2.760521666541947E-4
2.7572318478191076E-4
2.753949524604816E-4
2.750674671748726E-4
2.7474072642119944E-4
2.7441472770664587E-4
2.7408946854940857E-4
2.737649464786277E-4
2.734411590343508E-4
2.731181037674439E-4
2.7279577823955157E-4
2.724741800230331E-4
2.7215330670090206E-4
2.718331558667791E-4
2.7151372512479775E-4
2.71195012089606E-4
2.708770143862627E-4
2.7055972965019516E-4
2.7024315552714084E-4
2.6992728967310825E-4
2.696121297542944E-4
2.6929767344705186E-4
2.6898391843781726E-4
2.686708624230642E-4
2.683585031092589E-4
2.680468382127924E-4
2.67735865459929E-4
2.674255825867634E-4
2.6711598733914724E-4
2.668070774726708E-4
2.6649885075257364E-4
2.661913049537154E-4
2.6588443786052126E-4
2.6557824726692795E-4
2.652727309763325E-4
2.6496788680154226E-4
2.6466371256472695E-4
2.643602060973729E-4
2.640573652402104E-4
2.6375518784321024E-4
2.6345367176548273E-4
2.631528148752707E-4
2.6285261504986883E-4
2.6255307017560773E-4
2.622541781477809E-4
2.6195593687060575E-4
2.616583442571754E-4
2.613613982294287E-4
2.6106509671807023E-4
2.607694376625572E-4
2.604744190110306E-4
2.601800387202809E-4
2.598862947557068E-4
2.5959318509125365E-4
2.5930070770938964E-4
2.5900886060104043E-4
2.5871764176556484E-4
2.584270492106981E-4
2.581370809525131E-4
2.5784773501537177E-4
2.5755900943188743E-4
2.572709022428859E-4
2.569834114973548E-4
2.5669653525240067E-4
2.564102715732155E-4
2.561246185330295E-4
2.558395742130671E-4
2.555551367025154E-4
2.5527130409846733E-4
2.549880745059008E-4
2.5470544603762094E-4
2.5442341681423063E-4
2.5414198496408186E-4
2.538611486232394E-4
2.535809059354595E-4
2.533012550521184E-4
2.5302219413218547E-4
2.5274372134219793E-4
2.5246583485621693E-4
2.5218853285576643E-4
2.5191181352982966E-4
2.5163567507478893E-4
2.513601156943922E-4
2.5108513359972407E-4
2.5081072700915467E-4
2.5053689414831327E-4
2.5026363325005485E-4
2.499909425544067E-4
2.497188203085458E-4
2.494472647667694E-4
2.4917627419043765E-4
2.489058468479581E-4
2.486359810147357E-4
2.483666749731484E-4
2.480979270125075E-4
2.478297354290195E-4
2.475620985257657E-4
2.472950146126485E-4
2.4702848200636613E-4
2.4676249903038525E-4
2.4649706401489384E-4
2.462321752967772E-4
2.459678312195896E-4
2.4570403013350443E-4
2.454407703952943E-4
2.4517805036829117E-4
2.449158684223639E-4
2.446542229338716E-4
2.443931122856491E-4
2.4413253486695605E-4
2.4387248907345544E-4
2.4361297330718177E-4
2.433539859765156E-4
2.4309552549613188E-4
2.428375902869892E-4
2.4258017877630135E-4
2.42323289397479E-4
2.420669205901325E-4
2.4181107080001874E-4
2.4155573847901938E-4
2.413009220851189E-4
2.410466200823535E-4
2.4079283094080125E-4
2.4053955313654794E-4
2.402867851516533E-4
2.4003452547411992E-4
2.397827725978723E-4
2.395315250227314E-4
2.3928078125436797E-4
2.3903053980428641E-4
2.387807991898071E-4
2.3853155793400853E-4
2.3828281456572868E-4
2.380345676195297E-4
2.3778681563565556E-4
2.3753955716002237E-4
2.3729279074418254E-4
2.3704651494530036E-4
2.3680072832612403E-4
2.3655542945495185E-4
2.3631061690562838E-4
2.3606628925748312E-4
2.3582244509533587E-4
2.3557908300945467E-4
2.3533620159553367E-4
2.3509379945466126E-4
2.3485187519330789E-4
2.346104274232777E-4
2.3436945476171587E-4
2.3412895583105185E-4
2.3388892925899454E-4
2.3364937367848323E-4
2.3341028772770774E-4
2.331716700500248E-4
2.3293351929398515E-4
2.3269583411328042E-4
2.324586131667236E-4
2.322218551182275E-4
2.3198555863678525E-4
2.3174972239643543E-4
2.3151434507625023E-4
2.3127942536030056E-4
2.3104496193763864E-4
2.3081095350227843E-4
2.3057739875316204E-4
2.3034429639414827E-4
2.301116451339747E-4
2.2987944368625118E-4
2.2964769076942796E-4
2.2941638510677424E-4
2.2918552542635528E-4
2.2895511046101152E-4
2.2872513894833509E-4
2.2849560963064894E-4
2.2826652125498235E-4
2.280378725730584E-4
2.2780966234125008E-4
2.2758188932058736E-4
2.2735455227671555E-4
2.271276499798777E-4
2.2690118120490454E-4
2.26675144731167E-4
2.264495393425937E-4
2.2622436382761113E-4
2.2599961697915012E-4
2.2577529759461562E-4
2.2555140447585875E-4
2.253279364291708E-4
2.2510489226525428E-4
2.2488227079919799E-4
2.2466007085047193E-4
2.2443829124289374E-4
2.2421693080460354E-4
2.2399598836807429E-4
2.2377546277005937E-4
2.2355535285158276E-4
2.2333565745792864E-4
2.231163754386155E-4
2.228975056473658E-4
2.22679046942113E-4
2.224609981849577E-4
2.222433582421579E-4
2.2202612598412106E-4
2.2180930028535973E-4
2.2159288002449872E-4
2.2137686408424005E-4
2.2116125135135224E-4
2.2094604071665061E-4
2.2073123107497756E-4
2.2051682132518514E-4
2.2030281037011874E-4
2.2008919711658935E-4
2.1987598047537363E-4
2.1966315936118667E-4
2.1945073269265516E-4
2.192386993923135E-4
2.1902705838657718E-4
2.1881580860573985E-4
2.1860494898393525E-4
2.1839447845913346E-4
2.1818439597312612E-4
2.1797470047149335E-4
2.1776539090360525E-4
2.175564662225986E-4
2.1734792538534857E-4
2.1713976735248113E-4
2.1693199108831557E-4
2.1672459556088585E-4
2.1651757974190078E-4
2.163109426067363E-4
2.161046831344232E-4
2.1589880030762156E-4
2.156932931126065E-4
2.154881605392624E-4
2.152834015810572E-4
2.1507901523502002E-4
2.148750005017502E-4
2.1467135638536823E-4
2.1446808189353595E-4
2.142651760374054E-4
2.1406263783163836E-4
2.138604662943558E-4
2.1365866044715254E-4
2.1345721931506582E-4
2.1325614192656603E-4
2.1305542731353593E-4
2.128550745112662E-4
2.1265508255843187E-4
2.1245545049707078E-4
2.1225617737259716E-4
2.120572622337514E-4
2.1185870413260643E-4
2.1166050212455026E-4
2.114626552682761E-4
2.1126516262575087E-4
2.1106802326221477E-4
2.1087123624617102E-4
2.1067480064936118E-4
2.1047871554675818E-4
2.1028298001654283E-4
2.100875931400997E-4
2.0989255400200477E-4
2.0969786169000625E-4
2.0950351529500268E-4
2.093095139110493E-4
2.0911585663532792E-4
2.0892254256814116E-4
2.0872957081289576E-4
2.0853694047609413E-4
2.083446506673124E-4
2.0815270049919968E-4
2.079610890874496E-4
2.0776981555080246E-4
2.0757887901102202E-4
2.0738827859288173E-4
2.0719801342416525E-4
2.0700808263563673E-4
2.0681848536103925E-4
2.0662922073707906E-4
2.064402879034086E-4
2.0625168600262695E-4
2.0606341418024266E-4
2.0587547158469748E-4
2.0568785736731486E-4
2.0550057068231868E-4
2.05313610686806E-4
2.0512697654073163E-4
2.0494066740691194E-4
2.0475468245099637E-4
2.0456902084146707E-4
2.043836817496167E-4
2.041986643495413E-4
2.040139678181386E-4
2.0382959133507985E-4
2.0364553408280366E-4
2.0346179524650715E-4
2.032783740141373E-4
2.030952695763757E-4
2.0291248112661665E-4
2.0273000786097726E-4
2.0254784897826868E-4
2.0236600367999367E-4
2.0218447117033433E-4
2.0200325065612975E-4
2.0182234134688944E-4
2.016417424547527E-4
2.0146145319450368E-4
2.0128147278354066E-4
2.011018004418774E-4
2.0092243539212892E-4
2.0074337685950102E-4
2.0056462407177353E-4
2.003861762592952E-4
2.0020803265498758E-4
2.000301924942984E-4
1.998526550152304E-4
1.9967541945829418E-4
1.994984850665318E-4
1.993218510854886E-4
1.9914551676319906E-4
1.989694813501872E-4
1.9879374409944976E-4
1.986183042664532E-4
1.9844316110911314E-4
1.9826831388779665E-4
1.9809376186529556E-4
1.9791950430683472E-4
1.9774554048005019E-4
1.9757186965498424E-4
1.973984911040737E-4
1.9722540410214092E-4
1.970526079263827E-4
1.9688010185636498E-4
1.967078851740115E-4
1.9653595716357931E-4
1.9636431711168596E-4
1.9619296430725553E-4
1.9602189804154138E-4
1.9585111760810417E-4
1.9568062230280008E-4
1.955104114237843E-4
1.953404842714856E-4
1.9517084014860562E-4
1.950014783601137E-4
1.9483239821322643E-4
1.946635990174059E-4
1.9449508008435588E-4
1.9432684072800285E-4
1.9415888026448426E-4
1.9399119801215818E-4
1.938237932915763E-4
1.9365666542547994E-4
1.9348981373879442E-4
1.9332323755861917E-4
1.931569362142198E-4
1.929909090370113E-4
1.9282515536056888E-4
1.9265967452059118E-4
1.9249446585492091E-4
1.9232952870351343E-4
1.921648624084395E-4
1.9200046631388145E-4
1.918363397661147E-4
1.9167248211349603E-4
1.9150889270646784E-4
1.9134557089755302E-4
1.9118251604132615E-4
1.910197274944181E-4
1.9085720461551388E-4
1.9069494676533273E-4
1.9053295330662593E-4
1.903712236041737E-4
1.9020975702476185E-4
1.9004855293718514E-4
1.898876107122482E-4
1.8972692972273592E-4
1.8956650934342178E-4
1.8940634895105125E-4
1.8924644792434902E-4
1.8908680564398288E-4
1.8892742149258557E-4
1.8876829485473326E-4
1.8860942511693906E-4
1.8845081166764518E-4
1.8829245389721274E-4
1.88134351197928E-4
1.8797650296397214E-4
1.8781890859143356E-4
1.8766156747829416E-4
1.875044790244174E-4
1.8734764263154746E-4
1.8719105770329949E-4
1.8703472364514068E-4
1.8687863986441305E-4
1.8672280577029788E-4
1.865672207738145E-4
1.86411884287824E-4
1.862567957270098E-4
1.8610195450787819E-4
1.8594736004875147E-4
1.8579301176975202E-4
1.8563890909280764E-4
1.8548505144163287E-4
1.8533143824173333E-4
1.8517806892039062E-4
1.8502494290666138E-4
1.8487205963135857E-4
1.847194185270648E-4
1.845670190281053E-4
1.8441486057055862E-4
1.842629425922318E-4
1.8411126453267345E-4
1.8395982583314506E-4
1.8380862593663937E-4
1.836576642878501E-4
1.83506940333184E-4
1.8335645352074225E-4
1.8320620330031841E-4
1.8305618912339643E-4
1.8290641044312958E-4
1.8275686671435508E-4
1.8260755739356964E-4
1.824584819389349E-4
1.8230963981026105E-4
1.821610304690121E-4
1.8201265337829104E-4
1.8186450800283279E-4
1.8171659380900601E-4
1.8156891026479912E-4
1.814214568398201E-4
1.8127423300528644E-4
1.8112723823402146E-4
1.8098047200043984E-4
1.8083393378056248E-4
1.8068762305198233E-4
1.8054153929388084E-4
1.8039568198701487E-4
1.8025005061370698E-4
1.8010464465784286E-4
1.799594636048674E-4
1.7981450694177164E-4
1.7966977415709743E-4
1.7952526474092505E-4
1.7938097818486604E-4
1.7923691398206168E-4
1.7909307162717597E-4
1.7894945061638863E-4
1.7880605044739208E-4
1.7866287061938123E-4
1.78519910633055E-4
1.783771699905991E-4
1.7823464819569944E-4
1.7809234475351125E-4
1.7795025917068105E-4
1.7780839095531402E-4
1.7766673961699703E-4
1.7752530466676642E-4
1.7738408561711861E-4
1.7724308198199915E-4
1.771022932767991E-4
1.7696171901835202E-4
1.7682135872492216E-4
1.766812119162038E-4
1.765412781133186E-4
1.7640155683880106E-4
1.7626204761660516E-4
1.7612274997208687E-4
1.7598366343200847E-4
1.7584478752453417E-4
1.757061217792136E-4
1.7556766572698632E-4
1.7542941890018153E-4
1.7529138083249274E-4
1.7515355105899682E-4
1.7501592911613447E-4
1.7487851454171019E-4
1.7474130687487885E-4
1.7460430565615888E-4
1.7446751042741332E-4
1.743309207318392E-4
1.7419453611398306E-4
1.7405835611971813E-4
1.7392238029624447E-4
1.7378660819209035E-4
1.7365103935709916E-4
1.7351567334243138E-4
1.733805097005503E-4
1.7324554798522822E-4
1.731107877515359E-4
1.7297622855583884E-4
1.728418699557891E-4
1.7270771151033695E-4
1.7257375277969394E-4
1.7243999332536316E-4
1.723064327101119E-4
1.72173070497977E-4
1.7203990625425908E-4
1.719069395455141E-4
1.7177416993955264E-4
1.716415970054305E-4
1.7150922031345335E-4
1.713770394351643E-4
1.7124505394334487E-4
1.7111326341199973E-4
1.709816674163689E-4
1.7085026553291085E-4
1.7071905733929992E-4
1.7058804241442842E-4
1.704572203383957E-4
1.7032659069250592E-4
1.7019615305926346E-4
1.7006590702236984E-4
1.6993585216671745E-4
1.6980598807839133E-4
1.6967631434464938E-4
1.6954683055394056E-4
1.6941753629588435E-4
1.6928843116126906E-4
1.691595147420518E-4
1.6903078663135554E-4
1.6890224642345525E-4
1.6877389371378892E-4
1.6864572809893578E-4
1.6851774917662742E-4
1.6838995654573494E-4
1.682623498062725E-4
1.6813492855937982E-4
1.680076924073409E-4
1.6788064095355035E-4
1.6775377380253553E-4
1.6762709055993726E-4
1.6750059083251272E-4
1.6737427422812938E-4
1.6724814035576178E-4
1.6712218882548947E-4
1.6699641924848663E-4
1.6687083123702515E-4
1.6674542440446618E-4
1.666201983652595E-4
1.6649515273494086E-4
1.6637028713012393E-4
1.6624560116849298E-4
1.6612109446881632E-4
1.6599676665092248E-4
1.6587261733570555E-4
1.6574864614512578E-4
1.6562485270218958E-4
1.6550123663097366E-4
1.6537779755659206E-4
1.6525453510521073E-4
1.651314489040345E-4
1.650085385813128E-4
1.648858037663289E-4
1.6476324408939297E-4
1.6464085918185185E-4
1.6451864867607783E-4
1.6439661220545119E-4
1.642747494043844E-4
1.6415305990829856E-4
1.640315433536241E-4
1.6391019937780877E-4
1.6378902761928749E-4
1.6366802771751088E-4
1.6354719931291727E-4
1.6342654204694394E-4
1.6330605556201457E-4
1.6318573950154294E-4
1.630655935099273E-4
1.6294561723253972E-4
1.6282581031573068E-4
1.627061724068331E-4
1.6258670315413628E-4
1.6246740220690533E-4
1.6234826921536946E-4
1.622293038307099E-4
1.6211050570507274E-4
1.6199187449155504E-4
1.618734098442039E-4
1.617551114180111E-4
1.616369788689166E-4
1.615190118537998E-4
1.6140121003047541E-4
1.612835730576978E-4
1.611661005951442E-4
1.6104879230342475E-4
1.6093164784407603E-4
1.6081466687955398E-4
1.6069784907323453E-4
1.60581194089409E-4
1.60464701593274E-4
1.6034837125094962E-4
1.6023220272945077E-4
1.6011619569669916E-4
1.6000034982151677E-4
1.5988466477362208E-4
1.5976914022362913E-4
1.59653775843042E-4
1.5953857130425204E-4
1.594235262805354E-4
1.5930864044605625E-4
1.5919391347584853E-4
1.590793450458289E-4
1.589649348327879E-4
1.5885068251437855E-4
1.587365877691337E-4
1.5862265027643865E-4
1.5850886971655102E-4
1.5839524577057433E-4
1.5828177812048298E-4
1.581684664490941E-4
1.5805531044007964E-4
1.579423097779536E-4
1.5782946414808467E-4
1.5771677323667214E-4
1.5760423673075952E-4
1.5749185431822852E-4
1.5737962568779162E-4
1.572675505289912E-4
1.571556285322012E-4
1.5704385938861165E-4
1.569322427902512E-4
1.5682077842995174E-4
1.567094660013691E-4
1.5659830519897848E-4
1.5648729571805437E-4
1.5637643725469283E-4
1.5626572950579054E-4
1.5615517216904432E-4
1.5604476494295843E-4
1.5593450752683264E-4
1.5582439962076158E-4
1.5571444092563248E-4
1.5560463114312582E-4
1.55494969975709E-4
1.5538545712663444E-4
1.552760922999337E-4
1.551668752004277E-4
1.5505780553370574E-4
1.5494888300613156E-4
1.5484010732485224E-4
1.5473147819777372E-4
1.546229953335766E-4
1.545146584417021E-4
1.5440646723235336E-4
1.5429842141649987E-4
1.5419052070586112E-4
1.5408276481291503E-4
1.5397515345089532E-4
1.5386768633377515E-4
1.537603631762908E-4
1.5365318369391274E-4
1.5354614760285708E-4
1.5343925462007828E-4
1.5333250446327609E-4
1.5322589685087769E-4
1.5311943150204577E-4
1.5301310813667883E-4
1.5290692647539802E-4
1.5280088623955085E-4
1.526949871512148E-4
1.5258922893318115E-4
1.524836113089693E-4
1.5237813400280006E-4
1.5227279673963085E-4
1.5216759924511017E-4
1.5206254124560718E-4
1.519576224682011E-4
1.5185284264067117E-4
1.5174820149149786E-4
1.516436987498712E-4
1.5153933414567048E-4
1.5143510740947807E-4
1.5133101827256675E-4
1.5122706646689946E-4
1.5112325172513775E-4
1.5101957378062125E-4
1.5091603236737778E-4
1.508126272201202E-4
1.5070935807424453E-4
1.5060622466581803E-4
1.505032267315856E-4
1.5040036400897636E-4
1.5029763623608156E-4
1.5019504315166805E-4
1.5009258449516798E-4
1.4999026000667924E-4
1.4988806942696693E-4
1.497860124974516E-4
1.496840889602235E-4
1.4958229855802012E-4
1.4948064103423935E-4
1.4937911613292928E-4
1.4927772359879605E-4
1.4917646317718774E-4
1.4907533461410406E-4
1.4897433765618707E-4
1.488734720507249E-4
1.4877273754564416E-4
1.4867213388951363E-4
1.4857166083153184E-4
1.484713181215411E-4
1.4837110551001276E-4
1.4827102274804992E-4
1.4817106958738382E-4
1.4807124578037462E-4
1.4797155108000208E-4
1.4787198523987994E-4
1.477725480142332E-4
1.4767323915790975E-4
1.47574058426372E-4
1.474750055757065E-4
1.4737608036260538E-4
1.4727728254436954E-4
1.4717861187891622E-4
1.4708006812477308E-4
1.4698165104106543E-4
1.468833603875218E-4
1.4678519592448562E-4
1.4668715741288676E-4
1.4658924461425754E-4
1.4649145729073103E-4
1.4639379520502778E-4
1.4629625812047025E-4
1.4619884580096128E-4
1.461015580110024E-4
1.4600439451567702E-4
1.4590735508065382E-4
1.4581043947218674E-4
1.4571364745711034E-4
1.4561697880284173E-4
1.455204332773755E-4
1.4542401064928162E-4
1.453277106877033E-4
1.4523153316235862E-4
1.4513547784353773E-4
1.4503954450210025E-4
1.4494373290946898E-4
1.4484804283763876E-4
1.4475247405916196E-4
1.4465702634715907E-4
1.4456169947531152E-4
1.4446649321785287E-4
1.4437140734958198E-4
1.4427644164584637E-4
1.4418159588255625E-4
1.440868698361636E-4
1.4399226328367585E-4
1.438977760026493E-4
1.4380340777118804E-4
1.4370915836794287E-4
1.4361502757210076E-4
1.4352101516340018E-4
1.4342712092211302E-4
1.4333334462905372E-4
1.432396860655768E-4
1.4314614501356325E-4
1.430527212554355E-4
1.4295941457414393E-4
1.428662247531712E-4
1.427731515765353E-4
1.4268019482876918E-4
1.4258735429493964E-4
1.4249462976063511E-4
1.4240202101197295E-4
1.4230952783558047E-4
1.4221715001861245E-4
1.4212488734873993E-4
1.420327396141492E-4
1.4194070660354102E-4
1.4184878810613214E-4
1.4175698391164632E-4
1.4166529381032171E-4
1.4157371759290492E-4
1.414822550506464E-4
1.4139090597530644E-4
1.4129967015914007E-4
1.4120854739492253E-4
1.4111753747590827E-4
1.410266401958688E-4
1.4093585534906587E-4
1.4084518273025696E-4
1.4075462213469908E-4
1.4066417335813794E-4
1.4057383619681463E-4
1.404836104474576E-4
1.4039349590728724E-4
1.403034923740116E-4
1.4021359964582354E-4
1.4012381752140257E-4
1.4003414579990555E-4
1.3994458428097956E-4
1.398551327647475E-4
1.3976579105181205E-4
1.3967655894325418E-4
1.3958743624062827E-4
1.3949842274596356E-4
1.3940951826176896E-4
1.393207225910157E-4
1.3923203553715542E-4
1.3914345690410173E-4
1.3905498649623667E-4
1.3896662411840973E-4
1.3887836957593962E-4
1.3879022267460005E-4
1.3870218322063375E-4
1.3861425102074188E-4
1.3852642588208286E-4
1.384387076122801E-4
1.383510960194044E-4
1.3826359091199004E-4
1.3817619209901825E-4
1.3808889938993197E-4
1.3800171259461633E-4
1.3791463152341196E-4
1.3782765598710617E-4
1.3774078579693825E-4
1.3765402076458216E-4
1.3756736070217096E-4
1.37480805422269E-4
1.37394354737895E-4
1.3730800846249407E-4
1.3722176640996292E-4
1.3713562839463245E-4
1.3704959423126961E-4
1.3696366373507752E-4
1.3687783672169726E-4
1.3679211300719385E-4
1.367064924080739E-4
1.3662097474127465E-4
1.3653555982415353E-4
1.3645024747450756E-4
1.3636503751054954E-4
1.362799297509239E-4
1.3619492401470483E-4
1.3611002012137836E-4
1.360252178908618E-4
1.3594051714348646E-4
1.3585591770000962E-4
1.3577141938160347E-4
1.3568702200985306E-4
1.3560272540676763E-4
1.3551852939476587E-4
1.354344337966832E-4
1.3535043843576096E-4
1.352665431356615E-4
1.3518274772044732E-4
1.3509905201459718E-4
1.3501545584299217E-4
1.349319590309202E-4
1.3484856140408174E-4
1.3476526278856816E-4
1.3468206301088626E-4
1.345989618979349E-4
1.3451595927702466E-4
1.344330549758516E-4
1.343502488225219E-4
1.342675406455322E-4
1.341849302737787E-4
1.3410241753654845E-4
1.3402000226352657E-4
1.3393768428478497E-4
1.3385546343079686E-4
1.3377333953241613E-4
1.3369131242089028E-4
1.3360938192785306E-4
1.3352754788532783E-4
1.3344581012572003E-4
1.3336416848182557E-4
1.3328262278681778E-4
1.3320117287425492E-4
1.3311981857808068E-4
1.3303855973261321E-4
1.3295739617255375E-4
1.3287632773297884E-4
1.3279535424934392E-4
1.327144755574812E-4
1.3263369149359768E-4
1.3255300189427552E-4
1.3247240659646615E-4
1.3239190543749336E-4
1.3231149825505752E-4
1.32231184887221E-4
1.321509651724191E-4
1.3207083894945524E-4
1.3199080605749697E-4
1.3191086633607986E-4
1.3183101962510038E-4
1.3175126576482586E-4
1.3167160459587665E-4
1.31592035959244E-4
1.315125596962707E-4
1.3143317564866404E-4
1.3135388365848876E-4
1.3127468356816834E-4
1.3119557522048118E-4
1.3111655845856154E-4
1.310376331258961E-4
1.309587990663287E-4
1.3088005612405508E-4
1.3080140414361796E-4
1.307228429699139E-4
1.3064437244819074E-4
1.305659924240415E-4
1.3048770274340737E-4
1.3040950325257793E-4
1.3033139379818744E-4
1.3025337422721217E-4
1.301754443869748E-4
1.300976041251427E-4
1.3001985328972034E-4
1.2994219172905738E-4
1.298646192918359E-4
1.2978713582708772E-4
1.2970974118417286E-4
1.2963243521279426E-4
1.2955521776298985E-4
1.294780886851321E-4
1.294010478299252E-4
1.293240950484094E-4
1.2924723019195678E-4
1.2917045311227308E-4
1.290937636613888E-4
1.2901716169167073E-4
1.2894064705580897E-4
1.2886421960682808E-4
1.2878787919807066E-4
1.2871162568320712E-4
1.2863545891624094E-4
1.285593787514937E-4
1.284833850436087E-4
1.28407477647554E-4
1.28331656418619E-4
1.282559212124168E-4
1.2818027188487397E-4
1.2810470829223853E-4
1.2802923029107776E-4
1.2795383773827614E-4
1.278785304910338E-4
1.278033084068667E-4
1.277281713435995E-4
1.276531191593787E-4
1.2757815171266247E-4
1.2750326886221553E-4
1.2742847046711894E-4
1.2735375638675892E-4
1.2727912648083733E-4
1.2720458060936214E-4
1.2713011863264395E-4
1.2705574041130824E-4
1.2698144580627934E-4
1.2690723467879308E-4
1.268331068903847E-4
1.2675906230289385E-4
1.2668510077846565E-4
1.2661122217954716E-4
1.2653742636887908E-4
1.264637132095121E-4
1.26390082564791E-4
1.2631653429835763E-4
1.2624306827415654E-4
1.2616968435642562E-4
1.2609638240969925E-4
1.260231622988111E-4
1.2595002388888403E-4
1.2587696704533668E-4
1.258039916338805E-4
1.2573109752052125E-4
1.2565828457155277E-4
1.2558555265355936E-4
1.2551290163341868E-4
1.2544033137829705E-4
1.2536784175564564E-4
1.2529543263320342E-4
1.2522310387899933E-4
1.2515085536134507E-4
1.250786869488389E-4
1.2500659851036707E-4
1.2493458991508888E-4
1.248626610324606E-4
1.2479081173220755E-4
1.247190418843448E-4
1.2464735135916288E-4
1.2457574002723738E-4
1.245042077594233E-4
1.2443275442684226E-4
1.2436137990090853E-4
1.2429008405330478E-4
1.2421886675599241E-4
1.2414772788120362E-4
1.240766673014575E-4
1.2400568488953165E-4
1.239347805184851E-4
1.238639540616466E-4
1.2379320539262253E-4
1.2372253438528385E-4
1.2365194091377163E-4
1.2358142485249986E-4
1.2351098607615315E-4
1.2344062445967426E-4
1.2337033987828852E-4
1.2330013220747174E-4
1.2323000132297878E-4
1.231599471008203E-4
1.230899694172823E-4
1.230200681489006E-4
1.229502431724875E-4
1.2288049436510776E-4
1.2281082160409563E-4
1.2274122476704156E-4
1.226717037317947E-4
1.2260225837647237E-4
1.2253288857944127E-4
1.2246359421933526E-4
1.2239437517503666E-4
1.2232523132568992E-4
1.2225616255069762E-4
1.2218716872971233E-4
1.2211824974264776E-4
1.2204940546966714E-4
1.2198063579119013E-4
1.2191194058788898E-4
1.2184331974068366E-4
1.2177477313075319E-4
1.2170630063952225E-4
1.2163790214867002E-4
1.2156957754011853E-4
1.2150132669604499E-4
1.2143314949887506E-4
1.2136504583127844E-4
1.2129701557617106E-4
1.212290586167209E-4
1.2116117483633839E-4
1.2109336411867449E-4
1.2102562634763435E-4
1.209579614073599E-4
1.2089036918223593E-4
1.2082284955689459E-4
1.2075540241620797E-4
1.2068802764528695E-4
1.2062072512948248E-4
1.2055349475439362E-4
1.2048633640584854E-4
1.2041924996991983E-4
1.2035223533291829E-4
1.2028529238139063E-4
1.2021842100211745E-4
1.2015162108212325E-4
1.2008489250866513E-4
1.2001823516923227E-4
1.1995164895154901E-4
1.1988513374357799E-4
1.1981868943350887E-4
1.1975231590977023E-4
1.1968601306101609E-4
1.1961978077614085E-4
1.1955361894425883E-4
1.1948752745472182E-4
1.1942150619710819E-4
1.1935555506123046E-4
1.1928967393712512E-4
1.1922386271505468E-4
1.1915812128551433E-4
1.1909244953922028E-4
1.1902684736712059E-4
1.1896131466038743E-4
1.1889585131041465E-4
1.1883045720882046E-4
1.1876513224745338E-4
1.1869987631837862E-4
1.1863468931388508E-4
1.1856957112648916E-4
1.1850452164891925E-4
1.1843954077413315E-4
1.1837462839530728E-4
1.183097844058328E-4
1.1824500869932764E-4
1.1818030116962095E-4
1.1811566171076705E-4
1.1805109021703386E-4
1.1798658658290572E-4
1.1792215070308658E-4
1.1785778247249483E-4
1.1779348178626465E-4
1.177292485397402E-4
1.1766508262848715E-4
1.17600983948285E-4
1.1753695239511764E-4
1.1747298786519191E-4
1.1740909025492117E-4
1.173452594609269E-4
1.1728149538005295E-4
1.1721779790934449E-4
1.1715416694605813E-4
1.170906023876625E-4
1.170271041318332E-4
1.1696367207645156E-4
1.1690030611961068E-4
1.1683700615961648E-4
1.1677377209496769E-4
1.1671060382437995E-4
1.1664750124677118E-4
1.1658446426126709E-4
1.1652149276719116E-4
1.1645858666408102E-4
1.1639574585166835E-4
1.1633297022989664E-4
1.1627025969890905E-4
1.1620761415904421E-4
1.1614503351084984E-4
1.1608251765507814E-4
1.160200664926729E-4
1.1595767992478022E-4
1.1589535785274914E-4
1.1583310017812988E-4
1.157709068026601E-4
1.157087776282902E-4
1.1564671255715843E-4
1.1558471149160337E-4
1.1552277433415862E-4
1.1546090098755618E-4
1.1539909135472282E-4
1.1533734533878071E-4
1.1527566284304648E-4
1.1521404377102935E-4
1.1515248802643469E-4
1.1509099551316139E-4
1.1502956613529672E-4
1.1496819979712599E-4
1.1490689640312346E-4
1.1484565585795283E-4
1.1478447806647422E-4
1.1472336293373152E-4
1.1466231036496483E-4
1.1460132026559671E-4
1.145403925412449E-4
1.1447952709771214E-4
1.1441872384099176E-4
1.1435798267726229E-4
1.1429730351288761E-4
1.1423668625442345E-4
1.1417613080860975E-4
1.1411563708236822E-4
1.1405520498281187E-4
1.1399483441723581E-4
1.139345252931154E-4
1.1387427751811674E-4
1.1381409100008575E-4
1.1375396564705358E-4
1.1369390136722908E-4
1.1363389806900884E-4
1.135739556609662E-4
1.1351407405185658E-4
1.1345425315062163E-4
1.1339449286637975E-4
1.13334793108424E-4
1.1327515378623223E-4
1.1321557480946151E-4
1.1315605608794792E-4
1.1309659753170221E-4
1.130371990509135E-4
1.1297786055594908E-4
1.1291858195735541E-4
1.128593631658498E-4
1.1280020409233131E-4
1.1274110464786697E-4
1.1268206474371236E-4
1.1262308429127918E-4
1.1256416320216692E-4
1.1250530138814752E-4
1.124464987611601E-4
1.1238775523332204E-4
1.1232907071691721E-4
1.1227044512441036E-4
1.1221187836843224E-4
1.1215337036178456E-4
1.1209492101743977E-4
1.1203653024854697E-4
1.119781979684159E-4
1.1191992409053067E-4
1.1186170852854292E-4
1.1180355119627779E-4
1.1174545200772347E-4
1.1168741087703696E-4
1.116294277185432E-4
1.1157150244673556E-4
1.1151363497627374E-4
1.1145582522198284E-4
1.1139807309885402E-4
1.1134037852204195E-4
1.1128274140687151E-4
1.1122516166882723E-4
1.1116763922355984E-4
1.1111017398688757E-4
1.1105276587478474E-4
1.1099541480339373E-4
1.1093812068901869E-4
1.108808834481256E-4
1.1082370299734522E-4
1.1076657925346357E-4
1.1070951213343574E-4
1.1065250155436907E-4
1.1059554743354073E-4
1.1053864968837851E-4
1.1048180823647639E-4
1.1042502299558478E-4
1.1036829388361227E-4
1.103116208186306E-4
1.1025500371886141E-4
1.1019844250269547E-4
1.101419370886659E-4
1.100854873954761E-4
1.100290933419791E-4
1.0997275484718705E-4
1.0991647183026907E-4
1.098602442105421E-4
1.0980407190748765E-4
1.0974795484073661E-4
1.0969189293007682E-4
1.096358860954472E-4
1.0957993425693955E-4
1.0952403733480498E-4
1.0946819524944133E-4
1.094124079214051E-4
1.0935667527139521E-4
1.0930099722027286E-4
1.0924537368904203E-4
1.0918980459886669E-4
1.091342898710534E-4
1.0907882942706313E-4
1.09023423188506E-4
1.0896807107713897E-4
1.0891277301487572E-4
1.0885752892377153E-4
1.0880233872603281E-4
1.0874720234401396E-4
1.0869211970021951E-4
1.0863709071729999E-4
1.0858211531804831E-4
1.0852719342541052E-4
1.0847232496247854E-4
1.0841750985248872E-4
1.0836274801882291E-4
1.0830803938500624E-4
1.0825338387471578E-4
1.0819878141176868E-4
1.0814423192012666E-4
1.0808973532389248E-4
1.0803529154732E-4
1.0798090051480389E-4
1.079265621508748E-4
1.0787227638021831E-4
1.0781804312765007E-4
1.0776386231813697E-4
1.0770973387678205E-4
1.0765565772883457E-4
1.0760163379967881E-4
1.0754766201484658E-4
1.0749374230000267E-4
1.0743987458096106E-4
1.0738605878366387E-4
1.0733229483420521E-4
1.0727858265880957E-4
1.0722492218384153E-4
1.0717131333580523E-4
1.0711775604134507E-4
1.0706425022724203E-4
1.0701079582041E-4
1.0695739274790564E-4
1.0690404093691815E-4
1.0685074031478031E-4
1.0679749080895126E-4
1.0674429234703366E-4
1.0669114485676104E-4
1.0663804826600864E-4
1.0658500250277987E-4
1.0653200749521056E-4
1.0647906317158283E-4
1.0642616946030023E-4
1.0637332628990645E-4
1.0632053358907783E-4
1.0626779128662499E-4
1.0621509931148478E-4
1.0616245759273209E-4
1.0610986605957555E-4
1.0605732464135154E-4
1.060048332675268E-4
1.0595239186770858E-4
1.0590000037162255E-4
1.0584765870913293E-4
1.0579536681023056E-4
1.0574312460503703E-4
1.0569093202380847E-4
1.0563878899692394E-4
1.0558669545489586E-4
1.0553465132835965E-4
1.0548265654808622E-4
1.054307110449699E-4
1.05378814750037E-4
1.0532696759443718E-4
1.0527516950945172E-4
1.0522342042648423E-4
1.0517172027707063E-4
1.0512006899286468E-4
1.0506846650565697E-4
1.0501691274735704E-4
1.0496540765000073E-4
1.0491395114575004E-4
1.0486254316689535E-4
1.0481118364584632E-4
1.0475987251513958E-4
1.0470860970743371E-4
1.0465739515551703E-4
1.0460622879229446E-4
1.0455511055079948E-4
1.045040403641838E-4
1.044530181657251E-4
1.0440204388882749E-4
1.0435111746700557E-4
1.043002388339059E-4
1.0424940792329465E-4
1.0419862466905831E-4
1.0414788900520351E-4
1.0409720086585925E-4
1.0404656018527485E-4
1.0399596689781765E-4
1.0394542093798032E-4
1.0389492224036835E-4
1.038444707397125E-4
1.0379406637085777E-4
1.0374370906877334E-4
1.0369339876854422E-4
1.0364313540537076E-4
1.0359291891457649E-4
1.0354274923159989E-4
1.0349262629199918E-4
1.0344255003144672E-4
1.0339252038573453E-4
1.0334253729077115E-4
1.0329260068258134E-4
1.0324271049730175E-4
1.031928666711954E-4
1.0314306914062653E-4
1.0309331784209077E-4
1.0304361271218503E-4
1.029939536876318E-4
1.0294434070525806E-4
1.0289477370201757E-4
1.0284525261496647E-4
1.0279577738127928E-4
1.0274634793824775E-4
1.0269696422327091E-4
1.0264762617386583E-4
1.02598333727659E-4
1.0254908682239323E-4
1.0249988539591832E-4
1.0245072938620342E-4
1.024016187313189E-4
1.0235255336945863E-4
1.0230353323892137E-4
1.0225455827811658E-4
1.0220562842556803E-4
1.0215674361990649E-4
1.0210790379987483E-4
1.0205910890432873E-4
1.0201035887222632E-4
1.0196165364264395E-4
1.0191299315476123E-4
1.0186437734787006E-4
1.0181580616136897E-4
1.0176727953476743E-4
1.0171879740768341E-4
1.0167035971983861E-4
1.0162196641107155E-4
1.0157361742131721E-4
1.0152531269062631E-4
1.0147705215915371E-4
1.014288357671619E-4
1.013806634550207E-4
1.0133253516320253E-4
1.0128445083229477E-4
1.0123641040297706E-4
1.0118841381605214E-4
1.0114046101241306E-4
1.0109255193306535E-4
1.0104468651911997E-4
1.0099686471179141E-4
1.0094908645239537E-4
1.0090135168235876E-4
1.0085366034320769E-4
1.0080601237657445E-4
1.0075840772419562E-4
1.0071084632790579E-4
1.0066332812965068E-4
1.0061585307147453E-4
1.0056842109552191E-4
1.00521032144046E-4
1.0047368615940043E-4
1.0042638308403643E-4
1.0037912286051176E-4
1.0033190543148784E-4
1.0028473073972051E-4
1.0023759872807518E-4
1.0019050933950756E-4
1.001434625170872E-4
1.000964582039696E-4
1.0004949634342398E-4
1.0000257687881145E-4
9.99556997535991E-5
The correct rate for BP: 100.00% 
