2.648994484302899
0.6484809472380102
1.3868256518553357
0.03261502650829942
0.007698105509732842
0.005684321370113193
0.004495868443232784
0.003719947871371182
0.003172446454392378
0.0027648501408423917
0.002449348219284173
0.0021977869600084505
0.001992474706170665
0.0018217185552650453
0.0016774723282971383
0.0015540136141315162
0.0014471592260547408
0.001353779142541275
0.0012714840826994287
0.0011984182820230528
0.001133118265399858
0.0010744142920190364
0.0010213601291294222
9.731820763437831E-4
9.292413456496045E-4
8.890058811769503E-4
8.520289636104073E-4
8.179327654776953E-4
7.863955694286075E-4
7.571417310866848E-4
7.29933722315014E-4
7.045657683974998E-4
6.808587185266927E-4
6.586558793564697E-4
6.378196070279287E-4
6.182285013045943E-4
5.997750812512658E-4
5.823638487216498E-4
5.659096662125866E-4
5.503363911217676E-4
5.35575720347857E-4
5.215662083925894E-4
5.082524293187134E-4
4.955842585690686E-4
4.8351625511922194E-4
4.7200712798910107E-4
4.6101927398065187E-4
4.5051837579407035E-4
4.4047305152254744E-4
4.3085454802645163E-4
4.2163647191282764E-4
4.1279455285059757E-4
4.04306434779014E-4
3.961514912506172E-4
3.8831066171787814E-4
3.807663060454955E-4
3.7350207492620804E-4
3.6650279420963214E-4
3.597543614335032E-4
3.5324365308260616E-4
3.469584413009648E-4
3.408873189527529E-4
3.3501963207254604E-4
3.293454188693457E-4
3.238553545549919E-4
3.185407013588768E-4
3.133932631695592E-4
3.0840534431154226E-4
3.035697120245766E-4
2.988795622634464E-4
2.943284884808901E-4
2.8991045309463066E-4
2.8561976137340755E-4
2.8145103750630665E-4
2.773992026456032E-4
2.7345945473596404E-4
2.6962724996299305E-4
2.6589828567154293E-4
2.6226848461985875E-4
2.5873398044947126E-4
2.552911042627249E-4
2.519363722108605E-4
2.4866647400504516E-4
2.454782622713903E-4
2.4236874267854973E-4
2.3933506477335638E-4
2.363745134660175E-4
2.3348450111187205E-4
2.3066256014150693E-4
2.2790633619556617E-4
2.2521358172437485E-4
2.2258215001612287E-4
2.200099896205972E-4
2.174951391381654E-4
2.1503572234655993E-4
2.1262994364008072E-4
2.1027608375827637E-4
2.079724957827839E-4
2.057176013829906E-4
2.035098872926688E-4
2.0134790200119758E-4
1.992302526442573E-4
1.9715560208020147E-4
1.9512266613921794E-4
1.9313021103359944E-4
1.9117705091814132E-4
1.8926204559069907E-4
1.8738409832355703E-4
1.8554215381706428E-4
1.8373519626751713E-4
1.8196224754203833E-4
1.8022236545346644E-4
1.7851464212904889E-4
1.768382024669848E-4
1.7519220267539013E-4
1.7357582888855545E-4
1.7198829585584512E-4
1.7042884569874755E-4
1.6889674673207055E-4
1.673912923453874E-4
1.6591179994122283E-4
1.6445760992661812E-4
1.630280847550221E-4
1.6162260801554616E-4
1.6024058356692723E-4
1.5888143471364134E-4
1.575446034217933E-4
1.562295495725755E-4
1.549357502512033E-4
1.536626990693993E-4
1.52409905519553E-4
1.5117689435890797E-4
1.4996320502208522E-4
1.4876839106052616E-4
1.4759201960733945E-4
1.4643367086627577E-4
1.452929376235617E-4
1.4416942478140353E-4
1.430627489120414E-4
1.4197253783134034E-4
1.4089843019087482E-4
1.3984007508763616E-4
1.3879713169043635E-4
1.377692688822062E-4
1.3675616491740507E-4
1.357575070937939E-4
1.3477299143788347E-4
1.338023224033823E-4
1.328452125820513E-4
1.3190138242635225E-4
1.3097055998333715E-4
1.3005248063925352E-4
1.291468868743711E-4
1.2825352802754535E-4
1.2737216007008354E-4
1.2650254538847862E-4
1.2564445257560436E-4
1.247976562300113E-4
1.2396193676292506E-4
1.2313708021265314E-4
1.223228780660116E-4
1.2151912708651869E-4
1.20725629149024E-4
1.1994219108051648E-4
1.1916862450681338E-4
1.1840474570492541E-4
1.1765037546080357E-4
1.1690533893227545E-4
1.1616946551694721E-4
1.1544258872483426E-4
1.1472454605557983E-4
1.1401517888001085E-4
1.1331433232588162E-4
1.1262185516765637E-4
1.1193759972011284E-4
1.1126142173565525E-4
1.1059318030517116E-4
1.0993273776229924E-4
1.0927995959095326E-4
1.0863471433599863E-4
1.0799687351693222E-4
1.0736631154448134E-4
1.0674290563995906E-4
1.061265357573219E-4
1.0551708450779653E-4
1.0491443708696991E-4
1.0431848120427941E-4
1.0372910701478852E-4
1.0314620705314961E-4
1.0256967616973507E-4
1.0199941146875026E-4
1.0143531224837336E-4
1.0087727994275285E-4
1.003252180658468E-4
9.977903215700977E-5
The correct rate for BP: 100.00% 
