0.8963421534064475
1.009469074149322
0.2786736734681952
0.09716945818606072
0.04857988416022321
0.03293172874380913
0.024795163264612043
0.01979834643816749
0.01642333095468653
0.013995736990151874
0.01216914061951591
0.01074722225715095
0.009610453932866338
0.0086819454679364
0.007910025489070688
0.007258710802437408
0.006702189425497476
0.006221475457105822
0.005802300409621821
0.005433739219694285
0.00510728902276317
0.0048162359087626574
0.004555209978234339
0.0043198665584266065
0.0041066537975186935
0.003912640558358197
0.003735387148980485
0.003572846970170636
0.003423290801122064
0.0032852478811026195
0.0031574596043599883
0.003038842793317681
0.0029284603206999114
0.002825497424234236
0.002729242470244012
0.002639071223070629
0.0025544338986353264
0.002474844445099587
0.0023998716171966935
0.002329131504433315
0.00226228124486046
0.002199013711144941
0.002139052998339071
0.00208215057605808
0.0020280819939528577
0.0019766440500672985
0.0019276523481363674
0.001880939183053958
0.0018363517043340008
0.001793750315951735
0.0017530072779082546
0.001714005480538254
0.001676637367234038
0.0016408039850892514
0.0016064141461318423
0.0015733836844428783
0.001541634796645983
0.0015110954550810467
0.0014816988845101251
0.0014533830944945272
0.0014260904606722253
0.00139976734908781
0.0013743637785114564
0.0013498331163513343
0.0013261318043345655
0.0013032191106204765
0.001281056905429838
0.0012596094576346145
0.0012388432500652525
0.0012187268115616246
0.0011992305640277686
0.0011803266829540316
0.0011619889700465562
0.0011441927367589755
0.001126914697655695
0.0011101328726546103
0.0010938264973008327
0.0010779759403139238
0.0010625626277320844
0.00104756897304699
0.0010329783127861329
0.0010187748470546548
0.0010049435845982358
9.91470291991859E-4
9.78341446598482E-4
9.655441929761426E-4
9.530663024429136E-4
9.408961355366716E-4
9.290226071314558E-4
9.174351539941723E-4
9.061237045853449E-4
8.95078650925293E-4
8.842908223633247E-4
8.737514611017196E-4
8.634521993395327E-4
8.53385037912789E-4
8.43542326318262E-4
8.339167440177833E-4
8.245012829284546E-4
8.152892310122613E-4
8.062741568855105E-4
7.974498953751364E-4
7.888105339548202E-4
7.803503999991052E-4
7.720640487987656E-4
7.639462522849646E-4
7.559919884139717E-4
7.481964311678092E-4
7.405549411296242E-4
7.33063056595774E-4
7.257164851893285E-4
7.185110959424046E-4
7.114429118171366E-4
7.045081026372328E-4
6.977029784041536E-4
6.910239829737339E-4
6.844676880709035E-4
6.780307876215762E-4
6.717100923823876E-4
6.655025248501643E-4
6.594051144343857E-4
6.534149928769066E-4
6.475293899043174E-4
6.417456290994194E-4
6.36061123978873E-4
6.30473374265359E-4
6.249799623429318E-4
6.195785498853291E-4
6.142668746473438E-4
6.090427474102848E-4
6.039040490729422E-4
5.988487278799799E-4
5.938747967803695E-4
5.889803309088158E-4
5.84163465183414E-4
5.794223920135433E-4
5.747553591119966E-4
5.701606674060033E-4
5.656366690418533E-4
5.611817654783591E-4
5.567944056645875E-4
5.524730842975053E-4
5.482163401555396E-4
5.440227545042268E-4
5.398909495703056E-4
5.358195870808974E-4
5.318073668645751E-4
5.278530255112474E-4
5.239553350880256E-4
5.201131019083895E-4
5.163251653520541E-4
5.125903967331565E-4
5.089076982144473E-4
5.05276001765368E-4
5.016942681619228E-4
4.981614860264077E-4
4.946766709051878E-4
4.912388643827802E-4
4.8784713323053605E-4
4.8450056858844826E-4
4.811982851784988E-4
4.7793942054821526E-4
4.7472313434305743E-4
4.715486076063585E-4
4.684150421056562E-4
4.653216596842116E-4
4.6226770163663886E-4
4.5925242810765414E-4
4.5627511751288166E-4
4.533350659808374E-4
4.5043158681517745E-4
4.475640099763524E-4
4.4473168158182605E-4
4.4193396342421333E-4
4.3917023250640227E-4
4.364398805931439E-4
4.3374231377833E-4
4.3107695206736924E-4
4.2844322897403014E-4
4.258405911311849E-4
4.232684979148799E-4
4.207264210812568E-4
4.182138444157212E-4
4.157302633939955E-4
4.1327518485447824E-4
4.108481266815796E-4
4.084486174995133E-4
4.0607619637620426E-4
4.0373041253691716E-4
4.0141082508720596E-4
3.9911700274486103E-4
3.9684852358053206E-4
3.9460497476663775E-4
3.9238595233433176E-4
3.901910609381813E-4
3.880199136282638E-4
3.858721316294622E-4
3.8374734412764016E-4
3.8164518806249766E-4
3.7956530792680336E-4
3.7750735557185935E-4
3.7547099001889963E-4
3.734558772762496E-4
3.7146169016202607E-4
3.6948810813222687E-4
3.6753481711392175E-4
3.6560150934351556E-4
3.636878832097498E-4
3.617936431013946E-4
3.5991849925942496E-4
3.5806216763351647E-4
3.562243697427611E-4
3.5440483254038597E-4
3.526032882824252E-4
3.508194744001382E-4
3.49053133376124E-4
3.473040126239074E-4
3.4557186437100075E-4
3.4385644554523354E-4
3.4215751766428345E-4
3.404748467283199E-4
3.3880820311560204E-4
3.371573614809999E-4
3.355221006573149E-4
3.339022035592925E-4
3.322974570902937E-4
3.307076520514585E-4
3.291325830534009E-4
3.2757204843021734E-4
3.260258501558608E-4
3.244937937627127E-4
3.229756882623495E-4
3.21471346068412E-4
3.199805829214913E-4
3.185032178160037E-4
3.1703907292897717E-4
3.1558797355070613E-4
3.1414974801717604E-4
3.127242276442748E-4
3.113112466636591E-4
3.099106421603079E-4
3.0852225401161614E-4
3.0714592482808346E-4
3.0578149989547975E-4
3.044288271184831E-4
3.0308775696571093E-4
3.017581424161605E-4
3.0043983890693014E-4
2.9913270428230795E-4
2.978365987440487E-4
2.965513848029136E-4
2.9527692723139466E-4
2.940130930175676E-4
2.9275975132011595E-4
2.9151677342437063E-4
2.9028403269948985E-4
2.890614045566019E-4
2.8784876640799344E-4
2.8664599762725E-4
2.8545297951033005E-4
2.842695952375943E-4
2.830957298367134E-4
2.819312701464136E-4
2.807761047811361E-4
2.7963012409645084E-4
2.784932201553272E-4
2.773652866951454E-4
2.762462190954881E-4
2.751359143466591E-4
2.740342710189436E-4
2.729411892325352E-4
2.718565706281715E-4
2.707803183384039E-4
2.697123369595659E-4
2.6865253252431347E-4
2.6760081247480054E-4
2.665570856364714E-4
2.6552126219240647E-4
2.644932536582379E-4
2.6347297285765284E-4
2.624603338983703E-4
2.614552521487076E-4
2.6045764421461976E-4
2.594674279172374E-4
2.5848452227091284E-4
2.5750884746173023E-4
2.565403248264579E-4
2.5557887683197564E-4
2.5462442705512955E-4
2.5367690016302733E-4
2.5273622189372343E-4
2.518023190373415E-4
2.508751194175787E-4
2.499545518736041E-4
2.490405462423214E-4
2.4813303334102215E-4
2.472319449503847E-4
2.463372137978301E-4
2.454487735412102E-4
2.4456655875285214E-4
2.436905049039075E-4
2.4282054834902654E-4
2.4195662631136696E-4
2.4109867686785693E-4
2.4024663893482085E-4
2.3940045225382165E-4
2.385600573778546E-4
2.3772539565777276E-4
2.3689640922900423E-4
2.3607304099852166E-4
2.35255234632072E-4
2.3444293454167442E-4
2.3363608587333967E-4
2.3283463449503595E-4
2.320385269849137E-4
2.3124771061972985E-4
2.3046213336350518E-4
2.2968174385641437E-4
2.289064914038754E-4
2.2813632596585794E-4
2.2737119814638635E-4
2.2661105918325713E-4
2.258558609379468E-4
2.2510555588570207E-4
2.243600971058292E-4
2.2361943827216407E-4
2.2288353364373334E-4
2.2215233805555112E-4
2.214258069096316E-4
2.2070389616616408E-4
2.199865623348154E-4
2.192737624662359E-4
2.1856545414370348E-4
2.178615954749198E-4
2.1716214508395678E-4
2.1646706210337295E-4
2.157763061664306E-4
2.1508983739949647E-4
2.144076164145589E-4
2.137296043018858E-4
2.1305576262281237E-4
2.1238605340265497E-4
2.1172043912377718E-4
2.1105888271873155E-4
2.1040134756357783E-4
2.0974779747127717E-4
2.0909819668523246E-4
2.0845250987292305E-4
2.0781070211966664E-4
2.071727389224681E-4
2.0653858618401686E-4
2.0590821020674278E-4
2.052815776870065E-4
2.0465865570938103E-4
2.040394117410263E-4
2.0342381362617505E-4
2.0281182958070324E-4
2.0220342818678903E-4
2.0159857838767786E-4
2.0099724948253577E-4
2.0039941112136745E-4
1.9980503330004794E-4
1.992140863554286E-4
1.986265409605199E-4
1.9804236811976438E-4
1.9746153916438058E-4
1.968840257477946E-4
1.9630979984113935E-4
1.9573883372883173E-4
1.9517110000422935E-4
1.9460657156534402E-4
1.9404522161064168E-4
1.9348702363491117E-4
1.929319514251803E-4
1.9237997905673093E-4
1.918310808891431E-4
1.9128523156244426E-4
1.9074240599328173E-4
1.9020257937117877E-4
1.8966572715485886E-4
1.8913182506860292E-4
1.8860084909868132E-4
1.8807277548985968E-4
1.8754758074191852E-4
1.8702524160626744E-4
1.8650573508259593E-4
1.8598903841557596E-4
1.854751290916239E-4
1.8496398483571047E-4
1.84455583608218E-4
1.8394990360185787E-4
1.8344692323861295E-4
1.8294662116675827E-4
1.824489762579072E-4
1.8195396760411114E-4
1.8146157451499263E-4
1.8097177651495017E-4
1.8048455334037386E-4
1.7999988493692823E-4
1.7951775145685737E-4
1.790381332563521E-4
1.7856101089294024E-4
1.7808636512292039E-4
1.776141768988467E-4
1.7714442736703408E-4
1.7667709786511312E-4
1.762121699196114E-4
1.7574962524359258E-4
1.7528944573430073E-4
1.7483161347086023E-4
1.7437611071201455E-4
1.7392291989388103E-4
1.7347202362774335E-4
1.730234046978899E-4
1.7257704605947412E-4
1.721329308364024E-4
1.716910423192571E-4
1.7125136396326147E-4
1.7081387938625372E-4
1.703785723667084E-4
1.6994542684177198E-4
1.6951442690533774E-4
1.6908555680614855E-4
1.686588009459174E-4
1.6823414387748695E-4
1.6781157030301035E-4
1.6739106507214515E-4
1.6697261318030554E-4
1.6655619976691213E-4
1.6614181011366205E-4
1.6572942964286128E-4
1.6531904391572572E-4
1.6491063863076507E-4
1.6450419962213745E-4
1.640997128580704E-4
1.6369716443926464E-4
1.6329654059735345E-4
1.6289782769336454E-4
1.6250101221621413E-4
1.621060807812052E-4
1.6171302012857824E-4
1.613218171220342E-4
1.609324587473285E-4
1.6054493211086027E-4
1.6015922443826468E-4
1.5977532307306276E-4
1.5939321547529984E-4
1.5901288922021015E-4
1.586343319969066E-4
1.582575316070832E-4
1.5788247596373967E-4
1.575091530899019E-4
1.5713755111739807E-4
1.5676765828562104E-4
1.5639946294031495E-4
1.5603295353238083E-4
1.5566811861670131E-4
1.5530494685097197E-4
1.549434269945591E-4
1.5458354790736078E-4
1.542252985486923E-4
1.5386866797618775E-4
1.5351364534469796E-4
1.5316021990523292E-4
1.5280838100389848E-4
1.5245811808084145E-4
1.5210942066922321E-4
1.5176227839420846E-4
1.5141668097195192E-4
1.510726182086022E-4
1.507300799993381E-4
1.5038905632738255E-4
1.5004953726306918E-4
1.4971151296288781E-4
1.493749736685524E-4
1.4903990970609768E-4
1.4870631148496198E-4
1.4837416949709526E-4
1.4804347431608152E-4
1.4771421659626714E-4
1.4738638707188895E-4
1.4705997655624077E-4
1.4673497594082746E-4
1.4641137619453854E-4
1.460891683628342E-4
1.457683435669199E-4
1.454488930029826E-4
1.4513080794137555E-4
1.4481407972585867E-4
1.4449869977281466E-4
1.4418465957050916E-4
1.4387195067832922E-4
1.4356056472605215E-4
1.4325049341311433E-4
1.429417285078847E-4
1.4263426184696245E-4
1.4232808533447028E-4
1.4202319094135088E-4
1.4171957070469935E-4
1.414172167270705E-4
1.4111612117581807E-4
1.4081627628242005E-4
1.405176743418537E-4
1.4022030771191905E-4
1.3992416881262668E-4
1.3962925012554745E-4
1.3933554419321082E-4
1.3904304361847552E-4
1.3875174106392252E-4
1.3846162925127282E-4
1.3817270096077775E-4
1.3788494903063612E-4
1.3759836635642128E-4
1.3731294589050704E-4
1.3702868064150255E-4
1.3674556367369558E-4
1.364635881064972E-4
1.3618274711390806E-4
1.3590303392396305E-4
1.3562444181821774E-4
1.3534696413120405E-4
1.3507059424993116E-4
1.3479532561334867E-4
1.3452115171186217E-4
1.3424806608681314E-4
1.3397606232999363E-4
1.337051340831567E-4
1.3343527503752658E-4
1.3316647893331992E-4
1.328987395592783E-4
1.3263205075219998E-4
1.3236640639646729E-4
1.3210180042360769E-4
1.318382268118252E-4
1.315756795855581E-4
1.3131415281504946E-4
1.310536406158913E-4
1.3079413714860733E-4
1.3053563661822492E-4
1.302781332738439E-4
1.3002162140823454E-4
1.2976609535740656E-4
1.2951154950022341E-4
1.2925797825798032E-4
1.2900537609401651E-4
1.287537375133165E-4
1.2850305706212415E-4
1.2825332932755263E-4
1.2800454893721182E-4
1.2775671055881944E-4
1.275098088998418E-4
1.2726383870711316E-4
1.270187947664827E-4
1.2677467190244185E-4
1.265314649777885E-4
1.262891688932423E-4
1.260477785871331E-4
1.2580728903502375E-4
1.2556769524939648E-4
1.253289922792929E-4
1.2509117520999498E-4
1.248542391626925E-4
1.2461817929415098E-4
1.2438299079639879E-4
1.2414866889639992E-4
1.2391520885573544E-4
1.2368260597030452E-4
1.234508555700065E-4
1.2321995301842813E-4
1.2298989371256188E-4
1.2276067308247905E-4
1.2253228659106307E-4
1.2230472973369572E-4
1.220779980379742E-4
1.2185208706342736E-4
1.2162699240122736E-4
1.2140270967391211E-4
1.2117923453510805E-4
1.2095656266925296E-4
1.2073468979132906E-4
1.2051361164658955E-4
1.2029332401028802E-4
1.2007382268743437E-4
1.1985510351250689E-4
1.1963716234922181E-4
1.1941999509025532E-4
1.1920359765700847E-4
1.1898796599934424E-4
1.1877309609535461E-4
1.1855898395109482E-4
1.1834562560036904E-4
1.181330171044697E-4
1.1792115455194231E-4
1.177100340583608E-4
1.1749965176609267E-4
1.1729000384405855E-4
1.1708108648751423E-4
1.1687289591782988E-4
1.1666542838225736E-4
1.164586801537104E-4
1.162526475305546E-4
1.16047326836382E-4
1.158427144198033E-4
1.1563880665423163E-4
1.1543559993768183E-4
1.1523309069254852E-4
1.1503127536541157E-4
1.1483015042683433E-4
1.1462971237114785E-4
1.1442995771627357E-4
1.1423088300350337E-4
1.1403248479732529E-4
1.1383475968520847E-4
1.1363770427743255E-4
1.1344131520688619E-4
1.1324558912888278E-4
1.1305052272096914E-4
1.1285611268275259E-4
1.1266235573570906E-4
1.1246924862300918E-4
1.1227678810933079E-4
1.1208497098069708E-4
1.1189379404428679E-4
1.1170325412826945E-4
1.1151334808163E-4
1.1132407277400116E-4
1.1113542509549049E-4
1.1094740195652006E-4
1.107600002876624E-4
1.1057321703946852E-4
1.1038704918230577E-4
1.1020149370621591E-4
1.1001654762073055E-4
1.0983220795473751E-4
1.0964847175630105E-4
1.09465336092532E-4
1.092827980494187E-4
1.0910085473168446E-4
1.0891950326262705E-4
1.0873874078398561E-4
1.0855856445578279E-4
1.0837897145617944E-4
1.0819995898133381E-4
1.080215242452609E-4
1.0784366447968534E-4
1.076663769339052E-4
1.0748965887465011E-4
1.0731350758594888E-4
1.0713792036898907E-4
1.0696289454198291E-4
1.0678842744003185E-4
1.0661451641500088E-4
1.0644115883537764E-4
1.0626835208615342E-4
1.0609609356868342E-4
1.0592438070056794E-4
1.0575321091552509E-4
1.0558258166325442E-4
1.0541249040933208E-4
1.0524293463507206E-4
1.0507391183741356E-4
1.0490541952879358E-4
1.0473745523703379E-4
1.0457001650521872E-4
1.0440310089157996E-4
1.0423670596937775E-4
1.0407082932678949E-4
1.0390546856678977E-4
1.0374062130704683E-4
1.035762851798005E-4
1.0341245783175885E-4
1.0324913692397888E-4
1.0308632013177681E-4
1.0292400514459073E-4
1.0276218966590023E-4
1.0260087141311015E-4
1.0244004811743743E-4
1.0227971752383024E-4
1.0211987739083201E-4
1.0196052549050806E-4
1.0180165960833023E-4
1.016432775430769E-4
1.0148537710674059E-4
1.0132795612442124E-4
1.0117101243422926E-4
1.0101454388719976E-4
1.0085854834717824E-4
1.0070302369074343E-4
1.0054796780709384E-4
1.003933785979811E-4
1.0023925397758584E-4
1.00085591872448E-4
9.993239022136987E-5
The correct rate for BP: 100.00% 
