2.6134708791684
2.4527907314172497
1.1932791257995619
1.9487409787396892
2.28619628203457
1.0158742881311276
0.06731210958002476
0.010288262216555617
0.007179810028182846
0.005497554031745245
0.004462125661030127
0.003758786825763631
0.003248695675228256
0.002861261003227709
0.00255670505654318
0.002310853317936154
0.002108141781275919
0.0019380841680972853
0.0017933507915259298
0.0016686603859151984
0.0015601092482406852
0.0014647484108350742
0.0013803078771251142
0.001305011411819226
0.001237448935952958
0.001176486620974918
0.0011212022779916045
0.0010708380990910409
0.0010247655393769437
9.824588456054943E-4
9.43474842501949E-4
9.074373143240533E-4
8.740248060472858E-4
8.429610005009947E-4
8.140070577926734E-4
7.869554650857736E-4
7.616250600644219E-4
7.378569746080685E-4
7.155113059384567E-4
6.944643673314747E-4
6.746064039088948E-4
6.558396841789035E-4
6.380768970929358E-4
6.212397990081212E-4
6.052580662266006E-4
5.900683175524123E-4
5.756132781701912E-4
5.618410615577416E-4
5.487045504313888E-4
5.361608611418722E-4
5.241708786800836E-4
5.126988516624886E-4
5.017120384570764E-4
4.911803970694226E-4
4.810763126013625E-4
4.713743570752988E-4
4.6205107722603573E-4
4.5308480653225274E-4
4.444554983171707E-4
4.361445772132989E-4
4.2813480667605656E-4
4.2041017055872233E-4
4.1295576703776756E-4
4.0575771341141515E-4
3.988030604928985E-4
3.9207971548885055E-4
3.855763723975464E-4
3.7928244908525763E-4
3.731880303049263E-4
3.6728381601261196E-4
3.615610744158776E-4
3.5601159925629307E-4
3.5062767088716554E-4
3.454020207589691E-4
3.4032779896930296E-4
3.3539854457344725E-4
3.3060815838522635E-4
3.259508780279771E-4
3.2142125502139464E-4
3.170141337130726E-4
3.127246318837833E-4
3.085481228734751E-4
3.044802190906106E-4
3.005167567816321E-4
2.966537819496035E-4
2.928875373221783E-4
2.8921445027875546E-4
2.8563112165553954E-4
2.821343153549136E-4
2.787209486924582E-4
2.753880834213792E-4
2.7213291737940515E-4
2.689527767084822E-4
2.6584510860190504E-4
2.6280747453768735E-4
2.5983754396055755E-4
2.5693308837825956E-4
2.540919758408192E-4
2.513121657741613E-4
2.485917041417069E-4
2.4592871891008757E-4
2.4332141579676812E-4
2.4076807427943756E-4
2.3826704384852883E-4
2.3581674048577336E-4
2.3341564335304057E-4
2.3106229167696996E-4
2.287552818160506E-4
2.2649326449773426E-4
2.242749422142897E-4
2.2209906676678672E-4
2.1996443694752169E-4
2.178698963518363E-4
2.1581433131102442E-4
2.1379666893853863E-4
2.1181587528232737E-4
2.0987095357669346E-4
2.079609425874025E-4
2.0608491504432998E-4
2.0424197615631173E-4
2.0243126220316322E-4
2.0065193920028776E-4
1.9890320163149785E-4
1.9718427124606328E-4
1.9549439591618294E-4
1.938328485513963E-4
1.9219892606665623E-4
1.9059194840096252E-4
1.890112575837239E-4
1.874562168461617E-4
1.8592620977521054E-4
1.8442063950760217E-4
1.8293892796189277E-4
1.8148051510641168E-4
1.8004485826112073E-4
1.7863143143163782E-4
1.772397246736358E-4
1.758692434861071E-4
1.7451950823187118E-4
1.7319005358399666E-4
1.7188042799674212E-4
1.7059019319978417E-4
1.6931892371454244E-4
1.6806620639148013E-4
1.668316399673184E-4
1.6561483464120293E-4
1.644154116688337E-4
1.6323300297373615E-4
1.6206725077478037E-4
1.609178072291985E-4
1.5978433409034873E-4
1.586665023794791E-4
1.5756399207091464E-4
1.5647649178992834E-4
1.554036985227907E-4
1.5434531733836553E-4
1.5330106112077698E-4
1.522706503125877E-4
1.5125381266802517E-4
1.5025028301583485E-4
1.4925980303125553E-4
1.4828212101679035E-4
1.4731699169131195E-4
1.4636417598716856E-4
1.4542344085494827E-4
1.4449455907554628E-4
1.4357730907920354E-4
1.4267147477127373E-4
1.4177684536436822E-4
1.4089321521664248E-4
1.4002038367595259E-4
1.3915815492963356E-4
1.3830633785967867E-4
1.3746474590306998E-4
1.3663319691707327E-4
1.3581151304926296E-4
1.3499952061213195E-4
1.3419704996204244E-4
1.334039353823826E-4
1.3262001497074495E-4
1.3184513052997033E-4
1.3107912746290444E-4
1.3032185467070975E-4
1.295731644546065E-4
1.2883291242091397E-4
1.2810095738923082E-4
1.273771613036823E-4
1.2666138914707437E-4
1.2595350885786117E-4
1.2525339124982464E-4
1.2456090993435726E-4
1.238759412452286E-4
1.2319836416580874E-4
1.2252806025855648E-4
1.2186491359679713E-4
1.2120881069861864E-4
1.2055964046284244E-4
1.1991729410703114E-4
1.1928166510737399E-4
1.1865264914046476E-4
1.1803014402685005E-4
1.1741404967631713E-4
1.1680426803485028E-4
1.1620070303317053E-4
1.1560326053685501E-4
1.150118482979394E-4
1.1442637590795627E-4
1.1384675475238224E-4
1.1327289796642559E-4
1.1270472039210919E-4
1.1214213853661837E-4
1.115850705318532E-4
1.1103343609515399E-4
1.1048715649116486E-4
1.0994615449479414E-4
1.0941035435521555E-4
1.088796817609114E-4
1.0835406380569974E-4
1.0783342895571563E-4
1.0731770701731804E-4
1.0680682910589342E-4
1.0630072761553241E-4
1.0579933618952877E-4
1.0530258969170638E-4
1.0481042417852951E-4
1.0432277687195809E-4
1.0383958613306593E-4
1.0336079143634208E-4
1.0288633334471761E-4
1.0241615348523033E-4
1.01950194525351E-4
1.0148840014995114E-4
1.0103071503885087E-4
1.0057708484499122E-4
1.001274561731444E-4
9.968177655921106E-5
The correct rate for BP: 100.00% 
