1.1105605693644394
0.44698356260684863
0.09708456734723434
0.002858038376822091
0.0023687306737083975
0.0020761475645460466
0.0018732490997877436
0.0017182490443117433
0.0015926309481409026
0.001486966611375496
0.0013958941872134127
0.0013160730178880466
0.0012452605643089249
0.00118185930672293
0.0011246773999005963
0.0010727935625191982
0.0010254760519000541
9.821313527833154E-4
9.422700819471754E-4
9.054833712597182E-4
8.714259225856841E-4
8.398034865351447E-4
8.103633813190215E-4
7.828871667299046E-4
7.571848871737126E-4
7.330904833065837E-4
7.104580909935666E-4
6.891590251667117E-4
6.690792998120382E-4
6.501175727329266E-4
6.321834304161323E-4
6.151959477227241E-4
5.990824714718054E-4
5.837775877572305E-4
5.692222410344121E-4
5.553629793259083E-4
5.421513048051792E-4
5.295431128745063E-4
5.174982059075342E-4
5.059798702639531E-4
4.949545071426811E-4
4.8439130942304337E-4
4.7426197793180587E-4
4.6454047162686196E-4
4.552027870540231E-4
4.462267631479898E-4
4.3759190804121674E-4
4.292792450380062E-4
4.212711753238602E-4
4.1355135532618364E-4
4.061045869343015E-4
3.989167190329292E-4
3.919745590122865E-4
3.8526579309548727E-4
3.787789144754407E-4
3.7250315838295047E-4
3.6642844331886656E-4
3.605453177786041E-4
3.5484491187971794E-4
3.4931889337440835E-4
3.439594275903593E-4
3.387591408969978E-4
3.337110873405856E-4
3.288087181323744E-4
3.240458537093241E-4
3.194166581180779E-4
3.149156155000226E-4
3.10537508479269E-4
3.062773982764114E-4
3.021306063894792E-4
2.980926977000657E-4
2.941594648769322E-4
2.90326913962459E-4
2.865912510386544E-4
2.8294886987958345E-4
2.793963405062658E-4
2.7593039856799504E-4
2.7254793548139573E-4
2.6924598926489026E-4
2.6602173601210165E-4
2.6287248195283483E-4
2.5979565605501983E-4
2.5678880312503467E-4
2.5384957736783887E-4
2.509757363714579E-4
2.4816513548365517E-4
2.4541572255130397E-4
2.427255329954094E-4
2.4009268519717153E-4
2.3751537617235487E-4
2.349918775132367E-4
2.3252053157896176E-4
2.300997479168616E-4
2.2772799989846255E-4
2.254038215554175E-4
2.231258046015791E-4
2.2089259562859537E-4
2.1870289346338442E-4
2.165554466766232E-4
2.144490512323881E-4
2.1238254826959907E-4
2.1035482200684936E-4
2.0836479776258058E-4
2.064114400833537E-4
2.0449375097336366E-4
2.026107682188504E-4
2.0076156380159253E-4
1.9894524239593792E-4
1.9716093994432514E-4
1.9540782230657955E-4
1.9368508397851408E-4
1.9199194687577448E-4
1.903276591790564E-4
1.8869149423713538E-4
1.870827495243556E-4
1.8550074564943885E-4
1.8394482541271706E-4
1.8241435290904828E-4
1.8090871267381338E-4
1.7942730886968456E-4
1.779695645118366E-4
1.765349207295237E-4
1.751228360620805E-4
1.737327857874376E-4
1.7236426128145366E-4
1.7101676940641284E-4
1.6968983192714292E-4
1.6838298495333598E-4
1.6709577840669267E-4
1.6582777551160137E-4
1.645785523081843E-4
1.6334769718653322E-4
1.6213481044109995E-4
1.6093950384421412E-4
1.5976140023778984E-4
1.5860013314229434E-4
1.5745534638219013E-4
1.5632669372699225E-4
1.5521383854720655E-4
1.5411645348444556E-4
1.5303422013503702E-4
1.5196682874647145E-4
1.5091397792612644E-4
1.4987537436162817E-4
1.488507325523951E-4
1.4783977455175114E-4
1.4684222971922699E-4
1.458578344824852E-4
1.4488633210851397E-4
1.439274724836347E-4
1.4298101190193154E-4
1.4204671286172606E-4
1.411243438697726E-4
1.4021367925280256E-4
1.393144989760928E-4
1.3842658846880247E-4
1.3754973845573324E-4
1.3668374479525639E-4
1.3582840832316597E-4
1.3498353470218144E-4
1.3414893427686502E-4
1.3332442193373864E-4
1.3250981696639178E-4
1.3170494294534348E-4
1.3090962759249112E-4
1.3012370265995884E-4
1.293470038131414E-4
1.2857937051781026E-4
1.2782064593108258E-4
1.2707067679614426E-4
1.2632931334051687E-4
1.2559640917779157E-4
1.2487182121265368E-4
1.2415540954908364E-4
1.2344703740160818E-4
1.227465710094983E-4
1.2205387955376454E-4
1.213688350768894E-4
1.2069131240515806E-4
1.2002118907351023E-4
1.193583452528022E-4
1.187026636794025E-4
1.180540295870279E-4
1.174123306407338E-4
1.1677745687300165E-4
1.1614930062180454E-4
1.155277564706245E-4
1.1491272119031739E-4
1.1430409368278353E-4
1.1370177492636387E-4
1.1310566792289353E-4
1.125156776463861E-4
1.119317109932479E-4
1.1135367673401221E-4
1.1078148546650214E-4
1.102150495703921E-4
1.0965428316312E-4
1.0909910205710872E-4
1.0854942371822635E-4
1.080051672254737E-4
1.074662532318315E-4
1.0693260392625982E-4
1.064041429967709E-4
1.058807955945829E-4
1.0536248829926751E-4
1.0484914908492015E-4
1.0434070728725731E-4
1.0383709357166165E-4
1.0333823990210918E-4
1.0284407951096409E-4
1.0235454686961587E-4
1.0186957765992891E-4
1.0138910874646324E-4
1.00913078149473E-4
1.004414250186378E-4
9.997408960748539E-5
The correct rate for BP: 100.00% 
