1.0556949481187043
1.2601594473388238
0.5930472240980359
0.21073466128208757
0.07445169748315644
0.041549622775197095
0.02904996753701244
0.022253648026340982
0.01797933557362094
0.015046290537879573
0.012911882966997629
0.011291183878970878
0.010020138460164555
0.008997631206816787
0.008157970956444164
0.007456648687865345
0.006862452067283158
0.006352855818342485
0.00591120343257563
0.005524917836073142
0.0051843281449531695
0.00488187865405448
0.0046115823920966515
0.0043686354401550965
0.004149139476764847
0.0039498987453564826
0.003768269181874859
0.0036020447326899547
0.0034493706051118137
0.0033086763005055527
0.003178623367840924
0.0030580642421188763
0.0029460095221572405
0.002841601739170513
0.0027440941647244306
0.0026528335656309755
0.0025672460755289
0.0024868255464138797
0.0024111238876407624
0.0023397430084578573
0.0022723280625076264
0.002208561755759355
0.0021481595279413774
0.0020908654552902963
0.0020364487519569712
0.001984700770647693
0.001935432421484721
0.0018884719427332917
0.0018436629687891145
0.001800862850280978
0.001759941188800717
0.001720778555001148
0.001683265363892174
0.001647300885341567
0.0016127923712296742
0.0015796542835555477
0.0015478076101587213
0.0015171792566932446
0.0014877015051422762
0.0014593115305472342
0.001431950968793712
0.0014055655292829236
0.001380104647154488
0.0013555211704373291
0.0013317710781120368
0.001308813225586722
0.0012866091145326108
0.001265122684407911
0.0012443201233275662
0.0012241696962206313
0.0012046415884633965
0.0011857077633896658
0.0011673418322652904
0.00114951893547597
0.001132215633818448
0.0011154098089088387
0.0010990805718302517
0.0010832081792369103
0.0010677739562157285
0.00105276022528009
0.0010381502409358015
0.0010239281293165613
0.001010078832437739
9.965880566621124E-4
9.834422250117932E-4
9.706284329962215E-4
9.581344076580873E-4
9.459484695675418E-4
9.340594975205339E-4
9.224568957199037E-4
9.111305632382941E-4
9.000708655803375E-4
8.892686081779191E-4
8.787150116674086E-4
8.684016888107195E-4
8.583206229345649E-4
8.48464147772711E-4
8.388249286062249E-4
8.293959446053142E-4
8.201704722847215E-4
8.111420699915948E-4
8.023045633517742E-4
7.936520316060749E-4
7.851787947740088E-4
7.768794015870617E-4
7.687486181384431E-4
7.607814172001764E-4
7.52972968162382E-4
7.453186275528778E-4
7.378139300986202E-4
7.304545802930872E-4
7.23236444436782E-4
7.161555431201E-4
7.092080441202201E-4
7.02390255685759E-4
6.956986201847525E-4
6.891297080932028E-4
6.826802123032741E-4
6.763469427313498E-4
6.701268212078645E-4
6.640168766318277E-4
6.58014240374226E-4
6.521161419155936E-4
6.463199047039288E-4
6.406229422200979E-4
6.350227542388044E-4
6.295169232737948E-4
6.241031111969083E-4
6.187790560210822E-4
6.135425688381899E-4
6.08391530903037E-4
6.0332389085554E-4
5.983376620734437E-4
5.934309201485495E-4
5.886018004797476E-4
5.838484959766666E-4
5.791692548679798E-4
5.745623786090058E-4
5.700262198831722E-4
5.655591806927435E-4
5.611597105339964E-4
5.568263046526396E-4
5.525575023753212E-4
5.483518855135081E-4
5.442080768359465E-4
5.401247386064308E-4
5.361005711835981E-4
5.321343116796915E-4
5.282247326754765E-4
5.243706409885212E-4
5.205708764923278E-4
5.168243109838846E-4
5.131298470973244E-4
5.09486417261492E-4
5.05892982699476E-4
5.023485324680135E-4
4.988520825349963E-4
4.954026748933709E-4
4.919993767096905E-4
4.8864127950579E-4
4.8532749837209714E-4
4.8205717121120134E-4
4.7882945801017856E-4
4.756435401406856E-4
4.724986196852666E-4
4.693939187890207E-4
4.6632867903535535E-4
4.6330216084484267E-4
4.6031364289622406E-4
4.573624215685178E-4
4.544478104034946E-4
4.5156913958747875E-4
4.487257554518382E-4
4.459170199912494E-4
4.4314231039911873E-4
4.404010186193516E-4
4.376925509138685E-4
4.3501632744522044E-4
4.3237178187366593E-4
4.297583609681607E-4
4.2717552423064816E-4
4.246227435332365E-4
4.220995027676052E-4
4.1960529750628543E-4
4.1713963467529546E-4
4.147020322376632E-4
4.1229201888748427E-4
4.099091337540653E-4
4.0755292611576377E-4
4.0522295512318394E-4
4.0291878953134367E-4
4.006400074405284E-4
3.983861960453972E-4
3.9615695139219955E-4
3.939518781436235E-4
3.9177058935114064E-4
3.896127062344932E-4
3.874778579680636E-4
3.853656814739231E-4
3.832758212212879E-4
3.812079290321409E-4
3.7916166389282487E-4
3.7713669177139345E-4
3.7513268544047605E-4
3.731493243055584E-4
3.711862942383307E-4
3.6924328741510664E-4
3.673200021600154E-4
3.654161427928222E-4
3.6353141948128857E-4
3.6166554809779333E-4
3.598182500802017E-4
3.5798925229674075E-4
3.5617828691478627E-4
3.543850912734549E-4
3.5260940775980507E-4
3.5085098368858983E-4
3.491095711854173E-4
3.4738492707322256E-4
3.4567681276191485E-4
3.439849941411191E-4
3.423092414759048E-4
3.4064932930541583E-4
3.390050363442867E-4
3.373761453867711E-4
3.357624432134925E-4
3.341637205007485E-4
3.3257977173224305E-4
3.31010395113238E-4
3.294553924869797E-4
3.2791456925339665E-4
3.263877342899073E-4
3.248746998744018E-4
3.233752816101907E-4
3.2188929835297244E-4
3.204165721396845E-4
3.189569281192324E-4
3.17510194484986E-4
3.160762024090596E-4
3.1465478597824455E-4
3.1324578213161726E-4
3.118490305997178E-4
3.1046437384527894E-4
3.0909165700545915E-4
3.0773072783552745E-4
3.0638143665397187E-4
3.050436362889584E-4
3.0371718202614666E-4
3.024019315577901E-4
3.010977449330742E-4
2.9980448450971846E-4
2.9852201490672506E-4
2.9725020295828596E-4
2.959889176688437E-4
2.947380301691834E-4
2.9349741367362453E-4
2.9226694343825147E-4
2.910464967200926E-4
2.898359527372958E-4
2.8863519263029396E-4
2.874440994238002E-4
2.8626255798977224E-4
2.8509045501121566E-4
2.839276789468332E-4
2.827741199964904E-4
2.81629670067513E-4
2.8049422274170773E-4
2.7936767324320645E-4
2.782499184070051E-4
2.771408566482217E-4
2.760403879320731E-4
2.7494841374452704E-4
2.7386483706360275E-4
2.727895623313259E-4
2.717224954263302E-4
2.7066354363703706E-4
2.696126156354591E-4
2.685696214515691E-4
2.675344724482438E-4
2.66507081296753E-4
2.654873619527944E-4
2.6447522963303873E-4
2.634706007922068E-4
2.624733931006155E-4
2.6148352542223617E-4
2.6050091779320677E-4
2.595254914008198E-4
2.5855716856294114E-4
2.5759587270789277E-4
2.566415283547408E-4
2.5569406109400875E-4
2.547533975687976E-4
2.5381946545630335E-4
2.528921934497275E-4
2.519715112405464E-4
2.510573495011812E-4
2.501496398679751E-4
2.4924831492459425E-4
2.483533081857045E-4
2.4746455408101737E-4
2.4658198793966183E-4
2.457055459748488E-4
2.448351652688992E-4
2.439707837584996E-4
2.4311234022033498E-4
2.4225977425695853E-4
2.4141302628294942E-4
2.4057203751137778E-4
2.397367499405104E-4
2.389071063407786E-4
2.3808305024203464E-4
2.3726452592102366E-4
2.36451478389121E-4
2.3564385338030938E-4
2.348415973393835E-4
2.3404465741039607E-4
2.3325298142531093E-4
2.3246651789289433E-4
2.316852159878006E-4
2.3090902553989372E-4
2.3013789702374635E-4
2.2937178154835465E-4
2.2861063084704742E-4
2.2785439726758422E-4
2.2710303376244383E-4
2.2635649387928598E-4
2.2561473175161683E-4
2.2487770208960144E-4
2.2414536017104447E-4
2.2341766183259573E-4
2.2269456346103768E-4
2.2197602198479067E-4
2.2126199486556417E-4
2.2055244009014296E-4
2.198473161623441E-4
2.1914658209511457E-4
2.184501974027714E-4
2.1775812209338526E-4
2.1707031666129845E-4
2.1638674207978407E-4
2.157073597938328E-4
2.1503213171306573E-4
2.1436102020479245E-4
2.1369398808716427E-4
2.1303099862248414E-4
2.1237201551058571E-4
2.1171700288240093E-4
2.1106592529356375E-4
2.104187477181869E-4
2.0977543554271443E-4
2.0913595455989556E-4
2.0850027096285366E-4
2.0786835133927462E-4
2.0724016266567837E-4
2.0661567230180296E-4
2.0599484798507602E-4
2.0537765782518635E-4
2.0476407029874972E-4
2.0415405424406086E-4
2.0354757885594245E-4
2.0294461368067525E-4
2.0234512861100833E-4
2.017490938812815E-4
2.0115648006259384E-4
2.0056725805806926E-4
1.9998139909821534E-4
1.9939887473633476E-4
1.9881965684403398E-4
1.9824371760679082E-4
1.976710295196104E-4
1.971015653827324E-4
1.9653529829744625E-4
1.9597220166192272E-4
1.9541224916716228E-4
1.9485541479298245E-4
1.943016728040773E-4
1.9375099774615183E-4
1.932033644420921E-4
1.9265874798823077E-4
1.9211712375065076E-4
1.9157846736154516E-4
1.9104275471566704E-4
1.9050996196679274E-4
1.899800655242763E-4
1.894530420496342E-4
1.8892886845321217E-4
1.8840752189087752E-4
1.8788897976076654E-4
1.8737321970011342E-4
1.8686021958208926E-4
1.863499575127185E-4
1.8584241182782578E-4
1.853375610900439E-4
1.8483538408586202E-4
1.8433585982272535E-4
1.838389675261641E-4
1.833446866369814E-4
1.828529968084941E-4
1.8236387790378174E-4
1.818773099930137E-4
1.8139327335079777E-4
1.809117484535772E-4
1.804327159770562E-4
1.7995615679367762E-4
1.7948205197013603E-4
1.7901038276492353E-4
1.7854113062590327E-4
1.7807427718796552E-4
1.7760980427063735E-4
1.7714769387581477E-4
1.7668792818546287E-4
1.7623048955939464E-4
1.757753605330577E-4
1.753225238153551E-4
1.7487196228651222E-4
1.744236589959688E-4
1.739775971602825E-4
1.73533760161108E-4
1.730921315431569E-4
1.7265269501221849E-4
1.722154344331927E-4
1.7178033382816797E-4
1.713473773745193E-4
1.7091654940301366E-4
1.704878343959876E-4
1.7006121698550275E-4
1.696366819515633E-4
1.692142142203358E-4
1.687937988624215E-4
1.6837542109111105E-4
1.6795906626071046E-4
1.6754471986485923E-4
1.6713236753488985E-4
1.6672199503818576E-4
1.6631358827660713E-4
1.6590713328488494E-4
1.655026162290808E-4
1.651000234050486E-4
1.6469934123691433E-4
1.6430055627558897E-4
1.6390365519729672E-4
1.635086248021219E-4
1.6311545201257646E-4
1.6272412387219266E-4
1.6233462754412396E-4
1.619469503097773E-4
1.6156107956745685E-4
1.611770028310348E-4
1.607947077286139E-4
1.6041418200125443E-4
1.6003541350167905E-4
1.5965839019299778E-4
1.5928310014748316E-4
1.589095315453258E-4
1.585376726734171E-4
1.5816751192416364E-4
1.577990377942939E-4
1.5743223888370537E-4
1.5706710389429848E-4
1.5670362162885156E-4
1.5634178098990434E-4
1.5598157097864145E-4
1.5562298069381097E-4
1.5526599933065018E-4
1.5491061617981276E-4
1.5455682062632663E-4
1.5420460214857023E-4
1.5385395031723887E-4
1.5350485479433522E-4
1.5315730533218674E-4
1.5281129177245926E-4
1.5246680404518983E-4
1.5212383216782358E-4
1.5178236624428082E-4
1.5144239646401917E-4
1.5110391310111813E-4
1.5076690651336937E-4
1.5043136714137527E-4
1.500972855076762E-4
1.497646522158689E-4
1.4943345794974402E-4
1.4910369347244373E-4
1.4877534962560635E-4
1.4844841732855434E-4
1.481228875774613E-4
1.477987514445506E-4
1.4747600007729219E-4
1.4715462469761374E-4
1.468346166011324E-4
1.4651596715636671E-4
1.4619866780399222E-4
1.458827100560902E-4
1.4556808549539695E-4
1.4525478577458512E-4
1.4494280261553174E-4
1.4463212780860846E-4
1.4432275321197378E-4
1.440146707508869E-4
1.4370787241700192E-4
1.4340235026770942E-4
1.430980964254483E-4
1.4279510307705793E-4
1.4249336247310735E-4
1.4219286692726307E-4
1.418936088156451E-4
1.415955805761882E-4
1.4129877470803293E-4
1.4100318377089927E-4
1.407088003844846E-4
1.404156172278534E-4
1.4012362703885007E-4
1.3983282261351403E-4
1.3954319680549516E-4
1.3925474252548023E-4
1.3896745274062774E-4
1.3868132047401718E-4
1.3839633880407412E-4
1.3811250086405075E-4
1.3782979984146935E-4
1.3754822897758936E-4
1.3726778156688887E-4
1.369884509565346E-4
1.3671023054586792E-4
1.364331137859071E-4
1.361570941788228E-4
1.358821652774646E-4
1.3560832068485568E-4
1.3533555405370666E-4
1.3506385908594067E-4
1.3479322953221943E-4
1.345236591914725E-4
1.3425514191042556E-4
1.3398767158315255E-4
1.3372124215062573E-4
1.3345584760025465E-4
1.3319148196545144E-4
1.3292813932519167E-4
1.32665813803584E-4
1.3240449956943327E-4
1.321441908358321E-4
1.3188488185972934E-4
1.316265669415262E-4
1.3136924042465777E-4
1.3111289669519885E-4
1.3085753018145222E-4
1.3060313535356898E-4
1.3034970672315104E-4
1.3009723884284687E-4
1.2984572630600312E-4
1.2959516374626187E-4
1.2934554583718958E-4
1.290968672919195E-4
1.2884912286277857E-4
1.286023073409205E-4
1.2835641555597674E-4
1.2811144237570178E-4
1.2786738270561968E-4
1.2762423148867958E-4
1.2738198370491622E-4
1.271406343711103E-4
1.2690017854045433E-4
1.2666061130221892E-4
1.2642192778142858E-4
1.2618412313853485E-4
1.2594719256910056E-4
1.2571113130347764E-4
1.2547593460649815E-4
1.2524159777716398E-4
1.250081161483356E-4
1.2477548508643032E-4
1.245436999911303E-4
1.243127562950694E-4
1.240826494635559E-4
1.2385337499427377E-4
1.2362492841699172E-4
1.2339730529328647E-4
1.2317050121625698E-4
1.229445118102501E-4
1.2271933273056584E-4
1.2249495966322685E-4
1.2227138832465956E-4
1.2204861446145904E-4
1.2182663385011392E-4
1.2160544229675169E-4
1.213850356368635E-4
1.21165409735069E-4
1.2094656048485261E-4
1.2072848380831088E-4
1.2051117565590729E-4
1.2029463200622943E-4
1.2007884886574493E-4
1.1986382226855568E-4
1.1964954827616269E-4
1.194360229772352E-4
1.192232424873728E-4
1.1901120294887937E-4
1.1879990053052545E-4
1.185893314273267E-4
1.1837949186032962E-4
1.181703780763775E-4
1.1796198634789526E-4
1.1775431297267292E-4
1.1754735427365095E-4
1.1734110659871128E-4
1.1713556632045822E-4
1.169307298360185E-4
1.1672659356682803E-4
1.1652315395843565E-4
1.1632040748029663E-4
1.1611835062557049E-4
1.159169799109263E-4
1.1571629187634539E-4
1.1551628308492743E-4
1.1531695012270174E-4
1.1511828959842601E-4
1.1492029814341106E-4
1.1472297241132894E-4
1.145263090780226E-4
1.1433030484133701E-4
1.1413495642092195E-4
1.1394026055806184E-4
1.1374621401550106E-4
1.135528135772587E-4
1.1336005604846093E-4
1.1316793825516622E-4
1.1297645704419997E-4
1.1278560928297676E-4
1.1259539185934264E-4
1.1240580168139605E-4
1.1221683567733988E-4
1.1202849079530607E-4
1.1184076400320276E-4
1.1165365228855154E-4
1.1146715265832681E-4
1.1128126213880458E-4
1.1109597777540434E-4
1.1091129663253698E-4
1.1072721579345151E-4
1.1054373236009084E-4
1.1036084345293236E-4
1.1017854621084501E-4
1.0999683779094836E-4
1.0981571536845895E-4
1.0963517613655422E-4
1.094552173062255E-4
1.0927583610614321E-4
1.0909702978250436E-4
1.0891879559891173E-4
1.087411308362277E-4
1.0856403279243447E-4
1.0838749878251534E-4
1.0821152613830065E-4
1.0803611220835194E-4
1.0786125435783176E-4
1.0768694996836191E-4
1.0751319643790476E-4
1.0733999118063516E-4
1.0716733162681691E-4
1.069952152226677E-4
1.0682363943025319E-4
1.066526017273446E-4
1.0648209960731732E-4
1.0631213057901515E-4
1.0614269216664029E-4
1.0597378190963088E-4
1.0580539736255216E-4
1.056375360949671E-4
1.0547019569133644E-4
1.0530337375089681E-4
1.0513706788754652E-4
1.0497127572974021E-4
1.0480599492037742E-4
1.0464122311669079E-4
1.0447695799013334E-4
1.0431319722628073E-4
1.0414993852471866E-4
1.0398717959893817E-4
1.0382491817623066E-4
1.0366315199758421E-4
1.0350187881758946E-4
1.0334109640431659E-4
1.0318080253923453E-4
1.0302099501710944E-4
1.0286167164588962E-4
1.0270283024662298E-4
1.0254446865335657E-4
1.023865847130355E-4
1.0222917628541183E-4
1.0207224124294653E-4
1.0191577747071547E-4
1.0175978286632176E-4
1.0160425533979796E-4
1.0144919281351102E-4
1.012945932220826E-4
1.011404545122942E-4
1.0098677464299395E-4
1.0083355158501056E-4
1.0068078332106951E-4
1.0052846784570267E-4
1.0037660316516148E-4
1.0022518729733794E-4
1.0007421827166828E-4
9.992369412906395E-5
The correct rate for BP: 100.00% 
