2.443941931642401
1.0917474049279874
0.23903333339838295
0.023417943186603167
0.01381623568043632
0.010332115522214004
0.008273375274212845
0.0068929543310656295
0.005899825634953515
0.005150596878747433
0.004565343764255865
0.00409574148894154
0.003710781542117391
0.0033896308247218323
0.003117767099959428
0.00288475552662851
0.0026829048910237767
0.002506421822340949
0.0023508599048220028
0.002212750193007719
0.0020893470154985487
0.001978449154613707
0.001878271548103233
0.001787351608456069
0.0017044797331034452
0.0016286470205979311
0.001559005421648563
0.0014948370082051039
0.0014355300176037207
0.001380559992311753
0.0013294747951662254
0.001281882602695622
0.0012374422088815373
0.0011958551373687882
0.0011568591809500812
0.0011202230762223657
0.0010857420876410335
0.0010532343250579746
0.001022537656640549
9.935071079804985E-4
9.660126604820244E-4
9.399373794140726E-4
9.151758155321419E-4
8.91632634812743E-4
8.692214392664407E-4
8.47863748503318E-4
8.274881170969195E-4
8.080293671186198E-4
7.894279187149067E-4
7.716292044470077E-4
7.545831554378809E-4
7.382437492802884E-4
7.225686112323378E-4
7.07518661528188E-4
6.930578027126771E-4
6.791526418097934E-4
6.657722428890468E-4
6.528879062268757E-4
6.404729707937768E-4
6.285026372483538E-4
6.169538090017904E-4
6.058049492409642E-4
5.950359520755114E-4
5.846280262108283E-4
5.745635897521833E-4
5.648261749194385E-4
5.554003416022722E-4
5.462715988157169E-4
5.374263332280106E-4
5.288517440305864E-4
5.205357835045337E-4
5.124671027119746E-4
5.046350018052126E-4
4.97029384503004E-4
4.896407163327874E-4
4.8245998628117253E-4
4.754786715332376E-4
4.686887050148816E-4
4.620824454822816E-4
4.556526499287693E-4
4.493924481028042E-4
4.4329531895147945E-4
4.373550688222138E-4
4.315658112718217E-4
4.2592194834669154E-4
4.2041815321080124E-4
4.1504935400991276E-4
4.098107188708597E-4
4.046976419439737E-4
3.9970573040522207E-4
3.9483079234216447E-4
3.9006882545447716E-4
3.85416006506092E-4
3.8086868147134005E-4
3.764233563225601E-4
3.720766884110712E-4
3.6782547839751844E-4
3.636666626912686E-4
3.595973063618454E-4
3.556145964884587E-4
3.517158359165225E-4
3.4789843739228805E-4
3.441599180493999E-4
3.4049789422293224E-4
3.369100765684817E-4
3.3339426546573104E-4
3.2994834668724206E-4
3.2657028731495225E-4
3.2325813188797893E-4
3.2000999876662204E-4
3.168240766986209E-4
3.13698621574644E-4
3.1063195336101336E-4
3.0762245319848044E-4
3.046685606567068E-4
3.017687711347671E-4
2.989216333987914E-4
2.9612574724829433E-4
2.933797613035499E-4
2.9068237090665696E-4
2.880323161296349E-4
2.854283798832179E-4
2.8286938612046047E-4
2.803541981297015E-4
2.7788171691173094E-4
2.75450879636367E-4
2.7306065817397874E-4
2.7071005769771294E-4
2.6839811535254977E-4
2.6612389898743484E-4
2.638865059471062E-4
2.616850619202814E-4
2.595187198412796E-4
2.5738665884210746E-4
2.5528808325240735E-4
2.532222216447064E-4
2.5118832592259903E-4
2.4918567044964694E-4
2.4721355121690294E-4
2.452712850470118E-4
2.4335820883315457E-4
2.4147367881095826E-4
2.396170698617706E-4
2.3778777484574875E-4
2.3598520396326582E-4
2.34208784143264E-4
2.3245795845720018E-4
2.3073218555741526E-4
2.290309391386787E-4
2.2735370742185638E-4
2.2569999265862223E-4
2.240693106562217E-4
2.2246119032138145E-4
2.2087517322241475E-4
2.1931081316875308E-4
2.1776767580704499E-4
2.1624533823309006E-4
2.147433886189007E-4
2.1326142585418424E-4
2.117990592016349E-4
2.1035590796537838E-4
2.089316011720155E-4
2.0752577726373034E-4
2.0613808380287292E-4
2.04768177187587E-4
2.0341572237796873E-4
2.0208039263231036E-4
2.00761869253001E-4
1.9945984134168374E-4
1.981740055632702E-4
1.9690406591843501E-4
1.9564973352425167E-4
1.9441072640264212E-4
1.93186769276279E-4
1.919775933716602E-4
1.9078293622910476E-4
1.8960254151928967E-4
1.8843615886618136E-4
1.8728354367600794E-4
1.8614445697210036E-4
1.850186652353256E-4
1.8390594024992663E-4
1.8280605895452918E-4
1.817188032981365E-4
1.8064396010089917E-4
1.7958132091949465E-4
1.7853068191692867E-4
1.7749184373659318E-4
1.764646113804333E-4
1.7544879409102444E-4
1.74444205237484E-4
1.7345066220499563E-4
1.724679862878916E-4
1.7149600258609034E-4
1.7053453990480323E-4
1.695834306574072E-4
1.6864251077132434E-4
1.6771161959682512E-4
1.667905998186663E-4
1.658792973704141E-4
1.6497756135142107E-4
1.6408524394628373E-4
1.6320220034679776E-4
1.6232828867619763E-4
1.614633699157181E-4
1.6060730783331743E-4
1.5975996891453903E-4
1.589212222953771E-4
1.5809093969716467E-4
1.572689953633248E-4
1.5645526599798856E-4
1.5564963070637325E-4
1.548519709368947E-4
1.540621704249462E-4
1.532801151382404E-4
1.525056932237787E-4
1.5173879495625258E-4
1.5097931268792872E-4
1.5022714079995078E-4
1.4948217565497187E-4
1.4874431555113367E-4
1.4801346067728428E-4
1.4728951306946437E-4
1.465723765685593E-4
1.4586195677912696E-4
1.4515816102932295E-4
1.4446089833193156E-4
1.4377007934642877E-4
1.4308561634207893E-4
1.4240742316199353E-4
1.417354151881696E-4
1.4106950930744308E-4
1.4040962387832585E-4
1.3975567869874074E-4
1.3910759497457863E-4
1.3846529528907124E-4
1.3782870357297762E-4
1.3719774507552277E-4
1.365723463360787E-4
1.3595243515658595E-4
1.3533794057466925E-4
1.3472879283743178E-4
1.3412492337591323E-4
1.335262647802007E-4
1.3293275077514178E-4
1.32344316196683E-4
1.317608969687874E-4
1.3118243008092894E-4
1.306088535661273E-4
1.300401064795431E-4
1.2947612887757748E-4
1.28916861797494E-4
1.283622472375264E-4
1.2781222813747017E-4
1.2726674835974094E-4
1.2672575267088545E-4
1.2618918672353948E-4
1.2565699703880298E-4
1.251291309890523E-4
1.2460553678112483E-4
1.2408616343994745E-4
1.2357096079250357E-4
1.2305987945218687E-4
1.2255287080353814E-4
1.2204988698731687E-4
1.2155088088591457E-4
1.2105580610910694E-4
1.2056461698014759E-4
1.2007726852215768E-4
1.1959371644483345E-4
1.1911391713145217E-4
1.1863782762618267E-4
1.1816540562165911E-4
1.1769660944685036E-4
1.1723139805520196E-4
1.1676973101302291E-4
1.1631156848814651E-4
1.1585687123884102E-4
1.1540560060294553E-4
1.1495771848727356E-4
1.1451318735722008E-4
1.1407197022661198E-4
1.1363403064776806E-4
1.1319933270178452E-4
1.1276784098901722E-4
1.123395206197774E-4
1.1191433720522387E-4
1.1149225684844047E-4
1.1107324613572367E-4
1.1065727212802939E-4
1.1024430235261594E-4
1.0983430479485904E-4
1.0942724789023954E-4
1.0902310051648808E-4
1.0862183198591075E-4
1.0822341203785967E-4
1.0782781083136135E-4
1.074349989378999E-4
1.0704494733434992E-4
1.066576273960443E-4
1.0627301089000362E-4
1.0589106996826995E-4
1.0551177716141121E-4
1.0513510537212826E-4
1.0476102786900816E-4
1.0438951828040105E-4
1.0402055058840535E-4
1.0365409912298695E-4
1.0329013855621057E-4
1.0292864389658423E-4
1.0256959048351911E-4
1.0221295398188817E-4
1.0185871037670494E-4
1.0150683596789452E-4
1.011573073651775E-4
1.008101014830362E-4
1.0046519553580537E-4
1.0012256703281992E-4
9.97821937736977E-5
The correct rate for BP: 100.00% 
