1.3991181811404882
0.7027678484507766
0.09269976273456554
0.015423268070516662
0.010413855281983596
0.007875101109864112
0.006332162453584349
0.005292340972321821
0.004543399139003334
0.003978153308797914
0.0035364373981371807
0.0031818094526081505
0.0028908871627850025
0.0026479714501464486
0.002442127669817659
0.0022655048459099083
0.002112320081485699
0.0019782197554518233
0.0018598638032224113
0.0017546471423085512
0.001660508189095519
0.0015757942664817819
0.0014991651102505687
0.001429522458574233
0.001365957854058833
0.0013077133901416393
0.0012541518062229643
0.0012047334337948648
0.0011589982304056506
0.001116551638437358
0.001077053351671932
0.0010402083155210014
0.0010057594596367054
9.734817861614429E-4
9.431775276587024E-4
9.146721556639168E-4
8.878110705889842E-4
8.624568411289695E-4
8.38486889683457E-4
8.157915419854091E-4
7.94272375833426E-4
7.738408167859319E-4
7.544169388064454E-4
7.359284358185954E-4
7.183097364382486E-4
7.01501239173731E-4
6.854486494080218E-4
6.701024027157092E-4
6.554171616884089E-4
6.413513755734867E-4
6.278668937722178E-4
6.149286256721256E-4
6.025042404656578E-4
5.905639015815101E-4
5.790800311643602E-4
5.680271007132276E-4
5.573814445535432E-4
5.471210932919423E-4
5.372256248022934E-4
5.276760306290628E-4
5.1845459598021E-4
5.095447917252899E-4
5.00931177021845E-4
4.925993113706336E-4
4.8453567505247683E-4
4.767275970301165E-4
4.691631895113343E-4
4.6183128846683555E-4
4.5472139948073327E-4
4.478236483846093E-4
4.411287361897386E-4
4.346278978875559E-4
4.2831286473680406E-4
4.221758296981961E-4
4.1620941571469364E-4
4.10406646567929E-4
4.047609200702611E-4
3.992659833771054E-4
3.9391591022665723E-4
3.8870507993384924E-4
3.836281579829608E-4
3.786800780788751E-4
3.7385602553070667E-4
3.691514218540341E-4
3.645619104887355E-4
3.6008334353939526E-4
3.5571176945394423E-4
3.514434215640279E-4
3.472747074177228E-4
3.4320219884140094E-4
3.392226226733668E-4
3.3533285211690165E-4
3.3152989866499095E-4
3.2781090455316175E-4
3.2417313570061093E-4
3.206139751031886E-4
3.171309166448805E-4
3.1372155929725964E-4
3.1038360167872866E-4
3.0711483694797044E-4
3.0391314800779363E-4
3.00776502997651E-4
2.9770295105480945E-4
2.946906183256164E-4
2.917377042099032E-4
2.8884247782277623E-4
2.8600327465922224E-4
2.8321849344819296E-4
2.8048659318366526E-4
2.778060903211917E-4
2.751755561293442E-4
2.725936141861015E-4
2.7005893801104855E-4
2.6757024882487484E-4
2.6512631342824605E-4
2.627259421927627E-4
2.6036798715706584E-4
2.580513402218283E-4
2.5577493143760777E-4
2.5353772738012816E-4
2.5133872960775506E-4
2.4917697319639927E-4
2.4705152534735435E-4
2.4496148406384654E-4
2.429059768924093E-4
2.4088415972539423E-4
2.3889521566116317E-4
2.3693835391880302E-4
2.35012808804298E-4
2.3311783872535452E-4
2.3125272525223938E-4
2.294167722221381E-4
2.276093048846922E-4
2.2582966908654082E-4
2.2407723049279698E-4
2.223513738435401E-4
2.2065150224346357E-4
2.1897703648300984E-4
2.173274143893602E-4
2.15702090205757E-4
2.1410053399772893E-4
2.1252223108486916E-4
2.1096668149690823E-4
2.0943339945285163E-4
2.0792191286208217E-4
2.064317628463181E-4
2.049625032814538E-4
2.0351370035831513E-4
2.0208493216139739E-4
2.0067578826478487E-4
1.9928586934438267E-4
1.979147868057618E-4
1.965621624268272E-4
1.9522762801467018E-4
1.9391082507593622E-4
1.926114045000734E-4
1.9132902625493977E-4
1.9006335909411978E-4
1.8881408027551108E-4
1.875808752906353E-4
1.8636343760421547E-4
1.8516146840354095E-4
1.8397467635724926E-4
1.8280277738306304E-4
1.816454944241141E-4
1.805025572334907E-4
1.7937370216667477E-4
1.7825867198147612E-4
1.7715721564522433E-4
1.760690881488677E-4
1.749940503276915E-4
1.739318686884052E-4
1.7288231524233063E-4
1.718451673444163E-4
1.7082020753788216E-4
1.698072234042282E-4
1.688060074184284E-4
1.6781635680907653E-4
1.6683807342329098E-4
1.6587096359618064E-4
1.6491483802476482E-4
1.6396951164604105E-4
1.6303480351916006E-4
1.6211053671149424E-4
1.6119653818846312E-4
1.6029263870694945E-4
1.5939867271221503E-4
1.585144782381403E-4
1.576398968106877E-4
1.567747733544567E-4
1.5591895610222705E-4
1.5507229650735816E-4
1.542346491589718E-4
1.5340587169978832E-4
1.525858247465261E-4
1.517743718127816E-4
1.509713792342974E-4
1.5017671609650937E-4
1.4939025416434647E-4
1.486118678141311E-4
1.4784143396756578E-4
1.4707883202770585E-4
1.4632394381684642E-4
1.4557665351626846E-4
1.4483684760777262E-4
1.4410441481695104E-4
1.4337924605811115E-4
1.4266123438081744E-4
1.4195027491799967E-4
1.4124626483555847E-4
1.4054910328341804E-4
1.398586913479985E-4
1.3917493200603658E-4
1.3849773007971767E-4
1.3782699219309723E-4
1.3716262672972102E-4
1.3650454379145438E-4
1.3585265515845944E-4
1.3520687425027752E-4
1.345671160879865E-4
1.33933297257411E-4
1.3330533587334204E-4
1.3268315154470615E-4
1.3206666534072053E-4
1.314557997579275E-4
1.3085047868814856E-4
1.302506273872648E-4
1.296561724448609E-4
1.290670417546533E-4
1.284831644857091E-4
1.2790447105442604E-4
1.273308930972449E-4
1.2676236344406566E-4
1.2619881609236944E-4
1.2564018618199853E-4
1.2508640997060003E-4
1.2453742480967916E-4
1.2399316912127826E-4
1.2345358237525114E-4
1.229186050671127E-4
1.22388178696431E-4
1.2186224574578934E-4
1.2134074966024927E-4
1.2082363482734541E-4
1.2031084655756568E-4
1.1980233106531237E-4
1.1929803545034613E-4
1.1879790767966232E-4
1.1830189656983239E-4
1.1780995176976078E-4
1.173220237438681E-4
1.1683806375566356E-4
1.16358023851741E-4
1.1588185684612702E-4
1.1540951630502485E-4
1.1494095653190588E-4
1.1447613255297049E-4
1.1401500010291732E-4
1.1355751561110253E-4
1.1310363618796568E-4
1.1265331961180724E-4
1.1220652431585324E-4
1.1176320937563766E-4
1.1132333449665935E-4
1.1088686000232625E-4
1.1045374682218251E-4
1.1002395648038598E-4
1.0959745108448113E-4
1.0917419331437079E-4
1.0875414641159755E-4
1.0833727416881993E-4
1.0792354091954867E-4
1.0751291152809473E-4
1.0710535137975393E-4
1.0670082637120166E-4
1.0629930290109882E-4
1.0590074786091289E-4
1.0550512862591352E-4
1.0511241304640424E-4
1.047225694391096E-4
1.0433556657876307E-4
1.0395137368988478E-4
1.0356996043870747E-4
1.0319129692530962E-4
1.0281535367589454E-4
1.0244210163523746E-4
1.0207151215929588E-4
1.0170355700797228E-4
1.0133820833803339E-4
1.0097543869617386E-4
1.006152210122247E-4
1.0025752859250183E-4
9.990233511330196E-5
The correct rate for BP: 100.00% 
