1.5818656528340929
0.9449837878456796
0.2652820293502835
0.07486011670237788
0.03840496579702111
0.026292282235973064
0.019918680101926482
0.015982361836848296
0.01331134811048636
0.01138233709347022
0.009925644624674702
0.008788003740138734
0.007875846550788101
0.007128826967602492
0.006506291533061021
0.005979863437454661
0.005529141794619281
0.005139089241967005
0.004798382231984241
0.004498334226860649
0.004232172505485817
0.003994540229663552
0.003781146019735847
0.0035885125051738002
0.0034137927371627897
0.0032546340405423427
0.003109075612076494
0.0029754705066550005
0.0028524255034711146
0.0027387542542806472
0.0026334404179289925
0.0025356083870327843
0.0024444998462387272
0.0023594548525907506
0.0022798964537459865
0.0022053180969364605
0.0021352732563777264
0.0020693668369653807
0.00200724800989727
0.001948604209999088
0.0018931560812012818
0.0018406532002696915
0.0017908704427679345
0.0017436048816986671
0.0016986731300893446
0.0016559090552636106
0.0016151618056556613
0.0015762941015247443
0.0015391807493777183
0.0015037073467436641
0.0014697691495012813
0.0014372700784974397
0.0014061218459174526
0.0013762431849336741
0.0013475591686947868
0.0013200006068235693
0.0012935035093458711
0.001268008609441012
0.0012434609376356625
0.0012198094411005945
0.0011970066425856707
0.0011750083342714234
0.0011537733024459898
0.0011332630794545996
0.0011134417198280263
0.0010942755978907092
0.0010757332244873
0.0010577850807584163
0.0010404034671474877
0.001023562366038874
0.0010072373166160693
9.914053006931714E-4
9.760446384157084E-4
9.611348928521153E-4
9.466567826057923E-4
9.325921016742239E-4
9.189236458647687E-4
9.056351451514791E-4
8.927112014218692E-4
8.801372311204195E-4
8.678994123462618E-4
8.559846360075724E-4
8.443804606752298E-4
8.330750708136932E-4
8.220572380986276E-4
8.113162855591041E-4
8.00842054307123E-4
7.906248726397922E-4
7.806555273195198E-4
7.709252368556139E-4
7.614256266268283E-4
7.521487056988663E-4
7.4308684520394E-4
7.342327581613137E-4
7.255794806281593E-4
7.171203540798893E-4
7.088490089274967E-4
7.007593490875387E-4
6.928455375272657E-4
6.85101982713889E-4
6.775233259029934E-4
6.701044292060252E-4
6.62840364382003E-4
6.557264023027274E-4
6.487580030448552E-4
6.419308065659013E-4
6.352406239244243E-4
6.286834290078747E-4
6.222553507341616E-4
6.159526656957801E-4
6.097717912174269E-4
6.037092788003797E-4
5.977618079287894E-4
5.919261802147819E-4
5.861993138610352E-4
5.805782384210137E-4
5.750600898383143E-4
5.69642105748036E-4
5.643216210241803E-4
5.590960635582169E-4
5.539629502550181E-4
5.489198832330999E-4
5.439645462173681E-4
5.390947011128519E-4
5.343081847491735E-4
5.296029057857848E-4
5.249768417688667E-4
5.204280363312822E-4
5.159545965276016E-4
5.115546902966114E-4
5.072265440443327E-4
5.029684403408672E-4
4.987787157249477E-4
4.946557586103486E-4
4.90598007288671E-4
4.8660394802341986E-4
4.826721132305423E-4
4.7880107974087357E-4
4.7498946714027106E-4
4.7123593618336794E-4
4.6753918727721354E-4
4.63897959031276E-4
4.6031102687033504E-4
4.5677720170725854E-4
4.532953286725623E-4
4.498642858979829E-4
4.4648298335145186E-4
4.4315036172088546E-4
4.3986539134447815E-4
4.3662707118524155E-4
4.3343442784767337E-4
4.30286514634569E-4
4.271824106420719E-4
4.241212198911349E-4
4.2110207049378314E-4
4.1812411385247695E-4
4.151865238911285E-4
4.12288496316241E-4
4.094292479069119E-4
4.0660801583230387E-4
4.038240569954031E-4
4.0107664740186453E-4
3.983650815528884E-4
3.9568867186099777E-4
3.93046748087764E-4
3.904386568025198E-4
3.878637608611456E-4
3.853214389040768E-4
3.8281108487269486E-4
3.8033210754335426E-4
3.778839300782579E-4
3.754659895925202E-4
3.730777367367265E-4
3.707186352943074E-4
3.6838816179321715E-4
3.660858051312035E-4
3.638110662142133E-4
3.615634576073881E-4
3.5934250319806787E-4
3.5714773787044713E-4
3.5497870719128366E-4
3.528349671063672E-4
3.5071608364716596E-4
3.4862163264739836E-4
3.465511994690527E-4
3.4450437873752206E-4
3.424807740854909E-4
3.404799979052768E-4
3.38501671109225E-4
3.365454228979271E-4
3.346108905359673E-4
3.326977191348304E-4
3.308055614428307E-4
3.289340776416559E-4
3.2708293514944646E-4
3.25251808430008E-4
3.2344037880806286E-4
3.216483342902356E-4
3.198753693916048E-4
3.181211849676269E-4
3.163854880512069E-4
3.1466799169476263E-4
3.1296841481709463E-4
3.112864820548867E-4
3.0962192361869405E-4
3.0797447515322333E-4
3.0634387760182237E-4
3.0472987707495363E-4
3.0313222472256137E-4
3.0155067661022763E-4
2.9998499359889586E-4
2.984349412281385E-4
2.969002896027997E-4
2.953808132828872E-4
2.938762911766659E-4
2.923865064367637E-4
2.909112463592554E-4
2.8945030228561E-4
2.880034695073746E-4
2.865705471735679E-4
2.851513382006186E-4
2.83745649184848E-4
2.8235329031734585E-4
2.8097407530119743E-4
2.796078212709936E-4
2.782543487145139E-4
2.769134813965563E-4
2.7558504628483356E-4
2.742688734778401E-4
2.7296479613466925E-4
2.716726504067165E-4
2.7039227537117616E-4
2.6912351296630086E-4
2.6786620792838877E-4
2.666202077304013E-4
2.653853625221825E-4
2.641615250722649E-4
2.629485507111508E-4
2.617462972760551E-4
2.6055462505710685E-4
2.593733967448824E-4
2.5820247737929264E-4
2.570417342997697E-4
2.5589103709672354E-4
2.5475025756418085E-4
2.536192696536507E-4
2.524979494291272E-4
2.5138617502319785E-4
2.5028382659426755E-4
2.4919078628479453E-4
2.4810693818060026E-4
2.4703216827113607E-4
2.459663644107388E-4
2.4490941628080233E-4
2.4386121535290966E-4
2.4282165485279043E-4
2.4179062972519528E-4
2.407680365995777E-4
2.3975377375661455E-4
2.387477410954837E-4
2.3774984010195967E-4
2.3675997381723108E-4
2.3577804680745493E-4
2.348039651340093E-4
2.338376363244711E-4
2.3287896934421373E-4
2.3192787456872532E-4
2.3098426375649353E-4
2.300480500225581E-4
2.291191478126691E-4
2.2819747287798492E-4
2.2728294225039756E-4
2.2637547421838045E-4
2.2547498830339976E-4
2.2458140523683024E-4
2.2369464693740537E-4
2.22814636489166E-4
2.219412981198936E-4
2.210745571800093E-4
2.2021434012195896E-4
2.1936057448003162E-4
2.1851318885062634E-4
2.1767211287295322E-4
2.1683727721012383E-4
2.1600861353069894E-4
2.1518605449059576E-4
2.1436953371537718E-4
2.1355898578296538E-4
2.1275434620667797E-4
2.1195555141863168E-4
2.1116253875352794E-4
2.1037524643273203E-4
2.0959361354873772E-4
2.0881758004990479E-4
2.0804708672556292E-4
2.0728207519139205E-4
2.065224878751266E-4
2.0576826800252772E-4
2.0501935958367924E-4
2.0427570739954133E-4
2.0353725698877767E-4
2.0280395463487564E-4
2.0207574735348185E-4
2.0135258288005506E-4
2.006344096577029E-4
1.9992117682532282E-4
1.9921283420593782E-4
1.9850933229528065E-4
1.9781062225061313E-4
1.9711665587974507E-4
1.9642738563030297E-4
1.95742764579172E-4
1.950627464221831E-4
1.9438728546396819E-4
1.9371633660803745E-4
1.9304985534703066E-4
1.923877977531923E-4
1.9173012046898143E-4
1.9107678069789003E-4
1.9042773619545533E-4
1.897829452604031E-4
1.8914236672599357E-4
1.8850595995150552E-4
1.878736848139168E-4
1.8724550169969814E-4
1.8662137149681417E-4
1.8600125558680772E-4
1.8538511583710587E-4
1.8477291459341005E-4
1.841646146722685E-4
1.8356017935375915E-4
1.8295957237431722E-4
1.823627579197095E-4
1.8176970061811151E-4
1.8118036553333935E-4
1.8059471815817175E-4
1.8001272440783646E-4
1.7943435061356985E-4
1.788595635163357E-4
1.782883302606191E-4
1.777206183883648E-4
1.771563958330035E-4
1.765956309135873E-4
1.7603829232904457E-4
1.754843491525144E-4
1.7493377082580656E-4
1.7438652715393618E-4
1.7384258829977397E-4
1.7330192477877295E-4
1.727645074538111E-4
1.7223030753009145E-4
1.716992965501685E-4
1.711714463890267E-4
1.7064672924927587E-4
1.701251176564001E-4
1.6960658445410674E-4
1.6909110279976055E-4
1.685786461598704E-4
1.680691883056838E-4
1.6756270330883446E-4
1.6705916553707442E-4
1.665585496500774E-4
1.6606083059530994E-4
1.6556598360397432E-4
1.6507398418701735E-4
1.6458480813121243E-4
1.640984314953001E-4
1.6361483060619596E-4
1.6313398205526178E-4
1.626558626946408E-4
1.6218044963364406E-4
1.6170772023521286E-4
1.6123765211242314E-4
1.6077022312505334E-4
1.603054113762195E-4
1.5984319520903511E-4
1.593835532033696E-4
1.589264641726206E-4
1.5847190716054843E-4
1.5801986143817952E-4
1.5757030650074384E-4
1.5712322206464733E-4
1.5667858806453638E-4
1.5623638465036036E-4
1.5579659218451953E-4
1.5535919123902653E-4
1.5492416259274233E-4
1.5449148722862665E-4
1.5406114633107127E-4
1.536331212832217E-4
1.53207393664385E-4
1.5278394524747294E-4
1.5236275799645325E-4
1.519438140638778E-4
1.5152709578844268E-4
1.511125856925447E-4
1.507002664799476E-4
1.5029012103341926E-4
1.498821324124397E-4
1.4947628385094088E-4
1.490725587550628E-4
1.4867094070096902E-4
1.482714134326804E-4
1.4787396085993976E-4
1.4747856705611624E-4
1.4708521625614958E-4
1.466938928544937E-4
1.4630458140313298E-4
1.4591726660959147E-4
1.4553193333500194E-4
1.4514856659217685E-4
1.447671515437321E-4
1.4438767350022182E-4
1.4401011791830584E-4
1.4363447039894496E-4
1.4326071668562695E-4
1.4288884266260997E-4
1.425188343532049E-4
1.4215067791805507E-4
1.4178435965348508E-4
1.414198659898293E-4
1.4105718348981028E-4
1.4069629884694233E-4
1.40337198883941E-4
1.3997987055116448E-4
1.396243009250873E-4
1.3927047720677468E-4
1.3891838672039787E-4
1.3856801691176774E-4
1.3821935534687419E-4
1.3787238971046392E-4
1.375271078046291E-4
1.371834975474222E-4
1.3684154697148415E-4
1.3650124422269307E-4
1.3616257755883258E-4
1.3582553534828736E-4
1.3549010606874875E-4
1.351562783059165E-4
1.3482404075227652E-4
1.3449338220583348E-4
1.341642915688946E-4
1.338367578468738E-4
1.3351077014708655E-4
1.3318631767758322E-4
1.3286338974599643E-4
1.3254197575838882E-4
1.3222206521814117E-4
1.3190364772482804E-4
1.3158671297313596E-4
1.312712507517684E-4
1.309572509423944E-4
1.3064470351858789E-4
1.303335985447971E-4
1.3002392617531298E-4
1.297156766532732E-4
1.2940884030964662E-4
1.291034075622734E-4
1.287993689148803E-4
1.2849671495612715E-4
1.281954363586664E-4
1.2789552387821261E-4
1.275969683526183E-4
1.2729976070096667E-4
1.2700389192268856E-4
1.2670935309666594E-4
1.2641613538036782E-4
1.261242300089848E-4
1.2583362829458872E-4
1.2554432162528703E-4
1.252563014644004E-4
1.2496955934964397E-4
1.2468408689232148E-4
1.243998757765352E-4
1.2411691775839677E-4
1.2383520466525196E-4
1.235547283949223E-4
1.232754809149369E-4
1.2299745426180375E-4
1.2272064054026172E-4
1.2244503192255777E-4
1.221706206477296E-4
1.2189739902090516E-4
1.2162535941258491E-4
1.2135449425797406E-4
1.210847960562837E-4
1.2081625737006659E-4
1.2054887082455092E-4
1.202826291069777E-4
1.2001752496596649E-4
1.197535512108649E-4
1.1949070071111575E-4
1.1922896639564034E-4
1.1896834125221849E-4
1.1870881832687254E-4
1.1845039072328568E-4
1.1819305160218067E-4
1.1793679418076021E-4
1.1768161173210991E-4
1.1742749758463296E-4
1.1717444512148145E-4
1.169224477800068E-4
1.166714990511952E-4
1.1642159247913307E-4
1.1617272166046333E-4
1.1592488024385655E-4
1.1567806192948316E-4
1.154322604684993E-4
1.151874696625285E-4
1.1494368336315868E-4
1.1470089547143966E-4
1.1445909993739009E-4
1.1421829075951104E-4
1.1397846198429245E-4
1.1373960770575673E-4
1.1350172206496317E-4
1.1326479924956255E-4
1.1302883349332459E-4
1.1279381907568757E-4
1.125597503213082E-4
1.1232662159961811E-4
1.1209442732438408E-4
1.1186316195327381E-4
1.1163281998742753E-4
1.1140339597103479E-4
1.1117488449091867E-4
1.1094728017611239E-4
1.1072057769746473E-4
1.1049477176721653E-4
1.1026985713861721E-4
1.1004582860552974E-4
1.0982268100202207E-4
1.0960040920200509E-4
1.0937900811883133E-4
1.0915847270492711E-4
1.0893879795142284E-4
1.0871997888777311E-4
1.085020105813986E-4
1.0828488813733521E-4
1.0806860669785516E-4
1.0785316144213425E-4
1.07638547585898E-4
1.0742476038107479E-4
1.0721179511545452E-4
1.0699964711235411E-4
1.0678831173029321E-4
1.0657778436264381E-4
1.0636806043732554E-4
1.0615913541647652E-4
1.0595100479613161E-4
1.0574366410590728E-4
1.0553710890870133E-4
1.0533133480036903E-4
1.051263374094311E-4
1.0492211239677224E-4
1.0471865545533E-4
1.0451596230981957E-4
1.0431402871642674E-4
1.0411285046252932E-4
1.0391242336640528E-4
1.0371274327696093E-4
1.0351380607344186E-4
1.0331560766515983E-4
1.0311814399122497E-4
1.0292141102027002E-4
1.0272540475018998E-4
1.0253012120787032E-4
1.0233555644893318E-4
1.0214170655747377E-4
1.0194856764580526E-4
1.0175613585421264E-4
1.0156440735069543E-4
1.0137337833072084E-4
1.0118304501698266E-4
1.0099340365915684E-4
1.0080445053366217E-4
1.0061618194342093E-4
1.004285942176337E-4
1.0024168371153172E-4
1.0005544680616287E-4
9.986987990815468E-5
The correct rate for BP: 100.00% 
