1.4512580477018842
1.257404400254588
0.6745631869804553
0.31057230309403244
0.15720269835583825
0.09341774726592379
0.06447877383871664
0.04867970897281286
0.038810131091500125
0.032098801525689356
0.027260012420693844
0.023618302429618973
0.020785923400909637
0.018524955152436202
0.016681614685469137
0.01515225669107391
0.013864582929498133
0.012766687714420799
0.01182038214188087
0.01099697055367463
0.010274491324059618
0.009635863449840392
0.009067610902316744
0.008558965555200294
0.008101224153431029
0.007687279414474923
0.007311272786212623
0.006968333674819569
0.006654381100260431
0.006365971067988254
0.006100177858086096
0.005854500781368822
0.005626790269753077
0.005415188795779516
0.005218083274286231
0.005034066433464051
0.004861905250340015
0.004700514993317519
0.004548937747278623
0.004406324546637534
0.004271920430958899
0.004145051882228053
0.0040251162140215796
0.003911572568984664
0.0038039342482612476
0.0037017621493449517
0.003604659130569756
0.003512265153656811
0.003424253082277203
0.0033403250359269757
0.00326020921565007
0.0031836571321398354
0.0031104411781654124
0.0030403524966215087
0.0029731991031940767
0.00290880422899107
0.002847004853758462
0.0027876504046898155
0.0027306015995038884
0.0026757294155371272
0.002622914169183686
0.0025720446921959944
0.0025230175932054386
0.0024757365943897268
0.002430111934548147
0.002386059830984535
0.0023435019935737007
0.0023023651852232545
0.002262580823663273
0.0022240846201173167
0.002186816250945011
0.0021507190588118657
0.002115739780345895
0.0020818282975922264
0.0020489374108834117
0.0020170226310112535
0.001986041988820289
0.0019559558605489573
0.001926726807425307
0.0018983194281831871
0.0018707002233053615
0.0018438374699239108
0.0018177011064181518
0.0017922626258473362
0.0017674949774420681
0.001743372475454778
0.0017198707147382554
0.001696966492481937
0.0016746377355901228
0.0016528634332351232
0.0016316235741616401
0.0016108990883578643
0.0015906717927438546
0.0015709243405592468
0.0015516401741607001
0.001532803480964987
0.0015143991522967501
0.0014964127449208298
0.0014788304450576236
0.0014616390346972583
0.0014448258600437095
0.001428378801933799
0.0014122862480890398
0.0013965370670695645
0.0013811205838100704
0.0013660265566271081
0.0013512451555960012
0.001336766942203339
0.001322582850188577
0.0013086841674945626
0.0012950625192532659
0.0012817098517382203
0.001268618417220473
0.0012557807596694582
0.0012431897012444662
0.0012308383295264202
0.0012187199854431458
0.0012068282518447827
0.0011951569426889976
0.0011837000927985173
0.0011724519481560022
0.0011614069567038646
0.0011505597596187223
0.0011399051830321718
0.0011294382301717594
0.0011191540738973644
0.0011090480496101424
0.0010991156485126686
0.001089352511200028
0.0010797544215633249
0.0010703173009878927
0.0010610372028298362
0.0010519103071555392
0.0010429329157296175
0.0010341014472378335
0.0010254124327322655
0.0010168625112867771
0.0010084484258516008
0.0010001670192965055
9.92015230632651E-4
9.839900914037922E-4
9.760887222381055E-4
9.683083295523916E-4
9.60646202400823E-4
9.530997094609704E-4
9.456662961502638E-4
9.383434818661901E-4
9.311288573442854E-4
9.240200821280188E-4
9.170148821451441E-4
9.101110473852643E-4
9.033064296738705E-4
8.965989405380573E-4
8.89986549159701E-4
8.834672804118686E-4
8.770392129745998E-4
8.707004775263248E-4
8.644492550074158E-4
8.582837749525859E-4
8.522023138889252E-4
8.462031937966237E-4
8.402847806295398E-4
8.344454828929469E-4
8.286837502758489E-4
8.229980723355084E-4
8.1738697723184E-4
8.118490305095454E-4
8.063828339257956E-4
8.009870243215922E-4
7.956602725349559E-4
7.904012823539698E-4
7.852087895082468E-4
7.800815606969256E-4
7.750183926518934E-4
7.700181112346262E-4
7.650795705652502E-4
7.602016521826028E-4
7.553832642338927E-4
7.506233406928185E-4
7.45920840605017E-4
7.412747473596301E-4
7.366840679860815E-4
7.321478324749385E-4
7.276650931219961E-4
7.232349238945775E-4
7.188564198192526E-4
7.145286963901284E-4
7.102508889968449E-4
7.060221523715937E-4
7.018416600544252E-4
6.977086038760882E-4
6.936221934577605E-4
6.895816557270723E-4
6.855862344497716E-4
6.816351897764323E-4
6.777277978036809E-4
6.738633501493854E-4
6.700411535413155E-4
6.662605294187206E-4
6.625208135464342E-4
6.588213556409918E-4
6.551615190083603E-4
6.51540680192839E-4
6.479582286367505E-4
6.44413566350539E-4
6.409061075928862E-4
6.374352785605301E-4
6.340005170873932E-4
6.306012723527564E-4
6.272370045981226E-4
6.23907184852477E-4
6.206112946656615E-4
6.17348825849612E-4
6.14119280227134E-4
6.109221693879944E-4
6.077570144520952E-4
6.046233458394887E-4
6.015207030469425E-4
5.984486344309498E-4
5.954066969968807E-4
5.923944561940939E-4
5.894114857168282E-4
5.864573673107143E-4
5.835316905846106E-4
5.806340528277703E-4
5.77764058831963E-4
5.7492132071857E-4
5.721054577703985E-4
5.693160962680914E-4
5.665528693309553E-4
5.638154167621333E-4
5.611033848979338E-4
5.584164264611928E-4
5.557542004185701E-4
5.531163718416244E-4
5.505026117715538E-4
5.479125970875614E-4
5.453460103785888E-4
5.42802539818492E-4
5.402818790443697E-4
5.377837270381387E-4
5.353077880111127E-4
5.328537712915487E-4
5.304213912150859E-4
5.280103670179774E-4
5.256204227330037E-4
5.23251287088073E-4
5.209026934073029E-4
5.185743795146514E-4
5.162660876398924E-4
5.139775643269754E-4
5.117085603446389E-4
5.094588305991976E-4
5.072281340495425E-4
5.050162336241458E-4
5.028228961401359E-4
5.006478922243211E-4
4.984909962361268E-4
4.96351986192373E-4
4.942306436938814E-4
4.921267538538219E-4
4.900401052277664E-4
4.8797048974539686E-4
4.8591770264383433E-4
4.8388154240253995E-4
4.8186181067971204E-4
4.798583122502268E-4
4.7787085494495715E-4
4.7589924959153527E-4
4.739433099564822E-4
4.7200285268865353E-4
4.7007769726399774E-4
4.6816766593154696E-4
4.6627258366068E-4
4.643922780895423E-4
4.6252657947463337E-4
4.606753206415611E-4
4.588383369368587E-4
4.57015466180912E-4
4.5520654862189953E-4
4.5341142689078577E-4
4.5162994595728174E-4
4.4986195308680075E-4
4.481072977983381E-4
4.463658318232783E-4
4.446374090650955E-4
4.4292188555993656E-4
4.4121911943804975E-4
4.395289708860508E-4
4.378513021099723E-4
4.3618597729914733E-4
4.3453286259084576E-4
4.3289182603563255E-4
4.312627375634972E-4
4.296454689506853E-4
4.2803989378722984E-4
4.264458874451528E-4
4.2486332704733007E-4
4.232920914370336E-4
4.217320611480636E-4
4.201831183755248E-4
4.186451469472002E-4
4.171180322955052E-4
4.1560166143002006E-4
4.1409592291059795E-4
4.126007068209858E-4
4.111159047429976E-4
4.0964140973123617E-4
4.0817711628826305E-4
4.0672292034032916E-4
4.05278719213547E-4
4.0384441161055683E-4
4.0241989758765855E-4
4.010050785323879E-4
3.9959985714153407E-4
3.982041373995941E-4
3.9681782455765663E-4
3.954408251126876E-4
3.94073046787221E-4
3.92714398509451E-4
3.9136479039370497E-4
3.9002413372128756E-4
3.886923409217061E-4
3.873693255542409E-4
3.860550022898963E-4
3.8474928689364766E-4
3.834520962070695E-4
3.8216334813128994E-4
3.8088296161022724E-4
3.7961085661418356E-4
3.7834695412373233E-4
3.7709117611390175E-4
3.7584344553866976E-4
3.746036863157172E-4
3.733718233114999E-4
3.7214778232657546E-4
3.7093149008118664E-4
3.697228742011623E-4
3.685218632040072E-4
3.673283864852974E-4
3.661423743053059E-4
3.64963757775867E-4
3.637924688474897E-4
3.626284402966894E-4
3.6147160571355124E-4
3.6032189948953785E-4
3.5917925680548096E-4
3.580436136198132E-4
3.569149066570002E-4
3.557930733961711E-4
3.5467805205995957E-4
3.5356978160355215E-4
3.524682017038833E-4
3.5137325274909285E-4
3.502848758280963E-4
3.492030127203907E-4
3.481276058859862E-4
3.470585984555764E-4
3.4599593422081625E-4
3.44939557624797E-4
3.438894137527081E-4
3.428454483226E-4
3.418076076763498E-4
3.4077583877078474E-4
3.39750089168912E-4
3.387303070313528E-4
3.3771644110788205E-4
3.3670844072912406E-4
3.357062557983862E-4
3.3470983678363455E-4
3.337191347095997E-4
3.3273410115000857E-4
3.317546882199442E-4
3.307808485683681E-4
3.298125353706961E-4
3.2884970232157387E-4
3.2789230362770635E-4
3.2694029400085313E-4
3.259936286509129E-4
3.250522632791141E-4
3.241161540713471E-4
3.231852576915839E-4
3.222595312753928E-4
3.2133893242357775E-4
3.204234191959241E-4
3.1951295010501613E-4
3.186074841101925E-4
3.177069806115669E-4
3.1681139944414764E-4
3.159207008720753E-4
3.1503484558291657E-4
3.141537946820847E-4
3.1327750968731117E-4
3.1240595252323246E-4
3.115390855160536E-4
3.106768713882892E-4
3.098192732535897E-4
3.089662546116495E-4
3.0811777934319827E-4
3.072738117050697E-4
3.064343163253152E-4
3.055992581984586E-4
3.047686026807612E-4
3.0394231548558224E-4
3.031203626788282E-4
3.0230271067443917E-4
3.0148932622996015E-4
3.0068017644218465E-4
2.99875228742873E-4
2.990744508944794E-4
2.9827781098602844E-4
2.974852774289902E-4
2.9669681895322977E-4
2.9591240460305154E-4
2.951320037332373E-4
2.9435558600521185E-4
2.93583121383231E-4
2.9281458013061495E-4
2.9204993280606775E-4
2.9128915026003474E-4
2.905322036311058E-4
2.897790643424842E-4
2.8902970409851273E-4
2.882840948812226E-4
2.875422089469717E-4
2.868040188230961E-4
2.860694973046307E-4
2.853386174510725E-4
2.8461135258318996E-4
2.838876762798711E-4
2.8316756237503713E-4
2.8245098495457483E-4
2.8173791835332953E-4
2.810283371521432E-4
2.803222161749122E-4
2.796195304857234E-4
2.78920255385988E-4
2.7822436641165003E-4
2.775318393304315E-4
2.768426501390815E-4
2.7615677506071114E-4
2.7547419054213464E-4
2.747948732512596E-4
2.7411880007450546E-4
2.734459481142757E-4
2.7277629468643944E-4
2.7210981731785714E-4
2.714464937439732E-4
2.707863019063739E-4
2.7012921995045165E-4
2.694752262230431E-4
2.688242992701362E-4
2.6817641783459886E-4
2.675315608539238E-4
2.668897074580323E-4
2.662508369670802E-4
2.6561492888930484E-4
2.6498196291890836E-4
2.643519189339632E-4
2.637247769943381E-4
2.631005173396594E-4
2.6247912038730763E-4
2.618605667304205E-4
2.6124483713594547E-4
2.606319125427017E-4
2.600217740594782E-4
2.594144029631374E-4
2.5880978069678525E-4
2.5820788886790646E-4
2.576087092465846E-4
2.570122237636959E-4
2.564184145091689E-4
2.558272637302282E-4
2.5523875382968896E-4
2.54652867364262E-4
2.540695870428785E-4
2.5348889572505143E-4
2.52910776419235E-4
2.523352122812261E-4
2.5176218661257055E-4
2.511916828590078E-4
2.5062368460890836E-4
2.500581755917711E-4
2.494951396766954E-4
2.4893456087089907E-4
2.483764233182617E-4
2.478207112978613E-4
2.4726740922254275E-4
2.467165016375169E-4
2.4616797321895187E-4
2.456218087725986E-4
2.4507799323243663E-4
2.445365116593231E-4
2.4399734923966586E-4
2.4346049128411745E-4
2.429259232262828E-4
2.423936306214273E-4
2.418635991452369E-4
2.4133581459255494E-4
2.4081026287615126E-4
2.4028693002552286E-4
2.3976580218567045E-4
2.392468656159256E-4
2.3873010668878204E-4
2.3821551188873147E-4
2.377030678111145E-4
2.3719276116101183E-4
2.3668457875210323E-4
2.3617850750559438E-4
2.35674534449093E-4
2.3517264671556718E-4
2.3467283154226222E-4
2.3417507626966196E-4
2.336793683404415E-4
2.331856952984532E-4
2.3269404478770935E-4
2.322044045513752E-4
2.3171676243079526E-4
2.3123110636450472E-4
2.307474243872679E-4
2.3026570462912936E-4
2.2978593531446545E-4
2.2930810476105027E-4
2.2883220137915128E-4
2.283582136706039E-4
2.2788613022791345E-4
2.2741593973338222E-4
2.2694763095820823E-4
2.2648119276164684E-4
2.2601661409011857E-4
2.255538839764014E-4
2.2509299153875806E-4
2.2463392598012134E-4
2.241766765872839E-4
2.2372123273008222E-4
2.2326758386059025E-4
2.2281571951234493E-4
2.223656292995491E-4
2.219173029163046E-4
2.214707301358592E-4
2.2102590080983056E-4
2.205828048674825E-4
2.20141432314973E-4
2.1970177323462202E-4
2.1926381778420852E-4
2.1882755619623926E-4
2.1839297877725104E-4
2.1796007590711627E-4
2.1752883803834806E-4
2.1709925569542323E-4
2.166713194741051E-4
2.1624502004077763E-4
2.1582034813179607E-4
2.1539729455281637E-4
2.1497585017817383E-4
2.1455600595022227E-4
2.1413775287872785E-4
2.137210820402211E-4
2.133059845774071E-4
2.128924516985367E-4
2.1248047467680817E-4
2.1207004484977469E-4
2.1166115361875403E-4
2.112537924482433E-4
2.108479528653445E-4
2.1044362645918852E-4
2.1004080488038878E-4
2.096394798404489E-4
2.0923964311125322E-4
2.0884128652448253E-4
2.0844440197109396E-4
2.0804898140079454E-4
2.0765501682148358E-4
2.0726250029876408E-4
2.0687142395539276E-4
2.0648177997079808E-4
2.0609356058054996E-4
2.0570675807587673E-4
2.053213648031552E-4
2.0493737316342863E-4
2.045547756119273E-4
2.0417356465756865E-4
2.0379373286250673E-4
2.034152728416424E-4
2.0303817726217456E-4
2.0266243884312147E-4
2.0228805035488656E-4
2.0191500461879384E-4
2.0154329450664562E-4
2.0117291294028286E-4
2.0080385289114854E-4
2.004361073798532E-4
2.0006966947575723E-4
1.997045322965246E-4
1.9934068900773536E-4
1.9897813282245322E-4
1.986168570008084E-4
1.9825685484961336E-4
1.9789811972194493E-4
1.9754064501675215E-4
1.971844241784605E-4
1.9682945069659206E-4
1.9647571810536062E-4
1.9612321998331347E-4
1.9577194995293873E-4
1.9542190168029386E-4
1.950730688746412E-4
1.947254452880713E-4
1.9437902471515484E-4
1.940338009925754E-4
1.936897679987721E-4
1.9334691965359677E-4
1.9300524991794932E-4
1.9266475279345498E-4
1.9232542232211508E-4
1.9198725258595044E-4
1.916502377067036E-4
1.9131437184547172E-4
1.909796492024042E-4
1.9064606401636325E-4
1.903136105646137E-4
1.899822831624969E-4
1.896520761631214E-4
1.893229839570404E-4
1.8899500097195905E-4
1.8866812167242213E-4
1.8834234055949633E-4
1.8801765217050533E-4
1.8769405107869498E-4
1.873715318929657E-4
1.8705008925757016E-4
1.8672971785182286E-4
1.864104123898253E-4
1.8609216762017588E-4
1.8577497832569136E-4
1.8545883932313101E-4
1.851437454629156E-4
1.8482969162887224E-4
1.8451667273794255E-4
1.8420468373993594E-4
1.838937196172555E-4
1.835837753846354E-4
1.8327484608889212E-4
1.8296692680864866E-4
1.8266001265410938E-4
1.823540987667776E-4
1.820491803192301E-4
1.8174525251485058E-4
1.814423105876096E-4
1.81140349801793E-4
1.8083936545179022E-4
1.8053935286183363E-4
1.8024030738577896E-4
1.799422244068647E-4
1.7964509933748442E-4
1.7934892761895205E-4
1.7905370472128077E-4
1.7875942614296398E-4
1.784660874107388E-4
1.7817368407936922E-4
1.7788221173144233E-4
1.7759166597713596E-4
1.773020424540092E-4
1.7701333682679425E-4
1.7672554478717493E-4
1.7643866205359267E-4
1.76152684371029E-4
1.7586760751081286E-4
1.7558342727039793E-4
1.7530013947318634E-4
1.7501773996831326E-4
1.7473622463044943E-4
1.7445558935961638E-4
1.741758300809851E-4
1.7389694274468756E-4
1.7361892332562313E-4
1.7334176782327402E-4
1.730654722615173E-4
1.727900326884364E-4
1.7251544517614604E-4
1.7224170582060786E-4
1.719688107414405E-4
1.7169675608175454E-4
1.714255380079704E-4
1.7115515270964363E-4
1.708855963992894E-4
1.7061686531221496E-4
1.7034895570634416E-4
1.7008186386204878E-4
1.6981558608199546E-4
1.6955011869094818E-4
1.6928545803563945E-4
1.690216004845841E-4
1.6875854242792509E-4
1.684962802772752E-4
1.6823481046555428E-4
1.6797412944683258E-4
1.677142336961764E-4
1.674551197094996E-4
1.6719678400339903E-4
1.669392231150004E-4
1.6668243360182908E-4
1.6642641204163923E-4
1.661711550322732E-4
1.6591665919151797E-4
1.6566292115695707E-4
1.6540993758582326E-4
1.6515770515486351E-4
1.6490622056019406E-4
1.6465548051715334E-4
1.6440548176017332E-4
1.6415622104263544E-4
1.6390769513673493E-4
1.6365990083335095E-4
1.6341283494189577E-4
1.631664942902053E-4
1.62920875724385E-4
1.6267597610869676E-4
1.6243179232541458E-4
1.6218832127470295E-4
1.619455598744907E-4
1.6170350506034052E-4
1.614621537853264E-4
1.6122150301990724E-4
1.6098154975180458E-4
1.6074229098587633E-4
1.6050372374400742E-4
1.6026584506497222E-4
1.600286520043328E-4
1.5979214163430454E-4
1.5955631104365406E-4
1.5932115733757057E-4
1.5908667763756015E-4
1.588528690813204E-4
1.5861972882263964E-4
1.5838725403127723E-4
1.5815544189285355E-4
1.5792428960874005E-4
1.5769379439594782E-4
1.5746395348702197E-4
1.572347641299278E-4
1.5700622358795404E-4
1.5677832913960099E-4
1.5655107807846936E-4
1.5632446771317042E-4
1.5609849536720526E-4
1.558731583788805E-4
1.5564845410118784E-4
1.5542437990172172E-4
1.5520093316256684E-4
1.549781112801988E-4
1.5475591166539638E-4
1.545343317431293E-4
1.543133689524747E-4
1.5409302074651627E-4
1.5387328459224193E-4
1.536541579704606E-4
1.5343563837570004E-4
1.532177233161253E-4
1.5300041031342596E-4
1.5278369690274984E-4
1.5256758063259047E-4
1.5235205906471343E-4
1.5213712977405456E-4
1.519227903486404E-4
1.5170903838949507E-4
1.5149587151056036E-4
1.5128328733859378E-4
1.5107128351310307E-4
1.5085985768624775E-4
1.506490075227556E-4
1.5043873069984438E-4
1.502290249071364E-4
1.5001988784657354E-4
1.4981131723234163E-4
1.4960331079077904E-4
1.4939586626030942E-4
1.491889813913518E-4
1.489826539462461E-4
1.487768816991672E-4
1.48571662436069E-4
1.4836699395457387E-4
1.481628740639229E-4
1.479593005848865E-4
1.4775627134969618E-4
1.4755378420196568E-4
1.4735183699661396E-4
1.4715042759979316E-4
1.4694955388882817E-4
1.4674921375211426E-4
1.465494050890846E-4
1.4635012581010363E-4
1.4615137383641296E-4
1.4595314710005982E-4
1.457554435438248E-4
1.455582611211549E-4
1.4536159779609417E-4
1.4516545154321238E-4
1.4496982034753816E-4
1.4477470220449764E-4
1.4458009511983866E-4
1.443859971095765E-4
1.4419240619991465E-4
1.4399932042718675E-4
1.4380673783779483E-4
1.4361465648814165E-4
1.4342307444456062E-4
1.4323198978326667E-4
1.4304140059028328E-4
1.4285130496138163E-4
1.4266170100202193E-4
1.424725868272895E-4
1.422839605618348E-4
1.4209582033981416E-4
1.4190816430482446E-4
1.4172099060985808E-4
1.4153429741722384E-4
1.4134808289850177E-4
1.4116234523447915E-4
1.4097708261510462E-4
1.407922932394099E-4
1.406079753154711E-4
1.404241270603455E-4
1.402407467000148E-4
1.4005783246933163E-4
1.3987538261196083E-4
1.3969339538033278E-4
1.395118690355763E-4
1.3933080184747872E-4
1.3915019209442394E-4
1.3897003806333732E-4
1.387903380496434E-4
1.3861109035719996E-4
1.3843229329825726E-4
1.3825394519340168E-4
1.380760443715017E-4
1.378985891696637E-4
1.3772157793317735E-4
1.3754500901546794E-4
1.3736888077803925E-4
1.3719319159043584E-4
1.370179398301841E-4
1.3684312388275387E-4
1.3666874214149282E-4
1.364947930076047E-4
1.3632127489006856E-4
1.3614818620562592E-4
1.359755253787119E-4
1.3580329084140759E-4
1.3563148103340936E-4
1.3546009440197336E-4
1.352891294018654E-4
1.3511858449532566E-4
1.3494845815201442E-4
1.3477874884897835E-4
1.3460945507059993E-4
1.344405753085445E-4
1.3427210806173597E-4
1.341040518363001E-4
1.3393640514552287E-4
1.3376916650981258E-4
1.3360233445665099E-4
1.3343590752055954E-4
1.3326988424304634E-4
1.331042631725797E-4
1.329390428645314E-4
1.327742218811397E-4
1.3260979879148346E-4
1.3244577217141868E-4
1.322821406035571E-4
1.3211890267721777E-4
1.3195605698838278E-4
1.3179360213967179E-4
1.316315367402921E-4
1.314698594060032E-4
1.3130856875908162E-4
1.3114766342827488E-4
1.3098714204877248E-4
1.3082700326216167E-4
1.3066724571639512E-4
1.305078680657467E-4
1.3034886897078887E-4
1.3019024709833444E-4
1.300320011214232E-4
1.298741297192705E-4
1.297166315772365E-4
1.2955950538678663E-4
1.2940274984546933E-4
1.292463636568618E-4
1.2909034553054843E-4
1.2893469418208772E-4
1.2877940833296248E-4
1.286244867105677E-4
1.2846992804815778E-4
1.2831573108482153E-4
1.281618945654482E-4
1.2800841724069673E-4
1.2785529786695188E-4
1.2770253520630835E-4
1.275501280265204E-4
1.2739807510098696E-4
1.2724637520870563E-4
1.270950271342455E-4
1.2694402966771998E-4
1.2679338160475367E-4
1.2664308174643705E-4
1.2649312889932138E-4
1.2634352187537056E-4
1.2619425949192685E-4
1.2604534057169517E-4
1.2589676394270284E-4
1.2574852843827552E-4
1.2560063289699758E-4
1.2545307616269657E-4
1.2530585708439936E-4
1.2515897451631725E-4
1.2501242731780435E-4
1.2486621435333698E-4
1.247203344924806E-4
1.2457478660986513E-4
1.2442956958515482E-4
1.242846823030199E-4
1.2414012365310605E-4
1.2399589253001507E-4
1.2385198783326787E-4
1.2370840846728402E-4
1.235651533413517E-4
1.2342222136960048E-4
1.2327961147097613E-4
1.2313732256921098E-4
1.2299535359280378E-4
1.2285370347498743E-4
1.2271237115370174E-4
1.2257135557157804E-4
1.2243065567590206E-4
1.2229027041858905E-4
1.221501987561685E-4
1.2201043964974977E-4
1.2187099206499535E-4
1.2173185497211332E-4
1.215930273458019E-4
1.2145450816525654E-4
1.2131629641412603E-4
1.2117839108049282E-4
1.2104079115685443E-4
1.2090349564008973E-4
1.2076650353144709E-4
1.2062981383650834E-4
1.204934255651742E-4
1.2035733773163527E-4
1.2022154935435575E-4
1.2008605945604362E-4
1.1995086706363358E-4
1.1981597120825582E-4
1.1968137092522126E-4
1.1954706525399951E-4
1.1941305323819005E-4
1.1927933392550851E-4
1.1914590636775285E-4
1.1901276962079552E-4
1.1887992274455371E-4
1.1874736480296664E-4
1.1861509486397604E-4
1.1848311199950885E-4
1.183514152854488E-4
1.1822000380162583E-4
1.1808887663177688E-4
1.1795803286354675E-4
1.1782747158845565E-4
1.1769719190187987E-4
1.1756719290302528E-4
1.1743747369492627E-4
1.173080333844051E-4
1.1717887108206098E-4
1.1704998590225099E-4
1.169213769630676E-4
1.167930433863225E-4
1.1666498429751735E-4
1.165371988258407E-4
1.1640968610413662E-4
1.1628244526888846E-4
1.1615547546019994E-4
1.1602877582177312E-4
1.1590234550090134E-4
1.157761836484337E-4
1.156502894187695E-4
1.1552466196983686E-4
1.1539930046306854E-4
1.1527420406339237E-4
1.1514937193920425E-4
1.1502480326235876E-4
1.1490049720814667E-4
1.1477645295527648E-4
1.1465266968586377E-4
1.1452914658539511E-4
1.1440588284273849E-4
1.14282877650105E-4
1.1416013020303396E-4
1.1403763970038792E-4
1.139154053443189E-4
1.1379342634026847E-4
1.1367170189693564E-4
1.1355023122626811E-4
1.1342901354344921E-4
1.1330804806687284E-4
1.1318733401813143E-4
1.1306687062200027E-4
1.1294665710641995E-4
1.1282669270248464E-4
1.1270697664441211E-4
1.1258750816954717E-4
1.1246828651833394E-4
1.1234931093430386E-4
1.1223058066405228E-4
1.1211209495724236E-4
1.1199385306656645E-4
1.1187585424774369E-4
1.1175809775950474E-4
1.1164058286357306E-4
1.1152330882464997E-4
1.1140627491040402E-4
1.112894803914507E-4
1.1117292454133891E-4
1.1105660663654029E-4
1.1094052595642832E-4
1.108246817832699E-4
1.1070907340220436E-4
1.1059370010124148E-4
1.1047856117122877E-4
1.1036365590584983E-4
1.1024898360161154E-4
1.1013454355782123E-4
1.1002033507658256E-4
1.0990635746277177E-4
1.0979261002403326E-4
1.0967909207075737E-4
1.0956580291607638E-4
1.0945274187584061E-4
1.0933990826861205E-4
1.0922730141565089E-4
1.0911492064089422E-4
1.0900276527095782E-4
1.0889083463510723E-4
1.0877912806525492E-4
1.0866764489594033E-4
1.0855638446432513E-4
1.0844534611017429E-4
1.0833452917584532E-4
1.0822393300627418E-4
1.0811355694896442E-4
1.0800340035397644E-4
1.0789346257391135E-4
1.0778374296389277E-4
1.0767424088157316E-4
1.0756495568710381E-4
1.0745588674313139E-4
1.0734703341478204E-4
1.0723839506964824E-4
1.0712997107778399E-4
1.0702176081168586E-4
1.069137636462879E-4
1.0680597895893747E-4
1.0669840612939966E-4
1.0659104453983369E-4
1.0648389357478581E-4
1.0637695262117816E-4
1.0627022106829754E-4
1.0616369830778153E-4
1.0605738373360989E-4
1.0595127674209131E-4
1.058453767318565E-4
1.0573968310384011E-4
1.0563419526127512E-4
1.055289126096814E-4
1.0542383455684987E-4
1.0531896051284268E-4
1.0521428988996637E-4
1.0510982210277663E-4
1.050055565680606E-4
1.0490149270482169E-4
1.047976299342786E-4
1.0469396767985169E-4
1.0459050536714876E-4
1.044872424239538E-4
1.043841782802273E-4
1.0428131236808588E-4
1.0417864412179113E-4
1.0407617297774797E-4
1.0397389837449252E-4
1.0387181975266901E-4
1.0376993655504206E-4
1.0366824822647053E-4
1.0356675421390073E-4
1.034654539663594E-4
1.033643469349462E-4
1.0326343257281275E-4
1.0316271033517073E-4
1.0306217967926361E-4
1.0296184006437301E-4
1.0286169095179653E-4
1.0276173180484806E-4
1.0266196208884179E-4
1.0256238127109076E-4
1.0246298882088456E-4
1.0236378420949126E-4
1.0226476691015015E-4
1.0216593639804925E-4
1.0206729215032942E-4
1.0196883364606774E-4
1.0187056036627548E-4
1.0177247179388119E-4
1.0167456741372349E-4
1.0157684671255221E-4
1.0147930917900268E-4
1.0138195430360666E-4
1.0128478157876205E-4
1.0118779049874167E-4
1.0109098055967897E-4
1.0099435125955644E-4
1.0089790209820289E-4
1.0080163257727657E-4
1.0070554220026586E-4
1.0060963047247834E-4
1.0051389690102891E-4
1.00418340994833E-4
1.0032296226460505E-4
1.002277602228368E-4
1.001327343838009E-4
1.0003788426354274E-4
9.994320937986066E-5
The correct rate for BP: 100.00% 
