1.085095563221238
0.4735448020444248
0.12264426092650774
0.01811542330373161
0.010645217246169692
0.008197172429315027
0.006723339638268929
0.005712909318783821
0.004971230641297029
0.004401799707787588
0.003950110512488583
0.003582726599896226
0.0032778901776552498
0.00302079091528452
0.0028009796421658573
0.002610864358441374
0.002444791631208537
0.0022984625065127487
0.0021685483844643863
0.002052431026222469
0.0019480221436055252
0.0018536354546772296
0.0017678941845466552
0.00168966303592654
0.001617997381364748
0.001552104787625716
0.0014913155100821638
0.0014350596049137491
0.0013828489874041048
0.001334263231075054
0.0012889382271745271
0.0012465570534488711
0.0012068425653446611
0.0011695513417797918
0.0011344687048372617
0.0011014045973355418
0.0010701901505545638
0.00104067481088234
0.0010127239219330337
9.862166800211796E-4
9.610443973816821E-4
9.37109020387468E-4
9.143218601081354E-4
8.926025005219874E-4
8.71877856025401E-4
8.520813549431131E-4
8.331522298086957E-4
8.150348984687717E-4
7.976784227302733E-4
7.81036033445164E-4
7.650647127086489E-4
7.497248253135808E-4
7.349797928156651E-4
7.207958045695364E-4
7.071415609334135E-4
6.9398804453995E-4
6.813083161183392E-4
6.690773318470835E-4
6.572717796341805E-4
6.458699320752095E-4
6.348515141404E-4
6.241975838975058E-4
6.1389042479656E-4
6.039134482296632E-4
5.94251105240426E-4
5.848888063961353E-4
5.758128489556625E-4
5.670103505698385E-4
5.584691888407913E-4
5.501779461450914E-4
5.421258591935894E-4
5.343027728603427E-4
5.266990978649433E-4
5.193057719383668E-4
5.121142241423247E-4
5.051163420473824E-4
4.983044415062711E-4
4.916712387861132E-4
4.852098248476019E-4
4.7891364158068753E-4
4.727764598253006E-4
4.667923590227175E-4
4.609557083581618E-4
4.5526114926870047E-4
4.4970357920256766E-4
4.4427813652666876E-4
4.389801864887598E-4
4.338053081492382E-4
4.287492822054481E-4
4.238080796380785E-4
4.1897785111576544E-4
4.142549170993733E-4
4.0963575859276824E-4
4.05117008491254E-4
4.0069544348320563E-4
3.9636797646401057E-4
3.921316494249624E-4
3.879836267827278E-4
3.83921189117979E-4
3.7994172729411053E-4
3.7604273692946953E-4
3.722218131985254E-4
3.6847664593945016E-4
3.6480501504712723E-4
3.612047861324727E-4
3.576739064302501E-4
3.5421040093890955E-4
3.5081236877731537E-4
3.474779797442135E-4
3.442054710674994E-4
3.409931443310509E-4
3.3783936256807207E-4
3.347425475104093E-4
3.3170117698418566E-4
3.287137824428125E-4
3.257789466289388E-4
3.2289530135758035E-4
3.200615254131439E-4
3.172763425536214E-4
3.145385196156016E-4
3.118468647142111E-4
3.0920022553252016E-4
3.065974876952229E-4
3.0403757322182987E-4
3.0151943905485485E-4
2.9904207565880926E-4
2.966045056860227E-4
2.942057827056608E-4
2.918449899924193E-4
2.895212393717155E-4
2.8723367011824027E-4
2.849814479051104E-4
2.827637638008951E-4
2.8057983331193414E-4
2.7842889546770834E-4
2.7631021194687817E-4
2.742230662420235E-4
2.721667628610085E-4
2.7014062656316885E-4
2.6814400162852707E-4
2.6617625115841706E-4
2.642367564059387E-4
2.623249161347265E-4
2.6044014600476575E-4
2.5858187798376314E-4
2.56749559783023E-4
2.5494265431649056E-4
2.531606391819659E-4
2.514030061633931E-4
2.496692607532415E-4
2.479589216940145E-4
2.462715205380571E-4
2.4460660122476227E-4
2.4296371967439436E-4
2.41342443397773E-4
2.3974235112114077E-4
2.3816303242543953E-4
2.3660408739944148E-4
2.3506512630609103E-4
2.3354576926143405E-4
2.3204564592565834E-4
2.3056439520565346E-4
2.2910166496861416E-4
2.2765711176622706E-4
2.2623040056896895E-4
2.2482120451007713E-4
2.2342920463882545E-4
2.2205408968266376E-4
2.206955558178859E-4
2.1935330644845438E-4
2.1802705199266774E-4
2.1671650967731675E-4
2.154214033390318E-4
2.1414146323258014E-4
2.128764258457323E-4
2.1162603372055163E-4
2.1039003528074802E-4
2.0916818466492232E-4
2.0796024156544105E-4
2.0676597107272758E-4
2.055851435247624E-4
2.044175343615716E-4
2.0326292398455402E-4
2.0212109762039455E-4
2.0099184518945824E-4
1.9987496117845487E-4
1.987702445172235E-4
1.9767749845947768E-4
1.96596530467364E-4
1.9552715209972146E-4
1.94469178903834E-4
1.9342243031064956E-4
1.9238672953322044E-4
1.9136190346837178E-4
1.903477826013711E-4
1.8934420091356422E-4
1.8835099579284792E-4
1.8736800794686757E-4
1.863950813188486E-4
1.854320630059977E-4
1.8447880318032522E-4
1.8353515501186836E-4
1.8260097459418036E-4
1.8167612087204135E-4
1.8076045557129425E-4
1.798538431307528E-4
1.7895615063606682E-4
1.7806724775556106E-4
1.771870066778825E-4
1.763153020514666E-4
1.7545201092574055E-4
1.7459701269399125E-4
1.7375018903786346E-4
1.7291142387342612E-4
1.720806032987471E-4
1.7125761554295107E-4
1.7044235091667412E-4
1.696347017639257E-4
1.6883456241523732E-4
1.6804182914213764E-4
1.6725640011285378E-4
1.6647817534921365E-4
1.6570705668472952E-4
1.6494294772382044E-4
1.6418575380209633E-4
1.6343538194774608E-4
1.626917408439244E-4
1.6195474079214203E-4
1.6122429367663925E-4
1.6050031292967447E-4
1.597827134977319E-4
1.5907141180861127E-4
1.5836632573935463E-4
1.576673745850327E-4
1.5697447902830494E-4
1.5628756110977238E-4
1.556065441990892E-4
1.5493135296680075E-4
1.5426191335689374E-4
1.5359815256005003E-4
1.5293999898755286E-4
1.522873822458553E-4
1.5164023311179222E-4
1.5099848350837104E-4
1.503620664812119E-4
1.497309161755137E-4
1.4910496781361714E-4
1.4848415767311363E-4
1.4786842306545637E-4
1.472577023151332E-4
1.466519347393009E-4
1.460510606279321E-4
1.454550212244262E-4
1.448637587066842E-4
1.442772161686313E-4
1.436953376021806E-4
1.4311806787960905E-4
1.4254535273636437E-4
1.4197713875425394E-4
1.4141337334503412E-4
1.4085400473438578E-4
1.4029898194625065E-4
1.3974825478751723E-4
1.3920177383309204E-4
1.386594904112608E-4
1.3812135658944E-4
1.3758732516019708E-4
1.3705734962761963E-4
1.3653138419398556E-4
1.3600938374671862E-4
1.3549130384565318E-4
1.3497710071055087E-4
1.344667312089486E-4
1.3396015284420924E-4
1.3345732374388385E-4
1.3295820264830468E-4
1.3246274889943817E-4
1.3197092242997173E-4
1.3148268375264046E-4
1.3099799394978697E-4
1.3051681466314487E-4
1.3003910808383467E-4
1.2956483694258106E-4
1.290939645001393E-4
1.2862645453791158E-4
1.2816227134877754E-4
1.2770137972811552E-4
1.272437449649879E-4
1.2678933283356286E-4
1.2633810958465324E-4
1.2589004193747376E-4
1.254450970715555E-4
1.2500324261882487E-4
1.2456444665584737E-4
1.2412867769623218E-4
1.2369590468319026E-4
1.232660969822413E-4
1.2283922437407324E-4
1.224152570475434E-4
1.2199416559282005E-4
1.215759209946596E-4
1.2116049462583463E-4
1.207478582406585E-4
1.2033798396867655E-4
1.1993084430845842E-4
1.1952641212152582E-4
1.1912466062638307E-4
1.1872556339268298E-4
1.1832909433550498E-4
1.1793522770972368E-4
1.1754393810451851E-4
1.171552004379622E-4
1.1676898995173246E-4
1.1638528220591016E-4
1.160040530738963E-4
1.1562527873740306E-4
1.1524893568156128E-4
1.1487500069010477E-4
1.1450345084065953E-4
1.1413426350010741E-4
1.1376741632005606E-4
1.1340288723237001E-4
1.1304065444480702E-4
1.1268069643672215E-4
1.1232299195485941E-4
1.119675200092167E-4
1.1161425986898852E-4
1.1126319105858014E-4
1.1091429335370917E-4
1.1056754677755912E-4
1.1022293159700551E-4
1.0988042831893624E-4
1.0954001768660301E-4
1.0920168067605506E-4
1.088653984926528E-4
1.085311525676082E-4
1.0819892455462559E-4
1.078686963265689E-4
1.0754044997221676E-4
1.0721416779305657E-4
1.0688983230014284E-4
1.0656742621100212E-4
1.0624693244661021E-4
1.0592833412840864E-4
1.0561161457537237E-4
1.0529675730113843E-4
1.0498374601117193E-4
1.0467256460000159E-4
1.0436319714847413E-4
1.0405562792108152E-4
1.0374984136332211E-4
1.0344582209911126E-4
1.0314355492822766E-4
1.0284302482382518E-4
1.0254421692995153E-4
1.0224711655914474E-4
1.0195170919005015E-4
1.016579804650835E-4
1.0136591618812857E-4
1.0107550232228083E-4
1.0078672498762699E-4
1.0049957045905136E-4
1.0021402516410034E-4
9.993007568085514E-5
The correct rate for BP: 100.00% 
