0.8963693436278948
1.3075533063773457
0.13507794424469954
0.015220185385361162
0.009821604583664713
0.007509341696237312
0.006115011411954267
0.005162532207876171
0.004466628257581093
0.003934861607005795
0.003514957913109367
0.0031748801623888863
0.0028938221265783055
0.0026576556951679515
0.002456439350644256
0.0022829694829201433
0.0021318963392927106
0.0019991626516661478
0.0018816350383764077
0.0017768549569836894
0.0016828662066623121
0.0015980928251292192
0.0015212509792625049
0.0014512842860272713
0.001387315596698764
0.0013286105508547074
0.0012745496773055177
0.0012246067904531663
0.001178332084247145
0.0011353387734076613
0.0010952924427735016
0.001057902485161841
0.001022915165062801
9.901079590646082E-4
9.592849070380055E-4
9.302727696077989E-4
9.029178333865896E-4
8.770832400929081E-4
8.526467420291385E-4
8.294988066039064E-4
8.075410081998088E-4
7.866846578427797E-4
7.668496306553555E-4
7.479633585896627E-4
7.29959961899617E-4
7.127794975714597E-4
6.963673067530006E-4
6.80673446304725E-4
6.656521920963454E-4
6.512616037097658E-4
6.374631418769869E-4
6.242213313528561E-4
6.115034630543619E-4
5.992793302366932E-4
5.875209942570262E-4
5.762025761290382E-4
5.653000706177906E-4
5.547911800842278E-4
5.446551656762463E-4
5.348727137916908E-4
5.254258160171518E-4
5.162976609838217E-4
5.074725367841227E-4
4.989357427664693E-4
4.906735096741658E-4
4.826729272229394E-4
4.7492187832175257E-4
4.67408979237537E-4
4.601235250870892E-4
4.530554401115512E-4
4.4619523225139664E-4
4.39533951594767E-4
4.3306315231947986E-4
4.267748577913435E-4
4.20661528517636E-4
4.147160326874238E-4
4.0893161905851833E-4
4.0330189197607667E-4
3.9782078833018196E-4
3.924825562791264E-4
3.8728173558283223E-4
3.822131394061412E-4
3.772718374655279E-4
3.724531404050832E-4
3.677525852985484E-4
3.6316592218393456E-4
3.58689101546041E-4
3.543182626700386E-4
3.5004972279627494E-4
3.458799670128126E-4
3.418056388278768E-4
3.378235313695246E-4
3.339305791643985E-4
3.301238504517385E-4
3.2640053999236773E-4
3.227579623359889E-4
3.1919354551309434E-4
3.1570482512058637E-4
3.1228943877279624E-4
3.0894512089186903E-4
3.0566969781354686E-4
3.0246108318635913E-4
2.9931727364391174E-4
2.96236344731547E-4
2.9321644707019115E-4
2.902558027413771E-4
2.873527018787647E-4
2.845054994525453E-4
2.817126122341234E-4
2.789725159293997E-4
2.762837424698734E-4
2.7364487745148796E-4
2.7105455771196993E-4
2.685114690379659E-4
2.660143439939708E-4
2.6356195986558875E-4
2.611531367101211E-4
2.5878673550808597E-4
2.564616564095702E-4
2.5417683706982865E-4
2.5193125106886486E-4
2.497239064101147E-4
2.47553844093634E-4
2.454201367595495E-4
2.433218873977525E-4
2.412582281200888E-4
2.392283189915739E-4
2.3723134691734502E-4
2.3526652458225197E-4
2.333330894402422E-4
2.3143030275083175E-4
2.2955744866009646E-4
2.2771383332385398E-4
2.258987840707471E-4
2.2411164860316595E-4
2.223517942340109E-4
2.2061860715744862E-4
2.1891149175189785E-4
2.172298699136126E-4
2.1557318041929438E-4
2.139408783162792E-4
2.1233243433892396E-4
2.1074733434987586E-4
2.0918507880501603E-4
2.076451822409008E-4
2.061271727836124E-4
2.046305916779784E-4
2.0315499283620874E-4
2.016999424049808E-4
2.002650183501358E-4
1.9884981005814206E-4
1.9745391795353742E-4
1.9607695313163633E-4
1.947185370057388E-4
1.9337830096826693E-4
1.9205588606508546E-4
1.907509426825226E-4
1.8946313024642715E-4
1.8819211693278158E-4
1.869375793893263E-4
1.8569920246774022E-4
1.8447667896587353E-4
1.8326970937964634E-4
1.8207800166415142E-4
1.8090127100356683E-4
1.797392395895451E-4
1.785916364076735E-4
1.774581970316834E-4
1.763386634250606E-4
1.7523278374980333E-4
1.741403121819709E-4
1.7306100873375527E-4
1.71994639081858E-4
1.709409744018344E-4
1.6989979120822756E-4
1.6887087120024636E-4
1.6785400111271517E-4
1.6684897257216794E-4
1.6585558195782315E-4
1.6487363026725397E-4
1.6390292298659886E-4
1.6294326996509436E-4
1.6199448529379776E-4
1.6105638718833714E-4
1.6012879787548557E-4
1.5921154348347822E-4
1.58304453935904E-4
1.574073628490117E-4
1.5652010743234928E-4
1.5564252839257318E-4
1.547744698403227E-4
1.5391577920006853E-4
1.5306630712278197E-4
1.5222590740135908E-4
1.5139443688868423E-4
1.5057175541822947E-4
1.4975772572712508E-4
1.489522133815868E-4
1.481550867046222E-4
1.473662167059394E-4
1.4658547701398226E-4
1.4581274381001563E-4
1.4504789576418462E-4
1.4429081397347355E-4
1.435413819015301E-4
1.42799485320241E-4
1.4206501225304429E-4
1.4133785291989986E-4
1.406178996838456E-4
1.3990504699913306E-4
1.3919919136082942E-4
1.3850023125588383E-4
1.37808067115586E-4
1.3712260126938093E-4
1.3644373789998914E-4
1.3577138299979157E-4
1.3510544432843475E-4
1.344458313716293E-4
1.3379245530108214E-4
1.3314522893554485E-4
1.3250406670293083E-4
1.3186888460347553E-4
1.312396001738968E-4
1.306161324525284E-4
1.2999840194540934E-4
1.2938633059326863E-4
1.28779841739401E-4
1.2817886009841638E-4
1.275833117257843E-4
1.2699312398822946E-4
1.26408225534866E-4
1.2582854626911705E-4
1.2525401732134793E-4
1.2468457102222653E-4
1.2412014087676752E-4
1.2356066153904437E-4
1.2300606878754775E-4
1.2245629950118506E-4
1.2191129163587569E-4
1.2137098420175788E-4
1.208353172409568E-4
1.2030423180590312E-4
1.1977766993823479E-4
1.1925557464817207E-4
1.1873788989444231E-4
1.1822456056468298E-4
1.1771553245634615E-4
1.1721075225804185E-4
1.1671016753136035E-4
1.1621372669313898E-4
1.1572137899813672E-4
1.1523307452215631E-4
1.1474876414553968E-4
1.1426839953708831E-4
1.1379193313835207E-4
1.1331931814828788E-4
1.1285050850829967E-4
1.1238545888760329E-4
1.1192412466896166E-4
1.1146646193474476E-4
1.1101242745330551E-4
1.1056197866567935E-4
1.1011507367259663E-4
1.0967167122178596E-4
1.0923173069557062E-4
1.0879521209875699E-4
1.0836207604677466E-4
1.0793228375412584E-4
1.0750579702305543E-4
1.0708257823250218E-4
1.0666259032728349E-4
1.0624579680753832E-4
1.058321617183824E-4
1.054216496398178E-4
1.0501422567684282E-4
1.0460985544979657E-4
1.042085050849119E-4
1.0381014120506279E-4
1.0341473092073935E-4
1.0302224182118871E-4
1.0263264196576428E-4
1.0224589987546537E-4
1.0186198452464618E-4
1.0148086533291753E-4
1.0110251215719528E-4
1.0072689528395286E-4
1.0035398542161188E-4
9.99837536930978E-5
The correct rate for BP: 100.00% 
