2.2141567939750986
0.5107869211909443
0.20076818715925404
6.320386527271402E-4
6.068430935394353E-4
5.837929248962654E-4
5.628908349651414E-4
5.438083530315519E-4
5.262826008939832E-4
5.101008902949374E-4
4.950893904589982E-4
4.8110468201842225E-4
4.6802738531897766E-4
4.5575730048326457E-4
4.4420966311381965E-4
4.333122327061942E-4
4.230030090468819E-4
4.132284267065087E-4
4.039419167049908E-4
3.95102752454451E-4
3.866751174715674E-4
3.7862734733013636E-4
3.709313094337164E-4
3.6356189249854624E-4
3.564965839036276E-4
3.4971511782543117E-4
3.431991807164559E-4
3.369321634911647E-4
3.308989519550722E-4
3.250857487060014E-4
3.1947992106276995E-4
3.1406987062197777E-4
3.088449208706055E-4
3.0379521994082026E-4
2.9891165611932696E-4
2.9418578414644805E-4
2.896097606808299E-4
2.8517628758178884E-4
2.808785618860435E-4
2.76710231538824E-4
2.726653560899416E-4
2.6873837168902177E-4
2.6492405981667715E-4
2.6121751927296095E-4
2.5761414101529127E-4
2.541095854968867E-4
2.506997622063694E-4
2.4738081115057667E-4
2.441490860579392E-4
2.4100113910939254E-4
2.3793370702906703E-4
2.3494369838851755E-4
2.3202818199665967E-4
2.291843762633302E-4
2.2640963943793306E-4
2.237014606363643E-4
2.2105745157948708E-4
2.1847533897517926E-4
2.1595295748364561E-4
2.1348824321228079E-4
2.110792276922074E-4
2.0872403229366143E-4
2.064208630419312E-4
2.041680057993997E-4
2.0196382178277068E-4
1.9980674338761152E-4
1.9769527029506247E-4
1.9562796583793207E-4
1.9360345360564058E-4
1.9162041426927845E-4
1.8967758260985797E-4
1.8777374473423494E-4
1.859077354647305E-4
1.840784358895333E-4
1.8228477106215562E-4
1.8052570783926638E-4
1.7880025284698704E-4
1.7710745056666714E-4
1.7544638153187538E-4
1.7381616062892016E-4
1.7221593549396905E-4
1.7064488500023405E-4
1.691022178292985E-4
1.6758717112109393E-4
1.6609900919739055E-4
1.646370223541525E-4
1.6320052571834511E-4
1.617888581652197E-4
1.6040138129223006E-4
1.5903747844623175E-4
1.5769655380059767E-4
1.5637803147935283E-4
1.550813547254418E-4
1.5380598511059823E-4
1.5255140178432986E-4
1.5131710075978047E-4
1.5010259423434705E-4
1.489074099430735E-4
1.4773109054298073E-4
1.465731930265982E-4
1.4543328816308006E-4
1.443109599654107E-4
1.4320580518222535E-4
1.4211743281301504E-4
1.4104546364534308E-4
1.399895298130179E-4
1.3894927437404174E-4
1.379243509073215E-4
1.3691442312720745E-4
1.3591916451489395E-4
1.3493825796583153E-4
1.3397139545237908E-4
1.3301827770087742E-4
1.3207861388245381E-4
1.3115212131688784E-4
1.302385251888713E-4
1.2933755827606973E-4
1.2844896068843316E-4
1.2757247961816447E-4
1.2670786909990532E-4
1.2585488978060158E-4
1.2501330869861392E-4
1.2418289907165114E-4
1.2336344009308405E-4
1.2255471673630413E-4
1.2175651956671145E-4
1.2096864456101022E-4
1.2019089293346632E-4
1.1942307096885941E-4
1.1866498986174415E-4
1.1791646556184316E-4
1.1717731862521903E-4
1.1644737407102745E-4
1.1572646124357008E-4
1.1501441367946368E-4
1.1431106897965578E-4
1.1361626868610584E-4
1.1292985816295238E-4
1.1225168648193672E-4
1.1158160631193218E-4
1.1091947381241577E-4
1.1026514853068817E-4
1.096184933027113E-4
1.0897937415742102E-4
1.0834766022434413E-4
1.0772322364442966E-4
1.0710593948391461E-4
1.0649568565115913E-4
1.0589234281627852E-4
1.0529579433350534E-4
1.0470592616614254E-4
1.0412262681404665E-4
1.0354578724347966E-4
1.029753008193123E-4
1.0241106323942409E-4
1.0185297247127163E-4
1.0130092869048833E-4
1.007548342214951E-4
1.0021459347998509E-4
9.968011291728247E-5
The correct rate for BP: 100.00% 
