1.093888409561631
1.9048642951118584
1.0463824401647301
0.24413180676107776
0.02747133912108141
0.0077609979898532145
0.00609302855390427
0.005011916182730676
0.0042607173794971375
0.003708208903767534
0.0032842233167036947
0.002948213694076295
0.0026751419947410255
0.002448699192993673
0.002257794647392965
0.002094615879884482
0.00195349600642494
0.0018302216046120565
0.001721593024839581
0.0016251356689507034
0.0015389049070679602
0.001461350941514253
0.001391223126146591
0.0013275008957688197
0.0012693430356262572
0.0012160498385695344
0.0011670344777166145
0.0011218010734892559
0.0010799276937870337
0.0010410530372833107
0.0010048658997306578
9.710967664583992E-4
9.395110458811256E-4
9.099035815485874E-4
8.820941690910383E-4
8.559238694491652E-4
8.312519579069074E-4
8.079533844182437E-4
7.859166478585207E-4
7.650420074846244E-4
7.452399707358699E-4
7.264300087612187E-4
7.085394606025839E-4
6.915025944485103E-4
6.752598002808339E-4
6.597568929285631E-4
6.449445082920222E-4
6.307775785108152E-4
6.172148742810625E-4
6.042186045003704E-4
5.917540650285723E-4
5.797893296704364E-4
5.682949775715738E-4
5.57243852114876E-4
5.466108471486252E-4
5.363727169964126E-4
5.265079072168708E-4
5.169964035151966E-4
5.078195965738184E-4
4.989601608783287E-4
4.904019458759974E-4
4.8212987802631076E-4
4.741298724922306E-4
4.6638875338259425E-4
4.588941815945783E-4
4.516345894242656E-4
4.44599121215811E-4
4.3777757940831547E-4
4.311603754159992E-4
4.2473848484392924E-4
4.185034065990616E-4
4.1244712550698884E-4
4.065620780885111E-4
4.008411211887133E-4
3.952775031849451E-4
3.898648375295843E-4
3.845970784096786E-4
3.794684983284001E-4
3.744736674335316E-4
3.696074344362334E-4
3.648649089790522E-4
3.602414453264354E-4
3.557326272633724E-4
3.513342540990768E-4
3.470423276824191E-4
3.428530403448985E-4
3.3876276369464517E-4
3.3476803819228147E-4
3.308655634456659E-4
3.270521891663454E-4
3.2332490673569916E-4
3.1968084133332265E-4
3.1611724458439574E-4
3.1263148768659365E-4
3.0922105498039327E-4
3.058835379297904E-4
3.0261662948318516E-4
2.9941811878668185E-4
2.9628588622442894E-4
2.9321789876258955E-4
2.902122055755101E-4
2.87266933934314E-4
2.8438028533973E-4
2.8155053188242546E-4
2.787760128153447E-4
2.7605513132379747E-4
2.733863514801489E-4
2.707681953708585E-4
2.6819924038464177E-4
2.656781166513006E-4
2.6320350462153243E-4
2.6077413277876755E-4
2.58388775474696E-4
2.5604625088075216E-4
2.537454190483941E-4
2.514851800714737E-4
2.492644723444778E-4
2.470822709109045E-4
2.4493758589632124E-4
2.4282946102111719E-4
2.4075697218825455E-4
2.3871922614163596E-4
2.3671535919102366E-4
2.347445359996595E-4
2.3280594843104924E-4
2.308988144515555E-4
2.2902237708566405E-4
2.271759034210394E-4
2.2535868366055546E-4
2.2357003021880367E-4
2.2180927686062915E-4
2.200757778794073E-4
2.1836890731302114E-4
2.166880581954211E-4
2.1503264184202005E-4
2.1340208716703944E-4
2.1179584003124408E-4
2.1021336261844954E-4
2.0865413283932871E-4
2.0711764376118107E-4
2.0560340306229868E-4
2.0411093250971593E-4
2.0263976745922975E-4
2.0118945637651698E-4
1.997595603783707E-4
1.983496527930405E-4
1.969593187388061E-4
1.9558815471984464E-4
1.9423576823860236E-4
1.9290177742392058E-4
1.915858106740997E-4
1.9028750631427707E-4
1.89006512267408E-4
1.8774248573825237E-4
1.8649509290975737E-4
1.8526400865126415E-4
1.840489162380279E-4
1.8284950708153625E-4
1.8166548047011139E-4
1.8049654331940242E-4
1.7934240993227452E-4
1.7820280176772009E-4
1.7707744721837774E-4
1.7596608139629975E-4
1.7486844592661481E-4
1.737842887487336E-4
1.7271336392480025E-4
1.7165543145505207E-4
1.7061025709984892E-4
1.6957761220802176E-4
1.6855727355136348E-4
1.675490231649209E-4
1.665526481929276E-4
1.6556794074010543E-4
1.6459469772811658E-4
1.636327207569779E-4
1.6268181597123624E-4
1.6174179393068532E-4
1.6081246948550497E-4
1.5989366165557767E-4
1.5898519351387346E-4
1.5808689207371304E-4
1.5719858817978534E-4
1.56320116402741E-4
1.5545131493726892E-4
1.5459202550347412E-4
1.5374209325146935E-4
1.5290136666905156E-4
1.520696974923343E-4
1.512469406192355E-4
1.504329540257125E-4
1.4962759868465951E-4
1.4883073848732372E-4
1.480422401672276E-4
1.4726197322639974E-4
1.4648980986393202E-4
1.4572562490672565E-4
1.449692957423527E-4
1.4422070225397738E-4
1.4347972675722988E-4
1.4274625393900122E-4
1.4202017079808198E-4
1.4130136658755833E-4
1.4058973275892612E-4
1.3988516290786373E-4
1.3918755272159552E-4
1.3849679992780097E-4
1.3781280424500828E-4
1.3713546733444074E-4
1.3646469275322811E-4
1.3580038590898721E-4
1.3514245401569867E-4
1.344908060508175E-4
1.3384535271362423E-4
1.3320600638474386E-4
1.3257268108678787E-4
1.319452924461152E-4
1.3132375765564122E-4
1.30707995438686E-4
1.300979260138078E-4
1.2949347106061706E-4
1.288945536865065E-4
1.2830109839430149E-4
1.2771303105076998E-4
1.2713027885599075E-4
1.2655277031354352E-4
1.259804352014892E-4
1.2541320454412944E-4
1.2485101058450063E-4
1.2429378675760046E-4
1.2374146766432485E-4
1.2319398904607107E-4
1.2265128776001183E-4
1.221133017549964E-4
1.2157997004809226E-4
1.2105123270171452E-4
1.2052703080134527E-4
1.2000730643380916E-4
1.1949200266612805E-4
1.1898106352487493E-4
1.1847443397606834E-4
1.1797205990556896E-4
1.1747388809994805E-4
1.1697986622785311E-4
1.1648994282182306E-4
1.16004067260546E-4
1.1552218975156679E-4
1.1504426131439854E-4
1.1457023376406394E-4
1.1410005969502144E-4
1.1363369246548373E-4
1.1317108618211137E-4
1.1271219568507822E-4
1.1225697653349203E-4
1.1180538499114928E-4
1.1135737801263989E-4
1.1091291322978472E-4
1.104719489383664E-4
1.1003444408519632E-4
1.0960035825547526E-4
1.091696516604346E-4
1.0874228512527804E-4
1.0831822007740141E-4
1.0789741853487012E-4
1.0747984309516765E-4
1.0706545692420169E-4
1.0665422374555468E-4
1.062461078299886E-4
1.0584107398516148E-4
1.054390875456029E-4
1.0504011436289942E-4
1.0464412079608767E-4
1.04251073702291E-4
1.0386094042752664E-4
1.0347368879774946E-4
1.0308928711006007E-4
1.027077041241269E-4
1.0232890905379474E-4
1.019528715588601E-4
1.0157956173703597E-4
1.0120895011608779E-4
1.0084100764614528E-4
1.0047570569215547E-4
1.0011301602652204E-4
9.975291082189209E-5
The correct rate for BP: 100.00% 
