0.9099700218180227
0.8677814516004718
0.14890456332371937
0.056063269769115645
0.02388838812617904
0.0171498935349678
0.013450787636567024
0.011089162149377831
0.009439226453934493
0.008217269570862894
0.007274226646130799
0.006523666342598735
0.0059117929508212515
0.005403275661484407
0.004973908565059129
0.004606530112488333
0.0042886233663872245
0.00401083838952936
0.003766046912956179
0.0035487175855063637
0.0033544914061511538
0.00317988611046726
0.0030220859115776466
0.0028787891019153968
0.002748095717780876
0.002628423473404257
0.002518443985317662
0.0024170337859982256
0.002323236269137428
0.0022362318190980476
0.002155314139900977
0.0020798713313267404
0.0020093706364103093
0.0019433460547279794
0.0018813882119363854
0.0018231360199399396
0.0017682697688169318
0.001716505371598156
0.0016675895434401739
0.0016212957428230683
0.0015774207378268462
0.0015357816879744285
0.0014962136535290795
0.0014585674609384812
0.001422707866400062
0.0013885119700823556
0.0013558678419835686
0.0013246733271997083
0.0012948350038641814
0.00126626727148026
0.0012388915510069445
0.0012126355810432802
0.001187432796912479
0.0011632217814794424
0.0011399457782208654
0.0011175522584728175
0.0010959925359556371
0.001075221422661875
0.0010551969210238186
0.0010358799479784828
0.0010172340871422469
9.99225365812779E-4
9.818220539466228E-4
9.649944826286193E-4
9.48714879865357E-4
9.329572218056276E-4
9.176970977246633E-4
9.029115873105216E-4
8.885791489657657E-4
8.746795179890255E-4
8.611936136326368E-4
8.481034541476362E-4
8.353920790272857E-4
8.23043477748329E-4
8.110425243857478E-4
7.99374917544653E-4
7.880271251120264E-4
7.769863333836803E-4
7.662404001679087E-4
7.557778115082762E-4
7.455876417041969E-4
7.356595163401793E-4
7.259835780632041E-4
7.165504548730757E-4
7.073512307133683E-4
6.983774181708374E-4
6.896209331091623E-4
6.810740710793018E-4
6.727294853631263E-4
6.645801665199898E-4
6.566194233178968E-4
6.488408649411243E-4
6.412383843759583E-4
6.338061428845791E-4
6.265385554850189E-4
6.194302773620167E-4
6.124761911400038E-4
6.056713949551214E-4
5.990111912685211E-4
5.924910763677158E-4
5.861067305072766E-4
5.798540086439522E-4
5.737289317247962E-4
5.677276784904009E-4
5.618465777578898E-4
5.560821011514718E-4
5.504308562504809E-4
5.448895801272806E-4
5.394551332494383E-4
5.341244937224744E-4
5.2889475185121E-4
5.237631049993911E-4
5.187268527287023E-4
5.137833921996156E-4
5.089302138178225E-4
5.041648971110943E-4
4.994851068224965E-4
4.948885892068296E-4
4.903731685181238E-4
4.859367436767523E-4
4.8157728510562743E-4
4.7729283172548545E-4
4.7308148810010307E-4
4.6894142172275476E-4
4.648708604358343E-4
4.6086808997611794E-4
4.569314516386146E-4
4.530593400522807E-4
4.4925020106160427E-4
4.4550252970800323E-4
4.418148683057874E-4
4.3818580460748584E-4
4.346139700537362E-4
4.31098038103253E-4
4.2763672263864295E-4
4.2422877644406016E-4
4.208729897509959E-4
4.1756818884863356E-4
4.1431323475549453E-4
4.1110702194922626E-4
4.079484771516002E-4
4.0483655816592776E-4
4.017702527643138E-4
3.9874857762224397E-4
3.957705772981767E-4
3.9283532325599284E-4
3.8994191292814E-4
3.870894688175635E-4
3.8427713763659085E-4
3.8150408948093244E-4
3.787695170372144E-4
3.7607263482243526E-4
3.734126784538543E-4
3.7078890394794334E-4
3.68200587046994E-4
3.6564702257218883E-4
3.631275238018803E-4
3.606414218739927E-4
3.581880652113877E-4
3.5576681896927367E-4
3.533770645035807E-4
3.5101819885945216E-4
3.486896342789217E-4
3.4639079772699776E-4
3.441211304353024E-4
3.4188008746253773E-4
3.396671372710784E-4
3.374817613189841E-4
3.353234536667557E-4
3.3319172059829484E-4
3.3108608025539816E-4
3.2900606228526577E-4
3.269512075004523E-4
3.2492106755083075E-4
3.2291520460696696E-4
3.209331910545246E-4
3.1897460919926013E-4
3.170390509820873E-4
3.151261177039741E-4
3.1323541976010144E-4
3.113665763830447E-4
3.095192153946277E-4
3.076929729659673E-4
3.0588749338561044E-4
3.0410242883524194E-4
3.023374391728542E-4
3.0059219172291524E-4
2.988663610734449E-4
2.9715962887961534E-4
2.954716836736721E-4
2.9380222068096023E-4
2.921509416418034E-4
2.905175546390013E-4
2.8890177393082106E-4
2.87303319789157E-4
2.8572191834278963E-4
2.841573014254958E-4
2.8260920642883785E-4
2.8107737615947886E-4
2.7956155870087967E-4
2.780615072791776E-4
2.765769801331302E-4
2.751077403879943E-4
2.7365355593314837E-4
2.72214199303408E-4
2.7078944756382754E-4
2.693790821979097E-4
2.679828889991275E-4
2.6660065796558645E-4
2.652321831977545E-4
2.6387726279919623E-4
2.625356987800984E-4
2.612072969636326E-4
2.598918668949447E-4
2.585892217527657E-4
2.5729917826349165E-4
2.5602155661769713E-4
2.547561803890079E-4
2.5350287645520606E-4
2.5226147492154023E-4
2.5103180904615535E-4
2.4981371516759375E-4
2.486070326342407E-4
2.47411603735729E-4
2.46227273636207E-4
2.4505389030938054E-4
2.4389130447534068E-4
2.4273936953904865E-4
2.4159794153050392E-4
2.4046687904645433E-4
2.3934604319368453E-4
2.3823529753377697E-4
2.3713450802934037E-4
2.360435429916187E-4
2.3496227302947258E-4
2.338905709997045E-4
2.3282831195861205E-4
2.3177537311483038E-4
2.3073163378337482E-4
2.296969753408237E-4
2.2867128118166314E-4
2.2765443667574205E-4
2.2664632912675642E-4
2.2564684773181758E-4
2.2465588354199817E-4
2.2367332942387517E-4
2.2269908002201685E-4
2.2173303172238972E-4
2.2077508261666992E-4
2.1982513246742125E-4
2.1888308267412938E-4
2.1794883624004843E-4
2.1702229773984703E-4
2.161033732880583E-4
2.1519197050823315E-4
2.142879985028901E-4
2.1339136782413178E-4
2.125019904449865E-4
2.1161977973140617E-4
2.1074465041492845E-4
2.0987651856599414E-4
2.0901530156786235E-4
2.081609180911329E-4
2.0731328806888497E-4
2.0647233267235415E-4
2.056379742871936E-4
2.0481013649026433E-4
2.0398874402695585E-4
2.03173722789026E-4
2.0236499979294878E-4
2.0156250315872293E-4
2.007661620891875E-4
1.9997590684977967E-4
1.9919166874875875E-4
1.984133801178526E-4
1.976409742933487E-4
1.9687438559758282E-4
1.961135493208588E-4
1.9535840170373828E-4
1.946088799197404E-4
1.938649220583959E-4
1.931264671086808E-4
1.9239345494280873E-4
1.916658263003632E-4
1.9094352277277315E-4
1.9022648678812282E-4
1.8951466159628148E-4
1.88807991254354E-4
1.881064206124288E-4
1.8740989529962825E-4
1.867183617104623E-4
1.860317669914607E-4
1.853500590280685E-4
1.8467318643184563E-4
1.8400109852790119E-4
1.8333374534260314E-4
1.8267107759153888E-4
1.8201304666771095E-4
1.8135960463000055E-4
1.8071070419182857E-4
1.8006629871007457E-4
1.7942634217421501E-4
1.7879078919567104E-4
1.7815959499737467E-4
1.7753271540354196E-4
1.7691010682967077E-4
1.7629172627269029E-4
1.7567753130136508E-4
1.750674800468266E-4
1.7446153119335384E-4
1.7385964396928277E-4
1.7326177813812205E-4
1.7266789398983972E-4
1.7207795233229617E-4
1.7149191448288483E-4
1.709097422602959E-4
1.7033139797645308E-4
1.6975684442861207E-4
1.6918604489159258E-4
1.686189631101861E-4
1.680555632916732E-4
1.6749581009850933E-4
1.6693966864114425E-4
1.6638710447096125E-4
1.658380835733645E-4
1.652925723609983E-4
1.6475053766707516E-4
1.6421194673884985E-4
1.636767672311893E-4
1.6314496720029218E-4
1.6261651509748962E-4
1.6209137976319423E-4
1.6156953042093636E-4
1.6105093667150727E-4
1.605355684872352E-4
1.6002339620634624E-4
1.595143905274053E-4
1.5900852250391872E-4
1.5850576353896396E-4
1.5800608537996924E-4
1.5750946011355805E-4
1.5701586016049414E-4
1.5652525827071208E-4
1.560376275184507E-4
1.5555294129744842E-4
1.5507117331624095E-4
1.545922975935395E-4
1.5411628845368887E-4
1.5364312052219974E-4
1.531727687213592E-4
1.527052082659289E-4
1.5224041465890698E-4
1.517783636873674E-4
1.5131903141835858E-4
1.508623941949074E-4
1.5040842863204483E-4
1.4995711161292763E-4
1.495084202850361E-4
1.4906233205640051E-4
1.486188245919313E-4
1.4817787580976923E-4
1.477394638777462E-4
1.473035672098645E-4
1.468701644628508E-4
1.4643923453276815E-4
1.4601075655168831E-4
1.4558470988440515E-4
1.4516107412522363E-4
1.447398290947763E-4
1.4432095483691364E-4
1.4390443161564184E-4
1.4349023991209778E-4
1.430783604215883E-4
1.4266877405066865E-4
1.4226146191427603E-4
1.418564053328991E-4
1.4145358582980227E-4
1.410529851282977E-4
1.4065458514904536E-4
1.4025836800741638E-4
1.3986431601087978E-4
1.3947241165644908E-4
1.390826376281469E-4
1.3869497679454217E-4
1.3830941220629197E-4
1.3792592709374482E-4
1.3754450486457148E-4
1.3716512910143946E-4
1.3678778355971955E-4
1.3641245216522609E-4
1.3603911901199963E-4
1.356677683601212E-4
1.3529838463355602E-4
1.3493095241803686E-4
1.345654564589751E-4
1.342018816594056E-4
1.3384021307797134E-4
1.3348043592691398E-4
1.3312253557013704E-4
1.32766497521255E-4
1.3241230744169126E-4
1.3205995113881676E-4
1.317094145641015E-4
1.3136068381128748E-4
1.3101374511460752E-4
1.3066858484702212E-4
1.3032518951848005E-4
1.2998354577420693E-4
1.2964364039302757E-4
1.2930546028569394E-4
1.2896899249326054E-4
1.2863422418546685E-4
1.2830114265915176E-4
1.2796973533669157E-4
1.2763998976445448E-4
1.2731189361128302E-4
1.2698543466700357E-4
1.2666060084094808E-4
1.2633738016049647E-4
1.2601576076965E-4
1.2569573092762053E-4
1.2537727900743632E-4
1.2506039349457492E-4
1.2474506298560897E-4
1.2443127618687758E-4
1.241190219131723E-4
1.238082890864405E-4
1.2349906673451289E-4
1.2319134398984708E-4
1.228851100882901E-4
1.225803543678465E-4
1.2227706626748337E-4
1.2197523532594503E-4
1.2167485118056936E-4
1.2137590356614176E-4
1.2107838231376078E-4
1.2078227734970285E-4
1.2048757869432907E-4
1.2019427646098249E-4
1.1990236085491898E-4
1.1961182217224289E-4
1.1932265079885558E-4
1.1903483720943821E-4
1.1874837196641254E-4
1.1846324571894887E-4
1.181794492019774E-4
1.178969732352021E-4
1.1761580872214541E-4
1.1733594664918948E-4
1.1705737808464503E-4
1.1678009417782094E-4
1.1650408615812182E-4
1.1622934533413195E-4
1.1595586309273392E-4
1.1568363089823849E-4
1.154126402915113E-4
1.1514288288912478E-4
1.1487435038251032E-4
1.1460703453713229E-4
1.1434092719167407E-4
1.1407602025721421E-4
1.1381230571643973E-4
1.1354977562285738E-4
1.1328842210001327E-4
1.1302823734072665E-4
1.1276921360632759E-4
1.1251134322592615E-4
1.1225461859565865E-4
1.1199903217796034E-4
1.1174457650085953E-4
1.114912441572571E-4
1.1123902780422853E-4
1.1098792016233919E-4
1.1073791401495349E-4
1.1048900220756567E-4
1.102411776471379E-4
1.0999443330143745E-4
1.0974876219839681E-4
1.0950415742546704E-4
1.0926061212898766E-4
1.0901811951356878E-4
1.0877667284146869E-4
1.0853626543198919E-4
1.0829689066087553E-4
1.0805854195972023E-4
1.0782121281538663E-4
1.0758489676941725E-4
1.0734958741748208E-4
1.0711527840879146E-4
1.0688196344556109E-4
1.066496362824501E-4
1.0641829072602097E-4
1.0618792063420722E-4
1.0595851991577481E-4
1.057300825298152E-4
1.0550260248520792E-4
1.052760738401244E-4
1.0505049070152383E-4
1.0482584722465152E-4
1.0460213761254408E-4
1.0437935611555363E-4
1.0415749703085496E-4
1.0393655470198189E-4
1.0371652351835824E-4
1.0349739791482193E-4
1.0327917237119182E-4
1.0306184141179627E-4
1.028453996050298E-4
1.0262984156291823E-4
1.0241516194068272E-4
1.0220135543630726E-4
1.0198841679010619E-4
1.017763407843228E-4
1.0156512224269296E-4
1.0135475603004862E-4
1.0114523705190615E-4
1.0093656025407067E-4
1.0072872062223299E-4
1.0052171318158408E-4
1.0031553299642829E-4
1.0011017516979466E-4
9.990563484306892E-5
The correct rate for BP: 100.00% 
