0.7717391657132591
0.612006784520734
0.1854016269376835
0.043262409640539616
0.006379015478544937
0.005429486356569576
0.004778776918986764
0.004285086277978075
0.0038906187153517837
0.003565429025115663
0.0032915610225159935
0.003057208527672623
0.0028541247419980593
0.0026763018196141334
0.0025192255697052556
0.0023794220470197175
0.0022541658868682835
0.0021412845315584086
0.002039022363884313
0.001945943844387107
0.001860862900514675
0.001782790473950985
0.0017108949187472358
0.0016444716738793109
0.0015829197438386481
0.001525723252031714
0.00147243682466469
0.001422673901826418
0.0013760973098558352
0.0013324115979187734
0.001291356763523499
0.0012527030807117907
0.0012162468104687742
0.0011818066220721055
0.001149220591216543
0.0011183436690198037
0.0010890455377318123
0.0010612087857846337
0.0010347273479375957
0.0010095051665764553
9.85455038373578E-4
9.624976169989053E-4
9.405605477602623E-4
9.195777142271274E-4
8.99488580270245E-4
8.80237613696535E-4
8.617737799027798E-4
8.440500958135437E-4
8.270232358867679E-4
8.106531832273244E-4
7.949029198927481E-4
7.79738151346703E-4
7.651270607445658E-4
7.510400893486095E-4
7.374497398861813E-4
7.243304001014611E-4
7.116581841214572E-4
6.994107895723714E-4
6.875673686512612E-4
6.761084115881793E-4
6.650156411313075E-4
6.542719168576134E-4
6.438611482577676E-4
6.337682156709792E-4
6.239788982548388E-4
6.144798082706576E-4
6.052583310476467E-4
5.963025700616989E-4
5.876012966275033E-4
5.791439037583767E-4
5.709203637964522E-4
5.629211894588029E-4
5.55137397982479E-4
5.475604780847368E-4
5.401823594839986E-4
5.329953847530036E-4
5.259922832986726E-4
5.191661472836263E-4
5.125104093224663E-4
5.060188218020891E-4
4.996854376898387E-4
4.935045927061051E-4
4.874708887496112E-4
4.8157917847391435E-4
4.7582455092295495E-4
4.702023181418333E-4
4.6470800268643206E-4
4.593373259623844E-4
4.540861973298169E-4
4.489507039158677E-4
4.4392710108200555E-4
4.3901180349752936E-4
4.342013767748043E-4
4.2949252962549815E-4
4.248821065002471E-4
4.203670806775311E-4
4.1594454776996026E-4
4.11611719619004E-4
4.073659185512423E-4
4.0320457197148797E-4
3.991252072699462E-4
3.9512544702234234E-4
3.91203004463597E-4
3.8735567921697306E-4
3.8358135326214363E-4
3.7987798712663085E-4
3.762436162864295E-4
3.726763477624331E-4
3.6917435690049044E-4
3.6573588432349747E-4
3.6235923304503046E-4
3.590427657345654E-4
3.557849021250801E-4
3.5258411655450755E-4
3.4943893563301305E-4
3.463479360286988E-4
3.433097423647444E-4
3.403230252215061E-4
3.373864992375708E-4
3.3449892130401064E-4
3.3165908884663046E-4
3.2886583819118895E-4
3.261180430070299E-4
3.234146128246822E-4
3.2075449162344364E-4
3.1813665648510733E-4
3.1556011631018527E-4
3.130239105934157E-4
3.1052710825520374E-4
3.080688065261964E-4
3.056481298821181E-4
3.0326422902626207E-4
3.009162799171835E-4
2.9860348283924064E-4
2.963250615138521E-4
2.9408026224933765E-4
2.918683531274751E-4
2.896886232248718E-4
2.875403818674994E-4
2.854229579166712E-4
2.8333569908500734E-4
2.8127797128088506E-4
2.7924915798000865E-4
2.7724865962280095E-4
2.752758930364049E-4
2.733302908801077E-4
2.7141130111309837E-4
2.695183864835235E-4
2.6765102403784896E-4
2.658087046495904E-4
2.639909325665201E-4
2.621972249755564E-4
2.604271115844639E-4
2.5868013421967407E-4
2.569558464394538E-4
2.552538131618247E-4
2.5357361030647554E-4
2.5191482445013447E-4
2.5027705249481744E-4
2.4865990134832695E-4
2.4706298761654826E-4
2.454859373070115E-4
2.4392838554323875E-4
2.4238997628942113E-4
2.4087036208500766E-4
2.3936920378876708E-4
2.378861703319662E-4
2.3642093848025194E-4
2.3497319260390212E-4
2.3354262445610946E-4
2.321289329589439E-4
2.3073182399673876E-4
2.2935101021652604E-4
2.2798621083532506E-4
2.2663715145394622E-4
2.2530356387709434E-4
2.239851859395025E-4
2.226817613378706E-4
2.21393039468392E-4
2.2011877526963527E-4
2.188587290705923E-4
2.176126664436811E-4
2.1638035806254222E-4
2.1516157956440383E-4
2.1395611141689108E-4
2.1276373878908845E-4
2.1158425142670824E-4
2.1041744353119104E-4
2.0926311364262543E-4
2.0812106452634043E-4
2.0699110306301205E-4
2.0587304014218826E-4
2.0476669055909582E-4
2.036718729146025E-4
2.0258840951824613E-4
2.0151612629420925E-4
2.0045485269011375E-4
1.9940442158858238E-4
1.9836466922143513E-4
1.9733543508645035E-4
1.9631656186655554E-4
1.9530789535145607E-4
1.9430928436152807E-4
1.9332058067393252E-4
1.9234163895088982E-4
1.913723166700216E-4
1.9041247405669848E-4
1.89461974018329E-4
1.8852068208051624E-4
1.8758846632502477E-4
1.8666519732951035E-4
1.857507481089331E-4
1.8484499405861877E-4
1.83947812898891E-4
1.830590846212627E-4
1.821786914360843E-4
1.8130651772166212E-4
1.804424499747363E-4
1.7958637676232926E-4
1.7873818867488895E-4
1.7789777828070057E-4
1.7706504008153037E-4
1.7623987046943272E-4
1.7542216768473313E-4
1.7461183177511263E-4
1.7380876455576783E-4
1.730128695706372E-4
1.7222405205461453E-4
1.7144221889676934E-4
1.706672786045207E-4
1.698991412687094E-4
1.6913771852960783E-4
1.683829235437719E-4
1.6763467095175786E-4
1.6689287684663304E-4
1.6615745874331588E-4
1.6542833554865957E-4
1.647054275323082E-4
1.6398865629826766E-4
1.6327794475718451E-4
1.6257321709931084E-4
1.6187439876815446E-4
1.6118141643474884E-4
1.604941979725751E-4
1.5981267243307678E-4
1.5913677002178645E-4
1.5846642207502254E-4
1.5780156103713505E-4
1.5714212043833206E-4
1.564880348729882E-4
1.5583923997850718E-4
1.551956724146786E-4
1.5455726984349585E-4
1.5392397090949718E-4
1.532957152205137E-4
1.5267244332890982E-4
1.5205409671323447E-4
1.5144061776031044E-4
1.5083194974773118E-4
1.5022803682676104E-4
1.4962882400562622E-4
1.4903425713318788E-4
1.484442828829916E-4
1.478588487376683E-4
1.4727790297369212E-4
1.467013946464865E-4
1.4612927357584866E-4
1.455614903317176E-4
1.4499799622024078E-4
1.4443874327016917E-4
1.4388368421953772E-4
1.433327725026308E-4
1.4278596223726741E-4
1.4224320821232E-4
1.4170446587554133E-4
1.411696913216363E-4
1.406388412805835E-4
1.4011187310624388E-4
1.3958874476517033E-4
1.3906941482568042E-4
1.3855384244715853E-4
1.3804198736958858E-4
1.3753380990329144E-4
1.3702927091890753E-4
1.36528331837549E-4
1.3603095462120664E-4
1.3553710176331484E-4
1.350467362795332E-4
1.3455982169872143E-4
1.3407632205408745E-4
1.3359620187452774E-4
1.3311942617614023E-4
1.3264596045392034E-4
1.321757706736027E-4
1.3170882326370313E-4
1.312450851076814E-4
1.3078452353630402E-4
1.3032710632012435E-4
1.2987280166213802E-4
1.294215781905681E-4
1.2897340495180633E-4
1.285282514034867E-4
1.280860874076979E-4
1.2764688322433373E-4
1.2721060950456357E-4
1.2677723728444587E-4
1.2634673797864797E-4
1.2591908337431185E-4
1.2549424562500496E-4
1.2507219724483044E-4
1.246529111026085E-4
1.242363604162E-4
1.238225187469271E-4
1.2341135999409785E-4
1.2300285838964223E-4
1.225969884928362E-4
1.22193725185151E-4
1.2179304366517421E-4
1.2139491944362854E-4
1.2099932833850687E-4
1.2060624647027212E-4
1.2021565025716085E-4
1.1982751641056405E-4
1.1944182193050448E-4
1.1905854410119236E-4
1.1867766048665672E-4
1.18299148926473E-4
1.1792298753154388E-4
1.1754915467998725E-4
1.171776290130666E-4
1.1680838943122803E-4
1.1644141509017762E-4
1.1607668539705476E-4
1.1571418000666044E-4
1.153538788177528E-4
1.14995761969413E-4
1.1463980983748024E-4
1.1428600303104081E-4
1.1393432238898002E-4
1.1358474897660258E-4
1.1323726408231023E-4
1.1289184921432477E-4
1.1254848609749097E-4
1.1220715667011509E-4
1.1186784308086934E-4
1.1153052768574959E-4
1.1119519304507572E-4
1.1086182192055804E-4
1.1053039727240388E-4
1.1020090225648064E-4
1.0987332022151477E-4
1.095476347063614E-4
1.092238294372922E-4
1.0890188832535657E-4
1.0858179546375835E-4
1.0826353512531071E-4
1.0794709175989995E-4
1.0763244999202069E-4
1.0731959461832897E-4
1.0700851060525132E-4
1.0669918308662648E-4
1.0639159736139221E-4
1.0608573889130505E-4
1.0578159329869131E-4
1.0547914636425225E-4
1.0517838402489615E-4
1.048792923715985E-4
1.0458185764730736E-4
1.0428606624488341E-4
1.0399190470505908E-4
1.036993597144552E-4
1.0340841810360279E-4
1.0311906684501791E-4
1.0283129305129519E-4
1.0254508397323283E-4
1.0226042699800175E-4
1.0197730964731333E-4
1.0169571957565794E-4
1.0141564456853046E-4
1.0113707254070873E-4
1.0085999153455694E-4
1.0058438971834642E-4
1.0031025538460362E-4
1.0003757694849894E-4
9.976634294624155E-5
The correct rate for BP: 100.00% 
