0.9924410337604725
0.7679961733737084
0.35681683224433874
0.1714684508589382
0.09567914902613221
0.06407654393785887
0.04745889073178655
0.037341887312108135
0.030592124233343194
0.025796202958416146
0.022228068876267344
0.01947851761781786
0.017300271687302162
0.015535547642160434
0.014079168642992166
0.012858462010212015
0.011821683144126505
0.010931037071336996
0.010158305743837788
0.009482015868947858
0.00888555115569983
0.008355862075117513
0.007882564258403307
0.007457295937512848
0.00707325185518181
0.006724839768124653
0.0064074236325538545
0.0061171290697247145
0.0058506942364528495
0.005605354242821192
0.005378750661863519
0.005168860020429733
0.004973936799540602
0.00479246763409032
0.004623134235247299
0.004464783163984763
0.00431640102822173
0.004177094005242172
0.004046070837420652
0.003922628635303012
0.003806140963729574
0.0036960477953863
0.003591847000210576
0.0034930871045133365
0.0033993611049676978
0.003310301163068392
0.003225574037767003
0.0031448771396048888
0.0030679351102196285
0.0029944968476783166
0.002924332911526699
0.0028572332523840124
0.0027930052198634264
0.002731471809950016
0.002672470119033428
0.002615849976815389
0.00256147273448823
0.0025092101880642395
0.0024589436196538264
0.0024105629419405587
0.002363965933167627
0.0023190575516963863
0.002275749320679382
0.002233958774649588
0.0021936089609026197
0.0021546279894671897
0.0021169486262476345
0.002080507924599134
0.002045246891180465
0.002011110182433282
0.0019780458284735006
0.0019460049815590535
0.0019149416866281622
0.0018848126716887862
0.001855577156091258
0.0018271966749348247
0.0017996349180515552
0.0017728575821797867
0.0017468322350878084
0.0017215281905394785
0.001696916393109264
0.0016729693119560474
0.0016496608427561488
0.0016269662170758695
0.001604861918535757
0.0015833256051818734
0.0015623360375363272
0.001541873011849878
0.0015219172981242389
0.0015024505825126755
0.0014834554137433112
0.0014649151532422095
0.0014468139286625869
0.0014291365905527225
0.0014118686719187343
0.0013949963504598878
0.0013785064132732642
0.0013623862238419796
0.0013466236911371708
0.001331207240677765
0.0013161257874055293
0.0013013687102441918
0.0012869258282224069
0.0012727873780498025
0.0012589439930444425
0.001245386683317776
0.0012321068171308163
0.0012190961033417289
0.0012063465748712839
0.0011938505731181976
0.0011816007332614432
0.0011695899703915076
0.001157811466416532
0.0011462586576936663
0.0011349252233391787
0.001123805074174485
0.001112892342268271
0.0011021813710374443
0.0010916667058728188
0.001081343085257144
0.00107120543234592
0.001061248846983014
0.0010514685981253067
0.0010418601166521332
0.001032418988537003
0.0010231409483605813
0.0010140218731451635
0.001005057776492388
9.962448030068612E-4
9.87579222989721E-4
9.79057427386972E-4
9.706759229785061E-4
9.62431327794619E-4
9.543203667475399E-4
9.463398674663759E-4
9.384867563245586E-4
9.307580546494417E-4
9.23150875104504E-4
9.156624182350275E-4
9.082899691687453E-4
9.010308944634336E-4
8.938826390938406E-4
8.868427235709606E-4
8.799087411867811E-4
8.730783553783561E-4
8.663492972050903E-4
8.597193629337354E-4
8.531864117257063E-4
8.467483634217547E-4
8.40403196419265E-4
8.341489456376527E-4
8.279837005677232E-4
8.219056034008873E-4
8.159128472345387E-4
8.100036743500212E-4
8.041763745596645E-4
7.984292836198363E-4
7.927607817069167E-4
7.87169291953273E-4
7.816532790405216E-4
7.76211247847519E-4
7.708417421506032E-4
7.655433433737387E-4
7.603146693863471E-4
7.551543733467392E-4
7.500611425891795E-4
7.450336975525741E-4
7.400707907490952E-4
7.351712057709869E-4
7.303337563338803E-4
7.255572853551016E-4
7.208406640654853E-4
7.161827911533302E-4
7.115825919389947E-4
7.070390175791174E-4
7.02551044298976E-4
6.981176726520235E-4
6.93737926805397E-4
6.894108538503245E-4
6.851355231365253E-4
6.809110256295573E-4
6.767364732901807E-4
6.726109984749747E-4
6.685337533572205E-4
6.645039093674033E-4
6.605206566524047E-4
6.565832035528348E-4
6.526907760976754E-4
6.488426175155898E-4
6.450379877623656E-4
6.412761630636631E-4
6.375564354727776E-4
6.338781124425639E-4
6.302405164112048E-4
6.26642984401213E-4
6.230848676311693E-4
6.195655311397746E-4
6.160843534217469E-4
6.126407260751036E-4
6.092340534594609E-4
6.058637523649135E-4
6.025292516911593E-4
5.992299921364313E-4
5.959654258959885E-4
5.927350163697302E-4
5.895382378786595E-4
5.863745753899078E-4
5.832435242499886E-4
5.80144589925954E-4
5.770772877543049E-4
5.740411426972612E-4
5.710356891062073E-4
5.680604704920663E-4
5.651150393023226E-4
5.621989567045553E-4
5.593117923761459E-4
5.564531243000815E-4
5.536225385665487E-4
5.508196291801781E-4
5.480439978727535E-4
5.452952539211712E-4
5.425730139705317E-4
5.398769018621484E-4
5.372065484663368E-4
5.345615915198315E-4
5.319416754676794E-4
5.29346451309463E-4
5.26775576449716E-4
5.242287145524139E-4
5.217055353993877E-4
5.192057147525523E-4
5.167289342198381E-4
5.142748811246703E-4
5.118432483789684E-4
5.09433734359448E-4
5.07046042787232E-4
5.046798826105756E-4
5.023349678906847E-4
5.00011017690513E-4
4.977077559663717E-4
4.954249114624355E-4
4.931622176078788E-4
4.909194124166705E-4
4.886962383899278E-4
4.8649244242072786E-4
4.8430777570134426E-4
4.8214199363279383E-4
4.7999485573667447E-4
4.7786612556917455E-4
4.757555706372469E-4
4.73662962316841E-4
4.715880757731483E-4
4.695306898828069E-4
4.6749058715802667E-4
4.6546755367253193E-4
4.634613789893241E-4
4.6147185609017686E-4
4.5949878130682715E-4
4.5754195425383177E-4
4.556011777630047E-4
4.536762578194327E-4
4.5176700349899276E-4
4.498732269073505E-4
4.479947431203894E-4
4.4613137012604874E-4
4.4428292876749753E-4
4.424492426876453E-4
4.4063013827491665E-4
4.3882544461030815E-4
4.3703499341564086E-4
4.352586190029928E-4
4.334961582253169E-4
4.3174745042811935E-4
4.300123374022988E-4
4.2829066333801506E-4
4.265822747796019E-4
4.2488702058147103E-4
4.232047518650443E-4
4.21535321976587E-4
4.198785864460167E-4
4.182344029466077E-4
4.1660263125558304E-4
4.149831332155546E-4
4.13375772696842E-4
4.1178041556055184E-4
4.101969296225344E-4
4.0862518461804755E-4
4.070650521672162E-4
4.055164057412378E-4
4.039791206292952E-4
4.0245307390616465E-4
4.00938144400541E-4
3.994342126640214E-4
3.9794116094072073E-4
3.964588731375509E-4
3.949872347951144E-4
3.935261330592074E-4
3.920754566529077E-4
3.906350958492536E-4
3.892049424444704E-4
3.877848897317573E-4
3.863748324756236E-4
3.849746668867236E-4
3.8358429059722366E-4
3.8220360263666487E-4
3.8083250340830983E-4
3.7947089466598043E-4
3.7811867949133466E-4
3.7677576227162623E-4
3.754420486778961E-4
3.741174456435972E-4
3.728018613436408E-4
3.714952051738821E-4
3.701973877309593E-4
3.6890832079259094E-4
3.676279172982046E-4
3.663560913299822E-4
3.650927580942521E-4
3.6383783390325005E-4
3.6259123615724014E-4
3.613528833269624E-4
3.6012269493643944E-4
3.589005915460859E-4
3.5768649473617506E-4
3.5648032709059024E-4
3.5528201218088727E-4
3.5409147455069226E-4
3.529086397003488E-4
3.517334340718687E-4
3.5056578503418675E-4
3.4940562086866427E-4
3.482528707548744E-4
3.471074647566532E-4
3.459693338083966E-4
3.448384097016184E-4
3.4371462507177863E-4
3.4259791338531013E-4
3.4148820892689665E-4
3.403854467870157E-4
3.392895628496783E-4
3.382004937803657E-4
3.371181770142563E-4
3.360425507445865E-4
3.3497355391129023E-4
3.339111261897775E-4
3.3285520797996274E-4
3.3180574039546744E-4
3.30762665253018E-4
3.297259250620312E-4
3.2869546301437385E-4
3.2767122297433667E-4
3.266531494687318E-4
3.256411876772126E-4
3.246352834227332E-4
3.2363538316218727E-4
3.226414339771971E-4
3.2165338356507643E-4
3.2067118022995213E-4
3.1969477287400474E-4
3.187241109889105E-4
3.177591446473899E-4
3.1679982449491596E-4
3.158461017415597E-4
3.1489792815398365E-4
3.139552560475557E-4
3.1301803827861116E-4
3.120862282368321E-4
3.111597798377698E-4
3.1023864751545885E-4
3.0932278621521544E-4
3.08412151386489E-4
3.075066989758734E-4
3.066063854202219E-4
3.057111676398808E-4
3.048210030320276E-4
3.0393584946411404E-4
3.030556652674432E-4
3.0218040923080553E-4
3.013100405942772E-4
3.004445190430559E-4
2.995838047014615E-4
2.9872785812696417E-4
2.978766403043711E-4
2.970301126400812E-4
2.961882369564135E-4
2.953509754860589E-4
2.9451829086659504E-4
2.9369014613511723E-4
2.9286650472291404E-4
2.920473304502702E-4
2.912325875213124E-4
2.904222405189679E-4
2.8961625439998965E-4
2.8881459449005303E-4
2.8801722647893516E-4
2.8722411641577674E-4
2.864352307043953E-4
2.8565053609871504E-4
2.848699996982064E-4
2.8409358894344584E-4
2.8332127161172227E-4
2.8255301581271307E-4
2.8178878998423487E-4
2.8102856288804754E-4
2.8027230360572436E-4
2.795199815345907E-4
2.787715663837309E-4
2.7802702817002434E-4
2.772863372142869E-4
2.7654946413742653E-4
2.75816379856692E-4
2.7508705558195227E-4
2.7436146281204925E-4
2.7363957333118716E-4
2.7292135920539977E-4
2.722067927790411E-4
2.714958466713555E-4
2.7078849377307754E-4
2.7008470724309007E-4
2.693844605051414E-4
2.686877272445859E-4
2.679944814052038E-4
2.6730469718603465E-4
2.666183490382789E-4
2.659354116622447E-4
2.652558600043224E-4
2.6457966925402235E-4
2.6390681484103764E-4
2.6323727243235704E-4
2.6257101792943297E-4
2.619080274653588E-4
2.612482774021189E-4
2.6059174432785593E-4
2.5993840505417925E-4
2.592882366135333E-4
2.5864121625657194E-4
2.579973214495858E-4
2.5735652987196773E-4
2.56718819413714E-4
2.5608416817295674E-4
2.5545255445351075E-4
2.5482395676251367E-4
2.541983538080237E-4
2.535757244967101E-4
2.5295604793153904E-4
2.523393034095173E-4
2.517254704194471E-4
2.5111452863971597E-4
2.505064579361365E-4
2.4990123835978337E-4
2.4929885014488397E-4
2.4869927370673416E-4
2.481024896396276E-4
2.4750847871483857E-4
2.4691722187860336E-4
2.463287002501516E-4
2.457428951197563E-4
2.451597879468085E-4
2.445793603579122E-4
2.440015941450249E-4
2.434264712635949E-4
2.4285397383075417E-4
2.422840841235055E-4
2.4171678457695522E-4
2.4115205778255395E-4
2.4058988648637976E-4
2.4003025358742923E-4
2.3947314213592307E-4
2.3891853533166256E-4
2.3836641652237456E-4
2.3781676920210526E-4
2.3726957700962283E-4
2.3672482372682875E-4
2.3618249327722108E-4
2.3564256972434484E-4
2.3510503727028285E-4
2.345698802541625E-4
2.340370831506716E-4
2.3350663056860812E-4
2.3297850724944035E-4
2.3245269806588208E-4
2.3192918802049457E-4
2.3140796224429928E-4
2.3088900599541601E-4
2.3037230465770923E-4
2.2985784373945594E-4
2.293456088720363E-4
2.288355858086229E-4
2.2832776042291627E-4
2.2782211870785602E-4
2.2731864677438975E-4
2.2681733085023553E-4
2.2631815727864506E-4
2.258211125172236E-4
2.2532618313672728E-4
2.248333558198907E-4
2.2434261736026923E-4
2.2385395466108598E-4
2.2336735473411822E-4
2.228828046985591E-4
2.2240029177992527E-4
2.2191980330896736E-4
2.2144132672059235E-4
2.2096484955279016E-4
2.204903594455948E-4
2.2001784414005097E-4
2.1954729147717205E-4
2.1907868939693474E-4
2.18612025937282E-4
2.1814728923313993E-4
2.1768446751542492E-4
2.1722354911008225E-4
2.1676452243714589E-4
2.1630737600979435E-4
2.1585209843340514E-4
2.1539867840463645E-4
2.149471047105513E-4
2.1449736622766957E-4
2.1404945192112418E-4
2.1360335084375816E-4
2.1315905213526617E-4
2.1271654502134753E-4
2.122758188128449E-4
2.118368629049154E-4
2.113996667762081E-4
2.1096421998804152E-4
2.1053051218360315E-4
2.1009853308713613E-4
2.096682725031734E-4
2.0923972031574938E-4
2.0881286648761723E-4
2.0838770105950752E-4
2.079642141493597E-4
2.07542395951591E-4
2.0712223673634945E-4
2.06703726848803E-4
2.0628685670840487E-4
2.058716168081835E-4
2.0545799771405925E-4
2.0504599006412687E-4
2.046355845679899E-4
2.042267720060635E-4
2.0381954322891259E-4
2.0341388915660089E-4
2.0300980077800405E-4
2.0260726915020141E-4
2.0220628539779556E-4
2.018068407123065E-4
2.0140892635153403E-4
2.0101253363894096E-4
2.0061765396303286E-4
2.00224278776763E-4
1.9983239959692678E-4
1.9944200800357218E-4
1.9905309563941057E-4
1.9866565420924022E-4
1.982796754793693E-4
1.9789515127705397E-4
1.9751207348993568E-4
1.9713043406548492E-4
1.9675022501045578E-4
1.9637143839034302E-4
1.959940663288424E-4
1.956181010073321E-4
1.9524353466432624E-4
1.9487035959497528E-4
1.9449856815054428E-4
1.9412815273790653E-4
1.9375910581904797E-4
1.9339141991054823E-4
1.930250875831196E-4
1.9266010146109478E-4
1.922964542219656E-4
1.919341385958861E-4
1.915731473652289E-4
1.9121347336408732E-4
1.9085510947784522E-4
1.9049804864270067E-4
1.9014228384521564E-4
1.8978780812188892E-4
1.89434614558688E-4
1.890826962906341E-4
1.8873204650134986E-4
1.8838265842265446E-4
1.8803452533412224E-4
1.87687640562672E-4
1.8734199748214557E-4
1.8699758951290952E-4
1.8665441012143285E-4
1.8631245281990882E-4
1.859717111658314E-4
1.8563217876161806E-4
1.852938492542204E-4
1.8495671633472982E-4
1.8462077373800369E-4
1.842860152422853E-4
1.839524346688352E-4
1.8362002588155553E-4
1.8328878278662253E-4
1.829586993321266E-4
1.8262976950773356E-4
1.82301987344292E-4
1.8197534691350686E-4
1.816498423275968E-4
1.813254677389283E-4
1.8100221733970053E-4
1.8068008536158782E-4
1.8035906607541375E-4
1.800391537908285E-4
1.7972034285595765E-4
1.794026276571235E-4
1.790860026184661E-4
1.787704622016787E-4
1.7845600090566572E-4
1.7814261326623126E-4
1.7783029385578782E-4
1.7751903728303365E-4
1.772088381926677E-4
1.7689969126507294E-4
1.765915912160391E-4
1.7628453279645802E-4
1.7597851079203812E-4
1.7567352002301E-4
1.7536955534385628E-4
1.7506661164301868E-4
1.7476468384262486E-4
1.7446376689821103E-4
1.741638557984413E-4
1.738649455648597E-4
1.7356703125159058E-4
1.7327010794510083E-4
1.7297417076392104E-4
1.726792148583883E-4
1.7238523541039652E-4
1.7209222763313385E-4
1.7180018677083063E-4
1.7150910809850706E-4
1.712189869217331E-4
1.7092981857637395E-4
1.7064159842835946E-4
1.7035432187342315E-4
1.700679843368869E-4
1.697825812734088E-4
1.6949810816675504E-4
1.6921456052956574E-4
1.6893193390313016E-4
1.6865022385715106E-4
1.6836942598953296E-4
1.6808953592614277E-4
1.6781054932060382E-4
1.6753246185406524E-4
1.672552692349947E-4
1.6697896719895195E-4
1.667035515083906E-4
1.6642901795243782E-4
1.661553623466886E-4
1.6588258053299565E-4
1.6561066837927053E-4
1.6533962177927756E-4
1.6506943665242464E-4
1.6480010894358304E-4
1.6453163462287187E-4
1.6426400968547422E-4
1.639972301514363E-4
1.637312920654743E-4
1.6346619149679525E-4
1.6320192453890057E-4
1.6293848730939228E-4
1.6267587594980475E-4
1.624140866254087E-4
1.6215311552503561E-4
1.618929588608944E-4
1.6163361286839387E-4
1.6137507380596558E-4
1.6111733795489704E-4
1.6086040161914276E-4
1.6060426112516303E-4
1.6034891282175546E-4
1.6009435307987646E-4
1.5984057829248173E-4
1.5958758487436095E-4
1.5933536926196587E-4
1.59083927913255E-4
1.5883325730753413E-4
1.5858335394528113E-4
1.5833421434801066E-4
1.5808583505809608E-4
1.5783821263863016E-4
1.5759134367325758E-4
1.5734522476602787E-4
1.5709985254125136E-4
1.5685522364333013E-4
1.566113347366275E-4
1.5636818250531657E-4
1.5612576365322197E-4
1.5588407490369237E-4
1.5564311299944619E-4
1.5540287470242452E-4
1.5516335679367112E-4
1.549245560731638E-4
1.546864693596976E-4
1.5444909349074187E-4
1.5421242532229437E-4
1.5397646172876444E-4
1.5374119960281907E-4
1.535066358552634E-4
1.5327276741491016E-4
1.530395912284336E-4
1.528071042602617E-4
1.5257530349243296E-4
1.5234418592446956E-4
1.5211374857326948E-4
1.5188398847294836E-4
1.5165490267474976E-4
1.5142648824690113E-4
1.511987422745035E-4
1.509716618593969E-4
1.5074524412005868E-4
1.5051948619146935E-4
1.5029438522501002E-4
1.5006993838832713E-4
1.4984614286523234E-4
1.4962299585558395E-4
1.4940049457516625E-4
1.491786362555881E-4
1.4895741814416338E-4
1.4873683750380609E-4
1.4851689161290207E-4
1.4829757776523635E-4
1.480788932698454E-4
1.4786083545093766E-4
1.4764340164777484E-4
1.4742658921456793E-4
1.4721039552037846E-4
1.4699481794900742E-4
1.467798538988933E-4
1.4656550078302012E-4
1.4635175602880062E-4
1.4613861707799434E-4
1.4592608138658692E-4
1.4571414642471114E-4
1.4550280967654092E-4
1.452920686401892E-4
1.450819208276219E-4
1.4487236376455533E-4
1.4466339499036822E-4
1.4445501205799893E-4
1.442472125338637E-4
1.440399939977524E-4
1.4383335404274377E-4
1.436272902751174E-4
1.434218003142587E-4
1.4321688179256908E-4
1.4301253235538092E-4
1.4280874966087265E-4
1.426055313799718E-4
1.4240287519627423E-4
1.422007788059594E-4
1.4199923991770955E-4
1.4179825625261198E-4
1.4159782554409072E-4
1.4139794553781073E-4
1.4119861399160708E-4
1.4099982867539233E-4
1.4080158737108544E-4
1.4060388787252458E-4
1.404067279853872E-4
1.402101055271236E-4
1.4001401832685622E-4
1.398184642253209E-4
1.3962344107478077E-4
1.3942894673895303E-4
1.3923497909293546E-4
1.3904153602311718E-4
1.3884861542712502E-4
1.3865621521373268E-4
1.3846433330279512E-4
1.3827296762517296E-4
1.380821161226581E-4
1.3789177674790976E-4
1.3770194746437413E-4
1.3751262624621752E-4
1.3732381107825739E-4
1.3713549995588895E-4
1.3694769088501825E-4
1.3676038188199647E-4
1.3657357097355115E-4
1.3638725619671032E-4
1.362014355987447E-4
1.3601610723710302E-4
1.358312691793367E-4
1.3564691950304156E-4
1.354630562957864E-4
1.352796776550598E-4
1.3509678168819727E-4
1.349143665123188E-4
1.347324302542678E-4
1.345509710505431E-4
1.34369987047256E-4
1.3418947640003696E-4
1.3400943727400117E-4
1.338298678436826E-4
1.3365076629296343E-4
1.3347213081502533E-4
1.3329395961228933E-4
1.3311625089634248E-4
1.3293900288790543E-4
1.327622138167539E-4
1.3258588192166298E-4
1.32410005450365E-4
1.3223458265948046E-4
1.320596118144548E-4
1.31885091189527E-4
1.3171101906765003E-4
1.3153739374044637E-4
1.3136421350815758E-4
1.3119147667958186E-4
1.3101918157202306E-4
1.3084732651124438E-4
1.3067590983140584E-4
1.3050492987501546E-4
1.3033438499287657E-4
1.3016427354403833E-4
1.2999459389574593E-4
1.2982534442338722E-4
1.2965652351043373E-4
1.2948812954840968E-4
1.2932016093682272E-4
1.2915261608312866E-4
1.2898549340267562E-4
1.288187913186555E-4
1.2865250826206106E-4
1.2848664267162753E-4
1.2832119299379456E-4
1.2815615768265514E-4
1.2799153519991167E-4
1.2782732401482458E-4
1.276635226041727E-4
1.2750012945219057E-4
1.2733714305055257E-4
1.271745618983001E-4
1.2701238450181192E-4
1.268506093747492E-4
1.26689235038025E-4
1.2652826001974396E-4
1.26367682855177E-4
1.2620750208670108E-4
1.2604771626376196E-4
1.2588832394284114E-4
1.2572932368739545E-4
1.2557071406783191E-4
1.2541249366145876E-4
1.252546610524382E-4
1.2509721483175946E-4
1.249401535971822E-4
1.2478347595321185E-4
1.246271805110405E-4
1.2447126588852636E-4
1.2431573071014146E-4
1.241605736069341E-4
1.2400579321649894E-4
1.238513881829216E-4
1.2369735715675402E-4
1.2354369879497045E-4
1.2339041176093229E-4
1.2323749472434347E-4
1.2308494636122593E-4
1.2293276535386475E-4
1.2278095039078803E-4
1.2262950016672013E-4
1.2247841338254838E-4
1.2232768874528832E-4
1.2217732496804028E-4
1.2202732076996764E-4
1.2187767487624607E-4
1.2172838601803848E-4
1.2157945293245681E-4
1.2143087436252973E-4
1.2128264905715985E-4
1.2113477577110244E-4
1.2098725326492304E-4
1.2084008030495869E-4
1.2069325566330199E-4
1.2054677811774806E-4
1.2040064645177767E-4
1.2025485945450665E-4
1.2010941592067783E-4
1.1996431465060159E-4
1.1981955445014427E-4
1.1967513413068724E-4
1.1953105250909454E-4
1.1938730840768691E-4
1.1924390065420411E-4
1.1910082808177808E-4
1.18958089528899E-4
1.1881568383939384E-4
1.1867360986237904E-4
1.1853186645224438E-4
1.183904524686208E-4
1.1824936677634505E-4
1.1810860824543285E-4
1.1796817575105194E-4
1.1782806817349262E-4
1.1768828439813388E-4
1.1754882331541645E-4
1.1740968382082292E-4
1.1727086481483137E-4
1.1713236520290594E-4
1.16994183895459E-4
1.16856319807823E-4
1.1671877186022655E-4
1.1658153897776345E-4
1.164446200903652E-4
1.1630801413278056E-4
1.1617172004454402E-4
1.1603573676994223E-4
1.1590006325800093E-4
1.157646984624464E-4
1.1562964134168951E-4
1.1549489085879188E-4
1.1536044598144014E-4
1.1522630568193267E-4
1.1509246893712881E-4
1.149589347284549E-4
1.1482570204185408E-4
1.14692769867773E-4
1.145601372011329E-4
1.144278030413081E-4
1.1429576639209817E-4
1.1416402626171172E-4
1.1403258166272295E-4
1.1390143161207122E-4
1.137705751310218E-4
1.1364001124514802E-4
1.1350973898430539E-4
1.1337975738260843E-4
1.1325006547841257E-4
1.1312066231427836E-4
1.1299154693696531E-4
1.1286271839739201E-4
1.1273417575062989E-4
1.1260591805586826E-4
1.1247794437639578E-4
1.1235025377958266E-4
1.1222284533684868E-4
1.1209571812365382E-4
1.1196887121946563E-4
1.1184230370774497E-4
1.1171601467591693E-4
1.1159000321535814E-4
1.114642684213721E-4
1.1133880939316157E-4
1.1121362523381693E-4
1.1108871505029364E-4
1.1096407795338613E-4
1.1083971305771392E-4
1.107156194816947E-4
1.10591796347532E-4
1.104682427811839E-4
1.1034495791235083E-4
1.1022194087446229E-4
1.1009919080463968E-4
1.0997670684368916E-4
1.0985448813607874E-4
1.0973253382992095E-4
1.0961084307694939E-4
1.0948941503249953E-4
1.0936824885549845E-4
1.0924734370843628E-4
1.0912669875734571E-4
1.0900631317179623E-4
1.0888618612486209E-4
1.0876631679311124E-4
1.0864670435657993E-4
1.0852734799876968E-4
1.0840824690661101E-4
1.0828940027045359E-4
1.0817080728405426E-4
1.0805246714454204E-4
1.079343790524237E-4
1.0781654221154648E-4
1.0769895582909187E-4
1.0758161911555274E-4
1.0746453128471666E-4
1.0734769155365644E-4
1.0723109914269677E-4
1.0711475327541588E-4
1.0699865317861929E-4
1.0688279808231582E-4
1.0676718721972174E-4
1.066518198272218E-4
1.0653669514436754E-4
1.0642181241385329E-4
1.0630717088150866E-4
1.0619276979626886E-4
1.0607860841017246E-4
1.059646859783376E-4
1.05851001758946E-4
1.0573755501323227E-4
1.0562434500546964E-4
1.0551137100293776E-4
1.0539863227593301E-4
1.0528612809773468E-4
1.0517385774459122E-4
1.0506182049571547E-4
1.0495001563326243E-4
1.0483844244230487E-4
1.0472710021084638E-4
1.0461598822977144E-4
1.0450510579286159E-4
1.0439445219675675E-4
1.0428402674096085E-4
1.0417382872781023E-4
1.040638574624661E-4
1.0395411225291442E-4
1.038445924099204E-4
1.0373529724704594E-4
1.0362622608061479E-4
1.0351737822971062E-4
1.0340875301615614E-4
1.0330034976450245E-4
1.0319216780201578E-4
1.0308420645865931E-4
1.0297646506709064E-4
1.0286894296263437E-4
1.0276163948327841E-4
1.026545539696558E-4
1.025476857650392E-4
1.0244103421531324E-4
1.0233459866897893E-4
1.0222837847712572E-4
1.021223729934266E-4
1.020165815741292E-4
1.0191100357803245E-4
1.018056383664796E-4
1.0170048530334556E-4
1.0159554375502468E-4
1.0149081309042167E-4
1.0138629268092779E-4
1.0128198190042042E-4
1.0117788012524545E-4
1.010739867342099E-4
1.0097030110856253E-4
1.0086682263198669E-4
1.0076355069058565E-4
1.006604846728764E-4
1.0055762396976886E-4
1.0045496797456632E-4
1.0035251608293945E-4
1.0025026769292774E-4
1.0014822220491727E-4
1.0004637902163875E-4
9.994473754814786E-5
The correct rate for BP: 100.00% 
