1.2273708202525786
1.922527757394011
0.4766538480662012
0.049452625016149505
0.013467318297085008
0.009014467130319071
0.006826240588398263
0.005504670403079371
0.004611643742616857
0.0039658506168605764
0.003476584473348424
0.0030929667851431523
0.0027841136670719124
0.0025301460249935815
0.0023176712045962326
0.0021373297575976247
0.0019823804848707076
0.00184784346835821
0.0017299596207246404
0.0016258380134129464
0.001533218912384776
0.001450310470892262
0.0013756736556840717
0.0013081395522478692
0.001246748889225356
0.00119070711217427
0.0011393505324932222
0.0010921204913526459
0.0010485434085287593
0.001008215209556285
9.707890499589768E-4
9.359655501200528E-4
9.034849616847883E-4
8.73120834174422E-4
8.446748571531076E-4
8.179726311647882E-4
7.928601781282236E-4
7.692010447188927E-4
7.468738845007784E-4
7.257704290396781E-4
7.057937769563847E-4
6.868569443225983E-4
6.688816310254509E-4
6.517971665070841E-4
6.355396052003921E-4
6.200509474612183E-4
6.05278466164547E-4
5.911741226326691E-4
5.776940583840857E-4
5.647981514762271E-4
5.524496280742747E-4
5.406147213983852E-4
5.292623714494942E-4
5.183639599435931E-4
5.078930757362486E-4
4.978253067277208E-4
4.8813805483003634E-4
4.7881037107207864E-4
4.6982280833470034E-4
4.6115728955808293E-4
4.5279698956006697E-4
4.447262288554502E-4
4.3693037808008653E-4
4.2939577180605153E-4
4.221096306901457E-4
4.1505999103197384E-4
4.0823564093278494E-4
4.016260623456473E-4
3.9522137839317315E-4
3.890123054033138E-4
3.829901091782595E-4
3.771465650675213E-4
3.714739214651971E-4
3.6596486639413627E-4
3.606124968771631E-4
3.5541029082825255E-4
3.503520812254353E-4
3.454320323525244E-4
3.4064461791919273E-4
3.3598460088863925E-4
3.314470148596188E-4
3.270271468650706E-4
3.2272052146335646E-4
3.1852288601040546E-4
3.144301970118548E-4
3.1043860746405124E-4
3.06544455101505E-4
3.027442514759972E-4
2.990346717996761E-4
2.95412545490532E-4
2.918748473643678E-4
2.8841868942232075E-4
2.8504131318757167E-4
2.817400825489241E-4
2.7851247707264367E-4
2.753560857472334E-4
2.722686011288542E-4
2.69247813857848E-4
2.662916075191802E-4
2.6339795382202707E-4
2.6056490807558903E-4
2.577906049401621E-4
2.550732544341683E-4
2.5241113817937703E-4
2.498026058678663E-4
2.472460719356962E-4
2.4474001242929605E-4
2.4228296205171007E-4
2.3987351137675744E-4
2.3751030422014064E-4
2.3519203515725401E-4
2.3291744717828593E-4
2.3068532947178916E-4
2.2849451532868065E-4
2.263438801590493E-4
2.242323396147752E-4
2.221588478114778E-4
2.2012239564367836E-4
2.1812200918757915E-4
2.1615674818613358E-4
2.1422570461160308E-4
2.123280013009335E-4
2.1046279065976495E-4
2.086292534309943E-4
2.0682659752431113E-4
2.0505405690306378E-4
2.0331089052535935E-4
2.0159638133621804E-4
1.9990983530803844E-4
1.9825058052661985E-4
1.966179663202978E-4
1.9501136242981232E-4
1.9343015821671915E-4
1.9187376190827002E-4
1.903415998768163E-4
1.8883311595192735E-4
1.8734777076348516E-4
1.8588504111417524E-4
1.844444193797893E-4
1.8302541293601109E-4
1.8162754361022987E-4
1.8025034715719878E-4
1.7889337275729203E-4
1.775561825362526E-4
1.7623835110536194E-4
1.7493946512102832E-4
1.7365912286284669E-4
1.7239693382922774E-4
1.7115251834975563E-4
1.699255072134819E-4
1.6871554131236594E-4
1.675222712992E-4
1.6634535725927802E-4
1.6518446839522308E-4
1.640392827243272E-4
1.629094867878496E-4
1.6179477537171425E-4
1.606948512380795E-4
1.5960942486733837E-4
1.5853821421001377E-4
1.574809444481559E-4
1.5643734776580627E-4
1.55407163128125E-4
1.543901360688199E-4
1.533860184854897E-4
1.5239456844255296E-4
1.5141554998146894E-4
1.5044873293785965E-4
1.494938927653392E-4
1.4855081036568174E-4
1.4761927192511755E-4
1.4669906875648404E-4
1.4578999714698196E-4
1.4489185821130909E-4
1.4400445774997317E-4
1.4312760611253148E-4
1.4226111806560433E-4
1.4140481266542183E-4
1.405585131347769E-4
1.3972204674417196E-4
1.3889524469697296E-4
1.3807794201848694E-4
1.3726997744874093E-4
1.364711933388386E-4
1.3568143555078003E-4
1.34900553360558E-4
1.3412839936448038E-4
1.3336482938852186E-4
1.3260970240063516E-4
1.3186288042588975E-4
1.3112422846435427E-4
1.3039361441160023E-4
1.2967090898171842E-4
1.2895598563280195E-4
1.282487204947554E-4
1.2754899229937446E-4
1.2685668231260117E-4
1.2617167426888558E-4
1.2549385430756676E-4
1.2482311091120343E-4
1.241593348458071E-4
1.2350241910286797E-4
1.2285225884314658E-4
1.2220875134216265E-4
1.2157179593729636E-4
1.2094129397648539E-4
1.2031714876843776E-4
1.1969926553430603E-4
1.1908755136078095E-4
1.184819151545766E-4
1.1788226759820925E-4
1.1728852110707383E-4
1.167005897877591E-4
1.1611838939754339E-4
1.1554183730505738E-4
1.1497085245206788E-4
1.1440535531632659E-4
1.138452678754742E-4
1.132905135719613E-4
1.127410172789359E-4
1.1219670526708004E-4
1.1165750517236937E-4
1.1112334596471095E-4
1.105941579174425E-4
1.1006987257767076E-4
1.095504227374012E-4
1.0903574240544754E-4
1.0852576678012835E-4
1.0802043222263385E-4
1.0751967623116683E-4
1.0702343741572821E-4
1.065316554735869E-4
1.0604427116537838E-4
1.0556122629186143E-4
1.0508246367124164E-4
1.0460792711711334E-4
1.0413756141695307E-4
1.0367131231118813E-4
1.0320912647277295E-4
1.027509514873156E-4
1.022967358336943E-4
1.0184642886515781E-4
1.0139998079092514E-4
1.009573426582268E-4
1.0051846633480405E-4
1.0008330449184187E-4
9.965181058732873E-5
The correct rate for BP: 100.00% 
