0.8312362104559897
1.09169500127281
0.507524390134752
0.16396744815773834
0.06772037152300892
0.04381488482499443
0.03246029853371195
0.025722524684045726
0.02125250608303606
0.018071756068167022
0.015695083640697393
0.013853655996450671
0.012386321787434755
0.011190578777650726
0.010198125876537047
0.009361709515229997
0.008647607228398146
0.008031116482529023
0.00749373428033955
0.0070213317680978046
0.006602937189468004
0.006229903219530594
0.005895324224551382
0.005593620170283059
0.005320234160623166
0.005071409017652604
0.004844019838335219
0.0046354468419451695
0.0044434776485727905
0.004266231347410077
0.004102098897748919
0.003949695912100072
0.0038078249253545807
0.003675445002200942
0.0035516470727516495
0.0034356337773214047
0.0033267028887015567
0.0032242335936960233
0.0031276750756811557
0.00303653696097468
0.0029503812841097754
0.00286881569807969
0.002791487710586733
0.002718079770204603
0.00264830506002884
0.0025819038829909225
0.0025186405441569473
0.0024583006522349102
0.0024006887761012065
0.002345626403133006
0.002292950155044032
0.0022425102241903395
0.0021941689992676637
0.0021477998542226845
0.0021032860782492055
0.0020605199280991026
0.0020194017867341614
0.0019798394146816225
0.0019417472824163526
0.001905045973740686
0.001869661651525305
0.00183552557835248
0.0018025736856040666
0.0017707461853888986
0.0017399872204322576
0.001710244547673535
0.0016814692518536134
0.0016536154858342023
0.0016266402347889929
0.0016005031017505315
0.0015751661122946057
0.0015505935364032288
0.001526751725772549
0.0015036089650290897
0.0014811353354894647
0.0014593025902495402
0.001438084039521263
0.0014174544452516123
0.0013973899241605965
0.0013778678584254183
0.001358866813318266
0.0013403664611751805
0.0013223475111369298
0.0013047916441579692
0.0012876814528293122
0.0012710003856054083
0.0012547326950641073
0.0012388633898644762
0.001223378190098204
0.0012082634857589192
0.0011935062980787609
0.0011790942435044912
0.00116501550010555
0.001151258776225233
0.0011378132812023508
0.0011246686980061107
0.0011118151576400166
0.0010992432151832416
0.0010869438273487493
0.001074908331447478
0.0010631284256572646
0.0010515961505029921
0.0010403038714625681
0.0010292442626196475
0.001018410291290555
0.0010077952035585187
9.973925106534338E-4
9.871959761201983E-4
9.771996037229351E-4
9.673976260365451E-4
9.577844936803821E-4
9.483548651524805E-4
9.39103597225702E-4
9.300257358698536E-4
9.211165076667073E-4
9.123713116868865E-4
9.037857118000842E-4
8.953554293917976E-4
8.870763364619362E-4
8.789444490820228E-4
8.709559211896354E-4
8.631070386999625E-4
8.553942139156786E-4
8.478139802178813E-4
8.40362987021583E-4
8.330379949806707E-4
8.258358714280129E-4
8.187535860374175E-4
8.117882066949776E-4
8.049368955681783E-4
7.981969053617112E-4
7.915655757498308E-4
7.850403299756791E-4
7.786186716084418E-4
7.72298181449952E-4
7.660765145827477E-4
7.599513975521288E-4
7.539206256751955E-4
7.479820604702007E-4
7.421336272000736E-4
7.363733125241807E-4
7.306991622528835E-4
7.251092791996356E-4
7.196018211257566E-4
7.141749987732215E-4
7.088270739811712E-4
7.035563578819605E-4
6.983612091728784E-4
6.93240032459903E-4
6.881912766699912E-4
6.832134335286018E-4
6.783050360994268E-4
6.734646573832828E-4
6.686909089734998E-4
6.639824397651107E-4
6.593379347153545E-4
6.547561136531429E-4
6.502357301352786E-4
6.457755703472599E-4
6.413744520466672E-4
6.370312235472576E-4
6.327447627419076E-4
6.285139761627374E-4
6.243377980767159E-4
6.202151896152561E-4
6.161451379362864E-4
6.121266554173891E-4
6.081587788787491E-4
6.042405688344916E-4
6.003711087713812E-4
5.965495044535815E-4
5.927748832524808E-4
5.890463935004868E-4
5.85363203867804E-4
5.817245027612737E-4
5.781294977443383E-4
5.745774149773199E-4
5.710674986771182E-4
5.675990105955983E-4
5.641712295159268E-4
5.607834507661148E-4
5.574349857490713E-4
5.541251614885766E-4
5.50853320190497E-4
5.4761881881869E-4
5.444210286849572E-4
5.412593350526344E-4
5.381331367531548E-4
5.35041845815151E-4
5.319848871057232E-4
5.289616979831664E-4
5.259717279610046E-4
5.230144383827126E-4
5.20089302106834E-4
5.171958032020546E-4
5.14333436651909E-4
5.115017080687303E-4
5.087001334165336E-4
5.059282387425209E-4
5.031855599168157E-4
5.0047164238031E-4
4.977860409000645E-4
4.951283193323104E-4
4.924980503925087E-4
4.89894815432395E-4
4.873182042236766E-4
4.847678147482029E-4
4.822432529943616E-4
4.7974413275946016E-4
4.772700754579635E-4
4.7482070993528123E-4
4.72395672287059E-4
4.699946056836036E-4
4.6761716019945703E-4
4.6526299264781695E-4
4.629317664197051E-4
4.606231513276993E-4
4.583368234540836E-4
4.5607246500328584E-4
4.538297641584564E-4
4.516084149420437E-4
4.494081170802331E-4
4.4722857587114746E-4
4.450695020566748E-4
4.429306116978192E-4
4.4081162605340973E-4
4.387122714621754E-4
4.3663227922793705E-4
4.345713855079315E-4
4.3252933120413076E-4
4.3050586185743603E-4
4.2850072754469247E-4
4.265136827784556E-4
4.245444864093577E-4
4.225929015310511E-4
4.206586953876378E-4
4.187416392835111E-4
4.1684150849550963E-4
4.1495808218736053E-4
4.13091143326303E-4
4.112404786018514E-4
4.09405878346618E-4
4.0758713645915826E-4
4.0578405032874255E-4
4.0399642076204576E-4
4.022240519116401E-4
4.0046675120630575E-4
3.9872432928304136E-4
3.969965999207819E-4
3.952833799757264E-4
3.935844893182682E-4
3.918997507714629E-4
3.902289900509821E-4
3.885720357065558E-4
3.8692871906476843E-4
3.852988741733062E-4
3.8368233774647054E-4
3.8207894911204346E-4
3.8048855015938556E-4
3.7891098528876934E-4
3.7734610136191E-4
3.757937476536621E-4
3.742537758048476E-4
3.72726039776163E-4
3.71210395803182E-4
3.697067023523829E-4
3.682148200782105E-4
3.667346117810916E-4
3.6526594236643633E-4
3.6380867880456244E-4
3.623626900915366E-4
3.609278472108952E-4
3.595040230962298E-4
3.580910925946062E-4
3.566889324308197E-4
3.5529742117242357E-4
3.5391643919556036E-4
3.525458686515173E-4
3.511855934340408E-4
3.4983549914738066E-4
3.4849547307498694E-4
3.471654041489475E-4
3.458451829200493E-4
3.44534701528493E-4
3.4323385367526413E-4
3.4194253459408696E-4
3.406606410239959E-4
3.393880711825111E-4
3.3812472473932956E-4
3.368705027906346E-4
3.3562530783391557E-4
3.3438904374332313E-4
3.331616157455465E-4
3.319429303961738E-4
3.307328955565942E-4
3.2953142037131386E-4
3.283384152458027E-4
3.2715379182474645E-4
3.259774629707904E-4
3.248093427436896E-4
3.2364934637988627E-4
3.224973902725128E-4
3.2135339195180963E-4
3.202172700659058E-4
3.190889443620201E-4
3.1796833566802903E-4
3.1685536587437843E-4
3.157499579164211E-4
3.146520357570081E-4
3.135615243695264E-4
3.124783497212051E-4
3.1140243875677105E-4
3.1033371938242525E-4
3.0927212045012614E-4
3.0821757174220453E-4
3.0717000395623866E-4
3.061293486902415E-4
3.050955384281473E-4
3.040685065255556E-4
3.030481871957641E-4
3.0203451549604875E-4
3.010274273142341E-4
3.000268593554967E-4
2.990327491294313E-4
2.980450349373456E-4
2.9706365585980974E-4
2.9608855174444426E-4
2.95119663193906E-4
2.941569315541346E-4
2.932002989028012E-4
2.922497080379701E-4
2.913051024669601E-4
2.9036642639544425E-4
2.894336247167061E-4
2.885066430011483E-4
2.8758542748591725E-4
2.8666992506479113E-4
2.8576008327821454E-4
2.848558503035099E-4
2.8395717494527234E-4
2.8306400662595464E-4
2.821762953766021E-4
2.8129399182774326E-4
2.804170472004747E-4
2.795454132976713E-4
2.786790424953895E-4
2.7781788773436575E-4
2.7696190251173624E-4
2.761110408728501E-4
2.752652574032362E-4
2.7442450722072484E-4
2.7358874596770054E-4
2.7275792980347764E-4
2.719320153968204E-4
2.7111095991859527E-4
2.70294721034533E-4
2.6948325689813855E-4
2.686765261437024E-4
2.6787448787943935E-4
2.67077101680733E-4
2.662843275835367E-4
2.654961260778201E-4
2.647124581011798E-4
2.6393328503253647E-4
2.631585686859433E-4
2.6238827130448887E-4
2.6162235555430896E-4
2.608607845187122E-4
2.601035216923644E-4
2.5935053097562115E-4
2.586017766688973E-4
2.5785722346719235E-4
2.571168364546425E-4
2.563805810992046E-4
2.5564842324741485E-4
2.549203291192385E-4
2.541962653029758E-4
2.5347619875029767E-4
2.527600967713125E-4
2.520479270297574E-4
2.5133965753822987E-4
2.506352566535091E-4
2.499346930719819E-4
2.492379358250717E-4
2.485449542748199E-4
2.478557181094794E-4
2.4717019733921334E-4
2.464883622918261E-4
2.4581018360860847E-4
2.4513563224020274E-4
2.4446467944256353E-4
2.4379729677296384E-4
2.4313345608607218E-4
2.4247312953009378E-4
2.4181628954295884E-4
2.4116290884857935E-4
2.4051296045316382E-4
2.398664176415909E-4
2.3922325397382236E-4
2.3858344328139277E-4
2.3794695966394307E-4
2.3731377748580104E-4
2.366838713726231E-4
2.3605721620809314E-4
2.3543378713064515E-4
2.3481355953025468E-4
2.341965090452949E-4
2.3358261155940045E-4
2.329718431984015E-4
2.3236418032731286E-4
2.317595995473469E-4
2.3115807769297515E-4
2.3055959182905107E-4
2.2996411924795454E-4
2.2937163746678647E-4
2.287821242246126E-4
2.2819555747972408E-4
2.276119154069747E-4
2.270311763951227E-4
2.2645331904422216E-4
2.25878322163071E-4
2.2530616476666677E-4
2.2473682607371712E-4
2.2417028550418552E-4
2.2360652267685804E-4
2.23045517406969E-4
2.2248724970384674E-4
2.2193169976857428E-4
2.2137884799173507E-4
2.2082867495112673E-4
2.2028116140956008E-4
2.1973628831266684E-4
2.1919403678672596E-4
2.1865438813655532E-4
2.1811732384339488E-4
2.175828255628437E-4
2.170508751228185E-4
2.1652145452155693E-4
2.159945459255965E-4
2.1547013166785982E-4
2.1494819424569919E-4
2.1442871631900199E-4
2.1391168070831508E-4
2.1339707039299337E-4
2.1288486850937617E-4
2.1237505834898626E-4
2.118676233567479E-4
2.1136254712926072E-4
2.1085981341303184E-4
2.1035940610281262E-4
2.0986130923989526E-4
2.093655070104595E-4
2.0887198374393602E-4
2.0838072391140473E-4
2.078917121239892E-4
2.0740493313128688E-4
2.0692037181983645E-4
2.064380132115626E-4
2.0595784246229835E-4
2.054798448602747E-4
2.0500400582465253E-4
2.0453031090409467E-4
2.040587457753148E-4
2.035892962416767E-4
2.0312194823179369E-4
2.026566877981666E-4
2.0219350111582704E-4
2.0173237448098164E-4
2.0127329430970998E-4
2.0081624713665864E-4
2.0036121961374413E-4
1.9990819850889666E-4
1.9945717070479302E-4
1.9900812319763032E-4
1.9856104309590037E-4
1.9811591761917895E-4
1.9767273409694778E-4
1.9723147996740867E-4
1.9679214277632768E-4
1.9635471017588957E-4
1.9591916992356927E-4
1.9548550988100592E-4
1.9505371801292471E-4
1.9462378238601033E-4
1.9419569116787587E-4
1.937694326259641E-4
1.9334499512652916E-4
1.9292236713357806E-4
1.9250153720787365E-4
1.9208249400589627E-4
1.916652262788819E-4
1.9124972287180695E-4
1.908359727224336E-4
1.9042396486034917E-4
1.9001368840601343E-4
1.8960513256982664E-4
1.891982866512074E-4
1.8879314003766284E-4
1.883896822039108E-4
1.8798790271097726E-4
1.875877912053126E-4
1.8718933741792787E-4
1.8679253116353313E-4
1.863973623396877E-4
1.860038209259728E-4
1.8561189698315108E-4
1.8522158065235205E-4
1.8483286215426625E-4
1.8444573178834185E-4
1.8406017993200956E-4
1.8367619703988183E-4
1.8329377364300438E-4
1.8291290034807962E-4
1.8253356783672067E-4
1.8215576686470716E-4
1.8177948826125683E-4
1.8140472292828971E-4
1.8103146183972427E-4
1.8065969604075653E-4
1.8028941664716648E-4
1.7992061484462297E-4
1.7955328188800628E-4
1.7918740910072409E-4
1.7882298787405155E-4
1.784600096664627E-4
1.7809846600298613E-4
1.7773834847455613E-4
1.7737964873736802E-4
1.7702235851227042E-4
1.7666646958411613E-4
1.7631197380116255E-4
1.759588630744579E-4
1.7560712937724285E-4
1.752567647443495E-4
1.7490776127162042E-4
1.7456011111532816E-4
1.742138064915879E-4
1.7386883967580993E-4
1.735252030021203E-4
1.7318288886281072E-4
1.728418897078024E-4
1.725021980440785E-4
1.7216380643516577E-4
1.7182670750060685E-4
1.7149089391541803E-4
1.7115635840958597E-4
1.7082309376754786E-4
1.704910928276878E-4
1.7016034848182856E-4
1.6983085367474197E-4
1.6950260140366087E-4
1.691755847177834E-4
1.6884979671780324E-4
1.685252305554304E-4
1.6820187943292417E-4
1.6787973660262214E-4
1.6755879536649624E-4
1.672390490756853E-4
1.669204911300427E-4
1.666031149777133E-4
1.6628691411467295E-4
1.6597188208430428E-4
1.6565801247696285E-4
1.6534529892955291E-4
1.6503373512511156E-4
1.647233147923867E-4
1.6441403170542858E-4
1.6410587968317738E-4
1.6379885258907382E-4
1.6349294433064469E-4
1.631881488591206E-4
1.6288446016904054E-4
1.6258187229786656E-4
1.6228037932560223E-4
1.6197997537441755E-4
1.616806546082722E-4
1.6138241123254813E-4
1.6108523949368388E-4
1.607891336788116E-4
1.6049408811539637E-4
1.6020009717088678E-4
1.5990715525236976E-4
1.5961525680619919E-4
1.5932439631769125E-4
1.590345683107444E-4
1.5874576734753302E-4
1.5845798802816455E-4
1.581712249903485E-4
1.5788547290906293E-4
1.5760072649625555E-4
1.5731698050050453E-4
1.5703422970670232E-4
1.5675246893575993E-4
1.5647169304428013E-4
1.5619189692426259E-4
1.559130755027968E-4
1.556352237417527E-4
1.5535833663750634E-4
1.550824092206244E-4
1.5480743655558893E-4
1.5453341374049276E-4
1.5426033590677804E-4
1.5398819821892508E-4
1.537169958741998E-4
1.5344672410236412E-4
1.5317737816540633E-4
1.5290895335726118E-4
1.5264144500355288E-4
1.5237484846133395E-4
1.521091591188006E-4
1.5184437239505508E-4
1.5158048373983975E-4
1.5131748863327887E-4
1.5105538258562966E-4
1.5079416113703177E-4
1.5053381985726563E-4
1.5027435434548982E-4
1.5001576023002645E-4
1.497580331680908E-4
1.495011688455776E-4
1.4924516297680712E-4
1.489900113043084E-4
1.4873570959857688E-4
1.4848225365785185E-4
1.4822963930788256E-4
1.4797786240171646E-4
1.4772691881946465E-4
1.4747680446808618E-4
1.4722751528118335E-4
1.4697904721875805E-4
1.4673139626702217E-4
1.464845584381836E-4
1.462385297702226E-4
1.4599330632669887E-4
1.4574888419653905E-4
1.4550525949383946E-4
1.452624283576514E-4
1.450203869517982E-4
1.4477913146467074E-4
1.44538658109025E-4
1.4429896312179885E-4
1.4406004276391174E-4
1.4382189332007932E-4
1.435845110986269E-4
1.4334789243129894E-4
1.4311203367306773E-4
1.4287693120196429E-4
1.4264258141889107E-4
1.4240898074743623E-4
1.4217612563370582E-4
1.4194401254613982E-4
1.4171263797534145E-4
1.41481998433898E-4
1.4125209045622231E-4
1.4102291059836538E-4
1.4079445543786813E-4
1.4056672157357502E-4
1.4033970562548357E-4
1.4011340423456938E-4
1.3988781406263625E-4
1.3966293179214752E-4
1.3943875412606344E-4
1.3921527778769848E-4
1.3899249952054336E-4
1.3877041608813481E-4
1.3854902427387798E-4
1.383283208809143E-4
1.3810830273196034E-4
1.378889666691622E-4
1.3767030955394032E-4
1.3745232826685905E-4
1.3723501970746234E-4
1.3701838079414977E-4
1.3680240846401467E-4
1.3658709967270848E-4
1.363724513943201E-4
1.361584606212066E-4
1.3594512436387385E-4
1.357324396508387E-4
1.3552040352849128E-4
1.353090130609617E-4
1.3509826532998837E-4
1.3488815743478534E-4
1.3467868649190987E-4
1.344698496351443E-4
1.3426164401535073E-4
1.3405406680035796E-4
1.3384711517483268E-4
1.33640786340152E-4
1.3343507751427695E-4
1.3322998593164238E-4
1.330255088430257E-4
1.3282164351542878E-4
1.3261838723195474E-4
1.3241573729170017E-4
1.322136910096313E-4
1.3201224571646842E-4
1.3181139875856595E-4
1.3161114749780822E-4
1.314114893114935E-4
1.312124215922171E-4
1.3101394174776758E-4
1.308160472010051E-4
1.3061873538976687E-4
1.3042200376674784E-4
1.3022584979939454E-4
1.30030270969813E-4
1.298352647746406E-4
1.296408287249585E-4
1.2944696034617595E-4
1.292536571779409E-4
1.2906091677403195E-4
1.2886873670224822E-4
1.2867711454432569E-4
1.2848604789582487E-4
1.2829553436604203E-4
1.281055715779024E-4
1.2791615716786818E-4
1.2772728878584756E-4
1.2753896409508858E-4
1.2735118077209341E-4
1.2716393650652165E-4
1.2697722900109618E-4
1.2679105597151522E-4
1.2660541514636275E-4
1.2642030426700447E-4
1.2623572108751626E-4
1.2605166337458347E-4
1.2586812890741784E-4
1.256851154776688E-4
1.2550262088933413E-4
1.2532064295868022E-4
1.2513917951414532E-4
1.249582283962774E-4
1.247777874576181E-4
1.2459785456265195E-4
1.2441842758769683E-4
1.2423950442084383E-4
1.2406108296186187E-4
1.2388316112212446E-4
1.237057368245238E-4
1.2352880800340282E-4
1.2335237260446014E-4
1.2317642858468726E-4
1.2300097391228693E-4
1.2282600656659046E-4
1.2265152453798942E-4
1.2247752582785837E-4
1.2230400844847716E-4
1.2213097042295892E-4
1.2195840978518055E-4
1.2178632457970012E-4
1.2161471286169417E-4
1.2144357269688245E-4
1.2127290216145535E-4
1.2110269934200354E-4
1.2093296233545248E-4
1.2076368924898201E-4
1.2059487819997793E-4
1.2042652731593747E-4
1.202586347344214E-4
1.2009119860297783E-4
1.1992421707908181E-4
1.1975768833006173E-4
1.1959161053303748E-4
1.1942598187485558E-4
1.1926080055202354E-4
1.1909606477064924E-4
1.1893177274637011E-4
1.1876792270429673E-4
1.1860451287894552E-4
1.1844154151418663E-4
1.1827900686316405E-4
1.1811690718825085E-4
1.1795524076098624E-4
1.1779400586200525E-4
1.1763320078099062E-4
1.1747282381660698E-4
1.1731287327644588E-4
1.1715334747696466E-4
1.1699424474342832E-4
1.1683556340985424E-4
1.1667730181895883E-4
1.1651945832209051E-4
1.1636203127918194E-4
1.162050190586964E-4
1.1604842003756077E-4
1.1589223260112564E-4
1.1573645514310371E-4
1.1558108606550984E-4
1.1542612377861804E-4
1.1527156670090798E-4
1.1511741325900043E-4
1.1496366188761961E-4
1.1481031102953277E-4
1.146573591354997E-4
1.1450480466422319E-4
1.1435264608229882E-4
1.1420088186416374E-4
1.1404951049204679E-4
1.1389853045591762E-4
1.1374794025343977E-4
1.1359773838992078E-4
1.134479233782611E-4
1.132984937389172E-4
1.1314944799983692E-4
1.1300078469642673E-4
1.1285250237149358E-4
1.1270459957520619E-4
1.1255707486504648E-4
1.1240992680576484E-4
1.1226315396933013E-4
1.1211675493488534E-4
1.1197072828871139E-4
1.1182507262417339E-4
1.1167978654167485E-4
1.1153486864862327E-4
1.1139031755937814E-4
1.1124613189521075E-4
1.1110231028426377E-4
1.1095885136150381E-4
1.1081575376868049E-4
1.1067301615428684E-4
1.1053063717352123E-4
1.1038861548823274E-4
1.1024694976689232E-4
1.1010563868455018E-4
1.0996468092278916E-4
1.0982407516969157E-4
1.0968382011979598E-4
1.0954391447405629E-4
1.0940435693980925E-4
1.0926514623072289E-4
1.0912628106677608E-4
1.0898776017419821E-4
1.0884958228545073E-4
1.0871174613917952E-4
1.0857425048017453E-4
1.084370940593402E-4
1.0830027563365619E-4
1.0816379396613705E-4
1.0802764782579556E-4
1.078918359876173E-4
1.0775635723250832E-4
1.076212103472687E-4
1.0748639412456025E-4
1.0735190736286212E-4
1.0721774886644427E-4
1.0708391744532695E-4
1.069504119152484E-4
1.0681723109763429E-4
1.0668437381955182E-4
1.0655183891369447E-4
1.0641962521833113E-4
1.062877315772848E-4
1.061561568398885E-4
1.0602489986096755E-4
1.0589395950079392E-4
1.0576333462505565E-4
1.05633024104832E-4
1.055030268165576E-4
1.0537334164198579E-4
1.052439674681664E-4
1.0511490318740342E-4
1.0498614769724323E-4
1.0485769990041802E-4
1.0472955870483432E-4
1.0460172302353729E-4
1.0447419177467949E-4
1.0434696388149015E-4
1.0422003827224849E-4
1.0409341388025431E-4
1.0396708964379337E-4
1.0384106450611463E-4
1.0371533741540437E-4
1.0358990732473862E-4
1.0346477319207926E-4
1.0333993398023313E-4
1.0321538865682192E-4
1.0309113619426353E-4
1.0296717556973107E-4
1.0284350576513843E-4
1.027201257671089E-4
1.0259703456694346E-4
1.0247423116059472E-4
1.0235171454865275E-4
1.0222948373629729E-4
1.0210753773328816E-4
1.0198587555393366E-4
1.0186449621706218E-4
1.0174339874600177E-4
1.0162258216854621E-4
1.0150204551693894E-4
1.0138178782784118E-4
1.012618081423143E-4
1.0114210550578141E-4
1.0102267896801427E-4
1.0090352758310556E-4
1.0078465040944771E-4
1.006660465096967E-4
1.0054771495076292E-4
1.0042965480377851E-4
1.0031186514407322E-4
1.0019434505115526E-4
1.0007709360868847E-4
9.996010990445932E-5
The correct rate for BP: 100.00% 
