1.9567580269222447
1.7970535378120827
0.7276301382968466
0.14978779182799298
0.048403208675940425
0.0267945287128379
0.0189445918522872
0.0146289204338712
0.01189241956127151
0.01000229801064915
0.008619248008234218
0.007564073997569471
0.0067330970855848955
0.006062139551928109
0.005509345293047704
0.005046253886551597
0.004652841828521891
0.0043146147279901495
0.004020824331248753
0.003763333420796849
0.0035358696273396395
0.0033335211180118775
0.003152387403533791
0.0029893323359458926
0.00284180604629689
0.002707714384489313
0.002585321716008752
0.0024731775461167894
0.002370060430110159
0.0022749346022161083
0.0021869160840578545
0.0021052459427396883
0.0020292690004848897
0.0019584167432498078
0.0018921934939713245
0.0018301651462217993
0.0017719499223372542
0.001717210744466533
0.001665648899829106
0.0016169987514064745
0.0015710232984354915
0.0015275104317835565
0.0014862697607134394
0.0014471299119828576
0.0014099362213560024
0.0013745487526795348
0.001340840591628463
0.001308696370758414
0.001278010990144503
0.0012486885040481786
0.0012206411490456239
0.001193788493114746
0.0011680566885018668
0.0011433778139183486
0.001119689293870068
0.0010969333847866362
0.0010750567191684455
0.0010540099002627338
0.0010337471408635942
0.0010142259407410366
9.954067979717376E-4
9.772529500930707E-4
9.597301415525878E-4
9.428064143937561E-4
9.264519195179368E-4
9.106387462050295E-4
8.953407678681511E-4
8.805335022701234E-4
8.661939846468353E-4
8.523006523706473E-4
8.388332399497239E-4
8.257726833002919E-4
8.13101032352101E-4
8.008013711542636E-4
7.888577447424325E-4
7.772550921102239E-4
7.659791846995688E-4
7.550165698881144E-4
7.443545190071045E-4
7.339809794723515E-4
7.238845306543169E-4
7.140543431514536E-4
7.044801411650616E-4
6.951521677041172E-4
6.860611523751412E-4
6.771982815363123E-4
6.685551706160764E-4
6.60123838415713E-4
6.518966832321862E-4
6.438664606528536E-4
6.360262628873596E-4
6.283694995141179E-4
6.208898795299803E-4
6.135813946014516E-4
6.064383034248998E-4
5.994551171111232E-4
5.926265855169831E-4
5.859476844534964E-4
5.79413603705484E-4
5.730197358035814E-4
5.667616654940798E-4
5.606351598566329E-4
5.546361590238854E-4
5.487607674607795E-4
5.43005245764569E-4
5.373660029497473E-4
5.318395891848027E-4
5.264226889502711E-4
5.211121145899357E-4
5.159048002290677E-4
5.107977960356575E-4
5.05788262802313E-4
5.008734668280974E-4
4.960507750812407E-4
4.913176506248349E-4
4.8667164828913195E-4
4.8211041057495837E-4
4.7763166377414595E-4
4.73233214293606E-4
4.689129451707444E-4
4.646688127686984E-4
4.604988436407582E-4
4.5640113155384296E-4
4.5237383466182143E-4
4.484151728199269E-4
4.445234250321439E-4
4.406969270239141E-4
4.3693406893314076E-4
4.3323329311277005E-4
4.2959309203873365E-4
4.2601200631741813E-4
4.224886227872037E-4
4.1902157270891127E-4
4.1560953004038924E-4
4.1225120979068567E-4
4.089453664495437E-4
4.056907924883303E-4
4.0248631692851823E-4
3.993308039742918E-4
3.9622315170593196E-4
3.9316229083083567E-4
3.901471834892562E-4
3.8717682211200253E-4
3.8425022832743843E-4
3.8136645191537676E-4
3.785245698054921E-4
3.757236851181112E-4
3.7296292624525303E-4
3.702414459700271E-4
3.675584206224573E-4
3.6491304927010625E-4
3.623045529416975E-4
3.5973217388230133E-4
3.571951748385466E-4
3.5469283837244144E-4
3.522244662025112E-4
3.497893785710263E-4
3.4738691363599833E-4
3.450164268869755E-4
3.426772905834826E-4
3.403688932150926E-4
3.3809063898213753E-4
3.3584194729624885E-4
3.3362225229972815E-4
3.314310024030111E-4
3.2926765983939336E-4
3.2713170023627666E-4
3.250226122022733E-4
3.229398969294041E-4
3.208830678098415E-4
3.188516500665085E-4
3.168451803970004E-4
3.148632066302675E-4
3.1290528739549297E-4
3.1097099180271226E-4
3.090598991346708E-4
3.0717159854944614E-4
3.053056887934468E-4
3.034617779242843E-4
3.0163948304324985E-4
2.998384300368622E-4
2.9805825332727504E-4
2.962985956310676E-4
2.9455910772619565E-4
2.92839448226704E-4
2.9113928336494554E-4
2.894582867810122E-4
2.8779613931906984E-4
2.861525288304001E-4
2.8452714998281216E-4
2.8291970407624497E-4
2.81329898864311E-4
2.797574483815499E-4
2.7820207277618706E-4
2.7666349814821237E-4
2.751414563925269E-4
2.73635685047061E-4
2.721459271455824E-4
2.706719310751227E-4
2.6921345043777776E-4
2.6777024391676663E-4
2.663420751465827E-4
2.6492871258710976E-4
2.635299294015331E-4
2.621455033379424E-4
2.607752166144868E-4
2.594188558079275E-4
2.5807621174554676E-4
2.5674707940021366E-4
2.5543125778853393E-4
2.5412854987202585E-4
2.52838762461111E-4
2.515617061219351E-4
2.5029719508584756E-4
2.490450471615063E-4
2.478050836494716E-4
2.465771292592352E-4
2.4536101202860276E-4
2.44156563245352E-4
2.4296361737106826E-4
2.417820119671305E-4
2.406115876227414E-4
2.3945218788494672E-4
2.383036591905892E-4
2.3716585080011413E-4
2.3603861473321712E-4
2.3492180570618539E-4
2.3381528107098074E-4
2.327189007559409E-4
2.316325272080762E-4
2.3055602533690275E-4
2.294892624597766E-4
2.2843210824866314E-4
2.2738443467832205E-4
2.2634611597583228E-4
2.2531702857146228E-4
2.2429705105078896E-4
2.2328606410808335E-4
2.2228395050087293E-4
2.2129059500569474E-4
2.2030588437495482E-4
2.193297072949192E-4
2.1836195434472836E-4
2.1740251795648638E-4
2.1645129237632572E-4
2.155081736264635E-4
2.1457305946818997E-4
2.1364584936580164E-4
2.1272644445138232E-4
2.118147474905041E-4
2.1091066284873507E-4
2.1001409645896488E-4
2.0912495578955981E-4
2.0824314981323925E-4
2.0736858897674784E-4
2.065011851712377E-4
2.0564085170335177E-4
2.047875032670205E-4
2.0394105591590723E-4
2.0310142703651842E-4
2.0226853532194549E-4
2.0144230074621547E-4
2.00622644539257E-4
1.9980948916244087E-4
1.9900275828468276E-4
1.9820237675911254E-4
1.9740827060027016E-4
1.9662036696183505E-4
1.958385941148521E-4
1.950628814264638E-4
1.942931593391297E-4
1.9352935935029175E-4
1.9277141399253465E-4
1.920192568141556E-4
1.9127282236020186E-4
1.905320461538875E-4
1.897968646784839E-4
1.8906721535954211E-4
1.8834303654756705E-4
1.8762426750103579E-4
1.869108483697982E-4
1.862027201788386E-4
1.8549982481239175E-4
1.8480210499841054E-4
1.8410950429335117E-4
1.8342196706729624E-4
1.8273943848939292E-4
1.8206186451361547E-4
1.8138919186480506E-4
1.8072136802502965E-4
1.8005834122021883E-4
1.794000604070783E-4
1.787464752602936E-4
1.7809753615998555E-4
1.7745319417943528E-4
1.7681340107306032E-4
1.7617810926463966E-4
1.7554727183579158E-4
1.74920842514672E-4
1.742987756649038E-4
1.7368102627477122E-4
1.7306754994656705E-4
1.7245830288621492E-4
1.7185324189306945E-4
1.712523243499363E-4
1.7065550821328612E-4
1.7006275200366362E-4
1.6947401479628534E-4
1.6888925621184832E-4
1.6830843640747061E-4
1.6773151606787074E-4
1.6715845639667643E-4
1.6658921910792188E-4
1.6602376641771E-4
1.6546206103602997E-4
1.6490406615875993E-4
1.6434974545976664E-4
1.6379906308323724E-4
1.632519836360894E-4
1.6270847218056352E-4
1.6216849422694582E-4
1.6163201572643674E-4
1.6109900306414426E-4
1.6056942305222094E-4
1.600432429231162E-4
1.5952043032297673E-4
1.590009533051544E-4
1.584847803238407E-4
1.579718802278157E-4
1.574622222543286E-4
1.569557760230624E-4
1.564525115302444E-4
1.559523991428439E-4
1.5545540959287758E-4
1.5496151397182843E-4
1.5447068372515923E-4
1.5398289064693537E-4
1.5349810687451332E-4
1.5301630488338843E-4
1.5253745748206444E-4
1.5206153780706954E-4
1.515885193180255E-4
1.511183757928319E-4
1.5065108132291305E-4
1.5018661030857168E-4
1.4972493745440843E-4
1.4926603776482464E-4
1.4880988653962062E-4
1.483564593696464E-4
1.479057321325418E-4
1.4745768098855237E-4
1.4701228237642408E-4
1.465695130093418E-4
1.4612934987098008E-4
1.4569177021158352E-4
1.4525675154413527E-4
1.4482427164058467E-4
1.4439430852815468E-4
1.4396684048567632E-4
1.4354184604002622E-4
1.431193039626083E-4
1.42699193265878E-4
1.42281493199956E-4
1.4186618324927796E-4
1.4145324312930991E-4
1.4104265278330814E-4
1.4063439237914794E-4
1.4022844230619788E-4
1.3982478317223692E-4
1.3942339580044543E-4
1.3902426122641869E-4
1.3862736069525014E-4
1.3823267565865808E-4
1.378401877721463E-4
1.3744987889223004E-4
1.3706173107370223E-4
1.3667572656693222E-4
1.3629184781521417E-4
1.359100774521767E-4
1.355303982992024E-4
1.3515279336291208E-4
1.3477724583268753E-4
1.3440373907821354E-4
1.3403225664709043E-4
1.3366278226246454E-4
1.3329529982068896E-4
1.3292979338904375E-4
1.3256624720348663E-4
1.3220464566641966E-4
1.3184497334451184E-4
1.3148721496654536E-4
1.3113135542130555E-4
1.3077737975549582E-4
1.3042527317167851E-4
1.300750210262652E-4
1.2972660882752224E-4
1.2938002223361885E-4
1.2903524705069766E-4
1.2869226923097285E-4
1.2835107487086506E-4
1.2801165020916034E-4
1.276739816252072E-4
1.273380556371155E-4
1.2700385890000848E-4
1.2667137820429584E-4
1.2634060047395714E-4
1.260115127648763E-4
1.256841022631755E-4
1.2535835628360158E-4
1.2503426226789644E-4
1.247118077832447E-4
1.2439098052069767E-4
1.2407176829364226E-4
1.2375415903629749E-4
1.234381408022158E-4
1.2312370176281736E-4
1.228108302059507E-4
1.2249951453446197E-4
1.221897432647897E-4
1.218815050255911E-4
1.2157478855636888E-4
1.2126958270613498E-4
1.2096587643207498E-4
1.2066365879826278E-4
1.2036291897435313E-4
1.200636462343333E-4
1.1976582995525754E-4
1.1946945961602863E-4
1.1917452479617435E-4
1.1888101517465856E-4
1.1858892052869435E-4
1.1829823073258137E-4
1.1800893575657331E-4
1.177210256657274E-4
1.1743449061880277E-4
1.1714932086715943E-4
1.1686550675367201E-4
1.1658303871166593E-4
1.1630190726386153E-4
1.1602210302133179E-4
1.1574361668248598E-4
1.1546643903205394E-4
1.1519056094009135E-4
1.1491597336099964E-4
1.1464266733255391E-4
1.1437063397494557E-4
1.1409986448985323E-4
1.1383035015948841E-4
1.1356208234570105E-4
1.1329505248906877E-4
1.1302925210800039E-4
1.1276467279785686E-4
1.125013062300888E-4
1.1223914415136835E-4
1.1197817838276119E-4
1.117184008188771E-4
1.1145980342705591E-4
1.1120237824655334E-4
1.1094611738774108E-4
1.1069101303131648E-4
1.1043705742752075E-4
1.1018424289537817E-4
1.0993256182192482E-4
1.096820066614676E-4
1.094325699348473E-4
1.0918424422869787E-4
1.0893702219473684E-4
1.0869089654905134E-4
1.0844586007140114E-4
1.0820190560451566E-4
1.0795902605342171E-4
1.07717214384764E-4
1.0747646362614416E-4
1.0723676686545594E-4
1.0699811725023884E-4
1.0676050798704924E-4
1.0652393234081508E-4
1.0628838363421293E-4
1.0605385524706094E-4
1.0582034061569978E-4
1.0558783323240802E-4
1.0535632664478899E-4
1.0512581445519897E-4
1.0489629032016962E-4
1.0466774794983428E-4
1.0444018110735727E-4
1.0421358360839533E-4
1.0398794932053136E-4
1.0376327216274077E-4
1.0353954610485365E-4
1.0331676516702728E-4
1.0309492341921798E-4
1.0287401498067632E-4
1.0265403401942856E-4
1.024349747517664E-4
1.0221683144177685E-4
1.0199959840081914E-4
1.017832699870615E-4
1.0156784060499249E-4
1.0135330470495256E-4
1.0113965678266033E-4
1.0092689137876522E-4
1.0071500307837068E-4
1.0050398651059871E-4
1.0029383634814408E-4
1.0008454730682608E-4
9.987611414516746E-5
The correct rate for BP: 100.00% 
