0.9798727739552923
1.9018045024811472
1.2879264571671256
0.18059166515595818
0.011612202955440864
0.005311362891015737
0.004125913154824823
0.0034295615231772487
0.002948900498301037
0.002591514895547974
0.0023135256797057863
0.002090394353329108
0.001907014600590404
0.0017534705161785622
0.001622941951485685
0.0015105658364006052
0.001412772714035069
0.001326879162678818
0.001250826662990467
0.0011830084251260547
0.0011221511762267097
0.0010672324440047778
0.0010174214219126215
9.720358885444686E-4
9.305102937677996E-4
8.9237176113927E-4
8.572217985090265E-4
8.247221880878546E-4
7.945839793775685E-4
7.665588149587176E-4
7.40432030600312E-4
7.16017119292194E-4
6.931512540521906E-4
6.716916401229285E-4
6.51512522369344E-4
6.325027143511229E-4
6.145635458133045E-4
5.9760714808818E-4
5.815550141555396E-4
5.663367833052473E-4
5.518892105197918E-4
5.381552885972272E-4
5.250834972161901E-4
5.126271580122452E-4
5.007438785920848E-4
4.893950714865859E-4
4.7854553650876215E-4
4.6816309696957723E-4
4.582182818138265E-4
4.4868404704890706E-4
4.3953553091088813E-4
4.307498380928611E-4
4.223058490869314E-4
4.1418405129311516E-4
4.06366389048668E-4
3.9883613014944267E-4
3.915777467846392E-4
3.845768091006639E-4
3.778198898578849E-4
3.712944788542179E-4
3.649889059674672E-4
3.5889227182026555E-4
3.5299438520084965E-4
3.472857064837735E-4
3.4175729638991363E-4
3.364007695068858E-4
3.312082520617217E-4
3.261723434986754E-4
3.212860814680395E-4
3.1654290987775274E-4
3.119366496997153E-4
3.074614722575948E-4
3.031118747534322E-4
2.988826578172289E-4
2.947689048869669E-4
2.907659632473435E-4
2.868694265736059E-4
2.830751188429098E-4
2.7937907948981047E-4
2.7577754969512443E-4
2.7226695970844234E-4
2.688439171145053E-4
2.655051959625138E-4
2.622477266851772E-4
2.5906858674141304E-4
2.559649919228137E-4
2.529342882695479E-4
2.4997394454651084E-4
2.470815452348713E-4
2.4425478399834233E-4
2.4149145758708675E-4
2.3878946014540132E-4
2.3614677789236108E-4
2.3356148414721518E-4
2.3103173467374247E-4
2.2855576331996542E-4
2.2613187793160233E-4
2.2375845651941852E-4
2.2143394366224155E-4
2.1915684712895675E-4
2.169257347040249E-4
2.1473923120243478E-4
2.125960156609607E-4
2.1049481869375407E-4
2.084344200011426E-4
2.0641364602136346E-4
2.0443136771579727E-4
2.024864984788931E-4
2.0057799216468102E-4
1.9870484122239484E-4
1.9686607493418003E-4
1.950607577484411E-4
1.932879877028579E-4
1.9154689493145898E-4
1.898366402505895E-4
1.8815641381894404E-4
1.8650543386719475E-4
1.848829454930107E-4
1.8328821951759798E-4
1.8172055140011422E-4
1.8017926020658928E-4
1.7866368763013848E-4
1.7717319705959735E-4
1.7570717269371522E-4
1.7426501869841846E-4
1.728461584046478E-4
1.7145003354455515E-4
1.700761035239266E-4
1.687238447288262E-4
1.67392749864625E-4
1.6608232732564384E-4
1.6479210059377404E-4
1.6352160766455048E-4
1.622704004991863E-4
1.6103804450126743E-4
1.598241180167632E-4
1.5862821185619764E-4
1.5744992883780972E-4
1.5628888335065654E-4
1.5514470093665528E-4
1.5401701789057859E-4
1.5290548087715163E-4
1.5180974656439286E-4
1.507294812723745E-4
1.4966436063668033E-4
1.48614069285859E-4
1.4757830053214527E-4
1.465567560748808E-4
1.4554914571598133E-4
1.4455518708692154E-4
1.4357460538665762E-4
1.426071331300229E-4
1.4165250990608034E-4
1.407104821459695E-4
1.3978080289987437E-4
1.3886323162259968E-4
1.3795753396747662E-4
1.3706348158812657E-4
1.3618085194781222E-4
1.35309428136E-4
1.3444899869180442E-4
1.3359935743408228E-4
1.3276030329778283E-4
1.3193164017639405E-4
1.3111317677014535E-4
1.3030472643974956E-4
1.2950610706547288E-4
1.287171409112486E-4
1.279376544937089E-4
1.271674784558294E-4
1.2640644744508873E-4
1.2565439999590128E-4
1.249111784161701E-4
1.2417662867779096E-4
1.234506003109265E-4
1.2273294630194237E-4
1.2202352299482574E-4
1.2132218999595114E-4
1.2062881008207192E-4
1.1994324911141234E-4
1.1926537593771888E-4
1.185950623271888E-4
1.1793218287812514E-4
1.1727661494326163E-4
1.1662823855460189E-4
1.1598693635072672E-4
1.1535259350643323E-4
1.1472509766466812E-4
1.1410433887060552E-4
1.1349020950785506E-4
1.1288260423667145E-4
1.1228141993412447E-4
1.1168655563613655E-4
1.11097912481333E-4
1.1051539365663333E-4
1.0993890434451387E-4
1.0936835167192124E-4
1.0880364466069585E-4
1.0824469417955115E-4
1.0769141289747925E-4
1.0714371523856575E-4
1.0660151733815661E-4
1.0606473700033665E-4
1.0553329365666435E-4
1.0500710832611852E-4
1.0448610357623848E-4
1.0397020348538053E-4
1.034593336060812E-4
1.0295342092949008E-4
1.0245239385080536E-4
1.0195618213571598E-4
1.0146471688780471E-4
1.0097793051686607E-4
1.0049575670811173E-4
1.000181303922725E-4
9.954498771650676E-5
The correct rate for BP: 100.00% 
