0.8881205245679502
0.6720601945395037
0.3261076129762349
0.1646835655990078
0.09942164027566196
0.06894643647732704
0.051756381915684296
0.04090331676257239
0.03351505431786561
0.02820548443483499
0.024230473947427084
0.021157851957358097
0.01872091809319419
0.016746927230818977
0.015119479373001229
0.013757516521831194
0.01260299766407309
0.011613358518022632
0.010756731581401726
0.010008821507152462
0.009350807063972623
0.008767898743975508
0.008248326121033553
0.00778261347380168
0.007363052809637798
0.006983314609793945
0.006638156295017602
0.0063232011026461525
0.006034768415783736
0.005769742178158062
0.0055254678374071515
0.005299670893649797
0.0050903919775573524
0.0048959346947480215
0.004714823417332932
0.004545768890060959
0.004387640023205573
0.004239440618985376
0.00410029005900416
0.003969407192332659
0.003846096825494606
0.0037297383397375187
0.003619776056971959
0.003515711050533843
0.003417094155540805
0.003323519979851782
0.0032346217533286165
0.003150066882374925
0.0030695531002147623
0.0029928051223112595
0.002919571731670926
0.0028496232312709745
0.0027827492110610577
0.0027187565853789243
0.0026574678635351966
0.0025987196220478904
0.0025423611517640726
0.002488253257072819
0.0024362671877338855
0.0023862836866331166
0.0023381921391240983
0.002291889811599278
0.002247281168615169
0.002204277259325597
0.002162795165195014
0.0021227575020050155
0.002084091970059479
0.00204673094725998
0.0020106111203833437
0.0019756731504628126
0.0019418613686671793
0.001909123499499967
0.0018774104085118501
0.001846675872043175
0.0018168763667955998
0.0017879708772788074
0.0017599207193941687
0.0017326893786072362
0.001706242361327497
0.0016805470582610836
0.0016555726186313264
0.0016312898342769897
0.0016076710327392412
0.0015846899785383684
0.0015623217819210832
0.0015405428144302808
0.001519330630712344
0.0014986638960334555
0.0014785223190268185
0.0014588865892377146
0.001439738319073566
0.001421059989802597
0.0014028349012768589
0.0013850471250849332
0.001367681460865486
0.001350723395537031
0.0013341590652201844
0.0013179752196482133
0.00130215918887917
0.0012866988521384912
0.0012715826086356003
0.001256799350210459
0.0012423384356786084
0.0012281896667531427
0.001214343265432379
0.0012007898527505655
0.0011875204287972244
0.0011745263539179706
0.0011617993310165018
0.0011493313888836093
0.0011371148664845543
0.0011251423981415028
0.001113406899552413
0.0011019015545919364
0.0010906198028439956
0.001079555327819552
0.0010687020458159582
0.0010580540953778579
0.0010476058273222195
0.0010373517952926808
0.001027286746810917
0.0010174056147949126
0.0010077035095160695
9.981757109690183E-4
9.888176616297164E-4
9.796249595791279E-4
9.705933519711686E-4
9.617187288250919E-4
9.529971171237815E-4
9.444246752004544E-4
9.359976873977375E-4
9.27712558983703E-4
9.195658113107104E-4
9.115540772036588E-4
9.036740965651863E-4
8.959227121858914E-4
8.882968657487584E-4
8.807935940172697E-4
8.734100251974826E-4
8.661433754649956E-4
8.58990945648093E-4
8.519501180590093E-4
8.450183534657425E-4
8.381931881970818E-4
8.314722313742559E-4
8.248531622627186E-4
8.183337277380347E-4
8.119117398603198E-4
8.05585073551735E-4
7.99351664372017E-4
7.932095063873626E-4
7.871566501280235E-4
7.811912006304196E-4
7.753113155597134E-4
7.695152034090508E-4
7.638011217718149E-4
7.581673756835355E-4
7.526123160301312E-4
7.471343380195234E-4
7.417318797136062E-4
7.364034206179223E-4
7.311474803263163E-4
7.259626172181899E-4
7.208474272059661E-4
7.158005425304796E-4
7.108206306022752E-4
7.059063928866974E-4
7.010565638309357E-4
6.962699098311219E-4
6.915452282378695E-4
6.86881346398452E-4
6.822771207342118E-4
6.777314358516083E-4
6.732432036854648E-4
6.688113626732285E-4
6.644348769587157E-4
6.601127356243281E-4
6.558439519504299E-4
6.516275627008556E-4
6.474626274334496E-4
6.433482278346112E-4
6.392834670769328E-4
6.352674691989259E-4
6.312993785060465E-4
6.273783589920869E-4
6.235035937802089E-4
6.196742845828001E-4
6.158896511794525E-4
6.121489309123083E-4
6.084513781981808E-4
6.047962640567485E-4
6.011828756542215E-4
5.976105158619288E-4
5.940785028291862E-4
5.905861695700092E-4
5.871328635630689E-4
5.837179463644616E-4
5.803407932327311E-4
5.770007927658441E-4
5.736973465495047E-4
5.704298688165258E-4
5.671977861167915E-4
5.640005369974685E-4
5.6083757169308E-4
5.577083518250371E-4
5.546123501104348E-4
5.515490500796274E-4
5.485179458023646E-4
5.455185416221693E-4
5.425503518986745E-4
5.39612900757619E-4
5.367057218482843E-4
5.338283581080558E-4
5.309803615339363E-4
5.281612929607031E-4
5.25370721845563E-4
5.226082260589886E-4
5.198733916816301E-4
5.171658128070263E-4
5.14485091349968E-4
5.118308368602966E-4
5.092026663419611E-4
5.066002040772114E-4
5.040230814556596E-4
5.014709368081748E-4
4.989434152453347E-4
4.964401685004138E-4
4.939608547766112E-4
4.915051385985456E-4
4.89072690667749E-4
4.866631877221203E-4
4.8427631239914964E-4
4.819117531028647E-4
4.795692038742981E-4
4.772483642654769E-4
4.749489392166786E-4
4.7267063893702624E-4
4.704131787881606E-4
4.681762791710019E-4
4.6595966541544947E-4
4.63763067672991E-4
4.6158622081202594E-4
4.5942886431597405E-4
4.5729074218392045E-4
4.5517160283387563E-4
4.530711990084455E-4
4.509892876829352E-4
4.489256299757323E-4
4.4687999106100904E-4
4.448521400835412E-4
4.4284185007571075E-4
4.4084889787654295E-4
4.3887306405274585E-4
4.3691413282173316E-4
4.34971891976488E-4
4.330461328123068E-4
4.3113665005531105E-4
4.292432417926811E-4
4.2736570940462405E-4
4.2550385749791304E-4
4.2365749384108047E-4
4.2182642930113884E-4
4.200104777817837E-4
4.182094561631156E-4
4.1642318424273486E-4
4.146514846782523E-4
4.128941829311296E-4
4.1115110721186743E-4
4.094220884264098E-4
4.0770696012384206E-4
4.060055584452875E-4
4.0431772207394833E-4
4.026432921863287E-4
4.0098211240456106E-4
3.9933402874980884E-4
3.976988895967251E-4
3.96076545628957E-4
3.9446684979563295E-4
3.9286965726882927E-4
3.91284825402004E-4
3.897122136893228E-4
3.8815168372592504E-4
3.8660309916904056E-4
3.850663256999657E-4
3.835412309868974E-4
3.8202768464854284E-4
3.805255582185496E-4
3.7903472511069506E-4
3.77555060584856E-4
3.7608644171364974E-4
3.7462874734986413E-4
3.7318185809453384E-4
3.717456562657347E-4
3.7032002586799876E-4
3.6890485256241165E-4
3.6750002363734717E-4
3.661054279797725E-4
3.647209560472073E-4
3.633464998402289E-4
3.619819528755849E-4
3.60627210159831E-4
3.5928216816353154E-4
3.5794672479599107E-4
3.56620779380516E-4
3.5530423263014656E-4
3.5399698662392425E-4
3.526989447836317E-4
3.5141001185096983E-4
3.501300938652675E-4
3.488590981415542E-4
3.4759693324915356E-4
3.4634350899064096E-4
3.45098736381267E-4
3.438625276287569E-4
3.4263479611353813E-4
3.414154563693355E-4
3.4020442406416284E-4
3.390016159816786E-4
3.3780695000291494E-4
3.366203450883663E-4
3.3544172126040244E-4
3.342709995860541E-4
3.3310810216010496E-4
3.3195295208853203E-4
3.3080547347223715E-4
3.296655913911318E-4
3.285332318884651E-4
3.2740832195550876E-4
3.2629078951649886E-4
3.2518056341387166E-4
3.240775733937783E-4
3.2298175009187047E-4
3.2189302501935103E-4
3.208113305492909E-4
3.197365999031918E-4
3.186687671377982E-4
3.176077671321712E-4
3.1655353557498217E-4
3.155060089520409E-4
3.144651245340667E-4
3.1343082036466017E-4
3.1240303524852106E-4
3.113817087398712E-4
3.1036678113106306E-4
3.093581934414301E-4
3.08355887406321E-4
3.073598054663324E-4
3.0636989075672133E-4
3.053860870970471E-4
3.044083389809443E-4
3.034365915661123E-4
3.024707906644787E-4
3.0151088273252456E-4
3.0055681486179463E-4
2.996085347695489E-4
2.98665990789615E-4
2.977291318633662E-4
2.9679790753088465E-4
2.9587226792223667E-4
2.949521637489667E-4
2.940375462956539E-4
2.9312836741169474E-4
2.922245795031584E-4
2.9132613552484553E-4
2.904329889724174E-4
2.895450938747123E-4
2.8866240478616365E-4
2.8778487677935585E-4
2.8691246543770537E-4
2.8604512684826027E-4
2.8518281759462615E-4
2.8432549475001053E-4
2.834731158703806E-4
2.8262563898773214E-4
2.8178302260347516E-4
2.809452256819283E-4
2.801122076439289E-4
2.792839283605269E-4
2.784603481467884E-4
2.776414277557313E-4
2.768271283723217E-4
2.760174116075718E-4
2.752122394927699E-4
2.7441157447375775E-4
2.736153794053324E-4
2.7282361754571286E-4
2.7203625255112923E-4
2.712532484704665E-4
2.704745697400089E-4
2.697001811782657E-4
2.6893004798088783E-4
2.681641357156455E-4
2.674024103175016E-4
2.6664483808376413E-4
2.6589138566929373E-4
2.651420200818228E-4
2.6439670867731244E-4
2.636554191553956E-4
2.629181195549094E-4
2.62184778249454E-4
2.614553639430671E-4
2.607298456659408E-4
2.6000819277020295E-4
2.592903749257585E-4
2.585763621162406E-4
2.5786612463494466E-4
2.571596330809056E-4
2.564568583549637E-4
2.557577716559546E-4
2.5506234447690237E-4
2.543705486013112E-4
2.536823560994871E-4
2.5299773932492797E-4
2.5231667091075755E-4
2.516391237662264E-4
2.509650710732616E-4
2.5029448628304543E-4
2.4962734311268647E-4
2.4896361554190916E-4
2.48303277809791E-4
2.476463044115697E-4
2.469926700954797E-4
2.463423498596446E-4
2.4569531894901155E-4
2.450515528523153E-4
2.444110272991301E-4
2.4377371825690634E-4
2.431396019281039E-4
2.4250865474731578E-4
2.4188085337849779E-4
2.4125617471215885E-4
2.4063459586267042E-4
2.4001609416555392E-4
2.394006471748401E-4
2.3878823266045593E-4
2.3817882860564324E-4
2.3757241320444415E-4
2.3696896485916137E-4
2.363684621779234E-4
2.357708839722316E-4
2.351762092545824E-4
2.345844172360845E-4
2.3399548732413704E-4
2.3340939912012935E-4
2.3282613241717675E-4
2.3224566719788433E-4
2.3166798363214922E-4
2.3109306207496944E-4
2.3052088306432507E-4
2.2995142731904774E-4
2.2938467573674522E-4
2.2882060939174206E-4
2.282592095330545E-4
2.2770045758238076E-4
2.271443351321504E-4
2.2659082394355378E-4
2.2603990594463892E-4
2.2549156322842383E-4
2.249457780510007E-4
2.2440253282972908E-4
2.238618101413923E-4
2.233235927204164E-4
2.2278786345710183E-4
2.2225460539587256E-4
2.2172380173355883E-4
2.2119543581769144E-4
2.2066949114483143E-4
2.2014595135892462E-4
2.1962480024964045E-4
2.191060217507992E-4
2.1858959993874716E-4
2.1807551903081648E-4
2.175637633837575E-4
2.1705431749221673E-4
2.1654716598723777E-4
2.1604229363476435E-4
2.155396853341675E-4
2.1503932611680892E-4
2.145412011445975E-4
2.140452957085877E-4
2.1355159522757543E-4
2.1306008524672642E-4
2.125707514362255E-4
2.1208357958991085E-4
2.11598555623985E-4
2.1111566557568203E-4
2.1063489560198267E-4
2.1015623197835005E-4
2.0967966109745127E-4
2.0920516946794265E-4
2.0873274371322324E-4
2.0826237057022874E-4
2.0779403688824178E-4
2.0732772962770265E-4
2.0686343585905165E-4
2.0640114276157575E-4
2.0594083762226408E-4
2.0548250783470243E-4
2.0502614089794492E-4
2.0457172441543055E-4
2.04119246093905E-4
2.0366869374234423E-4
2.0322005527089826E-4
2.0277331868986105E-4
2.023284721086307E-4
2.0188550373470028E-4
2.0144440187264484E-4
2.0100515492314485E-4
2.0056775138198597E-4
2.0013217983911E-4
1.9969842897764404E-4
1.992664875729777E-4
1.9883634449180052E-4
1.9840798869120657E-4
1.9798140921776939E-4
1.9755659520664313E-4
1.9713353588067867E-4
1.967122205495454E-4
1.9629263860886044E-4
1.9587477953932815E-4
1.9545863290590704E-4
1.9504418835694559E-4
1.9463143562339265E-4
1.9422036451794235E-4
1.93810964934253E-4
1.9340322684613867E-4
1.9299714030677375E-4
1.9259269544793278E-4
1.9218988247919483E-4
1.917886916872041E-4
1.9138911343490668E-4
1.9099113816080468E-4
1.905947563782292E-4
1.9019995867460744E-4
1.898067357107468E-4
1.894150782201228E-4
1.890249770081844E-4
1.8863642295164878E-4
1.8824940699782992E-4
1.8786392016394488E-4
1.8747995353645967E-4
1.8709749827041102E-4
1.8671654558877044E-4
1.8633708678177837E-4
1.8595911320631254E-4
1.8558261628526284E-4
1.8520758750688714E-4
1.8483401842421163E-4
1.844619006544104E-4
1.840912258781957E-4
1.8372198583923807E-4
1.83354172343555E-4
1.8298777725893345E-4
1.8262279251436025E-4
1.8225921009943713E-4
1.8189702206383165E-4
1.8153622051670244E-4
1.8117679762614858E-4
1.8081874561868224E-4
1.8046205677866296E-4
1.8010672344777676E-4
1.7975273802450575E-4
1.7940009296360456E-4
1.7904878077558498E-4
1.786987940261959E-4
1.7835012533593412E-4
1.7800276737953093E-4
1.7765671288545967E-4
1.7731195463544945E-4
1.7696848546399672E-4
1.7662629825789788E-4
1.7628538595575288E-4
1.7594574154752352E-4
1.7560735807405008E-4
1.7527022862660196E-4
1.7493434634642454E-4
1.7459970442428556E-4
1.7426629610003177E-4
1.7393411466215823E-4
1.7360315344736396E-4
1.732734058401225E-4
1.7294486527226623E-4
1.7261752522255703E-4
1.7229137921626877E-4
1.719664208247834E-4
1.7164264366518065E-4
1.7132004139983178E-4
1.7099860773599942E-4
1.7067833642544602E-4
1.7035922126404495E-4
1.7004125609139465E-4
1.697244347904257E-4
1.6940875128704108E-4
1.6909419954971503E-4
1.68780773589158E-4
1.6846846745791042E-4
1.6815727525001234E-4
1.6784719110062582E-4
1.6753820918568167E-4
1.6723032372154098E-4
1.6692352896462178E-4
1.6661781921108312E-4
1.6631318879646231E-4
1.660096320953444E-4
1.657071435210328E-4
1.6540571752521064E-4
1.6510534859762055E-4
1.6480603126573217E-4
1.645077600944325E-4
1.642105296856979E-4
1.6391433467828506E-4
1.636191697474175E-4
1.633250296044861E-4
1.630319089967276E-4
1.6273980270693541E-4
1.624487055531667E-4
1.6215861238842738E-4
1.6186951810039338E-4
1.615814176111171E-4
1.6129430587674093E-4
1.610081778872129E-4
1.607230286660018E-4
1.604388532698322E-4
1.6015564678838542E-4
1.5987340434405164E-4
1.5959212109163803E-4
1.5931179221811552E-4
1.590324129423516E-4
1.587539785148394E-4
1.5847648421744723E-4
1.5819992536315945E-4
1.579242972958188E-4
1.5764959538987428E-4
1.5737581505013222E-4
1.5710295171151307E-4
1.568310008387994E-4
1.5655995792639716E-4
1.562898184980971E-4
1.5602057810683263E-4
1.557522323344448E-4
1.5548477679145376E-4
1.5521820711682496E-4
1.5495251897773454E-4
1.5468770806935036E-4
1.5442377011461013E-4
1.5416070086398344E-4
1.538984960952727E-4
1.5363715161337494E-4
1.5337666325008275E-4
1.531170268638596E-4
1.5285823833963128E-4
1.526002935885727E-4
1.5234318854790772E-4
1.520869191806966E-4
1.5183148147563345E-4
1.51576871446844E-4
1.5132308513368726E-4
1.5107011860055402E-4
1.5081796793667054E-4
1.505666292559151E-4
1.5031609869660024E-4
1.500663724213082E-4
1.4981744661669022E-4
1.4956931749327142E-4
1.4932198128528356E-4
1.4907543425046426E-4
1.4882967266987898E-4
1.4858469284775E-4
1.4834049111126342E-4
1.4809706381040325E-4
1.4785440731776377E-4
1.47612518028391E-4
1.4737139235959843E-4
1.4713102675079998E-4
1.4689141766333598E-4
1.466525615803193E-4
1.4641445500645142E-4
1.4617709446786782E-4
1.4594047651197452E-4
1.4570459770728707E-4
1.4546945464326212E-4
1.4523504393014876E-4
1.450013621988266E-4
1.4476840610064967E-4
1.445361723072937E-4
1.443046575105969E-4
1.4407385842241723E-4
1.4384377177448048E-4
1.4361439431822512E-4
1.433857228246545E-4
1.4315775408420105E-4
1.4293048490656864E-4
1.4270391212060175E-4
1.4247803257412398E-4
1.4225284313381973E-4
1.4202834068507636E-4
1.4180452213185274E-4
1.4158138439654123E-4
1.4135892441983534E-4
1.411371391605846E-4
1.409160255956682E-4
1.40695580719862E-4
1.4047580154570442E-4
1.4025668510336792E-4
1.4003822844052755E-4
1.3982042862223558E-4
1.396032827307914E-4
1.3938678786561845E-4
1.3917094114314094E-4
1.3895573969665206E-4
1.3874118067620664E-4
1.385272612484755E-4
1.383139785966473E-4
1.3810132992030176E-4
1.3788931243529008E-4
1.3767792337361455E-4
1.3746715998331694E-4
1.3725701952836425E-4
1.370474992885288E-4
1.3683859655927766E-4
1.3663030865166252E-4
1.364226328921988E-4
1.362155666227706E-4
1.3600910720051063E-4
1.3580325199768925E-4
1.3559799840161515E-4
1.3539334381451986E-4
1.3518928565346342E-4
1.3498582135021528E-4
1.3478294835116118E-4
1.3458066411719077E-4
1.3437896612361044E-4
1.341778518600196E-4
1.339773188302291E-4
1.337773645521529E-4
1.335779865577083E-4
1.3337918239272282E-4
1.3318094961683452E-4
1.3298328580339173E-4
1.3278618853936354E-4
1.325896554252383E-4
1.3239368407493872E-4
1.3219827211571796E-4
1.3200341718807456E-4
1.3180911694565432E-4
1.3161536905516744E-4
1.3142217119629446E-4
1.31229521061591E-4
1.3103741635640722E-4
1.30845854798796E-4
1.3065483411942548E-4
1.3046435206149658E-4
1.3027440638064747E-4
1.3008499484487871E-4
1.2989611523446098E-4
1.297077653418626E-4
1.2951994297164888E-4
1.29332645940412E-4
1.2914587207668934E-4
1.2895961922088225E-4
1.287738852251597E-4
1.2858866795340687E-4
1.2840396528111995E-4
1.2821977509534278E-4
1.2803609529458593E-4
1.2785292378874347E-4
1.2767025849902424E-4
1.2748809735787131E-4
1.2730643830888622E-4
1.2712527930675656E-4
1.2694461831718362E-4
1.2676445331680114E-4
1.2658478229310785E-4
1.264056032443953E-4
1.2622691417967584E-4
1.260487131186091E-4
1.2587099809143127E-4
1.256937671388854E-4
1.2551701831215476E-4
1.2534074967279388E-4
1.251649592926478E-4
1.2498964525380782E-4
1.2481480564851722E-4
1.2464043857912479E-4
1.2446654215800647E-4
1.242931145075056E-4
1.241201537598691E-4
1.2394765805717192E-4
1.2377562555126803E-4
1.2360405440371044E-4
1.23432942785706E-4
1.2326228887803013E-4
1.2309209087099133E-4
1.2292234696433956E-4
1.2275305536723393E-4
1.2258421429815552E-4
1.2241582198487354E-4
1.2224787666435878E-4
1.2208037658274263E-4
1.219133199952514E-4
1.2174670516614577E-4
1.2158053036866839E-4
1.214147938849797E-4
1.2124949400610958E-4
1.2108462903188816E-4
1.2092019727089945E-4
1.2075619704042425E-4
1.2059262666637468E-4
1.2042948448325585E-4
1.2026676883409824E-4
1.201044780704059E-4
1.199426105521074E-4
1.1978116464749663E-4
1.1962013873318244E-4
1.1945953119403727E-4
1.1929934042314009E-4
1.1913956482173131E-4
1.1898020279915512E-4
1.1882125277282004E-4
1.1866271316811945E-4
1.1850458241842371E-4
1.1834685896499207E-4
1.1818954125694889E-4
1.1803262775121344E-4
1.1787611691247474E-4
1.1772000721312097E-4
1.175642971332022E-4
1.1740898516038527E-4
1.1725406978989775E-4
1.1709954952448955E-4
1.1694542287438029E-4
1.1679168835721174E-4
1.1663834449801203E-4
1.1648538982913766E-4
1.1633282289023444E-4
1.161806422281937E-4
1.1602884639710131E-4
1.1587743395820279E-4
1.157264034798514E-4
1.1557575353746828E-4
1.154254827134942E-4
1.1527558959735913E-4
1.1512607278541692E-4
1.1497693088093461E-4
1.1482816249401384E-4
1.1467976624158347E-4
1.1453174074733363E-4
1.143840846416845E-4
1.142367965617459E-4
1.1408987515127373E-4
1.139433190606332E-4
1.1379712694675337E-4
1.1365129747309482E-4
1.1350582930959924E-4
1.1336072113266401E-4
1.1321597162509227E-4
1.1307157947606194E-4
1.1292754338108456E-4
1.1278386204196144E-4
1.1264053416675452E-4
1.1249755846974707E-4
1.1235493367140151E-4
1.1221265849832976E-4
1.1207073168324905E-4
1.1192915196495523E-4
1.1178791808827117E-4
1.1164702880403244E-4
1.1150648286902802E-4
1.1136627904598001E-4
1.1122641610350964E-4
1.1108689281609432E-4
1.1094770796403247E-4
1.1080886033342196E-4
1.1067034871610781E-4
1.1053217190966037E-4
1.1039432871734406E-4
1.102568179480701E-4
1.101196384163776E-4
1.0998278894239216E-4
1.0984626835179534E-4
1.097100754757964E-4
1.0957420915109437E-4
1.094386682198409E-4
1.0930345152962565E-4
1.0916855793342762E-4
1.0903398628959268E-4
1.0889973546180066E-4
1.0876580431903361E-4
1.0863219173554293E-4
1.0849889659082417E-4
1.0836591776958361E-4
1.0823325416170479E-4
1.081009046622292E-4
1.079688681713104E-4
1.0783714359420019E-4
1.0770572984121038E-4
1.0757462582768428E-4
1.0744383047397492E-4
1.0731334270540624E-4
1.0718316145225061E-4
1.0705328564969813E-4
1.0692371423783551E-4
1.0679444616160321E-4
1.0666548037078304E-4
1.0653681581996364E-4
1.0640845146851249E-4
1.0628038628055018E-4
1.0615261922492686E-4
1.0602514927518546E-4
1.0589797540954749E-4
1.0577109661087776E-4
1.056445118666604E-4
1.0551822016897925E-4
1.0539222051447561E-4
1.0526651190434486E-4
1.0514109334429004E-4
1.0501596384451213E-4
1.0489112241967415E-4
1.047665680888779E-4
1.046422998756519E-4
1.0451831680790077E-4
1.0439461791791138E-4
1.0427120224230048E-4
1.041480688220131E-4
1.0402521670228195E-4
1.0390264493261459E-4
1.0378035256676174E-4
1.0365833866269952E-4
1.0353660228260245E-4
1.0341514249282174E-4
1.0329395836386468E-4
1.03173048970363E-4
1.0305241339106039E-4
1.029320507087836E-4
1.0281196001042618E-4
1.0269214038691365E-4
1.02572590933195E-4
1.0245331074821331E-4
1.0233429893488586E-4
1.0221555460008084E-4
1.020970768546005E-4
1.0197886481314858E-4
1.0186091759432873E-4
1.017432343205921E-4
1.0162581411825414E-4
1.0150865611744434E-4
1.013917594520968E-4
1.0127512325993178E-4
1.0115874668242663E-4
1.0104262886480563E-4
1.009267689560105E-4
1.0081116610868743E-4
1.0069581947916441E-4
1.0058072822742686E-4
1.0046589151710203E-4
1.0035130851545047E-4
1.0023697839332067E-4
1.0012290032515067E-4
1.0000907348894807E-4
9.989549706625363E-5
The correct rate for BP: 100.00% 
