1.0137309617400208
1.0071129275811095
0.11882334486237091
0.02077949698753982
0.009840522667076088
0.007259487108275037
0.005784882680228956
0.004819270729005549
0.004134225189723102
0.0036215333627403652
0.0032227722603343795
0.002903445381714145
0.002641800623041243
0.002423411352263828
0.0022383172538372733
0.002079412508123499
0.0019414874950355813
0.0018206335435810802
0.0017138593544506588
0.0016188359657696885
0.0015337225426403573
0.0014570445388539643
0.001387606699711406
0.0013244297878328094
0.0012667037988404186
0.0012137528531668172
0.0011650084944302248
0.0011199891324492675
0.0010782840397464434
0.0010395407651017455
0.0010034551411092117
9.697632819844371E-4
9.382351234809554E-4
9.086691686247451E-4
8.808881843406905E-4
8.547356538920738E-4
8.300728345315727E-4
8.067763031380264E-4
7.84735897885145E-4
7.638529832871891E-4
7.440389808219743E-4
7.252141188526147E-4
7.073063645678123E-4
6.902505077363806E-4
6.739873716703037E-4
6.584631312479357E-4
6.436287214172032E-4
6.294393224711881E-4
6.158539107127138E-4
6.028348650141348E-4
5.903476213228579E-4
5.783603684295839E-4
5.668437793607618E-4
5.557707736205702E-4
5.451163062256757E-4
5.348571800746233E-4
5.249718786947142E-4
5.154404168299716E-4
5.062442066884846E-4
4.97365937967023E-4
4.887894700251552E-4
4.8049973479717445E-4
4.724826492146544E-4
4.6472503607017916E-4
4.572145523879718E-4
4.4993962448369143E-4
4.42889388995718E-4
4.3605363925705755E-4
4.294227764520137E-4
4.229877650668485E-4
4.1674009220050946E-4
4.106717303507382E-4
4.0477510333419115E-4
3.9904305503695077E-4
3.9346882072494504E-4
3.88046000672987E-4
3.827685358967489E-4
3.776306857945978E-4
3.72627007526327E-4
3.677523369732988E-4
3.630017711404344E-4
3.583706518741756E-4
3.5385455078318525E-4
3.4944925525924765E-4
3.451507555060493E-4
3.4095523249194886E-4
3.368590467509531E-4
3.328587279630233E-4
3.2895096525116535E-4
3.251325981385225E-4
3.2140060811358326E-4
3.17752110756449E-4
3.141843483830489E-4
3.1069468316798765E-4
3.0728059071017863E-4
3.0393965400824397E-4
3.006695578156627E-4
2.9746808334801453E-4
2.9433310331693875E-4
2.912625772675972E-4
2.882545471981279E-4
2.85307133441501E-4
2.824185307915698E-4
2.7958700485659693E-4
2.7681088862485344E-4
2.740885792280128E-4
2.714185348892405E-4
2.687992720437125E-4
2.662293626203981E-4
2.6370743147463793E-4
2.6123215396180795E-4
2.588022536431987E-4
2.564165001157018E-4
2.5407370695763165E-4
2.517727297834692E-4
2.4951246440089493E-4
2.4729184506382194E-4
2.4510984281573065E-4
2.4296546391784442E-4
2.4085774835714627E-4
2.3878576842956245E-4
2.3674862739391208E-4
2.347454581925249E-4
2.327754222347553E-4
2.3083770823977177E-4
2.289315311352788E-4
2.2705613100908466E-4
2.2521077211055734E-4
2.2339474189920743E-4
2.216073501378458E-4
2.198479280278946E-4
2.181158273845897E-4
2.1641041984993352E-4
2.1473109614140047E-4
2.1307726533451577E-4
2.114483541775744E-4
2.0984380643674977E-4
2.082630822701431E-4
2.0670565762917917E-4
2.0517102368608055E-4
2.036586862859904E-4
2.0216816542260792E-4
2.0069899473611953E-4
1.9925072103234027E-4
1.9782290382203388E-4
1.964151148794039E-4
1.950269378188909E-4
1.9365796768931775E-4
1.9230781058463475E-4
1.909760832704202E-4
1.8966241282544264E-4
1.8836643629753573E-4
1.8708780037317936E-4
1.8582616106009128E-4
1.845811833822997E-4
1.8335254108707357E-4
1.821399163632178E-4
1.8094299957018069E-4
1.7976148897755023E-4
1.785950905144253E-4
1.7744351752823742E-4
1.763064905526495E-4
1.751837370840752E-4
1.7407499136650473E-4
1.729799941842264E-4
1.7189849266218665E-4
1.708302400735292E-4
1.6977499565417708E-4
1.6873252442404024E-4
1.677025970145985E-4
1.6668498950265015E-4
1.6567948324989153E-4
1.6468586474815985E-4
1.6370392547004686E-4
1.627334617247335E-4
1.61774274518762E-4
1.608261694216124E-4
1.5988895643585135E-4
1.589624498716939E-4
1.5804646822577823E-4
1.5714083406404152E-4
1.5624537390846634E-4
1.5535991812760298E-4
1.544843008307036E-4
1.536183597653354E-4
1.527619362183142E-4
1.5191487491987348E-4
1.5107702395093027E-4
1.502482346533031E-4
1.4942836154283794E-4
1.4861726222525082E-4
1.4781479731466914E-4
1.4702083035471046E-4
1.4623522774203718E-4
1.4545785865229845E-4
1.4468859496834382E-4
1.4392731121067758E-4
1.431738844700111E-4
1.4242819434190772E-4
1.4169012286338107E-4
1.4095955445141568E-4
1.4023637584334222E-4
1.395204760389905E-4
1.3881174624455592E-4
1.3811007981813565E-4
1.3741537221686372E-4
1.367275209456021E-4
1.360464255071175E-4
1.3537198735371402E-4
1.3470410984025186E-4
1.3404269817854123E-4
1.333876593929986E-4
1.3273890227761225E-4
1.3209633735409345E-4
1.3145987683122585E-4
1.3082943456534742E-4
1.3020492602194668E-4
1.2958626823830993E-4
1.2897337978722627E-4
1.2836618074167153E-4
1.2776459264047702E-4
1.271685384549233E-4
1.2657794255625104E-4
1.259927306840459E-4
1.2541282991548568E-4
1.2483816863540252E-4
1.2426867650713438E-4
1.2370428444418184E-4
1.231449245825917E-4
1.225905302540701E-4
1.2204103595981039E-4
1.2149637734500284E-4
1.2095649117399759E-4
1.2042131530612655E-4
1.1989078867213256E-4
1.1936485125122231E-4
1.1884344404868831E-4
1.1832650907411296E-4
1.1781398932011645E-4
1.1730582874165422E-4
1.1680197223582313E-4
1.1630236562216952E-4
1.1580695562351067E-4
1.1531568984720587E-4
1.1482851676691267E-4
1.1434538570477628E-4
1.1386624681406223E-4
1.1339105106221896E-4
1.1291975021434745E-4
1.1245229681706593E-4
1.119886441827765E-4
1.1152874637429574E-4
1.1107255818987052E-4
1.1062003514853569E-4
1.1017113347582933E-4
1.0972581008984164E-4
1.0928402258758648E-4
1.0884572923171556E-4
1.0841088893751641E-4
1.079794612602316E-4
1.0755140638265772E-4
1.0712668510305076E-4
1.0670525882329036E-4
1.0628708953732377E-4
1.0587213981987884E-4
1.054603728154334E-4
1.0505175222741636E-4
1.0464624230767826E-4
1.0424380784619032E-4
1.0384441416096295E-4
1.0344802708821317E-4
1.0305461297272003E-4
1.026641386584219E-4
1.0227657147921257E-4
1.018918792499312E-4
1.0151003025756059E-4
1.0113099325261182E-4
1.0075473744071046E-4
1.0038123247433194E-4
1.0001044844476202E-4
9.964235587419018E-5
The correct rate for BP: 100.00% 
