1.7731874935829322
2.3125385845949333
0.429675743538225
0.014881416248119799
0.004757211545136901
0.0037703355123547763
0.003201601359163673
0.002803431308511688
0.0025003572199286178
0.0022588879202153664
0.0020607846781998808
0.0018948245810031933
0.0017535442724501502
0.0016317121994002678
0.0015255192675012036
0.0014321107889060064
0.001349297711005987
0.0012753694992524353
0.0012089681583664813
0.0011490007686078224
0.0010945772053356936
0.0010449648354562383
9.995549549121742E-4
9.578375250290296E-4
9.193818863987999E-4
8.838218501458371E-4
8.508440422062464E-4
8.201786970838381E-4
7.915923180927744E-4
7.648817753201349E-4
7.398695220563557E-4
7.16399689293186E-4
6.943348753865139E-4
6.735534903943777E-4
6.539475462221535E-4
6.354208075159287E-4
6.178872363363338E-4
6.012696775093931E-4
5.854987422610088E-4
5.705118560768702E-4
5.562524432624221E-4
5.426692258317235E-4
5.297156184456673E-4
5.173492043880097E-4
5.055312801918078E-4
4.942264586477118E-4
4.834023216448413E-4
4.730291156969025E-4
4.6307948415441516E-4
4.535282310488258E-4
4.4435211229469266E-4
4.355296506236451E-4
4.270409711629416E-4
4.1886765502194024E-4
4.109926086279165E-4
4.033999468704053E-4
3.96074888382026E-4
3.890036615110485E-4
3.821734197341827E-4
3.755721654227426E-4
3.6918868101593554E-4
3.6301246677560153E-4
3.570336844001329E-4
3.5124310586458744E-4
3.456320669308269E-4
3.4019242483817035E-4
3.349165197428337E-4
3.297971395245232E-4
3.2482748762239377E-4
3.200011536006975E-4
3.1531208617779243E-4
3.107545684816152E-4
3.063231953201665E-4
3.020128522783729E-4
2.9781869647251154E-4
2.9373613881100133E-4
2.8976082762586207E-4
2.8588863355301353E-4
2.821156355517444E-4
2.784381079645269E-4
2.748525085280709E-4
2.713554672551288E-4
2.679437761141653E-4
2.6461437944100123E-4
2.61364365022611E-4
2.581909557987779E-4
2.5509150213231255E-4
2.520634746029154E-4
2.4910445728381855E-4
2.46212141463908E-4
2.4338431978134997E-4
2.4061888073755107E-4
2.3791380356310988E-4
2.352671534096439E-4
2.3267707684366886E-4
2.3014179762066603E-4
2.2765961271921395E-4
2.252288886167227E-4
2.2284805778981736E-4
2.2051561542370843E-4
2.1823011631615425E-4
2.1599017196276933E-4
2.1379444781135533E-4
2.1164166067401E-4
2.0953057628650127E-4
2.0746000700525908E-4
2.054288096330162E-4
2.0343588336479344E-4
2.0148016784656388E-4
1.995606413394247E-4
1.9767631898268557E-4
1.9582625114970226E-4
1.940095218907234E-4
1.922252474574747E-4
1.9047257490446422E-4
1.887506807624596E-4
1.870587697797869E-4
1.8539607372746914E-4
1.8376185026447613E-4
1.8215538185954654E-4
1.8057597476636296E-4
1.7902295804903174E-4
1.774956826549589E-4
1.7599352053254404E-4
1.7451586379110842E-4
1.73062123900761E-4
1.716317309300046E-4
1.7022413281900906E-4
1.6883879468664886E-4
1.6747519816945024E-4
1.6613284079079884E-4
1.6481123535875959E-4
1.6350990939104158E-4
1.6222840456567636E-4
1.609662761960789E-4
1.597230927292523E-4
1.584984352659448E-4
1.5729189710164248E-4
1.5610308328737954E-4
1.5493161020933345E-4
1.5377710518631838E-4
1.5263920608426525E-4
1.5151756094686884E-4
1.5041182764162958E-4
1.4932167352051497E-4
1.4824677509458402E-4
1.471868177218821E-4
1.4614149530798432E-4
1.4511051001858953E-4
1.4409357200362608E-4
1.4309039913232004E-4
1.4210071673869605E-4
1.4112425737710076E-4
1.401607605872142E-4
1.3920997266819583E-4
1.3827164646148846E-4
1.3734554114195038E-4
1.3643142201690816E-4
1.3552906033280652E-4
1.3463823308910414E-4
1.3375872285911966E-4
1.3289031761750262E-4
1.3203281057407913E-4
1.3118600001377388E-4
1.3034968914234403E-4
1.295236859377218E-4
1.2870780300667178E-4
1.2790185744660984E-4
1.2710567071229587E-4
1.263190684872614E-4
1.2554188055974674E-4
1.2477394070297597E-4
1.240150865595732E-4
1.2326515952999897E-4
1.2252400466478152E-4
1.2179147056046395E-4
1.210674092590563E-4
1.2035167615089209E-4
1.1964412988074805E-4
1.1894463225710399E-4
1.1825304816439837E-4
1.1756924547819375E-4
1.16893094983132E-4
1.1622447029356588E-4
1.1556324777675666E-4
1.1490930647858397E-4
1.1426252805160674E-4
1.1362279668546623E-4
1.1298999903946183E-4
1.1236402417728855E-4
1.1174476350382022E-4
1.1113211070387131E-4
1.1052596168286953E-4
1.099262145093678E-4
1.0933276935932523E-4
1.0874552846209918E-4
1.0816439604809332E-4
1.075892782979846E-4
1.070200832934944E-4
1.0645672096963345E-4
1.0589910306838066E-4
1.0534714309374454E-4
1.0480075626814125E-4
1.0425985949007795E-4
1.0372437129306736E-4
1.0319421180574837E-4
1.0266930271314967E-4
1.0214956721910662E-4
1.0163493000972076E-4
1.0112531721790115E-4
1.0062065638888963E-4
1.0012087644678369E-4
9.962590766199713E-5
The correct rate for BP: 100.00% 
