1.2506597447473582
1.1375381319820947
0.03179631624057862
0.006474001548044005
0.0051817004216029704
0.004313674218671381
0.0036915958291495986
0.00322535312310284
0.002863337405122283
0.0025742183343607727
0.0023380067583515136
0.0021413900758915447
0.0019751723298785688
0.0018328010376331414
0.0017094820367686365
0.001601626905641586
0.0015064962122711407
0.0014219622953230474
0.0013463473752561399
0.0012783105056316817
0.0012167670001428715
0.0011608299472716927
0.0011097670550355902
0.0010629683320131065
0.001019921556018989
9.801934243992944E-4
9.434149068381961E-4
9.09269746042706E-4
8.77485343816874E-4
8.478254741591852E-4
8.200844096330115E-4
7.940821510439502E-4
7.696605258335817E-4
7.46679975953856E-4
7.250168970610165E-4
7.045614216439707E-4
6.852155619705851E-4
6.668916464793993E-4
6.495109968834788E-4
6.330028038170239E-4
6.173031670955138E-4
6.023542731315715E-4
5.881036871631346E-4
5.745037420172328E-4
5.615110083851499E-4
5.490858341995893E-4
5.371919428184224E-4
5.25796081436639E-4
5.148677125493059E-4
5.043787424374341E-4
4.943032815945295E-4
4.8461743279378054E-4
4.752991031450729E-4
4.6632783703210644E-4
4.5768466727211905E-4
4.493519822206004E-4
4.4131340686297276E-4
4.3355369620534233E-4
4.2605863950525734E-4
4.1881497407798526E-4
4.118103075797237E-4
4.0503304781066874E-4
3.9847233920271743E-4
3.921180052606677E-4
3.85960496315961E-4
3.7999084202959495E-4
3.742006081481359E-4
3.6858185707504525E-4
3.631271118703962E-4
3.578293233361847E-4
3.5268183988301755E-4
3.476783799079191E-4
3.428130064424181E-4
3.380801038562292E-4
3.3347435642471065E-4
3.2899072858842996E-4
3.2462444675108635E-4
3.203709824776656E-4
3.1622603696887096E-4
3.121855267000844E-4
3.0824557012428184E-4
3.044024753480466E-4
3.0065272869867225E-4
2.969929841080419E-4
2.9342005324605217E-4
2.899308963425905E-4
2.8652261364263756E-4
2.831924374441342E-4
2.7993772467282285E-4
2.7675594995221655E-4
2.7364469913069336E-4
2.7060166323086983E-4
2.676246327895078E-4
2.647114925588337E-4
2.6186021654268476E-4
2.59068863343012E-4
2.563355717943891E-4
2.5365855686588584E-4
2.510361058115176E-4
2.484665745517206E-4
2.4594838426994205E-4
2.4348001820954552E-4
2.4106001865741754E-4
2.3868698410169678E-4
2.3635956655204094E-4
2.3407646901164495E-4
2.3183644309115897E-4
2.2963828675520533E-4
2.2748084219309636E-4
2.2536299380569963E-4
2.2328366630129168E-4
2.21241822893429E-4
2.1923646359462142E-4
2.1726662359988368E-4
2.1533137175468625E-4
2.134298091022022E-4
2.1156106750516991E-4
2.0972430833783711E-4
2.0791872124396077E-4
2.0614352295693123E-4
2.043979561784942E-4
2.0268128851263492E-4
2.0099281145154836E-4
1.9933183941071386E-4
1.9769770881033162E-4
1.9608977720054346E-4
1.945074224280447E-4
1.929500418417899E-4
1.9141705153566103E-4
1.8990788562618703E-4
1.8842199556331704E-4
1.8695884947260715E-4
1.8551793152709036E-4
1.8409874134731028E-4
1.8270079342807684E-4
1.813236165904943E-4
1.7996675345806804E-4
1.7862975995558297E-4
1.7731220482966218E-4
1.7601366918988892E-4
1.7473374606947673E-4
1.7347204000454198E-4
1.7222816663104324E-4
1.7100175229854044E-4
1.6979243369994682E-4
1.6859985751654512E-4
1.674236800774804E-4
1.6626356703310536E-4
1.6511919304148078E-4
1.639902414674307E-4
1.6287640409359455E-4
1.6177738084288383E-4
1.6069287951184433E-4
1.596226155144198E-4
1.5856631163565938E-4
1.575236977948958E-4
1.5649451081801207E-4
1.554784942183384E-4
1.5447539798585865E-4
1.5348497838431541E-4
1.5250699775591154E-4
1.5154122433321912E-4
1.5058743205806542E-4
1.4964540040702002E-4
1.487149142232681E-4
1.4779576355454854E-4
1.4688774349693725E-4
1.4599065404421308E-4
1.4510429994258288E-4
1.4422849055054367E-4
1.433630397036714E-4
1.425077655841297E-4
1.416624905947195E-4
1.4082704123726845E-4
1.400012479952164E-4
1.3918494522018865E-4
1.3837797102243625E-4
1.375801671649676E-4
1.3679137896125188E-4
1.3601145517630304E-4
1.3524024793109697E-4
1.3447761261010306E-4
1.3372340777188132E-4
1.3297749506257914E-4
1.322397391322631E-4
1.315100075539324E-4
1.307881707451465E-4
1.3007410189215713E-4
1.2936767687645855E-4
1.2866877420365512E-4
1.2797727493456292E-4
1.2729306261848595E-4
1.2661602322855815E-4
1.2594604509908648E-4
1.2528301886483514E-4
1.2462683740216917E-4
1.2397739577199354E-4
1.233345911644172E-4
1.226983228451083E-4
1.2206849210324295E-4
1.2144500220102113E-4
1.2082775832467787E-4
1.2021666753695918E-4
1.1961163873098061E-4
1.1901258258545527E-4
1.1841941152121837E-4
1.1783203965901554E-4
1.1725038277852191E-4
1.1667435827852405E-4
1.1610388513825576E-4
1.1553888387982299E-4
1.1497927653171591E-4
1.1442498659332051E-4
1.1387593900045811E-4
1.133320600918602E-4
1.127932775766084E-4
1.1225952050244084E-4
1.1173071922496876E-4
1.1120680537770863E-4
1.1068771184294931E-4
1.101733727234066E-4
1.0966372331466256E-4
1.0915870007830209E-4
1.0865824061583595E-4
1.0816228364326006E-4
1.0767076896633858E-4
1.0718363745650073E-4
1.0670083102741872E-4
1.0622229261215034E-4
1.0574796614092597E-4
1.0527779651948504E-4
1.0481172960797978E-4
1.0434971220043011E-4
1.0389169200470104E-4
1.0343761762299732E-4
1.0298743853284015E-4
1.025411050685567E-4
1.0209856840320227E-4
1.0165978053096969E-4
1.0122469425000658E-4
1.0079326314569563E-4
1.00365441574322E-4
9.994118464716453E-5
The correct rate for BP: 100.00% 
