1.3527403341837214
1.2735879471664846
1.2154481124865495
1.1291377187368423
1.026894671020532
0.9120846329875607
0.7884472549383124
0.6631049964271186
0.5449595132787588
0.4413777049805241
0.355924445544922
0.2883674166170858
0.2361843312154626
0.19616030501344228
0.16533892437185352
0.14135639096321184
0.12244345398416077
0.10731295496203953
0.09503598014393029
0.08494016122190025
0.0765345397030763
0.06945643778041469
0.06343449695503621
0.05826302686410673
0.053784116485034984
0.04987504928833471
0.04643935457869162
0.0434003704321054
0.040696558378945244
0.03827805312891376
0.03610409286646807
0.03414108448080344
0.03236113169346501
0.030740904285996667
0.029260761270921212
0.027904064982954117
0.026656640055420615
0.02550634332727696
0.024442719402192805
0.023456722872193615
0.022540492822283008
0.02168716863167181
0.020890738618333432
0.02014591497363826
0.01944802987122247
0.018792948729747253
0.018176997450049876
0.017596901096952697
0.017049732001352833
0.01653286565369104
0.016043943071218827
0.015580838567939908
0.015141632052271816
0.014724585134423672
0.014328120451684327
0.013950803721770757
0.013591328117132536
0.013248500620561444
0.012921230077671247
0.012608516707197235
0.012309442867515116
0.012023164908793335
0.011748905965977644
0.011485949569311378
0.011233633967095522
0.010991347070506467
0.010758521943019246
0.010534632767740054
0.010319191235064739
0.01011174330082353
0.009911866271670677
0.009719166180113894
0.009533275416406688
0.009353850588671456
0.009180570586189424
0.009013134823870927
0.008851261648581176
0.008694686890302823
0.008543162543118793
0.008396455562742423
0.008254346768840577
0.008116629841723762
0.007983110404139014
0.007853605179920169
0.007727941222145924
0.007605955204243657
0.0074874927681714675
0.007372407924424474
0.0072605624991541355
0.007151825624168868
0.0070460732660121905
0.006943187790691904
0.006843057560972115
0.006745576563439722
0.006650644062825167
0.006558164281297073
0.0064680461006644185
0.00638020278561213
0.006294551726268356
0.006211014198556251
0.006129515140922186
0.00604998294615813
0.005972349267148174
0.005896548835471643
0.005822519291887046
0.005750201027804534
0.005679537036929894
0.0056104727763314115
0.0055429560362429495
0.005476936817972972
0.005412367219340479
0.0053492013271050215
0.005287395115900835
0.005226906353223808
0.005167694510054624
0.005109720676734744
0.005052947483740182
0.004997339027025881
0.0049428607976378
0.004889479615312216
0.004837163565803065
0.00478588194169665
0.004735605186490613
0.004686304841730577
0.004637953497012052
0.004590524742669091
0.004543993124983908
0.004498334103762808
0.004453524012134835
0.004409540018439117
0.004366360090076225
0.004323962959207005
0.004282328090190428
0.0042414356486589234
0.004201266472136464
0.004161802042111039
0.004123024457478307
0.004084916409279424
0.004047461156660104
0.004010642503983087
0.003974444779030445
0.003938852812235732
0.00390385191689023
0.003869427870270537
0.0038355668956381265
0.0038022556450646064
0.0037694811830389185
0.0037372309708155593
0.0037054928514652628
0.003674255035591778
0.003643506087680577
0.0036132349130473277
0.003583430745355725
0.0035540831346760745
0.0035251819360576993
0.003496717298589559
0.0034686796549252773
0.0034410597112495304
0.0034138484376647553
0.003387037058977529
0.0033606170458657042
0.003334580106408069
0.003308918177959391
0.0032836234193546025
0.003258688203426826
0.0032341051098245675
0.0032098669181142964
0.0031859666011555543
0.003162397318735766
0.0031391524114534504
0.0031162253948382973
0.0030936099536978657
0.0030712999366804277
0.0030492893510448505
0.0030275723576281203
0.0030061432660020183
0.002984996529810745
0.0029641267422816234
0.002943528631901622
0.0029231970582524157
0.0029031270079974748
0.0028833135910146693
0.0028637520366683023
0.00284443769021488
0.002825366009336876
0.0028065325607995
0.002787933017225157
0.0027695631539810498
0.0027514188461751432
0.002733496065756343
0.002715790878714511
0.002698299442376508
0.002681018002794378
0.0026639428922220266
0.0026470705266771147
0.0026303974035845326
0.0026139200994985796
0.002597635267900715
0.002581539637069953
0.0025656300080231713
0.0025499032525226483
0.002534356311148424
0.002518986191432814
0.0025037899660549988
0.002488764771093305
0.0024739078043330997
0.002459216323628254
0.0024446876453142583
0.0024303191426709864
0.00241610824443346
0.0024020524333487232
0.00238814924477745
0.00237439626533827
0.0023607911315937135
0.0023473315287760605
0.0023340151895517368
0.0023208398928229626
0.00230780346256534
0.002294903766700051
0.002282138715999617
0.0022695062630259106
0.002257004401099527
0.002244631163299148
0.0022323846214902195
0.0022202628853816983
0.002208264101610041
0.002196386452849552
0.002184628156948124
0.0021729874660875803
0.002161462665967849
0.002150052075014128
0.002138754043606271
0.0021275669533298083
0.0021164892162477086
0.002105519274192375
0.002094655598077181
0.0020838966872268366
0.002073241068726145
0.0020626872967864237
0.00205223395212914
0.0020418796413861225
0.002031622996515949
0.0020214626742358845
0.002011397355469002
0.0020014257448059207
0.0019915465699807907
0.0019817585813610376
0.001972060551450443
0.0019624512744052694
0.001952929565562844
0.0019434942609823933
0.0019341442169976777
0.0019248783097811112
0.0019156954349189917
0.0019065945069975884
0.001897574459199608
0.0018886342429109493
0.0018797728273372732
0.0018709891991302088
0.0018622823620228022
0.0018536513364741194
0.001845095159322528
0.0018366128834476129
0.001828203577440307
0.0018198663252811
0.001811600226026132
0.001803404393500824
0.0017952779560009217
0.0017872200560007758
0.0017792298498685425
0.0017713065075882363
0.0017634492124883878
0.0017556571609770447
0.0017479295622831608
0.001740265638203938
0.0017326646228581842
0.001725125762445334
0.0017176483150101464
0.0017102315502127796
0.0017028747491042687
0.0016955772039070301
0.0016883382178005087
0.0016811571047116503
0.001674033189110146
0.0016669658058083476
0.0016599542997656402
0.0016529980258972513
0.0016460963488873442
0.0016392486430062598
0.0016324542919318422
0.0016257126885746954
0.001619023234907344
0.0016123853417971045
0.0016057984288426702
0.001599261924214196
0.0015927752644969493
0.001586337894538274
0.001579949267297918
0.0015736088437015702
0.0015673160924975047
0.0015610704901163571
0.0015548715205338372
0.0015487186751363762
0.001542611452589623
0.0015365493587097211
0.0015305319063372755
0.001524558615213948
0.0015186290118616639
0.0015127426294643536
0.001506899007752068
0.001501097692887535
0.001495338237355084
0.0014896201998517988
0.0014839431451809364
0.0014783066441475031
0.001472710273455935
0.0014671536156099247
0.0014616362588141545
0.0014561577968781538
0.001450717829121935
0.0014453159602836386
0.0014399518004289576
0.0014346249648623769
0.0014293350740401715
0.0014240817534851395
0.0014188646337029744
0.0014136833501003261
0.0014085375429044038
0.0014034268570842566
0.0013983509422734294
0.0013933094526942602
0.0013883020470835596
0.0013833283886197482
0.0013783881448513776
0.0013734809876270561
0.0013686065930266418
0.0013637646412938476
0.0013589548167700066
0.001354176807829198
0.0013494303068145037
0.0013447150099755417
0.0013400306174071212
0.0013353768329890294
0.001330753364327023
0.0013261599226947942
0.0013215962229771235
0.0013170619836140166
0.001312556926545878
0.0013080807771597097
0.0013036332642362826
0.0012992141198982735
0.0012948230795593212
0.0012904598818740652
0.0012861242686890114
0.001281815984994362
0.0012775347788766323
0.0012732804014721857
0.0012690526069215643
0.0012648511523246247
0.0012606757976965095
0.0012565263059243282
0.0012524024427247001
0.0012483039766019806
0.001244230678807199
0.001240182323297797
0.001236158686697996
0.0012321595482599006
0.0012281846898252386
0.0012242338957878147
0.001220306953056549
0.0012164036510192008
0.0012125237815067166
0.0012086671387581363
0.0012048335193861725
0.0012010227223433199
0.00119723454888855
0.00119346880255459
0.001189725289115747
0.0011860038165562663
0.0011823041950392147
0.001178626236875909
0.0011749697564958372
0.0011713345704170927
0.001167720497217269
0.001164127357504895
0.0011605549738912765
0.0011570031709628626
0.0011534717752540028
0.0011499606152202248
0.0011464695212118762
0.0011429983254482412
0.001139546861992077
0.0011361149667245436
0.0011327024773205528
0.0011293092332244946
0.0011259350756264146
0.0011225798474384667
0.0011192433932718652
0.0011159255594141238
0.0011126261938066643
0.0011093451460228128
0.0011060822672461414
0.0011028374102491085
0.0010996104293720984
0.0010964011805027318
0.0010932095210555513
0.0010900353099519827
0.0010868784076006447
0.001083738675877936
0.001080615978108945
0.0010775101790486403
0.0010744211448633655
0.001071348743112606
0.0010682928427310466
0.0010652533140108882
0.0010622300285844772
0.0010592228594071306
0.001056231680740292
0.0010532563681349026
0.0010502967984150264
0.001047352849661742
0.001044424401197266
0.0010415113335693115
0.0010386135285356912
0.0010357308690491349
0.0010328632392423514
0.0010300105244133062
0.0010271726110107106
0.0010243493866197442
0.0010215407399479695
0.0010187465608114512
0.00101596674012111
0.0010132011698692444
0.001010449743116267
0.0010077123539776285
0.0010049888976109264
0.0010022792702032287
9.99583368958546E-4
9.969010920854874E-4
9.942323387851452E-4
9.915770092390908E-4
9.889350045975476E-4
9.863062269678251E-4
9.83690579402763E-4
9.810879658894906E-4
9.784982913382412E-4
9.759214615713904E-4
9.733573833126136E-4
9.70805964176202E-4
9.682671126565551E-4
9.657407381177725E-4
9.632267507834656E-4
9.607250617266007E-4
9.582355828596254E-4
9.557582269246001E-4
9.532929074835453E-4
9.508395389089112E-4
9.483980363741743E-4
9.459683158445348E-4
9.435502940677741E-4
9.411438885652644E-4
9.38749017623019E-4
9.363656002829599E-4
9.339935563342403E-4
9.316328063046964E-4
9.292832714524491E-4
9.269448737575697E-4
9.246175359139106E-4
9.223011813209936E-4
9.199957340760563E-4
9.177011189661561E-4
9.154172614604592E-4
9.131440877025178E-4
9.108815245027591E-4
9.086294993310067E-4
9.063879403091438E-4
9.041567762038291E-4
9.019359364193637E-4
8.997253509906014E-4
8.975249505759925E-4
8.953346664506864E-4
8.931544304997289E-4
8.909841752114158E-4
8.888238336705903E-4
8.866733395522049E-4
8.84532627114816E-4
8.824016311942524E-4
8.802802871973214E-4
8.781685310956333E-4
8.76066299419476E-4
8.739735292517671E-4
8.718901582221102E-4
8.698161245009212E-4
8.677513667935832E-4
8.656958243347642E-4
8.636494368827166E-4
8.616121447137185E-4
8.59583888616528E-4
8.575646098869769E-4
8.555542503225429E-4
8.535527522170899E-4
8.515600583555939E-4
8.495761120089817E-4
8.476008569289961E-4
8.456342373431935E-4
8.436761979499103E-4
8.417266839133718E-4
8.397856408588233E-4
8.378530148677148E-4
8.359287524730057E-4
8.340128006544173E-4
8.321051068338598E-4
8.302056188708476E-4
8.283142850579897E-4
8.264310541165198E-4
8.245558751919296E-4
8.22688697849589E-4
8.208294720704613E-4
8.189781482468739E-4
8.171346771783082E-4
8.15299010067281E-4
8.134710985152446E-4
8.116508945185278E-4
8.098383504643997E-4
8.080334191270573E-4
8.062360536637949E-4
8.044462076110985E-4
8.026638348808933E-4
8.008888897567474E-4
7.991213268901814E-4
7.973611012969917E-4
7.956081683536322E-4
7.938624837936258E-4
7.921240037040262E-4
7.903926845219248E-4
7.886684830309994E-4
7.869513563580756E-4
7.852412619697809E-4
7.835381576691818E-4
7.818420015925161E-4
7.801527522059066E-4
7.784703683021621E-4
7.767948089975694E-4
7.751260337287799E-4
7.734640022496792E-4
7.718086746283115E-4
7.701600112438533E-4
7.685179727836049E-4
7.668825202400218E-4
7.652536149077813E-4
7.636312183808758E-4
7.620152925497556E-4
7.604057995984906E-4
7.588027020019616E-4
7.572059625230999E-4
7.556155442101384E-4
7.540314103939047E-4
7.52453524685158E-4
7.508818509719126E-4
7.49316353416855E-4
7.477569964547364E-4
7.462037447898065E-4
7.446565633933029E-4
7.431154175009435E-4
7.415802726104336E-4
7.40051094479049E-4
7.38527849121193E-4
7.370105028060227E-4
7.354990220550722E-4
7.339933736399104E-4
7.324935245798334E-4
7.309994421395784E-4
7.295110938270582E-4
7.280284473911157E-4
7.265514708193227E-4
7.250801323357826E-4
7.236144003989697E-4
7.221542436995788E-4
7.206996311584263E-4
7.192505319243215E-4
7.178069153720276E-4
7.163687511002017E-4
7.149360089293486E-4
7.135086588998459E-4
7.1208667126992E-4
7.106700165137241E-4
7.092586653193798E-4
7.078525885870383E-4
7.064517574270047E-4
7.050561431578479E-4
7.036657173045403E-4
7.022804515966081E-4
7.009003179663354E-4
6.995252885469348E-4
6.981553356707852E-4
6.967904318676586E-4
6.954305498629706E-4
6.940756625760552E-4
6.92725743118482E-4
6.913807647923178E-4
6.900407010885078E-4
6.887055256851619E-4
6.873752124459792E-4
6.860497354185599E-4
6.847290688328732E-4
6.834131870996159E-4
6.821020648086508E-4
6.807956767274782E-4
6.794939977996651E-4
6.78197003143341E-4
6.76904668049695E-4
6.75616967981466E-4
6.743338785714771E-4
6.730553756211864E-4
6.71781435099207E-4
6.705120331399237E-4
6.692471460420301E-4
6.679867502671554E-4
6.667308224384662E-4
6.654793393392917E-4
6.64232277911769E-4
6.629896152554979E-4
6.617513286262015E-4
6.605173954344004E-4
6.592877932441356E-4
6.580624997716357E-4
6.5684149288408E-4
6.556247505982981E-4
6.544122510795256E-4
6.532039726401698E-4
6.519998937385759E-4
6.507999929778088E-4
6.496042491044447E-4
6.484126410073902E-4
6.472251477166749E-4
6.460417484023278E-4
6.448624223731707E-4
6.436871490756986E-4
6.425159080929408E-4
6.413486791433295E-4
6.40185442079595E-4
6.390261768876693E-4
6.378708636855719E-4
6.367194827223432E-4
6.355720143769922E-4
6.34428439157405E-4
6.332887376993101E-4
6.32152890765242E-4
6.310208792435063E-4
6.298926841471651E-4
6.287682866130296E-4
6.276476679006458E-4
6.265308093913318E-4
6.254176925871532E-4
6.243082991100148E-4
6.232026107006452E-4
6.221006092176485E-4
6.210022766366044E-4
6.199075950490897E-4
6.188165466617707E-4
6.177291137954763E-4
6.166452788843086E-4
6.155650244747255E-4
6.144883332246596E-4
6.134151879026325E-4
6.123455713868773E-4
6.112794666644821E-4
6.102168568305239E-4
6.091577250872226E-4
6.081020547430907E-4
6.070498292121228E-4
6.060010320129431E-4
6.049556467679968E-4
6.039136572027425E-4
6.028750471448591E-4
6.018398005234127E-4
6.008079013681173E-4
5.99779333808526E-4
5.987540820732477E-4
5.977321304892152E-4
5.967134634808845E-4
5.95698065569516E-4
5.946859213724236E-4
5.936770156022009E-4
5.926713330660411E-4
5.916688586649773E-4
5.906695773931774E-4
5.8967347433722E-4
5.886805346754047E-4
5.87690743677052E-4
5.867040867017837E-4
5.857205491988805E-4
5.847401167065577E-4
5.837627748513269E-4
5.827885093472985E-4
5.81817305995543E-4
5.808491506834203E-4
5.79884029383939E-4
5.789219281551129E-4
5.779628331392989E-4
5.770067305625988E-4
5.760536067342143E-4
5.751034480458178E-4
5.741562409709652E-4
5.732119720644418E-4
5.722706279617022E-4
5.713321953782364E-4
5.703966611089919E-4
5.694640120277874E-4
5.685342350867197E-4
5.676073173155839E-4
5.666832458213178E-4
5.657620077874023E-4
5.648435904733222E-4
5.639279812140108E-4
5.630151674192727E-4
5.621051365732515E-4
5.611978762338841E-4
5.602933740323571E-4
5.593916176725833E-4
5.584925949306498E-4
5.575962936543176E-4
5.56702701762482E-4
5.558118072446636E-4
5.549235981605031E-4
5.54038062639239E-4
5.53155188879212E-4
5.522749651473802E-4
5.51397379778793E-4
5.505224211761311E-4
5.496500778092038E-4
5.48780338214475E-4
5.47913190994582E-4
5.47048624817859E-4
5.461866284178767E-4
5.453271905929741E-4
5.444703002057788E-4
5.436159461827769E-4
5.427641175138487E-4
5.419148032518075E-4
5.410679925119701E-4
5.402236744717103E-4
5.393818383700039E-4
5.385424735070178E-4
5.377055692436692E-4
5.368711150011908E-4
5.360391002607144E-4
5.352095145628563E-4
5.343823475072822E-4
5.335575887523101E-4
5.327352280144923E-4
5.31915255068215E-4
5.31097659745288E-4
5.30282431934545E-4
5.294695615814611E-4
5.286590386877381E-4
5.278508533109278E-4
5.270449955640443E-4
5.262414556151803E-4
5.254402236871177E-4
5.246412900569645E-4
5.238446450557682E-4
5.230502790681561E-4
5.2225818253196E-4
5.214683459378476E-4
5.206807598289738E-4
5.198954148006034E-4
5.191123014997693E-4
5.183314106249222E-4
5.175527329255579E-4
5.16776259201899E-4
5.160019803045217E-4
5.152298871340428E-4
5.144599706407523E-4
5.136922218243013E-4
5.129266317333507E-4
5.121631914652469E-4
5.114018921656979E-4
5.1064272502844E-4
5.098856812949178E-4
5.091307522539688E-4
5.08377929241493E-4
5.076272036401533E-4
5.068785668790428E-4
5.061320104333988E-4
5.053875258242722E-4
5.046451046182395E-4
5.039047384270909E-4
5.031664189075263E-4
5.024301377608665E-4
5.016958867327575E-4
5.009636576128562E-4
5.002334422345752E-4
4.995052324747588E-4
4.987790202534194E-4
4.980547975334494E-4
4.973325563203209E-4
4.966122886618313E-4
4.958939866478161E-4
4.951776424098621E-4
4.944632481210532E-4
4.937507959956766E-4
4.930402782889802E-4
4.923316872968823E-4
4.916250153557277E-4
4.909202548419951E-4
4.902173981720773E-4
4.895164378019754E-4
4.888173662270808E-4
4.8812017598190985E-4
4.8742485963983086E-4
4.8673140981284014E-4
4.86039819151299E-4
4.85350080343693E-4
4.8466218611637076E-4
4.8397612923333633E-4
4.8329190249596355E-4
4.8260949874278226E-4
4.8192891084924364E-4
4.8125013172746977E-4
4.805731543260285E-4
4.798979716296942E-4
4.7922457665922763E-4
4.78552962471139E-4
4.778831221574593E-4
4.772150488455295E-4
4.765487356977543E-4
4.7588417591139476E-4
4.7522136271835173E-4
4.745602893849352E-4
4.7390094921164475E-4
4.7324333553297893E-4
4.7258744171718985E-4
4.719332611660959E-4
4.712807873148567E-4
4.7063001363177446E-4
4.699809336180637E-4
4.693335408076769E-4
4.686878287670873E-4
4.680437910950753E-4
4.674014214225416E-4
4.6676071341230263E-4
4.6612166075888685E-4
4.6548425718834755E-4
4.648484964580609E-4
4.642143723565308E-4
4.6358187870320375E-4
4.629510093482687E-4
4.62321758172475E-4
4.616941190869441E-4
4.610680860329679E-4
4.604436529818474E-4
4.598208139346937E-4
4.591995629222435E-4
4.5857989400467197E-4
4.5796180127144655E-4
4.5734527884110207E-4
4.567303208611004E-4
4.561169215076188E-4
4.5550507498541874E-4
4.548947755276273E-4
4.54286017395599E-4
4.5367879487873087E-4
4.530731022942803E-4
4.524689339872207E-4
4.5186628433006415E-4
4.512651477226793E-4
4.5066551859215424E-4
4.5006739139261207E-4
4.494707606050581E-4
4.488756207372036E-4
4.482819663233354E-4
4.476897919241203E-4
4.4709909212647134E-4
4.465098615433908E-4
4.459220948137991E-4
4.453357866023831E-4
4.447509315994604E-4
4.4416752452081077E-4
4.4358556010751796E-4
4.430050331258476E-4
4.424259383670622E-4
4.418482706473011E-4
4.412720248074096E-4
4.4069719571282814E-4
4.401237782534034E-4
4.395517673432739E-4
4.389811579207197E-4
4.3841194494801994E-4
4.378441234112973E-4
4.372776883204146E-4
4.367126347087907E-4
4.3614895763329636E-4
4.355866521741022E-4
4.3502571343454583E-4
4.3446613654098674E-4
4.3390791664269494E-4
4.33351048911693E-4
4.32795528542638E-4
4.322413507526957E-4
4.3168851078137797E-4
4.3113700389045393E-4
4.30586825363793E-4
4.300379705072487E-4
4.2949043464853785E-4
4.2894421313708925E-4
4.28399301343948E-4
4.2785569466163875E-4
4.2731338850402547E-4
4.26772378306223E-4
4.262326595244488E-4
4.256942276359058E-4
4.251570781386728E-4
4.246212065515746E-4
4.240866084140696E-4
4.2355327928612614E-4
4.230212147481109E-4
4.2249041040067186E-4
4.2196086186461633E-4
4.214325647808034E-4
4.2090551481003814E-4
4.2037970763293464E-4
4.198551389498233E-4
4.193318044806339E-4
4.18809699964788E-4
4.1828882116108E-4
4.1776916384756726E-4
4.1725072382148537E-4
4.167334968991063E-4
4.162174789156564E-4
4.1570266572519914E-4
4.1518905320052856E-4
4.1467663723306503E-4
4.14165413732758E-4
4.136553786279769E-4
4.1314652786540935E-4
4.126388574099497E-4
4.121323632446174E-4
4.116270413704352E-4
4.111228878063511E-4
4.1061989858910745E-4
4.1011806977318095E-4
4.096173974306526E-4
4.091178776511199E-4
4.0861950654161257E-4
4.0812228022647643E-4
4.0762619484728925E-4
4.0713124656276644E-4
4.066374315486594E-4
4.061447459976713E-4
4.0565318611935703E-4
4.0516274814002154E-4
4.04673428302657E-4
4.041852228668227E-4
4.0369812810856317E-4
4.0321214032032823E-4
4.027272558108634E-4
4.022434709051459E-4
4.017607819442637E-4
4.0127918528536907E-4
4.007986773015557E-4
4.0031925438178495E-4
3.9984091293080283E-4
3.9936364936905535E-4
3.9888746013259674E-4
3.9841234167300397E-4
3.9793829045730304E-4
3.9746530296788093E-4
3.9699337570239487E-4
3.965225051736974E-4
3.960526879097608E-4
3.955839204535837E-4
3.951161993631123E-4
3.9464952121117194E-4
3.941838825853727E-4
3.9371928008803686E-4
3.932557103361213E-4
3.9279316996113697E-4
3.9233165560907137E-4
3.918711639403128E-4
3.9141169162957196E-4
3.909532353658141E-4
3.9049579185215956E-4
3.9003935780584106E-4
3.895839299581039E-4
3.8912950505414005E-4
3.886760798530235E-4
3.8822365112761535E-4
3.877722156645155E-4
3.873217702639757E-4
3.868723117398206E-4
3.864238369193964E-4
3.859763426434863E-4
3.8552982576624137E-4
3.850842831551189E-4
3.8463971169079363E-4
3.8419610826710953E-4
3.83753469791001E-4
3.833117931824195E-4
3.8287107537428116E-4
3.824313133123765E-4
3.8199250395532907E-4
3.815546442745029E-4
3.8111773125396693E-4
3.8068176189039047E-4
3.802467331930106E-4
3.7981264218355003E-4
3.793794858961655E-4
3.789472613773626E-4
3.7851596568595595E-4
3.780855958929829E-4
3.776561490816622E-4
3.7722762234731447E-4
3.7680001279730624E-4
3.7637331755099434E-4
3.759475337396456E-4
3.7552265850640217E-4
3.750986890061905E-4
3.7467562240569294E-4
3.7425345588326057E-4
3.738321866288652E-4
3.7341181184404705E-4
3.729923287418414E-4
3.7257373454671914E-4
3.72156026494553E-4
3.7173920183252796E-4
3.713232578191005E-4
3.709081917239529E-4
3.7049400082789707E-4
3.700806824228676E-4
3.696682338118263E-4
3.6925665230872645E-4
3.6884593523845495E-4
3.684360799367654E-4
3.6802708375024257E-4
3.6761894403622886E-4
3.67211658162785E-4
3.6680522350862897E-4
3.6639963746308265E-4
3.659948974260141E-4
3.6559100080779867E-4
3.651879450292496E-4
3.6478572752158135E-4
3.643843457263472E-4
3.639837970953915E-4
3.635840790907885E-4
3.631851891848157E-4
3.6278712485987303E-4
3.6238988360845655E-4
3.6199346293309075E-4
3.6159786034629796E-4
3.612030733705243E-4
3.6080909953811735E-4
3.6041593639124904E-4
3.6002358148189226E-4
3.596320323717567E-4
3.592412866322472E-4
3.588513418444174E-4
3.584621955989142E-4
3.580738454959338E-4
3.576862891451853E-4
3.5729952416582863E-4
3.56913548186438E-4
3.5652835884494356E-4
3.5614395378860816E-4
3.5576033067396206E-4
3.553774871667612E-4
3.5499542094194177E-4
3.546141296835887E-4
3.542336110848749E-4
3.538538628480121E-4
3.534748826842353E-4
3.530966683137339E-4
3.5271921746560643E-4
3.52342527877839E-4
3.519665972972398E-4
3.515914234794146E-4
3.512170041887079E-4
3.508433371981687E-4
3.504704202895147E-4
3.500982512530728E-4
3.497268278877594E-4
3.493561480010287E-4
3.489862094088118E-4
3.4861700993552155E-4
3.4824854741396675E-4
3.4788081968534066E-4
3.475138245991662E-4
3.471475600132628E-4
3.4678202379369695E-4
3.464172138147654E-4
3.460531279589274E-4
3.456897641167823E-4
3.453271201870318E-4
3.449651940764322E-4
3.4460398369976343E-4
3.4424348697978824E-4
3.4388370184721144E-4
3.4352462624065373E-4
3.4316625810659453E-4
3.4280859539935607E-4
3.4245163608104625E-4
3.420953781215439E-4
3.4173981949843664E-4
3.4138495819700505E-4
3.4103079221018095E-4
3.4067731953850655E-4
3.4032453819009663E-4
3.399724461806185E-4
3.396210415332356E-4
3.3927032227859413E-4
3.3892028645476305E-4
3.3857093210722003E-4
3.3822225728881363E-4
3.3787426005971795E-4
3.3752693848740204E-4
3.3718029064661124E-4
3.368343146193109E-4
3.364890084946616E-4
3.361443703689987E-4
3.358003983457734E-4
3.354570905355398E-4
3.351144450559135E-4
3.3477246003154747E-4
3.344311335940808E-4
3.340904638821314E-4
3.337504490412421E-4
3.334110872238558E-4
3.3307237658929475E-4
3.3273431530370855E-4
3.323969015400597E-4
3.3206013347808613E-4
3.3172400930426405E-4
3.313885272117864E-4
3.3105368540052967E-4
3.3071948207701886E-4
3.3038591545440075E-4
3.300529837524103E-4
3.297206851973521E-4
3.2938901802205225E-4
3.290579804658341E-4
3.2872757077450406E-4
3.28397787200299E-4
3.280686280018765E-4
3.277400914442697E-4
3.274121757988715E-4
3.270848793433961E-4
3.2675820036185294E-4
3.2643213714452234E-4
3.2610668798792515E-4
3.2578185119479177E-4
3.2545762507402983E-4
3.25134007940709E-4
3.248109981160278E-4
3.244885939272751E-4
3.2416679370781884E-4
3.2384559579707364E-4
3.235249985404641E-4
3.2320500028941093E-4
3.2288559940129804E-4
3.2256679423944536E-4
3.2224858317308146E-4
3.2193096457731847E-4
3.216139368331295E-4
3.212974983273173E-4
3.209816474524826E-4
3.2066638260701996E-4
3.2035170219506557E-4
3.200376046264859E-4
3.1972408831685005E-4
3.194111516874078E-4
3.19098793165054E-4
3.187870111823159E-4
3.184758041773187E-4
3.181651705937654E-4
3.178551088809094E-4
3.1754561749353734E-4
3.172366948919279E-4
3.169283395418547E-4
3.1662054991452764E-4
3.163133244866002E-4
3.1600666174013065E-4
3.1570056016254735E-4
3.153950182466555E-4
3.1509003449058776E-4
3.1478560739778717E-4
3.144817354769885E-4
3.141784172421862E-4
3.138756512126287E-4
3.135734359127712E-4
3.132717698722726E-4
3.129706516259633E-4
3.1267007971382807E-4
3.1237005268098015E-4
3.120705690776357E-4
3.1177162745909664E-4
3.114732263857276E-4
3.111753644229361E-4
3.108780401411455E-4
3.105812521157689E-4
3.102849989272108E-4
3.0998927916080866E-4
3.096940914068505E-4
3.093994342605206E-4
3.0910530632189987E-4
3.088117061959404E-4
3.0851863249242977E-4
3.0822608382599496E-4
3.0793405881605505E-4
3.0764255608682893E-4
3.073515742672832E-4
3.0706111199114413E-4
3.0677116789685187E-4
3.064817406275484E-4
3.061928288310688E-4
3.059044311598987E-4
3.056165462711734E-4
3.053291728266517E-4
3.0504230949269547E-4
3.0475595494024405E-4
3.044701078448066E-4
3.0418476688644317E-4
3.038999307497237E-4
3.03615598123736E-4
3.033317677020506E-4
3.030484381827079E-4
3.027656082681958E-4
3.024832766654318E-4
3.0220144208574745E-4
3.0192010324486086E-4
3.016392588628714E-4
3.0135890766423056E-4
3.0107904837772966E-4
3.007996797364687E-4
3.0052080047786295E-4
3.0024240934360246E-4
2.9996450507963616E-4
2.996870864361741E-4
2.994101521676419E-4
2.99133701032686E-4
2.988577317941346E-4
2.985822432190031E-4
2.983072340784597E-4
2.980327031478153E-4
2.977586492065015E-4
2.9748507103805673E-4
2.9721196743011266E-4
2.9693933717436305E-4
2.9666717906657496E-4
2.9639549190653517E-4
2.961242744980617E-4
2.958535256489734E-4
2.9558324417108134E-4
2.9531342888015975E-4
2.950440785959486E-4
2.9477519214212203E-4
2.945067683462726E-4
2.942388060399096E-4
2.9397130405841296E-4
2.937042612410591E-4
2.934376764309654E-4
2.9317154847510415E-4
2.9290587622426485E-4
2.926406585330452E-4
2.923758942598454E-4
2.921115822668479E-4
2.918477214199868E-4
2.9158431058894644E-4
2.913213486471582E-4
2.910588344717489E-4
2.907967669435694E-4
2.905351449471421E-4
2.9027396737066823E-4
2.9001323310600573E-4
2.8975294104864943E-4
2.8949309009773026E-4
2.892336791559854E-4
2.88974707129749E-4
2.887161729289476E-4
2.884580754670619E-4
2.8820041366114154E-4
2.8794318643176E-4
2.876863927030319E-4
2.874300314025727E-4
2.871741014614979E-4
2.869186018144036E-4
2.866635313993552E-4
2.8640888915787985E-4
2.861546740349336E-4
2.859008849789046E-4
2.856475209415987E-4
2.853945808782119E-4
2.8514206374732985E-4
2.8488996851091115E-4
2.846382941342733E-4
2.843870395860741E-4
2.841362038383095E-4
2.8388578586628513E-4
2.8363578464861937E-4
2.833861991672177E-4
2.831370284072664E-4
2.8288827135721135E-4
2.826399270087617E-4
2.82391994356855E-4
2.8214447239965955E-4
2.8189736013855643E-4
2.8165065657813365E-4
2.8140436072615323E-4
2.811584715935715E-4
2.809129881944846E-4
2.806679095461594E-4
2.804232346689902E-4
2.8017896258649425E-4
2.799350923253148E-4
2.796916229151812E-4
2.7944855338891587E-4
2.792058827824189E-4
2.78963610134654E-4
2.7872173448763803E-4
2.784802548864228E-4
2.782391703790927E-4
2.779984800167488E-4
2.777581828534889E-4
2.775182779464101E-4
2.772787643555934E-4
2.770396411440799E-4
2.768009073778693E-4
2.7656256212590724E-4
2.763246044600792E-4
2.760870334551901E-4
2.758498481889533E-4
2.7561304774198616E-4
2.7537663119778986E-4
2.7514059764274876E-4
2.749049461661086E-4
2.746696758599669E-4
2.744347858192781E-4
2.742002751418159E-4
2.739661429281779E-4
2.7373238828178157E-4
2.7349901030883464E-4
2.732660081183383E-4
2.730333808220692E-4
2.728011275345729E-4
2.725692473731509E-4
2.7233773945785925E-4
2.721066029114759E-4
2.7187583685950946E-4
2.716454404301888E-4
2.714154127544377E-4
2.711857529658756E-4
2.7095646020081397E-4
2.707275335982252E-4
2.704989722997483E-4
2.702707754496798E-4
2.700429421949546E-4
2.698154716851375E-4
2.6958836307241704E-4
2.6936161551160053E-4
2.691352281600823E-4
2.6890920017786176E-4
2.686835307275203E-4
2.684582189742059E-4
2.6823326408562543E-4
2.6800866523205344E-4
2.6778442158629097E-4
2.67560532323686E-4
2.6733699662209964E-4
2.671138136619117E-4
2.6689098262601055E-4
2.6666850269977223E-4
2.664463730710648E-4
2.662245929302295E-4
2.6600316147007083E-4
2.657820778858614E-4
2.6556134137531E-4
2.6534095113857597E-4
2.6512090637823574E-4
2.649012062993029E-4
2.6468185010918607E-4
2.64462837017701E-4
2.642441662370675E-4
2.6402583698187864E-4
2.6380784846910294E-4
2.635901999180835E-4
2.63372890550511E-4
2.631559195904325E-4
2.629392862642364E-4
2.627229898006362E-4
2.6250702943066893E-4
2.622914043876918E-4
2.620761139073578E-4
2.618611572276258E-4
2.6164653358873747E-4
2.6143224223321236E-4
2.6121828240584883E-4
2.610046533537012E-4
2.6079135432608075E-4
2.605783845745413E-4
2.6036574335287923E-4
2.601534299171162E-4
2.5994144352549777E-4
2.5972978343847923E-4
2.595184489187224E-4
2.5930743923108723E-4
2.590967536426151E-4
2.5888639142253593E-4
2.586763518422488E-4
2.584666341753114E-4
2.582572376974468E-4
2.580481616865198E-4
2.57839405422536E-4
2.5763096818763934E-4
2.5742284926608973E-4
2.572150479442741E-4
2.570075635106735E-4
2.5680039525588424E-4
2.565935424725905E-4
2.5638700445556185E-4
2.5618078050165024E-4
2.559748699097738E-4
2.557692719809109E-4
2.555639860181056E-4
2.553590113264422E-4
2.551543472130477E-4
2.5494999298707974E-4
2.5474594795972733E-4
2.5454221144419377E-4
2.5433878275569593E-4
2.541356612114493E-4
2.5393284613067096E-4
2.5373033683456775E-4
2.535281326463234E-4
2.5332623289109953E-4
2.531246368960253E-4
2.5292334399019256E-4
2.5272235350464503E-4
2.5252166477236917E-4
2.5232127712829553E-4
2.5212118990928535E-4
2.519214024541232E-4
2.5172191410352134E-4
2.515227242000885E-4
2.5132383208834855E-4
2.5112523711472075E-4
2.5092693862751735E-4
2.507289359769314E-4
2.505312285150344E-4
2.5033381559577206E-4
2.501366965749458E-4
2.4993987081022424E-4
2.497433376611195E-4
2.4954709648899293E-4
2.4935114665703865E-4
2.4915548753028376E-4
2.4896011847558335E-4
2.4876503886160216E-4
2.48570248058828E-4
2.4837574543953736E-4
2.4818153037782324E-4
2.479876022495574E-4
2.4779396043240516E-4
2.476006043058074E-4
2.4740753325098064E-4
2.472147466509035E-4
2.470222438903212E-4
2.468300243557292E-4
2.46638087435372E-4
2.464464325192379E-4
2.4625505899905116E-4
2.460639662682601E-4
2.458731537220445E-4
2.456826207572905E-4
2.454923667726127E-4
2.4530239116831847E-4
2.451126933464117E-4
2.4492327271060315E-4
2.4473412866627927E-4
2.4454526062051344E-4
2.443566679820504E-4
2.441683501613118E-4
2.4398030657037735E-4
2.437925366229849E-4
2.4360503973453092E-4
2.4341781532204968E-4
2.4323086280422058E-4
2.430441816013578E-4
2.428577711354063E-4
2.4267163082993112E-4
2.4248576011012024E-4
2.423001584027684E-4
2.421148251362779E-4
2.4192975974065786E-4
2.4174496164750626E-4
2.415604302900187E-4
2.4137616510296376E-4
2.411921655226988E-4
2.4100843098715153E-4
2.4082496093581456E-4
2.406417548097525E-4
2.4045881205157917E-4
2.4027613210545918E-4
2.4009371441710786E-4
2.3991155843378098E-4
2.3972966360427135E-4
2.3954802937889622E-4
2.3936665520950763E-4
2.3918554054946895E-4
2.3900468485366043E-4
2.3882408757847814E-4
2.386437481818119E-4
2.384636661230642E-4
2.3828384086311497E-4
2.3810427186434906E-4
2.3792495859062385E-4
2.3774590050728238E-4
2.3756709708113837E-4
2.373885477804728E-4
2.372102520750312E-4
2.3703220943602384E-4
2.368544193361042E-4
2.3667688124938107E-4
2.364995946514081E-4
2.3632255901917185E-4
2.36145773831097E-4
2.3596923856703585E-4
2.3579295270826798E-4
2.356169157374893E-4
2.3544112713880846E-4
2.3526558639775112E-4
2.3509029300123734E-4
2.3491524643759557E-4
2.3474044619654376E-4
2.345658917692018E-4
2.3439158264805808E-4
2.3421751832699894E-4
2.3404369830128262E-4
2.3387012206752876E-4
2.3369678912373877E-4
2.3352369896926747E-4
2.3335085110483606E-4
2.3317824503251068E-4
2.3300588025571212E-4
2.3283375627920197E-4
2.3266187260908606E-4
2.3249022875280597E-4
2.3231882421912662E-4
2.3214765851814646E-4
2.3197673116128758E-4
2.3180604166128253E-4
2.3163558953218338E-4
2.3146537428934911E-4
2.3129539544944106E-4
2.3112565253042327E-4
2.309561450515583E-4
2.3078687253339322E-4
2.306178344977663E-4
2.3044903046779726E-4
2.302804599678897E-4
2.3011212252371284E-4
2.2994401766221484E-4
2.2977614491160136E-4
2.2960850380134658E-4
2.2944109386217843E-4
2.2927391462607849E-4
2.2910696562628311E-4
2.2894024639726285E-4
2.2877375647473765E-4
2.2860749539565958E-4
2.284414626982179E-4
2.28275657921832E-4
2.2811008060713548E-4
2.2794473029599224E-4
2.2777960653148032E-4
2.276147088578919E-4
2.2745003682071987E-4
2.272855899666711E-4
2.271213678436463E-4
2.2695737000074897E-4
2.2679359598827022E-4
2.2663004535769228E-4
2.2646671766168223E-4
2.2630361245408923E-4
2.2614072928993186E-4
2.2597806772541598E-4
2.2581562731790404E-4
2.2565340762593266E-4
2.2549140820919626E-4
2.253296286285437E-4
2.2516806844598847E-4
2.2500672722468166E-4
2.2484560452893352E-4
2.2468469992419058E-4
2.245240129770359E-4
2.2436354325519598E-4
2.2420329032752216E-4
2.2404325376399728E-4
2.238834331357266E-4
2.2372382801494296E-4
2.235644379749871E-4
2.2340526259032072E-4
2.2324630143650965E-4
2.2308755409022803E-4
2.2292902012925467E-4
2.227706991324701E-4
2.2261259067984018E-4
2.224546943524357E-4
2.2229700973240874E-4
2.2213953640299689E-4
2.2198227394852453E-4
2.2182522195438422E-4
2.2166838000705166E-4
2.215117476940727E-4
2.2135532460405984E-4
2.2119911032668756E-4
2.2104310445269612E-4
2.2088730657387692E-4
2.207317162830822E-4
2.205763331742103E-4
2.2042115684220895E-4
2.2026618688306997E-4
2.201114228938256E-4
2.1995686447254655E-4
2.1980251121833384E-4
2.196483627313253E-4
2.1949441861267847E-4
2.19340678464582E-4
2.1918714189024183E-4
2.1903380849388327E-4
2.1888067788074353E-4
2.1872774965707426E-4
2.1857502343013689E-4
2.1842249880818862E-4
2.1827017540049926E-4
2.181180528173248E-4
2.1796613066993374E-4
2.1781440857056715E-4
2.1766288613247017E-4
2.175115629698633E-4
2.1736043869796014E-4
2.172095129329435E-4
2.170587852919775E-4
2.169082553932032E-4
2.1675792285572544E-4
2.1660778729962207E-4
2.1645784834592948E-4
2.1630810561664633E-4
2.1615855873473772E-4
2.1600920732411198E-4
2.158600510096356E-4
2.1571108941712883E-4
2.1556232217335056E-4
2.1541374890600087E-4
2.152653692437291E-4
2.151171828161164E-4
2.149691892536792E-4
2.148213881878654E-4
2.1467377925105086E-4
2.1452636207654083E-4
2.1437913629855702E-4
2.142321015522446E-4
2.1408525747366512E-4
2.1393860369979545E-4
2.13792139868522E-4
2.1364586561864067E-4
2.1349978058985425E-4
2.1335388442276422E-4
2.1320817675887386E-4
2.1306265724058712E-4
2.1291732551119576E-4
2.127721812148917E-4
2.126272239967471E-4
2.124824535027267E-4
2.123378693796755E-4
2.1219347127531639E-4
2.1204925883825656E-4
2.1190523171797518E-4
2.1176138956482255E-4
2.1161773203001824E-4
2.1147425876565307E-4
2.113309694246804E-4
2.1118786366091497E-4
2.110449411290273E-4
2.109022014845534E-4
2.1075964438386965E-4
2.1061726948421703E-4
2.1047507644367762E-4
2.103330649211804E-4
2.1019123457649718E-4
2.100495850702432E-4
2.0990811606387308E-4
2.0976682721966845E-4
2.09625718200757E-4
2.0948478867108405E-4
2.0934403829543213E-4
2.0920346673940243E-4
2.0906307366942725E-4
2.089228587527482E-4
2.0878282165743783E-4
2.0864296205237387E-4
2.0850327960725021E-4
2.083637739925707E-4
2.082244448796502E-4
2.0808529194060596E-4
2.079463148483585E-4
2.078075132766295E-4
2.076688868999376E-4
2.0753043539360053E-4
2.0739215843372917E-4
2.0725405569722063E-4
2.0711612686176122E-4
2.0697837160582545E-4
2.0684078960868014E-4
2.067033805503572E-4
2.0656614411167985E-4
2.0642907997423763E-4
2.062921878204059E-4
2.0615546733332337E-4
2.0601891819690423E-4
2.0588254009582788E-4
2.0574633271553536E-4
2.0561029574223325E-4
2.054744288628905E-4
2.0533873176523552E-4
2.0520320413774354E-4
2.0506784566965122E-4
2.049326560509453E-4
2.0479763497236304E-4
2.046627821253819E-4
2.0452809720223296E-4
2.0439357989587956E-4
2.0425922990003934E-4
2.0412504690915163E-4
2.0399103061840372E-4
2.038571807237088E-4
2.0372349692171797E-4
2.0358997890980506E-4
2.0345662638607677E-4
2.0332343904936245E-4
2.031904165992072E-4
2.0305755873588832E-4
2.0292486516039192E-4
2.0279233557442923E-4
2.0265996968041772E-4
2.0252776718148984E-4
2.0239572778149006E-4
2.0226385118496637E-4
2.0213213709717402E-4
2.020005852240719E-4
2.0186919527232335E-4
2.017379669492871E-4
2.016068999630174E-4
2.0147599402227248E-4
2.0134524883649315E-4
2.0121466411581742E-4
2.010842395710756E-4
2.0095397491377753E-4
2.0082386985612193E-4
2.006939241109888E-4
2.005641373919425E-4
2.0043450941322125E-4
2.0030503988974744E-4
2.0017572853711396E-4
2.000465750715847E-4
1.9991757921009702E-4
1.997887406702622E-4
1.9966005917034852E-4
1.9953153442929742E-4
1.9940316616671064E-4
1.9927495410284875E-4
1.9914689795863877E-4
1.9901899745566044E-4
1.988912523161484E-4
1.9876366226299127E-4
1.9863622701973106E-4
1.9850894631055568E-4
1.983818198603088E-4
1.9825484739447276E-4
1.981280286391762E-4
1.980013633211875E-4
1.9787485116791947E-4
1.9774849190742476E-4
1.9762228526838557E-4
1.9749623098012673E-4
1.9737032877260025E-4
1.9724457837639163E-4
1.9711897952271758E-4
1.9699353194341536E-4
1.9686823537095626E-4
1.9674308953843261E-4
1.9661809417955214E-4
1.964932490286548E-4
1.963685538206923E-4
1.962440082912319E-4
1.9611961217645316E-4
1.9599536521316187E-4
1.958712671387579E-4
1.9574731769126066E-4
1.9562351660929922E-4
1.9549986363210032E-4
1.9537635849950263E-4
1.9525300095194344E-4
1.9512979073046146E-4
1.9500672757669655E-4
1.9488381123288252E-4
1.947610414418506E-4
1.9463841794702894E-4
1.9451594049243155E-4
1.9439360882267032E-4
1.9427142268293605E-4
1.9414938181901766E-4
1.9402748597728718E-4
1.939057349046935E-4
1.9378412834877067E-4
1.936626660576381E-4
1.935413477799903E-4
1.9342017326510176E-4
1.9329914226281662E-4
1.9317825452355573E-4
1.930575097983163E-4
1.9293690783866362E-4
1.9281644839672603E-4
1.9269613122520837E-4
1.9257595607737708E-4
1.924559227070633E-4
1.923360308686591E-4
1.922162803171202E-4
1.9209667080795928E-4
1.9197720209725172E-4
1.918578739416201E-4
1.9173868609825086E-4
1.916196383248774E-4
1.915007303797886E-4
1.9138196202182227E-4
1.9126333301036188E-4
1.9114484310533956E-4
1.9102649206723766E-4
1.9090827965707083E-4
1.9079020563640933E-4
1.906722697673515E-4
1.9055447181254704E-4
1.9043681153517567E-4
1.9031928869895257E-4
1.9020190306813395E-4
1.9008465440750006E-4
1.899675424823715E-4
1.898505670585966E-4
1.8973372790255126E-4
1.89617024781134E-4
1.8950045746177733E-4
1.893840257124354E-4
1.8926772930158087E-4
1.891515679982139E-4
1.8903554157184997E-4
1.8891964979252606E-4
1.888038924307944E-4
1.8868826925772403E-4
1.8857278004489364E-4
1.884574245644003E-4
1.8834220258885024E-4
1.8822711389136385E-4
1.8811215824555632E-4
1.8799733542556262E-4
1.8788264520602048E-4
1.8776808736207322E-4
1.8765366166936142E-4
1.875393679040292E-4
1.8742520584272529E-4
1.873111752625901E-4
1.87197275941267E-4
1.870835076568887E-4
1.869698701880924E-4
1.8685636331400022E-4
1.867429868142236E-4
1.8662974046887218E-4
1.865166240585414E-4
1.8640363736431697E-4
1.86290780167764E-4
1.8617805225093915E-4
1.860654533963801E-4
1.8595298338710522E-4
1.8584064200661765E-4
1.8572842903889888E-4
1.856163442684052E-4
1.8550438748007712E-4
1.8539255845932362E-4
1.8528085699202833E-4
1.851692828645607E-4
1.8505783586374074E-4
1.84946515776878E-4
1.8483532239173684E-4
1.847242554965623E-4
1.8461331488005877E-4
1.8450250033139515E-4
1.8439181164020695E-4
1.8428124859659484E-4
1.8417081099111348E-4
1.8406049861478745E-4
1.8395031125909394E-4
1.8384024871596783E-4
1.837303107778049E-4
1.8362049723745461E-4
1.835108078882144E-4
1.8340124252384655E-4
1.8329180093855528E-4
1.8318248292699564E-4
1.8307328828427662E-4
1.829642168059543E-4
1.8285526828802818E-4
1.8274644252694615E-4
1.8263773931959766E-4
1.8252915846331838E-4
1.8242069975588334E-4
1.8231236299551254E-4
1.822041479808579E-4
1.8209605451101818E-4
1.8198808238552115E-4
1.8188023140433885E-4
1.817725013678708E-4
1.8166489207695495E-4
1.815574033328587E-4
1.8145003493728228E-4
1.8134278669235853E-4
1.8123565840064108E-4
1.8112864986512132E-4
1.81021760889211E-4
1.8091499127675015E-4
1.808083408320007E-4
1.8070180935964863E-4
1.805953966648055E-4
1.8048910255299752E-4
1.8038292683017525E-4
1.8027686930270663E-4
1.8017092977737665E-4
1.800651080613912E-4
1.7995940396236295E-4
1.7985381728832857E-4
1.797483478477284E-4
1.796429954494217E-4
1.7953775990267406E-4
1.7943264101716663E-4
1.7932763860298106E-4
1.7922275247061637E-4
1.7911798243097095E-4
1.7901332829534984E-4
1.7890878987546595E-4
1.7880436698343002E-4
1.7870005943176038E-4
1.7859586703337346E-4
1.784917896015846E-4
1.783878269501139E-4
1.782839788930712E-4
1.781802452449745E-4
1.78076625820725E-4
1.779731204356248E-4
1.7786972890537347E-4
1.7776645104605515E-4
1.776632866741542E-4
1.775602356065387E-4
1.7745729766047088E-4
1.7735447265359954E-4
1.7725176040395886E-4
1.7714916072997708E-4
1.7704667345045904E-4
1.769442983846E-4
1.768420353519754E-4
1.767398841725467E-4
1.7663784466665286E-4
1.7653591665501658E-4
1.764340999587375E-4
1.7633239439929628E-4
1.7623079979855002E-4
1.7612931597873102E-4
1.7602794276244975E-4
1.7592667997268915E-4
1.7582552743280205E-4
1.7572448496652398E-4
1.7562355239795146E-4
1.7552272955156074E-4
1.7542201625219303E-4
1.753214123250564E-4
1.752209175957271E-4
1.7512053189015244E-4
1.7502025503464324E-4
1.7492008685587317E-4
1.7482002718088296E-4
1.7472007583707496E-4
1.7462023265221046E-4
1.745204974544194E-4
1.7442087007218468E-4
1.743213503343531E-4
1.7422193807012333E-4
1.741226331090581E-4
1.740234352810765E-4
1.739243444164451E-4
1.7382536034579474E-4
1.73726482900106E-4
1.736277119107093E-4
1.7352904720929004E-4
1.734304886278854E-4
1.7333203599888437E-4
1.7323368915501283E-4
1.731354479293619E-4
1.7303731215535665E-4
1.7293928166677754E-4
1.7284135629774575E-4
1.7274353588272675E-4
1.7264582025653012E-4
1.7254820925431382E-4
1.7245070271156872E-4
1.7235330046413077E-4
1.7225600234817919E-4
1.721588082002281E-4
1.7206171785713294E-4
1.7196473115608499E-4
1.7186784793461009E-4
1.7177106803057556E-4
1.7167439128218124E-4
1.7157781752796006E-4
1.7148134660677387E-4
1.7138497835783123E-4
1.7128871262065272E-4
1.7119254923510547E-4
1.7109648804138102E-4
1.710005288799956E-4
1.7090467159179768E-4
1.708089160179687E-4
1.7071326200000501E-4
1.7061770937973849E-4
1.7052225799931952E-4
1.704269077012224E-4
1.703316583282502E-4
1.7023650972352542E-4
1.701414617304892E-4
1.700465141929086E-4
1.6995166695486823E-4
1.698569198607687E-4
1.697622727553338E-4
1.696677254836022E-4
1.6957327789092908E-4
1.6947892982298763E-4
1.6938468112576334E-4
1.6929053164555934E-4
1.6919648122898674E-4
1.6910252972297484E-4
1.690086769747624E-4
1.689149228319005E-4
1.6882126714224798E-4
1.6872770975397404E-4
1.686342505155608E-4
1.685408892757915E-4
1.6844762588376298E-4
1.6835446018887259E-4
1.6826139204082898E-4
1.6816842128964234E-4
1.6807554778562383E-4
1.6798277137939588E-4
1.678900919218802E-4
1.6779750926429444E-4
1.6770502325816512E-4
1.6761263375531763E-4
1.6752034060787217E-4
1.674281436682532E-4
1.6733604278918357E-4
1.672440378236747E-4
1.6715212862504492E-4
1.6706031504690161E-4
1.669685969431517E-4
1.6687697416799596E-4
1.6678544657592316E-4
1.6669401402172521E-4
1.6660267636047223E-4
1.6651143344753944E-4
1.6642028513858594E-4
1.6632923128955752E-4
1.6623827175669883E-4
1.6614740639653568E-4
1.6605663506588268E-4
1.6596595762184124E-4
1.658753739218024E-4
1.6578488382343914E-4
1.6569448718471084E-4
1.6560418386386545E-4
1.6551397371942199E-4
1.654238566101978E-4
1.653338323952823E-4
1.6524390093404588E-4
1.6515406208614665E-4
1.6506431571151626E-4
1.649746616703691E-4
1.6488509982320139E-4
1.6479563003077866E-4
1.6470625215414504E-4
1.6461696605463185E-4
1.6452777159383768E-4
1.6443866863363046E-4
1.6434965703616662E-4
1.642607366638689E-4
1.6417190737942912E-4
1.640831690458198E-4
1.6399452152628403E-4
1.639059646843283E-4
1.6381749838374068E-4
1.6372912248856838E-4
1.6364083686313562E-4
1.6355264137203257E-4
1.6346453588011794E-4
1.6337652025251106E-4
1.6328859435461168E-4
1.6320075805207043E-4
1.6311301121081374E-4
1.6302535369702717E-4
1.6293778537716263E-4
1.6285030611793422E-4
1.627629157863182E-4
1.626756142495527E-4
1.6258840137514273E-4
1.6250127703084256E-4
1.624142410846778E-4
1.6232729340492696E-4
1.6224043386013105E-4
1.6215366231908765E-4
1.6206697865085197E-4
1.619803827247341E-4
1.6189387441030228E-4
1.6180745357738182E-4
1.6172112009605257E-4
1.6163487383664385E-4
1.6154871466974764E-4
1.6146264246620306E-4
1.6137665709710253E-4
1.6129075843378937E-4
1.6120494634786257E-4
1.6111922071116794E-4
1.6103358139580174E-4
1.609480282741122E-4
1.6086256121869327E-4
1.60777180102392E-4
1.6069188479829558E-4
1.6060667517974657E-4
1.6052155112032665E-4
1.6043651249387242E-4
1.603515591744565E-4
1.6026669103639954E-4
1.6018190795426854E-4
1.600972098028741E-4
1.600125964572633E-4
1.5992806779273629E-4
1.5984362368482488E-4
1.5975926400930857E-4
1.5967498864220256E-4
1.5959079745977167E-4
1.5950669033850578E-4
1.5942266715514509E-4
1.5933872778666456E-4
1.592548721102753E-4
1.5917110000342958E-4
1.5908741134381047E-4
1.5900380600934318E-4
1.5892028387818295E-4
1.5883684482872638E-4
1.5875348873959684E-4
1.5867021548965758E-4
1.5858702495800245E-4
1.5850391702396002E-4
1.5842089156708746E-4
1.5833794846717306E-4
1.582550876042458E-4
1.5817230885854924E-4
1.58089612110573E-4
1.5800699724102444E-4
1.5792446413084445E-4
1.578420126612009E-4
1.577596427134934E-4
1.5767735416934338E-4
1.5759514691059904E-4
1.5751302081934058E-4
1.5743097577786738E-4
1.5734901166870874E-4
1.5726712837461405E-4
1.571853257785602E-4
1.571036037637448E-4
1.5702196221358848E-4
1.5694040101173776E-4
1.5685892004206045E-4
1.567775191886384E-4
1.566961983357847E-4
1.5661495736802962E-4
1.5653379617011314E-4
1.5645271462701177E-4
1.5637171262390814E-4
1.5629079004620484E-4
1.5620994677952756E-4
1.5612918270971457E-4
1.5604849772282288E-4
1.5596789170512016E-4
1.558873645430993E-4
1.5580691612346242E-4
1.557265463331292E-4
1.556462550592262E-4
1.5556604218910336E-4
1.5548590761031838E-4
1.5540585121064177E-4
1.553258728780582E-4
1.5524597250076035E-4
1.5516614996715866E-4
1.5508640516586744E-4
1.5500673798571018E-4
1.549271483157309E-4
1.5484763604517042E-4
1.5476820106348385E-4
1.54688843260336E-4
1.5460956252559782E-4
1.545303587493424E-4
1.5445123182186054E-4
1.5437218163363712E-4
1.5429320807537172E-4
1.5421431103796463E-4
1.5413549041252457E-4
1.5405674609035683E-4
1.539780779629848E-4
1.5389948592212083E-4
1.5382096985968723E-4
1.5374252966780707E-4
1.5366416523880498E-4
1.5358587646521185E-4
1.5350766323975217E-4
1.5342952545535575E-4
1.5335146300515025E-4
1.5327347578246445E-4
1.5319556368082566E-4
1.5311772659396116E-4
1.5303996441579432E-4
1.529622770404485E-4
1.5288466436224102E-4
1.528071262756911E-4
1.5272966267551005E-4
1.52652273456606E-4
1.5257495851408697E-4
1.5249771774324662E-4
1.5242055103958265E-4
1.5234345829878433E-4
1.5226643941673018E-4
1.521894942894975E-4
1.5211262281335326E-4
1.520358248847602E-4
1.5195910040036745E-4
1.5188244925702193E-4
1.518058713517544E-4
1.5172936658179524E-4
1.5165293484455637E-4
1.5157657603764437E-4
1.5150029005885402E-4
1.5142407680616906E-4
1.5134793617776164E-4
1.5127186807199398E-4
1.5119587238740767E-4
1.5111994902274208E-4
1.510440978769194E-4
1.509683188490439E-4
1.5089261183841242E-4
1.5081697674450137E-4
1.5074141346697634E-4
1.5066592190568598E-4
1.5059050196066342E-4
1.5051515353212418E-4
1.5043987652046836E-4
1.503646708262813E-4
1.5028953635032473E-4
1.5021447299354672E-4
1.5013948065707635E-4
1.5006455924222685E-4
1.4998970865048546E-4
1.4991492878352493E-4
1.4984021954319934E-4
1.4976558083153586E-4
1.4969101255074872E-4
1.496165146032252E-4
1.4954208689153185E-4
1.4946772931841734E-4
1.493934417868006E-4
1.4931922419978528E-4
1.4924507646064944E-4
1.491709984728418E-4
1.49096990139996E-4
1.4902305136591415E-4
1.4894918205457942E-4
1.4887538211014395E-4
1.4880165143693939E-4
1.487279899394674E-4
1.4865439752240404E-4
1.4858087409060365E-4
1.4850741954908645E-4
1.4843403380304784E-4
1.4836071675785638E-4
1.4828746831904968E-4
1.4821428839233695E-4
1.4814117688360416E-4
1.4806813369889804E-4
1.479951587444431E-4
1.4792225192662972E-4
1.4784941315202198E-4
1.4777664232734508E-4
1.47703939359501E-4
1.476313041555555E-4
1.475587366227395E-4
1.4748623666846234E-4
1.474138042002882E-4
1.4734143912595386E-4
1.4726914135336253E-4
1.4719691079057807E-4
1.4712474734584086E-4
1.4705265092754404E-4
1.469806214442553E-4
1.4690865880470093E-4
1.4683676291777343E-4
1.4676493369252766E-4
1.466931710381863E-4
1.4662147486412794E-4
1.4654984507990346E-4
1.4647828159521518E-4
1.4640678431993362E-4
1.4633535316409008E-4
1.4626398803787866E-4
1.4619268885165073E-4
1.4612145551591625E-4
1.4605028794135416E-4
1.459791860387982E-4
1.4590814971923773E-4
1.4583717889382836E-4
1.4576627347387438E-4
1.456954333708527E-4
1.4562465849638498E-4
1.4555394876225995E-4
1.4548330408041744E-4
1.454127243629545E-4
1.4534220952212932E-4
1.4527175947035413E-4
1.4520137412019725E-4
1.4513105338438185E-4
1.4506079717578136E-4
1.4499060540743816E-4
1.4492047799253405E-4
1.4485041484441392E-4
1.4478041587657277E-4
1.4471048100266358E-4
1.4464061013648414E-4
1.4457080319199434E-4
1.4450106008330208E-4
1.4443138072466703E-4
1.443617650305023E-4
1.4429221291536955E-4
1.4422272429398563E-4
1.441532990812193E-4
1.4408393719208306E-4
1.4401463854174488E-4
1.439454030455202E-4
1.438762306188783E-4
1.4380712117743267E-4
1.4373807463694772E-4
1.436690909133352E-4
1.4360016992265778E-4
1.435313115811218E-4
1.4346251580508757E-4
1.433937825110552E-4
1.4332511161567658E-4
1.4325650303575134E-4
1.431879566882208E-4
1.4311947249017555E-4
1.4305105035884844E-4
1.4298269021162372E-4
1.4291439196602288E-4
1.4284615553971996E-4
1.42777980850528E-4
1.427098678164071E-4
1.4264181635545727E-4
1.4257382638592684E-4
1.425058978262038E-4
1.424380305948207E-4
1.423702246104514E-4
1.423024797919127E-4
1.4223479605816284E-4
1.421671733283047E-4
1.4209961152157675E-4
1.4203211055736166E-4
1.4196467035518516E-4
1.418972908347055E-4
1.418299719157336E-4
1.4176271351820874E-4
1.4169551556221155E-4
1.4162837796796802E-4
1.415613006558365E-4
1.4149428354631887E-4
1.414273265600496E-4
1.4136042961780586E-4
1.4129359264050136E-4
1.4122681554918636E-4
1.411600982650495E-4
1.4109344070941228E-4
1.4102684280373694E-4
1.4096030446962327E-4
1.4089382562880277E-4
1.40827406203141E-4
1.407610461146442E-4
1.4069474528545606E-4
1.406285036378394E-4
1.405623210942125E-4
1.404961975771133E-4
1.4043013300921834E-4
1.4036412731333804E-4
1.402981804124143E-4
1.4023229222952227E-4
1.401664626878718E-4
1.401006917108046E-4
1.4003497922179364E-4
1.399693251444439E-4
1.399037294024922E-4
1.3983819191980732E-4
1.3977271262038575E-4
1.3970729142835994E-4
1.3964192826798676E-4
1.3957662306366217E-4
1.395113757399014E-4
1.3944618622135802E-4
1.3938105443280882E-4
1.3931598029916358E-4
1.3925096374545914E-4
1.3918600469685986E-4
1.3912110307866274E-4
1.3905625881628826E-4
1.3899147183528263E-4
1.3892674206132836E-4
1.388620694202273E-4
1.3879745383791025E-4
1.3873289524043685E-4
1.386683935539883E-4
1.3860394870487977E-4
1.3853956061954018E-4
1.3847522922453702E-4
1.3841095444655545E-4
1.3834673621240679E-4
1.382825744490288E-4
1.382184690834815E-4
1.3815442004294962E-4
1.380904272547457E-4
1.3802649064630114E-4
1.3796261014517157E-4
1.3789878567903937E-4
1.3783501717570319E-4
1.377713045630904E-4
1.3770764776924988E-4
1.3764404672235033E-4
1.3758050135068446E-4
1.375170115826637E-4
1.3745357734682597E-4
1.3739019857182485E-4
1.3732687518643575E-4
1.3726360711955923E-4
1.3720039430021067E-4
1.3713723665753177E-4
1.370741341207747E-4
1.3701108661932294E-4
1.3694809408266762E-4
1.3688515644042594E-4
1.3682227362233325E-4
1.3675944555824524E-4
1.3669667217813206E-4
1.3663395341207885E-4
1.3657128919029827E-4
1.3650867944311692E-4
1.3644612410097112E-4
1.3638362309442595E-4
1.363211763541546E-4
1.3625878381095122E-4
1.3619644539572832E-4
1.3613416103950833E-4
1.3607193067343378E-4
1.3600975422876026E-4
1.3594763163686323E-4
1.358855628292296E-4
1.3582354773746075E-4
1.3576158629327622E-4
1.356996784285079E-4
1.3563782407510026E-4
1.3557602316511551E-4
1.35514275630725E-4
1.354525814042205E-4
1.3539094041799843E-4
1.3532935260457562E-4
1.3526781789657662E-4
1.3520633622674127E-4
1.3514490752792002E-4
1.3508353173307763E-4
1.350222087752893E-4
1.3496093858774327E-4
1.3489972110373798E-4
1.348385562566799E-4
1.347774439800946E-4
1.3471638420760757E-4
1.3465537687296664E-4
1.3459442191002152E-4
1.345335192527317E-4
1.344726688351729E-4
1.3441187059152397E-4
1.3435112445608013E-4
1.3429043036323752E-4
1.3422978824750717E-4
1.3416919804350302E-4
1.3410865968595584E-4
1.3404817310969818E-4
1.3398773824967162E-4
1.3392735504092585E-4
1.3386702341862026E-4
1.3380674331801978E-4
1.3374651467449396E-4
1.3368633742352566E-4
1.336262115006992E-4
1.3356613684170423E-4
1.3350611338234256E-4
1.3344614105851796E-4
1.3338621980624017E-4
1.3332634956162402E-4
1.3326653026089403E-4
1.3320676184037285E-4
1.3314704423649307E-4
1.3308737738579158E-4
1.330277612249113E-4
1.3296819569059306E-4
1.3290868071968689E-4
1.3284921624914727E-4
1.3278980221602974E-4
1.3273043855749296E-4
1.326711252108036E-4
1.3261186211332334E-4
1.325526492025262E-4
1.3249348641598233E-4
1.3243437369136405E-4
1.3237531096645008E-4
1.3231629817911844E-4
1.32257335267347E-4
1.3219842216921865E-4
1.3213955882291752E-4
1.320807451667276E-4
1.3202198113903367E-4
1.3196326667832075E-4
1.3190460172317594E-4
1.3184598621228708E-4
1.317874200844414E-4
1.317289032785237E-4
1.3167043573352006E-4
1.3161201738852115E-4
1.3155364818270946E-4
1.3149532805536824E-4
1.3143705694588264E-4
1.313788347937354E-4
1.3132066153850901E-4
1.3126253711987743E-4
1.3120446147762185E-4
1.311464345516192E-4
1.3108845628183582E-4
1.3103052660834916E-4
1.3097264547132342E-4
1.309148128110224E-4
1.308570285678118E-4
1.3079929268214625E-4
1.30741605094586E-4
1.3068396574577706E-4
1.3062637457647195E-4
1.3056883152751017E-4
1.3051133653983453E-4
1.3045388955447966E-4
1.303964905125739E-4
1.303391393553446E-4
1.30281836024113E-4
1.3022458046029427E-4
1.3016737260539612E-4
1.3011021240102812E-4
1.300530997888851E-4
1.2999603471076183E-4
1.299390171085431E-4
1.2988204692421208E-4
1.2982512409984298E-4
1.297682485776013E-4
1.297114202997463E-4
1.29654639208633E-4
1.2959790524671213E-4
1.2954121835651492E-4
1.2948457848067566E-4
1.2942798556191788E-4
1.2937143954305574E-4
1.2931494036699974E-4
1.2925848797674315E-4
1.2920208231538506E-4
1.29145723326097E-4
1.2908941095215808E-4
1.2903314513692908E-4
1.2897692582386478E-4
1.28920752956513E-4
1.2886462647850557E-4
1.288085463335697E-4
1.2875251246552148E-4
1.286965248182653E-4
1.2864058333579277E-4
1.2858468796219755E-4
1.2852883864164223E-4
1.284730353183974E-4
1.2841727793681554E-4
1.2836156644133415E-4
1.2830590077648256E-4
1.282502808868787E-4
1.2819470671722954E-4
1.281391782123292E-4
1.2808369531705808E-4
1.280282579763885E-4
1.2797286613537795E-4
1.2791751973916836E-4
1.2786221873299354E-4
1.2780696306217135E-4
1.2775175267210685E-4
1.2769658750829793E-4
1.276414675163142E-4
1.275863926418299E-4
1.2753136283059324E-4
1.2747637802844092E-4
1.2742143818129424E-4
1.273665432351693E-4
1.273116931361551E-4
1.2725688783043397E-4
1.2720212726427082E-4
1.271474113840135E-4
1.2709274013609912E-4
1.2703811346704625E-4
1.2698353132346147E-4
1.2692899365203126E-4
1.2687450039952858E-4
1.268200515128111E-4
1.2676564693881777E-4
1.2671128662457417E-4
1.2665697051718653E-4
1.266026985638473E-4
1.265484707118337E-4
1.2649428690849536E-4
1.264401471012782E-4
1.2638605123770484E-4
1.2633199926537914E-4
1.2627799113198974E-4
1.2622402678530586E-4
1.261701061731814E-4
1.2611622924354787E-4
1.2606239594442685E-4
1.260086062239061E-4
1.2595486003017122E-4
1.2590115731147915E-4
1.2584749801617268E-4
1.257938820926764E-4
1.2574030948948908E-4
1.2568678015519404E-4
1.256332940384581E-4
1.2557985108802532E-4
1.2552645125271528E-4
1.2547309448143946E-4
1.254197807231792E-4
1.253665099269982E-4
1.2531328204203718E-4
1.2526009701752444E-4
1.2520695480275945E-4
1.2515385534712313E-4
1.2510079860007556E-4
1.2504778451115982E-4
1.249948130299855E-4
1.2494188410625733E-4
1.2488899768974506E-4
1.248361537303014E-4
1.247833521778575E-4
1.2473059298242044E-4
1.2467787609407946E-4
1.2462520146299728E-4
1.2457256903941329E-4
1.245199787736449E-4
1.2446743061609444E-4
1.244149245172265E-4
1.2436246042759534E-4
1.2431003829782453E-4
1.2425765807861538E-4
1.2420531972075113E-4
1.2415302317508414E-4
1.2410076839254505E-4
1.2404855532414274E-4
1.239963839209607E-4
1.2394425413415512E-4
1.2389216591496193E-4
1.2384011921468959E-4
1.2378811398472075E-4
1.2373615017652128E-4
1.2368422774162172E-4
1.236323466316304E-4
1.235805067982335E-4
1.2352870819318777E-4
1.2347695076832949E-4
1.2342523447556207E-4
1.233735592668704E-4
1.2332192509430533E-4
1.232703319099998E-4
1.2321877966615523E-4
1.2316726831504556E-4
1.231157978090221E-4
1.230643681005069E-4
1.230129791419988E-4
1.2296163088606156E-4
1.229103232853395E-4
1.2285905629254515E-4
1.2280782986046808E-4
1.227566439419652E-4
1.227054984899674E-4
1.2265439345747966E-4
1.2260332879757675E-4
1.225523044634064E-4
1.2250132040818586E-4
1.2245037658520572E-4
1.2239947294783097E-4
1.2234860944949279E-4
1.2229778604369535E-4
1.2224700268401522E-4
1.2219625932409646E-4
1.221455559176625E-4
1.22094892418492E-4
1.2204426878044965E-4
1.2199368495746212E-4
1.2194314090352762E-4
1.2189263657271302E-4
1.2184217191916307E-4
1.217917468970833E-4
1.2174136146075077E-4
1.216910155645139E-4
1.2164070916279081E-4
1.2159044221006866E-4
1.2154021466090246E-4
1.2149002646991761E-4
1.214398775918074E-4
1.2138976798133197E-4
1.2133969759332817E-4
1.2128966638268997E-4
1.2123967430438922E-4
1.2118972131346011E-4
1.2113980736500819E-4
1.2108993241420709E-4
1.2104009641629524E-4
1.2099029932658298E-4
1.2094054110044247E-4
1.2089082169331833E-4
1.208411410607224E-4
1.2079149915823149E-4
1.2074189594149327E-4
1.2069233136621596E-4
1.2064280538817934E-4
1.2059331796322899E-4
1.2054386904727943E-4
1.2049445859630595E-4
1.2044508656635543E-4
1.2039575291353777E-4
1.203464575940324E-4
1.2029720056407959E-4
1.2024798177999078E-4
1.2019880119814298E-4
1.2014965877497307E-4
1.2010055446698828E-4
1.2005148823076072E-4
1.2000246002292457E-4
1.1995346980018676E-4
1.1990451751931101E-4
1.1985560313712699E-4
1.198067266105356E-4
1.1975788789649393E-4
1.197090869520307E-4
1.19660323734235E-4
1.1961159820026008E-4
1.1956291030732814E-4
1.195142600127174E-4
1.1946564727377655E-4
1.1941707204791509E-4
1.1936853429260876E-4
1.1932003396539461E-4
1.1927157102387241E-4
1.1922314542570825E-4
1.191747571286276E-4
1.1912640609042257E-4
1.1907809226894777E-4
1.1902981562211964E-4
1.1898157610791641E-4
1.1893337368438092E-4
1.1888520830961894E-4
1.188370799417914E-4
1.1878898853913566E-4
1.1874093405993779E-4
1.1869291646255426E-4
1.186449357053976E-4
1.1859699174694825E-4
1.1854908454574368E-4
1.1850121406038481E-4
1.1845338024953178E-4
1.1840558307190859E-4
1.1835782248630167E-4
1.1831009845155882E-4
1.1826241092658195E-4
1.182147598703412E-4
1.1816714524186713E-4
1.181195670002461E-4
1.180720251046285E-4
1.1802451951422529E-4
1.1797705018830844E-4
1.1792961708620737E-4
1.1788222016731218E-4
1.178348593910782E-4
1.1778753471701288E-4
1.1774024610468732E-4
1.1769299351373566E-4
1.1764577690384661E-4
1.1759859623476637E-4
1.175514514663077E-4
1.1750434255833727E-4
1.1745726947078405E-4
1.1741023216363511E-4
1.1736323059693404E-4
1.1731626473078794E-4
1.1726933452535706E-4
1.1722243994086413E-4
1.1717558093758972E-4
1.171287574758738E-4
1.1708196951611114E-4
1.17035217018758E-4
1.1698849994432559E-4
1.1694181825339027E-4
1.1689517190657448E-4
1.1684856086457152E-4
1.1680198508811959E-4
1.1675544453802781E-4
1.1670893917515115E-4
1.166624689604055E-4
1.1661603385477011E-4
1.1656963381927063E-4
1.1652326881499977E-4
1.1647693880310002E-4
1.1643064374477504E-4
1.1638438360128533E-4
1.163381583339421E-4
1.1629196790412144E-4
1.1624581227324901E-4
1.1619969140280774E-4
1.1615360525434642E-4
1.1610755378945591E-4
1.160615369697891E-4
1.1601555475705713E-4
1.159696071130245E-4
1.1592369399951054E-4
1.1587781537839326E-4
1.1583197121160133E-4
1.1578616146112761E-4
1.1574038608900815E-4
1.1569464505734578E-4
1.1564893832828705E-4
1.1560326586404576E-4
1.1555762762688008E-4
1.155120235791106E-4
1.1546645368310711E-4
1.1542091790129858E-4
1.153754161961643E-4
1.153299485302402E-4
1.1528451486611853E-4
1.1523911516643906E-4
1.1519374939390624E-4
1.1514841751126542E-4
1.151031194813294E-4
1.150578552669535E-4
1.1501262483105621E-4
1.1496742813660023E-4
1.1492226514660885E-4
1.1487713582415707E-4
1.1483204013237141E-4
1.1478697803443344E-4
1.1474194949357821E-4
1.1469695447309084E-4
1.1465199293631705E-4
1.1460706484664305E-4
1.1456217016751863E-4
1.1451730886244064E-4
1.1447248089496367E-4
1.1442768622868711E-4
1.1438292482727079E-4
1.1433819665442139E-4
1.1429350167389875E-4
1.1424883984951523E-4
1.1420421114513873E-4
1.1415961552468312E-4
1.1411505295212034E-4
1.1407052339146572E-4
1.1402602680679558E-4
1.139815631622305E-4
1.1393713242194688E-4
1.1389273455017095E-4
1.138483695111797E-4
1.1380403726930285E-4
1.137597377889225E-4
1.1371547103446491E-4
1.136712369704172E-4
1.136270355613074E-4
1.1358286677172323E-4
1.1353873056629512E-4
1.1349462690970951E-4
1.1345055576670374E-4
1.1340651710206031E-4
1.1336251088061535E-4
1.1331853706725749E-4
1.1327459562691982E-4
1.1323068652458963E-4
1.1318680972530499E-4
1.1314296519415092E-4
1.130991528962619E-4
1.1305537279682586E-4
1.1301162486107618E-4
1.1296790905429559E-4
1.1292422534182368E-4
1.1288057368903895E-4
1.1283695406137625E-4
1.1279336642431564E-4
1.127498107433891E-4
1.1270628698417715E-4
1.1266279511230773E-4
1.1261933509345442E-4
1.1257590689335231E-4
1.1253251047776909E-4
1.1248914581252854E-4
1.1244581286350571E-4
1.1240251159661869E-4
1.1235924197783682E-4
1.123160039731771E-4
1.122727975487022E-4
1.122296226705283E-4
1.1218647930481482E-4
1.1214336741777025E-4
1.1210028697564929E-4
1.1205723794476077E-4
1.1201422029145222E-4
1.1197123398212422E-4
1.119282789832244E-4
1.118853552612449E-4
1.1184246278273075E-4
1.1179960151427001E-4
1.1175677142249447E-4
1.1171397247409074E-4
1.1167120463578757E-4
1.1162846787436026E-4
1.115857621566339E-4
1.1154308744947956E-4
1.1150044371981065E-4
1.1145783093459554E-4
1.1141524906083866E-4
1.1137269806560058E-4
1.1133017791597894E-4
1.1128768857912722E-4
1.1124523002223754E-4
1.1120280221255314E-4
1.1116040511735898E-4
1.1111803870398625E-4
1.1107570293981657E-4
1.1103339779227432E-4
1.1099112322882703E-4
1.1094887921699322E-4
1.1090666572433129E-4
1.108644827184493E-4
1.1082233016699883E-4
1.1078020803767698E-4
1.1073811629822564E-4
1.1069605491643358E-4
1.1065402386012956E-4
1.1061202309719664E-4
1.1057005259555238E-4
1.1052811232316728E-4
1.1048620224805034E-4
1.1044432233825783E-4
1.1040247256189518E-4
1.1036065288710238E-4
1.1031886328207238E-4
1.1027710371503752E-4
1.102353741542789E-4
1.1019367456811829E-4
1.1015200492492177E-4
1.1011036519309663E-4
1.1006875534110392E-4
1.100271753374396E-4
1.099856251506471E-4
1.0994410474930903E-4
1.0990261410205808E-4
1.098611531775675E-4
1.0981972194455278E-4
1.0977832037177641E-4
1.0973694842804105E-4
1.0969560608219268E-4
1.0965429330312124E-4
1.0961301005976092E-4
1.0957175632108678E-4
1.0953053205612196E-4
1.0948933723392423E-4
1.0944817182359699E-4
1.0940703579429509E-4
1.0936592911520287E-4
1.093248517555543E-4
1.0928380368462757E-4
1.0924278487173941E-4
1.0920179528624661E-4
1.0916083489755688E-4
1.0911990367511568E-4
1.0907900158840348E-4
1.0903812860695697E-4
1.0899728470034182E-4
1.089564698381748E-4
1.0891568399011002E-4
1.0887492712584428E-4
1.088341992151144E-4
1.0879350022770343E-4
1.0875283013343169E-4
1.0871218890216327E-4
1.0867157650380362E-4
1.0863099290829686E-4
1.0859043808563312E-4
1.0854991200583963E-4
1.0850941463898836E-4
1.0846894595518665E-4
1.0842850592459014E-4
1.0838809451738915E-4
1.0834771170381894E-4
1.0830735745415494E-4
1.08267031738712E-4
1.0822673452784743E-4
1.0818646579195694E-4
1.0814622550147775E-4
1.081060136268883E-4
1.080658301387061E-4
1.0802567500749198E-4
1.0798554820384316E-4
1.0794544969839801E-4
1.0790537946183659E-4
1.0786533746487714E-4
1.0782532367827862E-4
1.0778533807284617E-4
1.0774538061941304E-4
1.0770545128885709E-4
1.0766555005209933E-4
1.0762567688010012E-4
1.0758583174385343E-4
1.0754601461439914E-4
1.0750622546281301E-4
1.0746646426021166E-4
1.0742673097774938E-4
1.0738702558662237E-4
1.0734734805806489E-4
1.073076983633514E-4
1.0726807647378934E-4
1.0722848236073414E-4
1.0718891599557249E-4
1.0714937734973912E-4
1.0710986639469678E-4
1.0707038310195096E-4
1.0703092744305231E-4
1.0699149938958171E-4
1.069520989131604E-4
1.0691272598544893E-4
1.0687338057814906E-4
1.0683406266299621E-4
1.0679477221176756E-4
1.0675550919627418E-4
1.0671627358837294E-4
1.0667706535995102E-4
1.0663788448293781E-4
1.0659873092929987E-4
1.0655960467103847E-4
1.0652050568019837E-4
1.0648143392885959E-4
1.0644238938913882E-4
1.0640337203319211E-4
1.0636438183320815E-4
1.0632541876142122E-4
1.0628648279009645E-4
1.0624757389154209E-4
1.0620869203809749E-4
1.0616983720214292E-4
1.0613100935609574E-4
1.0609220847240821E-4
1.0605343452357472E-4
1.0601468748212204E-4
1.0597596732061199E-4
1.0593727401165031E-4
1.0589860752787255E-4
1.0585996784195747E-4
1.0582135492661681E-4
1.0578276875459611E-4
1.0574420929868352E-4
1.0570567653170139E-4
1.0566717042650493E-4
1.0562869095599367E-4
1.0559023809309415E-4
1.0555181181077684E-4
1.0551341208204427E-4
1.0547503887993649E-4
1.0543669217752934E-4
1.0539837194793096E-4
1.0536007816429738E-4
1.0532181079980718E-4
1.052835698276814E-4
1.0524535522117394E-4
1.0520716695357608E-4
1.0516900499821912E-4
1.0513086932845999E-4
1.0509275991769907E-4
1.050546767393699E-4
1.0501661976694208E-4
1.049785889739213E-4
1.0494058433384179E-4
1.0490260582028717E-4
1.0486465340686032E-4
1.0482672706720973E-4
1.0478882677501599E-4
1.0475095250399392E-4
1.0471310422789479E-4
1.0467528192050434E-4
1.0463748555564038E-4
1.0459971510716E-4
1.0456197054895376E-4
1.0452425185494551E-4
1.044865589990944E-4
1.0444889195539195E-4
1.0441125069786996E-4
1.0437363520059006E-4
1.0433604543765028E-4
1.0429848138317961E-4
1.0426094301134762E-4
1.0422343029635029E-4
1.0418594321242377E-4
1.0414848173383546E-4
1.0411104583488884E-4
1.0407363548992155E-4
1.0403625067330243E-4
1.0399889135943418E-4
1.0396155752276022E-4
1.0392424913774654E-4
1.038869661788996E-4
1.0384970862076337E-4
1.038124764379059E-4
1.037752696049368E-4
1.0373808809649547E-4
1.0370093188725218E-4
1.0366380095192025E-4
1.0362669526523261E-4
1.035896148019697E-4
1.0355255953693392E-4
1.0351552944496563E-4
1.0347852450094019E-4
1.0344154467976155E-4
1.0340458995637022E-4
1.0336766030573716E-4
1.0333075570286799E-4
1.0329387612280079E-4
1.0325702154060848E-4
1.0322019193139103E-4
1.0318338727028698E-4
1.031466075324619E-4
1.0310985269312274E-4
1.0307312272749892E-4
1.0303641761085904E-4
1.0299973731850276E-4
1.029630818257584E-4
1.029264511079935E-4
1.0288984514059898E-4
1.0285326389900847E-4
1.0281670735867745E-4
1.027801754951018E-4
1.027436682838047E-4
1.0270718570034423E-4
1.0267072772030547E-4
1.0263429431931148E-4
1.0259788547301294E-4
1.0256150115709713E-4
1.0252514134727565E-4
1.0248880601929841E-4
1.0245249514894489E-4
1.0241620871202491E-4
1.0237994668438079E-4
1.023437090418872E-4
1.0230749576044751E-4
1.022713068160001E-4
1.0223514218451183E-4
1.0219900184198483E-4
1.0216288576444695E-4
1.0212679392796057E-4
1.0209072630861855E-4
1.0205468288254432E-4
1.0201866362589555E-4
1.0198266851485572E-4
1.0194669752564196E-4
1.0191075063450287E-4
1.0187482781771753E-4
1.018389290515951E-4
1.0180305431247581E-4
1.0176720357672905E-4
1.0173137682075997E-4
1.0169557402099932E-4
1.0165979515390874E-4
1.0162404019598128E-4
1.015883091237425E-4
1.0155260191374354E-4
1.0151691854257254E-4
1.014812589868429E-4
1.0144562322320015E-4
1.0141001122831611E-4
1.0137442297890079E-4
1.0133885845168587E-4
1.0130331762344103E-4
1.0126780047095707E-4
1.0123230697106354E-4
1.0119683710061568E-4
1.0116139083649533E-4
1.0112596815561909E-4
1.0109056903493522E-4
1.0105519345141315E-4
1.010198413820606E-4
1.009845128039099E-4
1.0094920769402802E-4
1.0091392602950343E-4
1.0087866778745957E-4
1.0084343294505204E-4
1.0080822147945827E-4
1.0077303336789018E-4
1.0073786858758751E-4
1.0070272711582018E-4
1.0066760892988773E-4
1.0063251400711683E-4
1.0059744232486142E-4
1.005623938605128E-4
1.0052736859148139E-4
1.004923664952134E-4
1.0045738754918006E-4
1.0042243173088552E-4
1.0038749901785732E-4
1.003525893876557E-4
1.0031770281786826E-4
1.0028283928611204E-4
1.0024799877003383E-4
1.0021318124730666E-4
1.0017838669563122E-4
1.0014361509274276E-4
1.0010886641639701E-4
1.000741406443826E-4
1.0003943775451582E-4
1.00004757724643E-4
9.997010053263512E-5
The correct rate for BP: 100.00% 
