1.1990394051989295
1.1840336663265247
0.6073006539453332
0.2540558666273551
0.10680203635554324
0.06312018906071457
0.04468945084535846
0.03437605144682165
0.027797994589288662
0.023250714024501275
0.019928463542646564
0.017400622998518946
0.01541633371264675
0.013819726936715305
0.012508962422568892
0.011414756675403717
0.010488381320439097
0.009694595972049188
0.009007302867914162
0.008406775642662831
0.007877835814473768
0.007408619875477324
0.006989725647541079
0.0066136086887449526
0.00627414744877557
0.005966324700019598
0.005685990598614169
0.005429684027819572
0.005194496196118644
0.0049779653009208
0.004777994325700617
0.004592786267577104
0.0044207926415670805
0.004260672199693285
0.004111257582854633
0.00397152818690838
0.0038405879363101426
0.003717646962882722
0.0036020064141955416
0.0034930457868386088
0.0033902123095556347
0.0032930120004598003
0.0032010020991123807
0.0031137846337173473
0.0030310009302035143
0.0029523269065862934
0.0028774690250069697
0.002806160796956269
0.002738159755701184
0.0026732448248429318
0.002611214024000797
0.0025518824624303884
0.0024950805794028245
0.0024406525967508056
0.0023884551544096403
0.0023383561042665574
0.00229023344135811
0.0022439743545607784
0.0021994743815188715
0.0021566366547345938
0.0021153712275831273
0.0020755944705669804
0.00203722852944031
0.002000200837951546
0.0019644436789059815
0.001929893788065174
0.0018964919960975978
0.0018641829043954553
0.0018329145910893426
0.001802638344038374
0.0017733084179598702
0.0017448818131975182
0.0017173180739181464
0.0016905791037808674
0.0016646289973438681
0.0016394338856676857
0.0016149617947435139
0.001591182515524269
0.0015680674844670032
0.001545589673610912
0.00152372348931703
0.0015024446788859311
0.0014817302443495717
0.0014615583628040706
0.001441908312713431
0.001422760405669966
0.0014040959231470353
0.0013858970578244192
0.0013681468591063414
0.0013508291824875086
0.0013339286424548867
0.0013174305686411778
0.0013013209649717391
0.001285586471569984
0.001270214329206858
0.0012551923460990097
0.0012405088668769946
0.0012261527435603824
0.0012121133083902802
0.0011983803483825203
0.0011849440814759868
0.001171795134161011
0.001158924520482018
0.001146323622317213
0.0011339841708459069
0.0011218982291209933
0.0011100581756708003
0.0010984566890600506
0.0010870867333455502
0.0010759415443666476
0.0010650146168153197
0.0010542996920348453
0.0010437907464996294
0.0010334819809324485
0.0010233678100183593
0.001013442852677628
0.0010037019228626542
9.941400208462305E-4
9.847523249710485E-4
9.755341838321168E-4
9.66481108866053E-4
9.575887673226697E-4
9.488529755962456E-4
9.402696928950777E-4
9.318350152297524E-4
9.235451697013396E-4
9.153965090724513E-4
9.07385506604966E-4
8.995087511491933E-4
8.917629424704363E-4
8.841448867997427E-4
8.766514925962837E-4
8.692797665099063E-4
8.620268095327988E-4
8.548898133301737E-4
8.478660567402362E-4
8.409529024344952E-4
8.341477937298987E-4
8.274482515448384E-4
8.208518714915517E-4
8.143563210977282E-4
8.079593371509374E-4
8.016587231593417E-4
7.954523469229799E-4
7.893381382100065E-4
7.833140865326324E-4
7.773782390178679E-4
7.715286983683395E-4
7.65763620908855E-4
7.60081214714448E-4
7.544797378160879E-4
7.489574964802343E-4
7.435128435587886E-4
7.381441769060785E-4
7.328499378597423E-4
7.276286097825353E-4
7.224787166622005E-4
7.173988217667961E-4
7.123875263528629E-4
7.074434684240941E-4
7.025653215381998E-4
6.977517936597835E-4
6.930016260572121E-4
6.883135922415242E-4
6.83686496945492E-4
6.79119175141115E-4
6.746104910938605E-4
6.701593374520778E-4
6.65764634369988E-4
6.614253286629908E-4
6.571403929937033E-4
6.529088250876172E-4
6.487296469770035E-4
6.446019042719375E-4
6.405246654573589E-4
6.364970212149787E-4
6.325180837691574E-4
6.285869862556458E-4
6.247028821123703E-4
6.208649444912546E-4
6.170723656904012E-4
6.133243566056276E-4
6.096201462007399E-4
6.059589809957499E-4
6.023401245723076E-4
5.987628570957212E-4
5.952264748529122E-4
5.917302898056574E-4
5.882736291585814E-4
5.848558349412943E-4
5.814762636041783E-4
5.781342856272586E-4
5.748292851417044E-4
5.715606595634966E-4
5.683278192387549E-4
5.651301871003775E-4
5.619671983354828E-4
5.588383000633279E-4
5.557429510233008E-4
5.526806212726216E-4
5.496507918934051E-4
5.466529547087104E-4
5.436866120073623E-4
5.407512762770777E-4
5.378464699457768E-4
5.349717251306296E-4
5.321265833947027E-4
5.293105955108154E-4
5.265233212325095E-4
5.237643290716923E-4
5.210331960829444E-4
5.183295076540446E-4
5.156528573026974E-4
5.130028464791011E-4
5.103790843742586E-4
5.077811877337817E-4
5.052087806770547E-4
5.026614945215026E-4
5.001389676119089E-4
4.976408451544895E-4
4.951667790556875E-4
4.927164277654332E-4
4.902894561247913E-4
4.878855352178261E-4
4.8550434222755277E-4
4.831455602958682E-4
4.808088783872687E-4
4.7849399115632593E-4
4.7620059881871724E-4
4.7392840702576854E-4
4.716771267423364E-4
4.694464741279875E-4
4.6723617042132543E-4
4.6504594182738066E-4
4.6287551940798257E-4
4.607246389750282E-4
4.585930409865093E-4
4.564804704452866E-4
4.5438667680046293E-4
4.5231141385131276E-4
4.5025443965371255E-4
4.4821551642891555E-4
4.4619441047470004E-4
4.441908920787592E-4
4.4220473543428164E-4
4.4023571855766403E-4
4.382836232082721E-4
4.363482348102517E-4
4.344293423762265E-4
4.3252673843294367E-4
4.306402189487021E-4
4.2876958326262734E-4
4.269146340156125E-4
4.250751770829992E-4
4.232510215088629E-4
4.214419794418999E-4
4.1964786607286174E-4
4.1786849957347184E-4
4.1610370103684936E-4
4.1435329441929505E-4
4.1261710648349866E-4
4.1089496674308297E-4
4.091867074084375E-4
4.074921633338307E-4
4.058111719657755E-4
4.04143573292576E-4
4.0248920979503726E-4
4.00847926398356E-4
3.992195704250579E-4
3.9760399154906297E-4
3.960010417507837E-4
3.94410575273246E-4
3.928324485791915E-4
3.912665203091842E-4
3.8971265124059824E-4
3.881707042476163E-4
3.866405442620268E-4
3.8512203823495253E-4
3.836150550994153E-4
3.821194657337232E-4
3.806351429256669E-4
3.791619613374859E-4
3.7769979747164347E-4
3.762485296372955E-4
3.7480803791750314E-4
3.7337820413720367E-4
3.7195891183178253E-4
3.7055004621639923E-4
3.6915149415591916E-4
3.677631441355242E-4
3.6638488623190625E-4
3.6501661208512343E-4
3.636582148709899E-4
3.623095892740975E-4
3.609706314613826E-4
3.596412390562409E-4
3.5832131111317297E-4
3.5701074809299207E-4
3.5570945183850997E-4
3.544173255507204E-4
3.531342737655214E-4
3.518602023308377E-4
3.5059501838427705E-4
3.4933863033120307E-4
3.4809094782327577E-4
3.468518817373933E-4
3.456213441550994E-4
3.443992483423696E-4
3.431855087298163E-4
3.4198004089328466E-4
3.4078276153484644E-4
3.3959358846414825E-4
3.384124405801336E-4
3.3723923785316276E-4
3.360739013074E-4
3.3491635300364123E-4
3.3376651602240844E-4
3.3262431444740334E-4
3.3148967334925246E-4
3.3036251876963554E-4
3.292427777056066E-4
3.281303780943346E-4
3.270252487980342E-4
3.2592731958928114E-4
3.248365211364996E-4
3.237527849898268E-4
3.2267604356717844E-4
3.216062301405935E-4
3.205432788228397E-4
3.1948712455428526E-4
3.184377030899628E-4
3.173949509869502E-4
3.1635880559190897E-4
3.153292050289086E-4
3.1430608818745786E-4
3.1328939471073205E-4
3.1227906498405074E-4
3.1127504012356524E-4
3.10277261965106E-4
3.0928567305330224E-4
3.0830021663082646E-4
3.07320836627891E-4
3.0634747765190756E-4
3.0538008497732466E-4
3.0441860453567275E-4
3.0346298290575804E-4
3.025131673040514E-4
3.0156910557523666E-4
3.0063074618292716E-4
2.996980382005666E-4
2.987709313024428E-4
2.9784937575491854E-4
2.969333224077484E-4
2.9602272268562473E-4
2.951175285797975E-4
2.942176926398885E-4
2.933231679658161E-4
2.9243390819988946E-4
2.9154986751900005E-4
2.906710006269942E-4
2.8979726274712555E-4
2.889286096146769E-4
2.8806499746968724E-4
2.8720638304979997E-4
2.8635272358324673E-4
2.8550397678193755E-4
2.846601008346658E-4
2.8382105440044017E-4
2.8298679660190916E-4
2.821572870189089E-4
2.813324856821215E-4
2.8051235306682644E-4
2.796968500867492E-4
2.788859380880507E-4
2.780795788433452E-4
2.772777345459039E-4
2.764803678038766E-4
2.756874416346475E-4
2.7489891945927476E-4
2.74114765097028E-4
2.733349427599816E-4
2.7255941704774553E-4
2.7178815294223984E-4
2.710211158025714E-4
2.702582713599823E-4
2.6949958571290545E-4
2.6874502532205476E-4
2.6799455700563326E-4
2.6724814793459674E-4
2.665057656279923E-4
2.6576737794838757E-4
2.650329530973402E-4
2.643024596109771E-4
2.635758663556129E-4
2.628531425234452E-4
2.6213425762831464E-4
2.6141918150155867E-4
2.607078842878706E-4
2.6000033644128263E-4
2.592965087211779E-4
2.585963721883621E-4
2.5789989820122555E-4
2.572070584119243E-4
2.5651782476263704E-4
2.558321694818973E-4
2.5515006508095657E-4
2.544714843501901E-4
2.5379640035560753E-4
2.5312478643536727E-4
2.524566161963573E-4
2.517918635108547E-4
2.511305025131746E-4
2.504725075964433E-4
2.498178534093526E-4
2.491665148530111E-4
2.4851846707781217E-4
2.4787368548036617E-4
2.4723214570045995E-4
2.465938236180798E-4
2.459586953504642E-4
2.4532673724921586E-4
2.446979258974287E-4
2.4407223810688576E-4
2.4344965091528206E-4
2.42830141583483E-4
2.422136875928412E-4
2.4160026664253497E-4
2.4098985664695643E-4
2.4038243573311672E-4
2.3977798223812503E-4
2.3917647470666315E-4
2.3857789188852778E-4
2.37982212736175E-4
2.373894164023502E-4
2.367994822376936E-4
2.36212389788421E-4
2.3562811879401612E-4
2.3504664918495976E-4
2.3446796108050723E-4
2.3389203478645613E-4
2.3331885079300226E-4
2.327483897725762E-4
2.3218063257773102E-4
2.316155602390637E-4
2.3105315396314293E-4
2.3049339513050057E-4
2.2993626529362255E-4
2.2938174617496707E-4
2.288298196650342E-4
2.2828046782043775E-4
2.2773367286201026E-4
2.2718941717294892E-4
2.2664768329695286E-4
2.2610845393642042E-4
2.2557171195065732E-4
2.250374403540964E-4
2.2450562231457363E-4
2.2397624115158093E-4
2.2344928033459725E-4
2.2292472348137474E-4
2.2240255435633364E-4
2.218827568688887E-4
2.2136531507186766E-4
2.208502131599134E-4
2.2033743546790298E-4
2.198269664694364E-4
2.1931879077527204E-4
2.1881289313184353E-4
2.18309258419773E-4
2.178078716523972E-4
2.1730871797431662E-4
2.1681178265997664E-4
2.163170511122568E-4
2.158245088610687E-4
2.153341415619901E-4
2.1484593499491387E-4
2.1435987506269468E-4
2.1387594778984266E-4
2.1339413932120886E-4
2.1291443592069372E-4
2.12436823970003E-4
2.1196128996735247E-4
2.114878205262561E-4
2.1101640237429422E-4
2.105470223519167E-4
2.100796674112274E-4
2.096143246148266E-4
2.0915098113463682E-4
2.086896242507678E-4
2.0823024135036578E-4
2.0777281992651509E-4
2.073173475771005E-4
2.0686381200375037E-4
2.0641220101074603E-4
2.059625025039378E-4
2.0551470448972777E-4
2.0506879507400377E-4
2.0462476246112355E-4
2.0418259495290413E-4
2.0374228094761682E-4
2.03303808939007E-4
2.028671675152926E-4
2.024323453582408E-4
2.0199933124217997E-4
2.0156811403307116E-4
2.011386826875867E-4
2.0071102625217582E-4
2.002851338621702E-4
1.998609947408817E-4
1.9943859819871717E-4
1.9901793363230895E-4
1.9859899052363888E-4
1.9818175843919702E-4
1.9776622702913208E-4
1.973523860264167E-4
1.9694022524602284E-4
1.9652973458411955E-4
1.961209040172436E-4
1.9571372360153205E-4
1.9530818347192254E-4
1.9490427384137447E-4
1.9450198500011018E-4
1.9410130731485685E-4
1.9370223122808667E-4
1.933047472572884E-4
1.929088459942317E-4
1.9251451810423607E-4
1.92121754325472E-4
1.917305454682407E-4
1.9134088241428617E-4
1.9095275611608653E-4
1.9056615759619502E-4
1.901810779465556E-4
1.8979750832782817E-4
1.8941543996874307E-4
1.8903486416544762E-4
1.8865577228084274E-4
1.8827815574397967E-4
1.8790200604939757E-4
1.8752731475652886E-4
1.8715407348906122E-4
1.867822739343418E-4
1.8641190784278027E-4
1.8604296702723946E-4
1.8567544336245808E-4
1.8530932878446483E-4
1.8494461529001055E-4
1.8458129493599394E-4
1.8421935983889632E-4
1.8385880217423645E-4
1.8349961417600454E-4
1.831417881361444E-4
1.8278531640398765E-4
1.824301913857445E-4
1.8207640554396365E-4
1.8172395139701977E-4
1.8137282151860137E-4
1.810230085371956E-4
1.8067450513558925E-4
1.8032730405037102E-4
1.7998139807144436E-4
1.7963678004153372E-4
1.7929344285570116E-4
1.7895137946088313E-4
1.7861058285541188E-4
1.7827104608854607E-4
1.7793276226001916E-4
1.7759572451957369E-4
1.772599260665184E-4
1.7692536014928507E-4
1.7659202006497287E-4
1.7625989915892918E-4
1.759289908243024E-4
1.755992885016355E-4
1.7527078567842216E-4
1.7494347588869162E-4
1.7461735271261913E-4
1.742924097760778E-4
1.739686407502718E-4
1.73646039351307E-4
1.7332459933981742E-4
1.7300431452054946E-4
1.726851787420027E-4
1.7236718589601008E-4
1.7205032991739707E-4
1.71734604783574E-4
1.7142000451418477E-4
1.7110652317072164E-4
1.7079415485618212E-4
1.704828937146843E-4
1.701727339311285E-4
1.6986366973084212E-4
1.695556953792137E-4
1.6924880518137206E-4
1.6894299348182594E-4
1.6863825466413386E-4
1.6833458315055927E-4
1.6803197340175532E-4
1.677304199164214E-4
1.6742991723097978E-4
1.6713045991926384E-4
1.6683204259219494E-4
1.6653465989745648E-4
1.662383065192052E-4
1.6594297717773175E-4
1.656486666291848E-4
1.6535536966524815E-4
1.6506308111285316E-4
1.6477179583387653E-4
1.644815087248434E-4
1.6419221471664647E-4
1.639039087742445E-4
1.6361658589639818E-4
1.6333024111536094E-4
1.6304486949663256E-4
1.6276046613864937E-4
1.6247702617252984E-4
1.6219454476181102E-4
1.6191301710214955E-4
1.616324384210929E-4
1.6135280397779165E-4
1.6107410906274466E-4
1.6079634899755378E-4
1.6051951913464806E-4
1.602436148570384E-4
1.5996863157808779E-4
1.5969456474122654E-4
1.594214098197315E-4
1.5914916231648618E-4
1.5887781776371745E-4
1.5860737172278865E-4
1.5833781978392806E-4
1.5806915756602443E-4
1.5780138071638084E-4
1.5753448491048893E-4
1.5726846585180314E-4
1.5700331927151682E-4
1.5673904092833194E-4
1.5647562660824868E-4
1.5621307212434062E-4
1.5595137331653931E-4
1.5569052605142515E-4
1.554305262220028E-4
1.5517136974750872E-4
1.549130525731846E-4
1.5465557067008808E-4
1.543989200348728E-4
1.5414309668959823E-4
1.5388809668152493E-4
1.5363391608291165E-4
1.5338055099082143E-4
1.5312799752693697E-4
1.5287625183734924E-4
1.526253100923828E-4
1.523751684863909E-4
1.5212582323758468E-4
1.5187727058783368E-4
1.516295068024896E-4
1.5138252817019693E-4
1.511363310027244E-4
1.508909116347681E-4
1.5064626642379123E-4
1.5040239174983556E-4
1.5015928401536133E-4
1.4991693964505525E-4
1.4967535508567537E-4
1.494345268058786E-4
1.4919445129604975E-4
1.4895512506813257E-4
1.4871654465547547E-4
1.4847870661265842E-4
1.4824160751533306E-4
1.4800524396006742E-4
1.4776961256417816E-4
1.475347099655866E-4
1.473005328226427E-4
1.470670778139979E-4
1.468343416384176E-4
1.4660232101466718E-4
1.4637101268133145E-4
1.4614041339667755E-4
1.459105199385114E-4
1.456813291040203E-4
1.4545283770963768E-4
1.4522504259089294E-4
1.449979406022788E-4
1.4477152861709048E-4
1.4454580352731288E-4
1.4432076224344935E-4
1.4409640169441642E-4
1.4387271882739135E-4
1.43649710607667E-4
1.434273740185472E-4
1.4320570606117975E-4
1.4298470375445467E-4
1.427643641348514E-4
1.4254468425632059E-4
1.4232566119016347E-4
1.4210729202488533E-4
1.4188957386608434E-4
1.4167250383631912E-4
1.4145607907499455E-4
1.4124029673823E-4
1.4102515399873705E-4
1.4081064804570784E-4
1.405967760846944E-4
1.4038353533747818E-4
1.4017092304196346E-4
1.399589364520611E-4
1.397475728375721E-4
1.3953682948406588E-4
1.3932670369277815E-4
1.3911719278049091E-4
1.3890829407942686E-4
1.3870000493712938E-4
1.3849232271636311E-4
1.3828524479500228E-4
1.3807876856591854E-4
1.378728914368801E-4
1.3766761083044504E-4
1.3746292418385388E-4
1.3725882894892092E-4
1.3705532259194528E-4
1.3685240259359388E-4
1.3665006644880876E-4
1.3644831166670623E-4
1.3624713577047238E-4
1.360465362972628E-4
1.3584651079811622E-4
1.3564705683783733E-4
1.3544817199492637E-4
1.3524985386146086E-4
1.350521000430168E-4
1.348549081585541E-4
1.3465827584034992E-4
1.344622007338891E-4
1.3426668049776845E-4
1.340717128036246E-4
1.3387729533602554E-4
1.3368342579239041E-4
1.3349010188290283E-4
1.3329732133041006E-4
1.3310508187035303E-4
1.329133812506669E-4
1.3272221723170056E-4
1.3253158758613163E-4
1.3234149009887816E-4
1.3215192256702056E-4
1.319628827997175E-4
1.31774368618115E-4
1.3158637785528067E-4
1.3139890835610793E-4
1.3121195797724256E-4
1.3102552458699976E-4
1.3083960606529246E-4
1.3065420030354143E-4
1.304693052046084E-4
1.3028491868271046E-4
1.301010386633473E-4
1.2991766308323197E-4
1.2973478989019758E-4
1.2955241704314628E-4
1.2937054251194844E-4
1.2918916427739468E-4
1.290082803311096E-4
1.2882788867547493E-4
1.2864798732357247E-4
1.2846857429910116E-4
1.2828964763630653E-4
1.2811120537992317E-4
1.2793324558508425E-4
1.2775576631727373E-4
1.2757876565224865E-4
1.2740224167596232E-4
1.2722619248451748E-4
1.270506161840788E-4
1.2687551089082016E-4
1.2670087473085566E-4
1.2652670584016793E-4
1.263530023645543E-4
1.2617976245955488E-4
1.2600698429039183E-4
1.2583466603190033E-4
1.2566280586847763E-4
1.254914019940127E-4
1.2532045261181855E-4
1.2514995593458945E-4
1.2497991018432014E-4
1.2481031359225974E-4
1.2464116439883877E-4
1.244724608536265E-4
1.243042012152576E-4
1.2413638375138031E-4
1.2396900673859623E-4
1.2380206846240445E-4
1.2363556721714096E-4
1.234695013059302E-4
1.233038690406176E-4
1.2313866874172016E-4
1.229738987383704E-4
1.2280955736826939E-4
1.2264564297760668E-4
1.2248215392103703E-4
1.2231908856160848E-4
1.2215644527071293E-4
1.2199422242803827E-4
1.2183241842150294E-4
1.2167103164721911E-4
1.215100605094344E-4
1.2134950342047658E-4
1.2118935880070847E-4
1.2102962507847373E-4
1.2087030069005024E-4
1.2071138407959378E-4
1.2055287369909963E-4
1.203947680083426E-4
1.2023706547483315E-4
1.2007976457376874E-4
1.1992286378798436E-4
1.1976636160791179E-4
1.1961025653151626E-4
1.1945454706427284E-4
1.1929923171909694E-4
1.1914430901631416E-4
1.1898977748360153E-4
1.1883563565595819E-4
1.186818820756438E-4
1.1852851529214457E-4
1.1837553386212321E-4
1.1822293634937665E-4
1.1807072132479345E-4
1.1791888736630657E-4
1.1776743305885599E-4
1.1761635699433674E-4
1.1746565777156728E-4
1.1731533399623811E-4
1.1716538428087438E-4
1.1701580724479285E-4
1.168666015140627E-4
1.1671776572145945E-4
1.1656929850643135E-4
1.1642119851504882E-4
1.1627346439998056E-4
1.161260948204321E-4
1.1597908844212588E-4
1.158324439372477E-4
1.1568615998441857E-4
1.1554023526864859E-4
1.1539466848129866E-4
1.1524945832005044E-4
1.1510460348885598E-4
1.1496010269791377E-4
1.148159546636168E-4
1.1467215810852698E-4
1.1452871176133422E-4
1.143856143568197E-4
1.1424286463581822E-4
1.1410046134518548E-4
1.1395840323775837E-4
1.1381668907232186E-4
1.1367531761357618E-4
1.1353428763209331E-4
1.1339359790429631E-4
1.1325324721240627E-4
1.1311323434442283E-4
1.1297355809408954E-4
1.1283421726084801E-4
1.1269521064981503E-4
1.1255653707174882E-4
1.1241819534301046E-4
1.1228018428553307E-4
1.121425027267933E-4
1.1200514949977436E-4
1.1186812344293031E-4
1.1173142340016862E-4
1.1159504822079847E-4
1.1145899675952014E-4
1.1132326787637204E-4
1.1118786043671375E-4
1.1105277331119788E-4
1.1091800537572788E-4
1.1078355551143538E-4
1.106494226046448E-4
1.1051560554685106E-4
1.1038210323468042E-4
1.1024891456986502E-4
1.1011603845922235E-4
1.099834738146071E-4
1.0985121955289911E-4
1.0971927459596528E-4
1.0958763787063379E-4
1.0945630830867079E-4
1.0932528484673562E-4
1.0919456642637931E-4
1.0906415199398767E-4
1.0893404050077751E-4
1.0880423090275369E-4
1.086747221606912E-4
1.085455132401E-4
1.0841660311121024E-4
1.082879907489287E-4
1.0815967513282677E-4
1.080316552471066E-4
1.0790393008057813E-4
1.0777649862663406E-4
1.0764935988321607E-4
1.0752251285280216E-4
1.0739595654236933E-4
1.0726968996337222E-4
1.0714371213172314E-4
1.0701802206776192E-4
1.068926187962233E-4
1.06767501346237E-4
1.0664266875127384E-4
1.0651812004914009E-4
1.0639385428194382E-4
1.0626987049608592E-4
1.0614616774220904E-4
1.0602274507520785E-4
1.0589960155417222E-4
1.057767362423907E-4
1.0565414820731396E-4
1.0553183652052729E-4
1.0540980025774842E-4
1.0528803849877253E-4
1.0516655032748356E-4
1.0504533483181156E-4
1.0492439110371124E-4
1.0480371823914819E-4
1.0468331533807237E-4
1.0456318150438975E-4
1.0444331584595623E-4
1.0432371747454248E-4
1.0420438550581467E-4
1.0408531905931958E-4
1.039665172584568E-4
1.0384797923046138E-4
1.0372970410638462E-4
1.0361169102106256E-4
1.0349393911311127E-4
1.0337644752489501E-4
1.0325921540251303E-4
1.0314224189576793E-4
1.0302552615816105E-4
1.0290906734686016E-4
1.0279286462268881E-4
1.0267691715009738E-4
1.0256122409715138E-4
1.0244578463550666E-4
1.0233059794039387E-4
1.0221566319060002E-4
1.0210097956844126E-4
1.0198654625975677E-4
1.0187236245387762E-4
1.0175842734361706E-4
1.0164474012524542E-4
1.0153129999847477E-4
1.0141810616644473E-4
1.0130515783569576E-4
1.0119245421615783E-4
1.0107999452112436E-4
1.0096777796724835E-4
1.0085580377450741E-4
1.0074407116620312E-4
1.0063257936892963E-4
1.0052132761256052E-4
1.0041031513023862E-4
1.0029954115834754E-4
1.001890049365026E-4
1.0007870570753124E-4
9.996864271745158E-5
The correct rate for BP: 100.00% 
