0.7111146834692545
0.5710041482871357
0.09519748183317414
0.02578671046237158
0.015872371510529688
0.01195410170197836
0.009623426672991715
0.008059047572169463
0.0069319070348422265
0.006079758608723429
0.005412413134176754
0.004875462964439175
0.004434043219839486
0.004064742366010187
0.003751239497907621
0.0034818012032754603
0.003247771844951828
0.0030426246441791673
0.0028613441534553682
0.002700012261692389
0.002555523410144642
0.002425384226572937
0.002307569719653539
0.002200418222634487
0.0021025534166370092
0.0020128256188537788
0.0019302669985508728
0.001854057010587766
0.0017834954251414086
0.0017179810741853167
0.0016569949488521429
0.0016000866426249952
0.0015468633922602864
0.0014969811536508929
0.0014501372850343702
0.0014060645096636672
0.0013645259043429997
0.0013253107161004705
0.0012882308516586787
0.001253117916796096
0.0012198207076981964
0.0011882030758219948
0.0011581421029907251
0.001129526535397332
0.0011022554346727682
0.0010762370117278184
0.0010513876151299949
0.0010276308506542123
0.0010048968125954084
9.831214106454278E-4
9.622457787638716E-4
9.422157546303768E-4
9.229814200450945E-4
9.044966941173805E-4
8.867189723072857E-4
8.696088054061102E-4
8.531296133978114E-4
8.372474298618903E-4
8.219306731840023E-4
8.071499413533245E-4
7.928778275600116E-4
7.790887541760821E-4
7.657588230183622E-4
7.528656800623032E-4
7.403883930067311E-4
7.283073402889641E-4
7.166041103213013E-4
7.05261409868255E-4
6.942629806125518E-4
6.83593523069329E-4
6.732386271052607E-4
6.631847084038377E-4
6.534189502920533E-4
6.439292504086402E-4
6.347041717505157E-4
6.257328976843436E-4
6.170051905538228E-4
6.085113535521876E-4
6.002421955636925E-4
5.92188998708025E-4
5.843434883486148E-4
5.766978053495243E-4
5.692444803869245E-4
5.619764101399729E-4
5.548868352028108E-4
5.479693195744001E-4
5.412177315963982E-4
5.346262262213474E-4
5.281892285041995E-4
5.219014182199228E-4
5.157577155188145E-4
5.097532675386243E-4
5.038834359001918E-4
4.98143785019199E-4
4.925300711727042E-4
4.870382322642967E-4
4.816643782363681E-4
4.764047820823082E-4
4.712558714153648E-4
4.662142205543945E-4
4.6127654308992784E-4
4.564396848969664E-4
4.5170061756348606E-4
4.470564322061798E-4
4.4250433364703023E-4
4.3804163492644564E-4
4.3366575213059296E-4
4.2937419951197953E-4
4.25164584884295E-4
4.210346052735743E-4
4.169820428092664E-4
4.130047608399146E-4
4.0910070025932787E-4
4.052678760299391E-4
4.01504373891286E-4
3.9780834724211406E-4
3.941780141855491E-4
3.906116547275715E-4
3.8710760811944215E-4
3.836642703357016E-4
3.802800916796216E-4
3.7695357450879077E-4
3.7368327107371386E-4
3.7046778146310113E-4
3.6730575164964986E-4
3.641958716306468E-4
3.611368736581766E-4
3.581275305537645E-4
3.551666541029883E-4
3.52253093525526E-4
3.4938573401663005E-4
3.4656349535613093E-4
3.437853305813678E-4
3.4105022472064034E-4
3.383571935840132E-4
3.357052826084439E-4
3.3309356575440704E-4
3.3052114445140864E-4
3.2798714658982433E-4
3.254907255567248E-4
3.230310593135166E-4
3.2060734951321133E-4
3.1821882065544025E-4
3.1586471927730396E-4
3.1354431317827543E-4
3.112568906775742E-4
3.090017599023625E-4
3.067782481052975E-4
3.045857010100992E-4
3.024234821837213E-4
3.0029097243391067E-4
2.9818756923098244E-4
2.9611268615265055E-4
2.9406575235088654E-4
2.9204621203975095E-4
2.9005352400329184E-4
2.8808716112254783E-4
2.861466099208474E-4
2.84231370126544E-4
2.8234095425245896E-4
2.804748871912237E-4
2.7863270582589617E-4
2.768139586551559E-4
2.7501820543242365E-4
2.732450168183383E-4
2.714939740460243E-4
2.697646685985546E-4
2.680567018981438E-4
2.663696850065751E-4
2.647032383363561E-4
2.630569913721766E-4
2.61430582402281E-4
2.598236582592547E-4
2.582358740699582E-4
2.566668930141204E-4
2.5511638609135133E-4
2.5358403189613813E-4
2.520695164005666E-4
2.505725327444678E-4
2.490927810326355E-4
2.476299681388979E-4
2.461838075167486E-4
2.447540190162953E-4
2.4334032870725834E-4
2.4194246870782888E-4
2.405601770190885E-4
2.3919319736489896E-4
2.3784127903691226E-4
2.365041767446234E-4
2.3518165047023564E-4
2.338734653281223E-4
2.3257939142878436E-4
2.3129920374710133E-4
2.3003268199470257E-4
2.287796104963441E-4
2.2753977807012115E-4
2.2631297791140373E-4
2.250990074803146E-4
2.2389766839268205E-4
2.2270876631430418E-4
2.215321108584134E-4
2.203675154862397E-4
2.1921479741057295E-4
2.1807377750216573E-4
2.1694428019897633E-4
2.158261334180371E-4
2.1471916846996602E-4
2.136232199759412E-4
2.1253812578713092E-4
2.1146372690644436E-4
2.1039986741253462E-4
2.0934639438600442E-4
2.083031578377013E-4
2.072700106390783E-4
2.062468084545077E-4
2.0523340967551303E-4
2.0422967535683643E-4
2.0323546915432142E-4
2.0225065726447964E-4
2.0127510836577618E-4
2.003086935614927E-4
1.993512863241877E-4
1.9840276244166317E-4
1.9746299996439428E-4
1.965318791543971E-4
1.9560928243545202E-4
1.9469509434469343E-4
1.9378920148545173E-4
1.9289149248140252E-4
1.9200185793187235E-4
1.911201903683633E-4
1.9024638421220747E-4
1.8938033573332507E-4
1.8852194301004842E-4
1.876711058900075E-4
1.8682772595200481E-4
1.8599170646888466E-4
1.8516295237134043E-4
1.8434137021265017E-4
1.83526868134307E-4
1.8271935583251994E-4
1.8191874452553615E-4
1.811249469218277E-4
1.8033787718902528E-4
1.7955745092364735E-4
1.7878358512157303E-4
1.7801619814924338E-4
1.7725520971558094E-4
1.7650054084456006E-4
1.7575211384850012E-4
1.7500985230195205E-4
1.7427368101624255E-4
1.7354352601465543E-4
1.7281931450813752E-4
1.7210097487165585E-4
1.7138843662108262E-4
1.7068163039063214E-4
1.699804879108284E-4
1.6928494198699637E-4
1.6859492647825365E-4
1.679103762769904E-4
1.672312272888366E-4
1.665574164130579E-4
1.6588888152346546E-4
1.652255614497051E-4
1.645673959589996E-4
1.6391432573831003E-4
1.6326629237689572E-4
1.6262323834927432E-4
1.619851069985478E-4
1.6135184252014255E-4
1.6072338994585367E-4
1.6009969512831344E-4
1.5948070472574254E-4
1.588663661870867E-4
1.5825662773745017E-4
1.5765143836385655E-4
1.5705074780133574E-4
1.5645450651929137E-4
1.558626657081857E-4
1.5527517726649566E-4
1.5469199378796586E-4
1.54113068549121E-4
1.535383554970462E-4
1.5296780923746114E-4
1.5240138502298445E-4
1.5183903874171065E-4
1.5128072690599357E-4
1.507264066414722E-4
1.5017603567632923E-4
1.4962957233076576E-4
1.4908697550672403E-4
1.4854820467777565E-4
1.4801321987926408E-4
1.4748198169862867E-4
1.4695445126592166E-4
1.4643059024454163E-4
1.4591036082213117E-4
1.4539372570168002E-4
1.448806480927962E-4
1.4437109170315962E-4
1.4386502073014643E-4
1.4336239985261024E-4
1.428631942228647E-4
1.42367369458764E-4
1.4187489163600416E-4
1.4138572728053826E-4
1.4089984336115505E-4
1.4041720728219393E-4
1.3993778687641917E-4
1.3946155039802635E-4
1.3898846651576451E-4
1.3851850430623432E-4
1.3805163324727353E-4
1.375878232114982E-4
1.3712704445995586E-4
1.3666926763590713E-4
1.36214463758712E-4
1.3576260421785887E-4
1.353136607670715E-4
1.3486760551857118E-4
1.3442441093740386E-4
1.3398404983589726E-4
1.335464953682292E-4
1.3311172102507699E-4
1.3267970062837527E-4
1.322504083261837E-4
1.3182381858762088E-4
1.3139990619793167E-4
1.309786462536037E-4
1.3056001415760025E-4
1.3014398561468277E-4
1.2973053662679307E-4
1.2931964348854538E-4
1.289112827827924E-4
1.2850543137627094E-4
1.2810206641530948E-4
1.2770116532165388E-4
1.2730270578831812E-4
1.269066657755571E-4
1.265130235068702E-4
1.2612175746509876E-4
1.257328463885883E-4
1.253462692674282E-4
1.2496200533972608E-4
1.2458003408798496E-4
1.2420033523552796E-4
1.238228887429739E-4
1.2344767480480085E-4
1.2307467384594436E-4
1.2270386651845857E-4
1.223352336982644E-4
1.2196875648190663E-4
1.2160441618339421E-4
1.2124219433110743E-4
1.2088207266472116E-4
1.205240331322136E-4
1.2016805788690797E-4
1.1981412928456582E-4
1.1946222988054287E-4
1.1911234242697365E-4
1.187644498700155E-4
1.1841853534713376E-4
1.1807458218444111E-4
1.177325738940634E-4
1.1739249417157165E-4
1.1705432689343561E-4
1.1671805611453518E-4
1.1638366606570285E-4
1.1605114115130938E-4
1.1572046594689909E-4
1.1539162519683843E-4
1.1506460381203156E-4
1.1473938686766148E-4
1.1441595960095753E-4
1.1409430740901118E-4
1.1377441584662666E-4
1.1345627062420526E-4
1.131398576056583E-4
1.1282516280635639E-4
1.1251217239111237E-4
1.1220087267220363E-4
1.1189125010740259E-4
1.1158329129807258E-4
1.1127698298725682E-4
1.1097231205783027E-4
1.1066926553066005E-4
1.1036783056280014E-4
1.1006799444571715E-4
1.0976974460353726E-4
1.0947306859133224E-4
1.0917795409341308E-4
1.0888438892167611E-4
1.0859236101394506E-4
1.0830185843236463E-4
1.0801286936179735E-4
1.0772538210826556E-4
1.0743938509739954E-4
1.0715486687292018E-4
1.0687181609513616E-4
1.065902215394779E-4
1.063100720950296E-4
1.0603135676311645E-4
1.0575406465588327E-4
1.0547818499490417E-4
1.0520370710982709E-4
1.0493062043701248E-4
1.0465891451821993E-4
1.043885789992848E-4
1.0411960362884665E-4
1.0385197825706852E-4
1.035856928343919E-4
1.033207374103055E-4
1.0305710213212903E-4
1.0279477724381647E-4
1.0253375308477803E-4
1.0227402008872322E-4
1.020155687825099E-4
1.0175838978502294E-4
1.01502473806054E-4
1.0124781164521558E-4
1.0099439419085571E-4
1.0074221241899119E-4
1.0049125739226952E-4
1.0024152025891707E-4
9.999299225174185E-5
The correct rate for BP: 100.00% 
