1.0446185324969162
1.3987447957201884
0.7357772073519987
0.2979696612024732
0.14467732450189927
0.07487216494675063
0.045219494285916276
0.03240979066100654
0.02516082784076808
0.020482910991468335
0.017216580173766958
0.014810355509543164
0.01296700844063462
0.01151189406466363
0.010335618955485626
0.009366180784213366
0.008554269888768729
0.007864999673597576
0.0072730060405442505
0.006759415953203006
0.006309903203817215
0.005913402327775699
0.005561234806241688
0.005246501326602295
0.004963650264192577
0.004708165601730682
0.004476337478839221
0.00426509096973658
0.004071856581256513
0.0038944710977318014
0.003731100805539909
0.0035801814309922905
0.003440370705271554
0.0033105105716454805
0.0031895968288873006
0.0030767545624455694
0.002971218118995101
0.0028723146760990395
0.0027794506779353673
0.0026921005719246008
0.002609797404723
0.0025321249301016916
0.002458710953365114
0.002389221692700005
0.002323356981223212
0.00226084616748223
0.0022014445989592315
0.0021449305943877614
0.0020911028276511183
0.002039778059638267
0.001990789165404399
0.001943983412875831
0.0018992209565788308
0.001856373515794557
0.0018153232114074924
0.0017759615397280523
0.0017381884648942202
0.0017019116142203419
0.0016670455631671648
0.0016335111985379264
0.0016012351501277177
0.0015701492824207255
0.0015401902390862752
0.0015112990340053663
0.0014834206833935237
0.0014565038742974747
0.001430500665351807
0.0014053662162035506
0.0013810585424617458
0.001357538293415466
0.0013347685500982396
0.0013127146415658668
0.001291343977505995
0.0012706258955160568
0.0012505315215766263
0.0012310336424132483
0.0012121065885857196
0.0011937261272707202
0.0011758693638163537
0.0011585146512451438
0.0011416415069694125
0.0011252305360593437
0.0011092633604721516
0.001093722553710662
0.001078591580433287
0.0010638547405843867
0.001049497117656598
0.0010355045307340804
0.001021863489999277
0.0010085611554158105
9.955852983270107E-4
9.829242657336261E-4
9.705669470358549E-4
9.585027430442932E-4
9.467215370818478E-4
9.352136680144069E-4
9.239699050621408E-4
9.129814242564051E-4
9.022397864184022E-4
8.91736916546514E-4
8.814650845087374E-4
8.714168869449332E-4
8.615852302918804E-4
8.519633148507844E-4
8.425446198236843E-4
8.333228892508168E-4
8.242921187866412E-4
8.154465432567559E-4
8.067806249427578E-4
7.982890425459636E-4
7.899666807846037E-4
7.818086205827694E-4
7.738101298122056E-4
7.659666545510793E-4
7.58273810826566E-4
7.507273768102647E-4
7.433232854379278E-4
7.360576174268522E-4
7.289265946663095E-4
7.219265739579755E-4
7.150540410850191E-4
7.083056051900143E-4
7.016779934430334E-4
6.95168045982741E-4
6.887727111143286E-4
6.824890407492551E-4
6.763141860728031E-4
6.702453934262242E-4
6.642800003913162E-4
6.584154320658992E-4
6.526491975194778E-4
6.469788864190005E-4
6.414021658153593E-4
6.359167770817065E-4
6.305205329954165E-4
6.252113149558246E-4
6.199870703305211E-4
6.148458099233007E-4
6.097856055573327E-4
6.048045877675593E-4
5.999009435965256E-4
5.950729144883742E-4
5.903187942759427E-4
5.856369272561389E-4
5.810257063492615E-4
5.764835713378811E-4
5.720090071814482E-4
5.676005424027743E-4
5.632567475429142E-4
5.589762336810346E-4
5.547576510161492E-4
5.5059968750779E-4
5.465010675726251E-4
5.424605508345713E-4
5.384769309256739E-4
5.345490343355202E-4
5.30675719306821E-4
5.268558747750511E-4
5.230884193501566E-4
5.193723003383186E-4
5.15706492802039E-4
5.120899986567374E-4
5.085218458023008E-4
5.050010872879283E-4
5.015268005088944E-4
4.980980864337513E-4
4.947140688606477E-4
4.913738937015335E-4
4.880767282929867E-4
4.848217607325982E-4
4.816081992396944E-4
4.784352715395159E-4
4.753022242697042E-4
4.7220832240833907E-4
4.6915284872238927E-4
4.6613510323601843E-4
4.631544027176232E-4
4.6021008018509523E-4
4.5730148442840415E-4
4.544279795488275E-4
4.515889445142082E-4
4.4878377272956156E-4
4.460118716223755E-4
4.432726622421264E-4
4.4056557887332955E-4
4.3789006866168644E-4
4.3524559125278307E-4
4.32631618442813E-4
4.300476338409549E-4
4.274931325428473E-4
4.249676208148297E-4
4.2247061578847337E-4
4.2000164516506E-4
4.1756024692960733E-4
4.151459690740836E-4
4.1275836932949575E-4
4.103970149064832E-4
4.080614822441483E-4
4.0575135676677924E-4
4.0346623264821255E-4
4.0120571258352096E-4
3.989694075678193E-4
3.9675693668186614E-4
3.9456792688425394E-4
3.924020128099672E-4
3.902588365750581E-4
3.88138047587227E-4
3.860393023621063E-4
3.839622643450472E-4
3.819066037382392E-4
3.798719973329368E-4
3.7785812834664127E-4
3.758646862650929E-4
3.738913666888399E-4
3.719378711843349E-4
3.700039071392638E-4
3.680891876221462E-4
3.661934312458639E-4
3.643163620351672E-4
3.62457709297902E-4
3.606172074999E-4
3.587945961433993E-4
3.569896196488392E-4
3.552020272400132E-4
3.534315728323677E-4
3.516780149243824E-4
3.4994111649201096E-4
3.4822064488592634E-4
3.465163717316272E-4
3.448280728322624E-4
3.4315552807403555E-4
3.4149852133420506E-4
3.3985684039154816E-4
3.3823027683917194E-4
3.366186259996966E-4
3.3502168684264864E-4
3.3343926190405193E-4
3.318711572081039E-4
3.303171821909338E-4
3.287771496263007E-4
3.272508755532671E-4
3.2573817920568957E-4
3.242388829435587E-4
3.227528121860735E-4
3.2127979534642755E-4
3.1981966376825514E-4
3.18372251663676E-4
3.169373960528974E-4
3.1551493670534483E-4
3.1410471608224043E-4
3.127065792806341E-4
3.113203739787864E-4
3.099459503829271E-4
3.085831611753301E-4
3.072318614636073E-4
3.058919087312942E-4
3.0456316278960747E-4
3.032454857303722E-4
3.0193874188008126E-4
3.006427977550498E-4
2.9935752201767603E-4
2.9808278543369115E-4
2.9681846083045416E-4
2.955644230562328E-4
2.9432054894043086E-4
2.9308671725474016E-4
2.9186280867523246E-4
2.906487057452997E-4
2.894442928394518E-4
2.8824945612798957E-4
2.870640835424329E-4
2.8588806474179676E-4
2.847212910795929E-4
2.835636555716109E-4
2.8241505286440296E-4
2.812753792045191E-4
2.801445324083811E-4
2.790224118328811E-4
2.7790891834661E-4
2.768039543017234E-4
2.75707423506447E-4
2.746192311981874E-4
2.7353928401720683E-4
2.724674899809185E-4
2.7140375845870765E-4
2.703480001473178E-4
2.6930012704676903E-4
2.68260052436795E-4
2.672276908537811E-4
2.662029580682154E-4
2.651857710625985E-4
2.6417604800984065E-4
2.6317370825212064E-4
2.6217867228016536E-4
2.611908617130046E-4
2.60210199278126E-4
2.592366087920465E-4
2.582700151413056E-4
2.5731034426382905E-4
2.5635752313070436E-4
2.5541147972832373E-4
2.544721430408778E-4
2.5353944303324214E-4
2.526133106341861E-4
2.516936777199251E-4
2.5078047709803966E-4
2.4987364249166616E-4
2.489731085240615E-4
2.480788107034378E-4
2.471906854081162E-4
2.463086698720034E-4
2.4543270217028575E-4
2.4456272120550296E-4
2.4369866669381619E-4
2.4284047915158438E-4
2.4198809988221638E-4
2.4114147096324212E-4
2.4030053523367356E-4
2.3946523628158453E-4
2.3863551843195943E-4
2.378113267347522E-4
2.3699260695317606E-4
2.3617930555224504E-4
2.353713696875093E-4
2.3456874719401217E-4
2.3377138657546144E-4
2.329792369936108E-4
2.3219224825782574E-4
2.3141037081486336E-4
2.306335557388378E-4
2.2986175472136777E-4
2.290949200619301E-4
2.283330046583533E-4
2.2757596199754243E-4
2.268237461463201E-4
2.260763117424808E-4
2.2533361398597104E-4
2.245956086302785E-4
2.238622519739368E-4
2.2313350085220106E-4
2.2240931262887251E-4
2.2168964518829112E-4
2.2097445692744646E-4
2.2026370674821968E-4
2.195573540498273E-4
2.1885535872132752E-4
2.181576811343032E-4
2.174642821356617E-4
2.1677512304057618E-4
2.1609016562552453E-4
2.1540937212147633E-4
2.1473270520719695E-4
2.1406012800266068E-4
2.133916040625715E-4
2.127270973700299E-4
2.1206657233027447E-4
2.114099937645447E-4
2.1075732690405724E-4
2.1010853738408827E-4
2.0946359123813447E-4
2.0882245489219523E-4
2.0818509515916462E-4
2.075514792332699E-4
2.0692157468466972E-4
2.0629534945409525E-4
2.0567277184759602E-4
2.050538105313874E-4
2.0443843452676855E-4
2.038266132051325E-4
2.0321831628306014E-4
2.0261351381749323E-4
2.0201217620099247E-4
2.014142741570708E-4
2.0081977873560468E-4
2.0022866130832054E-4
1.9964089356436219E-4
1.9905644750591535E-4
1.9847529544393032E-4
1.9789740999387844E-4
1.973227640716124E-4
1.9675133088927797E-4
1.9618308395128261E-4
1.9561799705035673E-4
1.9505604426364845E-4
1.9449719994890186E-4
1.93941438740691E-4
1.93388735546696E-4
1.9283906554408214E-4
1.9229240417589107E-4
1.9174872714751066E-4
1.9120801042320326E-4
1.9067023022268E-4
1.90135363017734E-4
1.8960338552893028E-4
1.8907427472232446E-4
1.88548007806279E-4
1.8802456222828085E-4
1.8750391567183344E-4
1.8698604605339462E-4
1.8647093151935874E-4
1.8595855044308763E-4
1.8544888142198567E-4
1.8494190327461628E-4
1.8443759503787338E-4
1.8393593596418396E-4
1.8343690551876138E-4
1.8294048337690055E-4
1.8244664942129756E-4
1.8195538373944924E-4
1.8146666662103854E-4
1.8098047855540707E-4
1.8049680022903564E-4
1.8001561252307637E-4
1.7953689651091962E-4
1.7906063345579063E-4
1.7858680480839143E-4
1.7811539220457468E-4
1.7764637746303717E-4
1.7717974258308616E-4
1.7671546974238594E-4
1.762535412947865E-4
1.7579393976814605E-4
1.7533664786221418E-4
1.748816484465216E-4
1.7442892455832892E-4
1.7397845940057347E-4
1.735302363398647E-4
1.730842389045086E-4
1.7264045078256292E-4
1.7219885581989402E-4
1.7175943801830715E-4
1.7132218153366162E-4
1.708870706740376E-4
1.7045408989791667E-4
1.7002322381239437E-4
1.6959445717142207E-4
1.69167774874059E-4
1.6874316196276151E-4
1.6832060362170323E-4
1.6790008517508656E-4
1.6748159208552203E-4
1.6706510995240012E-4
1.6665062451029175E-4
1.662381216273773E-4
1.6582758730388669E-4
1.654190076705762E-4
1.6501236898721795E-4
1.6460765764110354E-4
1.6420486014557812E-4
1.6380396313859315E-4
1.6340495338128136E-4
1.6300781775653987E-4
1.6261254326764023E-4
1.6221911703686117E-4
1.6182752630414091E-4
1.6143775842573208E-4
1.6104980087289003E-4
1.606636412305786E-4
1.602792671961823E-4
1.59896666578255E-4
1.59515827295249E-4
1.591367373743163E-4
1.5875938495006547E-4
1.5838375826339305E-4
1.5800984566027339E-4
1.5763763559061299E-4
1.5726711660709325E-4
1.5689827736403282E-4
1.5653110661627536E-4
1.5616559321807757E-4
1.5580172612201284E-4
1.554394943779101E-4
1.5507888713177698E-4
1.5471989362475812E-4
1.54362503192099E-4
1.5400670526212297E-4
1.5365248935522157E-4
1.532998450828672E-4
1.5294876214661446E-4
1.525992303371466E-4
1.5225123953331604E-4
1.5190477970118433E-4
1.515598408931095E-4
1.5121641324680206E-4
1.5087448698444504E-4
1.505340524117667E-4
1.5019509991717116E-4
1.4985761997086041E-4
1.4952160312396864E-4
1.4918704000770308E-4
1.488539213325139E-4
1.4852223788725335E-4
1.4819198053835688E-4
1.4786314022902862E-4
1.4753570797845154E-4
1.4720967488097495E-4
1.4688503210535535E-4
1.4656177089397113E-4
1.4623988256206861E-4
1.459193584970035E-4
1.456001901574993E-4
1.4528236907291166E-4
1.4496588684250857E-4
1.4465073513475013E-4
1.443369056865762E-4
1.4402439030271476E-4
1.4371318085499286E-4
1.4340326928164533E-4
1.430946475866476E-4
1.4278730783905477E-4
1.4248124217232825E-4
1.4217644278370541E-4
1.4187290193354334E-4
1.415706119446891E-4
1.4126956520185975E-4
1.4096975415101097E-4
1.4067117129873465E-4
1.403738092116565E-4
1.400776605158234E-4
1.3978271789613734E-4
1.3948897409575054E-4
1.391964219155018E-4
1.3890505421334558E-4
1.3861486390378123E-4
1.3832584395730678E-4
1.380379873998662E-4
1.3775128731230535E-4
1.3746573682983686E-4
1.3718132914150688E-4
1.368980574896737E-4
1.3661591516948694E-4
1.3633489552837812E-4
1.3605499196555498E-4
1.3577619793149836E-4
1.354985069274638E-4
1.3522191250500573E-4
1.349464082654789E-4
1.3467198785957235E-4
1.3439864498682912E-4
1.341263733951836E-4
1.338551668805048E-4
1.3358501928612064E-4
1.3331592450239427E-4
1.3304787646625945E-4
1.3278086916077963E-4
1.3251489661472612E-4
1.322499529021289E-4
1.3198603214186665E-4
1.3172312849723088E-4
1.3146123617552554E-4
1.312003494276342E-4
1.309404625476389E-4
1.306815698723854E-4
1.3042366578111707E-4
1.301667446950594E-4
1.2991080107703802E-4
1.2965582943109125E-4
1.2940182430209201E-4
1.2914878027537265E-4
1.2889669197633992E-4
1.286455540701264E-4
1.283953612612053E-4
1.281461082930474E-4
1.2789778994775283E-4
1.2765040104570715E-4
1.2740393644522207E-4
1.2715839104219815E-4
1.2691375976978524E-4
1.2667003759803664E-4
1.2642721953358166E-4
1.261853006192946E-4
1.2594427593396831E-4
1.2570414059198402E-4
1.2546488974300203E-4
1.2522651857163795E-4
1.249890222971547E-4
1.2475239617315025E-4
1.245166354872483E-4
1.2428173556080173E-4
1.240476917485884E-4
1.2381449943851656E-4
1.2358215405132745E-4
1.2335065104031502E-4
1.231199858910239E-4
1.228901541209763E-4
1.2266115127938673E-4
1.2243297294688678E-4
1.2220561473524262E-4
1.219790722870875E-4
1.2175334127565537E-4
1.2152841740450701E-4
1.2130429640726897E-4
1.2108097404737371E-4
1.2085844611779918E-4
1.2063670844081212E-4
1.2041575686771636E-4
1.2019558727860378E-4
1.199761955821021E-4
1.1975757771512824E-4
1.1953972964265243E-4
1.193226473574552E-4
1.1910632687988391E-4
1.1889076425761925E-4
1.1867595556545098E-4
1.1846189690503253E-4
1.1824858440466172E-4
1.1803601421905338E-4
1.1782418252911535E-4
1.1761308554172476E-4
1.1740271948950846E-4
1.1719308063063219E-4
1.1698416524857672E-4
1.1677596965192785E-4
1.1656849017417017E-4
1.163617231734748E-4
1.1615566503249267E-4
1.1595031215815112E-4
1.1574566098144906E-4
1.1554170795726177E-4
1.153384495641366E-4
1.1513588230410154E-4
1.1493400270246798E-4
1.1473280730763701E-4
1.1453229269091631E-4
1.143324554463162E-4
1.1413329219037976E-4
1.1393479956198456E-4
1.1373697422217282E-4
1.1353981285395413E-4
1.1334331216213752E-4
1.1314746887314833E-4
1.129522797348552E-4
1.1275774151639198E-4
1.125638510079857E-4
1.1237060502079136E-4
1.1217800038671423E-4
1.1198603395824412E-4
1.117947026082925E-4
1.1160400323002761E-4
1.1141393273670391E-4
1.1122448806151617E-4
1.1103566615741823E-4
1.1084746399698557E-4
1.1065987857224708E-4
1.1047290689452784E-4
1.1028654599430373E-4
1.101007929210435E-4
1.0991564474305763E-4
1.0973109854735295E-4
1.0954715143947598E-4
1.09363800543379E-4
1.091810430012625E-4
1.0899887597343965E-4
1.0881729663818964E-4
1.0863630219161393E-4
1.0845588984750455E-4
1.0827605683719808E-4
1.0809680040944187E-4
1.0791811783025972E-4
1.0774000638280514E-4
1.0756246336724694E-4
1.0738548610062296E-4
1.0720907191671393E-4
1.0703321816591414E-4
1.0685792221509846E-4
1.0668318144750188E-4
1.065089932625835E-4
1.0633535507591843E-4
1.0616226431905296E-4
1.0598971843939281E-4
1.0581771490008558E-4
1.0564625117989105E-4
1.0547532477306764E-4
1.0530493318924871E-4
1.0513507395333195E-4
1.0496574460535883E-4
1.0479694270039988E-4
1.0462866580844118E-4
1.0446091151427469E-4
1.0429367741737629E-4
1.0412696113180834E-4
1.039607602860968E-4
1.0379507252313094E-4
1.0362989550005217E-4
1.0346522688814732E-4
1.0330106437274098E-4
1.031374056530931E-4
1.0297424844228848E-4
1.0281159046714792E-4
1.0264942946810866E-4
1.0248776319913236E-4
1.0232658942760205E-4
1.0216590593422288E-4
1.0200571051292635E-4
1.0184600097076715E-4
1.0168677512782797E-4
1.0152803081712429E-4
1.0136976588451038E-4
1.0121197818858087E-4
1.0105466560057823E-4
1.0089782600430683E-4
1.007414572960288E-4
1.0058555738437825E-4
1.0043012419028155E-4
1.0027515564684181E-4
1.0012064969928184E-4
9.996660430482738E-5
The correct rate for BP: 100.00% 
