1.383672570453369
1.6264620125536886
0.7683070453704359
0.21153140584297397
0.06754725899620413
0.034017619332854195
0.024501437782680685
0.019141578719829137
0.015704350573672234
0.013307417673272757
0.011538929369489838
0.010179952289544289
0.009102980748559194
0.008228581875836073
0.007504636208790352
0.006895504578768973
0.00637598188849767
0.00592773502359043
0.005537108670185151
0.00519372224910091
0.004889543680507634
0.004618260877727126
0.004374844908808247
0.004155239889255726
0.003956138669589924
0.0037748178360030534
0.003609014494163884
0.003456832989867385
0.003316673410504964
0.003187176156290864
0.0030671785200881616
0.0029556803468904647
0.0028518166329994155
0.0027548354825702144
0.002664080238494177
0.0025789748939841826
0.002499012103343874
0.0024237432675066907
0.0023527702874355538
0.002285738667167975
0.0022223317158146147
0.0021622656496431587
0.0021052854354555546
0.0020511612476827347
0.001999685436100117
0.0019506699203873442
0.0019039439430969674
0.001859352124849166
0.0018167527754092234
0.0017760164222470926
0.001737024524622704
0.0016996683464935323
0.0016638479658423358
0.0016294714015607564
0.0015964538419459516
0.0015647169612899746
0.0015341883130577283
0.0015048007898338077
0.001476492141630473
0.001449204545336702
0.0014228842190906969
0.0013974810762067162
0.0013729484140076566
0.0013492426335283286
0.0013263229865784676
0.0013041513471030626
0.001282692004163246
0.0012619114741919068
0.0012417783304649955
0.00122226304797657
0.001203337862120158
0.001184976639765645
0.0011671547614828946
0.001149849013805051
0.0011330374905483016
0.0011166995023132271
0.0011008154933880734
0.0010853669653580252
0.0010703364067982642
0.0010557072284935539
0.0010414637036849108
0.0010275909128942982
0.001014074692924125
0.0010009015896678426
9.880588144040182E-4
9.755342032778042E-4
9.633161797022781E-4
9.51393719437391E-4
9.397563181269063E-4
9.28393961094079E-4
9.17297095215159E-4
9.064566027058752E-4
8.95863776671234E-4
8.855102982817156E-4
8.753882154514045E-4
8.654899229040252E-4
8.558081435228264E-4
8.463359108888582E-4
8.370665529205945E-4
8.279936765344838E-4
8.191111532532642E-4
8.104131056943006E-4
8.018938948759606E-4
7.935481082849613E-4
7.853705486518953E-4
7.773562233866287E-4
7.695003346287026E-4
7.617982698714262E-4
7.542455931215578E-4
7.468380365591969E-4
7.395714926652341E-4
7.324420067861558E-4
7.254457701080207E-4
7.185791130138071E-4
7.118384987997788E-4
7.052205177286254E-4
6.987218813984076E-4
6.923394174080474E-4
6.860700643012363E-4
6.79910866772036E-4
6.738589711165078E-4
6.679116209157612E-4
6.620661529368804E-4
6.563199932389421E-4
6.506706534723632E-4
6.45115727360367E-4
6.396528873523391E-4
6.342798814392846E-4
6.289945301223412E-4
6.237947235258111E-4
6.186784186468134E-4
6.136436367340581E-4
6.086884607886583E-4
6.038110331805452E-4
5.990095533741841E-4
5.942822757578943E-4
5.896275075712143E-4
5.850436069253058E-4
5.805289809114218E-4
5.760820837930752E-4
5.71701415277528E-4
5.673855188625193E-4
5.631329802546018E-4
5.589424258553431E-4
5.548125213121519E-4
5.507419701304098E-4
5.467295123440347E-4
5.427739232415429E-4
5.388740121449424E-4
5.350286212389748E-4
5.312366244482211E-4
5.274969263598815E-4
5.238084611900449E-4
5.201701917914212E-4
5.165811087005699E-4
5.130402292229323E-4
5.095465965537374E-4
5.0609927893336E-4
5.026973688354148E-4
4.993399821861674E-4
4.960262576139038E-4
4.927553557268518E-4
4.895264584184851E-4
4.863387681989104E-4
4.8319150755129196E-4
4.800839183121495E-4
4.770152610746049E-4
4.7398481461345833E-4
4.7099187533130216E-4
4.6803575672469365E-4
4.651157888695774E-4
4.6223131792516505E-4
4.593817056554726E-4
4.565663289678119E-4
4.5378457946752463E-4
4.510358630283427E-4
4.483195993776525E-4
4.4563522169614045E-4
4.429821762312332E-4
4.4035992192372646E-4
4.3776793004715256E-4
4.352056838593304E-4
4.32672678265666E-4
4.3016841949368076E-4
4.276924247784126E-4
4.2524422205819846E-4
4.2282334968050587E-4
4.204293561173622E-4
4.1806179969004824E-4
4.157202483027668E-4
4.134042791848047E-4
4.1111347864103583E-4
4.088474418103404E-4
4.0660577243168224E-4
4.0438808261759017E-4
4.0219399263471283E-4
4.0002313069127107E-4
3.9787513273107343E-4
3.957496422339146E-4
3.9364631002210845E-4
3.915647940729465E-4
3.895047593368392E-4
3.874658775610197E-4
3.854478271184857E-4
3.834502928421391E-4
3.8147296586382755E-4
3.7951554345819633E-4
3.775777288911345E-4
3.7565923127269243E-4
3.7375976541428315E-4
3.7187905169006497E-4
3.700168159023291E-4
3.6817278915076855E-4
3.6634670770551076E-4
3.645383128837673E-4
3.627473509299843E-4
3.609735728994285E-4
3.592167345449831E-4
3.5747659620718043E-4
3.557529227072748E-4
3.5404548324328994E-4
3.523540512889459E-4
3.506784044953606E-4
3.4901832459546724E-4
3.4737359731099987E-4
3.457440122620565E-4
3.4412936287907036E-4
3.425294463171525E-4
3.4094406337275586E-4
3.3937301840254193E-4
3.378161192444019E-4
3.362731771405778E-4
3.3474400666281623E-4
3.3322842563945356E-4
3.317262550844284E-4
3.3023731912814995E-4
3.2876144495011896E-4
3.2729846271333787E-4
3.258482055003291E-4
3.2441050925088334E-4
3.2298521270131454E-4
3.2157215732528713E-4
3.201711872761388E-4
3.1878214933063546E-4
3.1740489283416313E-4
3.160392696472548E-4
3.146851340934535E-4
3.133423429084909E-4
3.120107551906754E-4
3.1069023235252494E-4
3.093806380735817E-4
3.080818382543459E-4
3.06793700971367E-4
3.055160964333971E-4
3.0424889693858457E-4
3.029919768327164E-4
3.0174521246845203E-4
3.0050848216551466E-4
2.992816661718379E-4
2.9806464662560984E-4
2.9685730751822473E-4
2.95659534658119E-4
2.9447121563538426E-4
2.9329223978727094E-4
2.9212249816447096E-4
2.9096188349814753E-4
2.898102901677521E-4
2.8866761416957625E-4
2.875337530859952E-4
2.8640860605544063E-4
2.8529207374302496E-4
2.8418405831184693E-4
2.830844633949387E-4
2.8199319406781035E-4
2.809101568216576E-4
2.7983525953712213E-4
2.7876841145865234E-4
2.777095231694093E-4
2.766585065667572E-4
2.756152748382552E-4
2.745797424381877E-4
2.7355182506461897E-4
2.725314396369023E-4
2.7151850427371404E-4
2.705129382715583E-4
2.6951466208369684E-4
2.685235972995536E-4
2.675396666245779E-4
2.665627938604749E-4
2.6559290388591803E-4
2.646299226376164E-4
2.636737770918239E-4
2.6272439524618196E-4
2.617817061019947E-4
2.6084563964683203E-4
2.599161268375034E-4
2.58993099583415E-4
2.580764907301962E-4
2.571662340437351E-4
2.56262264194495E-4
2.553645167421781E-4
2.5447292812066685E-4
2.535874356233006E-4
2.5270797738842716E-4
2.5183449238526514E-4
2.5096692040001676E-4
2.5010520202230793E-4
2.4924927863183397E-4
2.4839909238532547E-4
2.4755458620373576E-4
2.467157037596956E-4
2.4588238946522743E-4
2.450545884596538E-4
2.442322465977979E-4
2.434153104383738E-4
2.4260372723261233E-4
2.4179744491311444E-4
2.4099641208291369E-4
2.4020057800473613E-4
2.3940989259049237E-4
2.386243063909372E-4
2.3784377058556162E-4
2.3706823697262701E-4
2.3629765795946253E-4
2.3553198655284924E-4
2.347711763496792E-4
2.3401518152770713E-4
2.332639568365485E-4
2.3251745758877385E-4
2.317756396512351E-4
2.3103845943649463E-4
2.303058738944565E-4
2.2957784050411324E-4
2.2885431726548256E-4
2.2813526269165806E-4
2.274206358010273E-4
2.26710396109604E-4
2.2600450362354464E-4
2.2530291883173659E-4
2.246056026985918E-4
2.239125166569085E-4
2.2322362260088482E-4
2.2253888287926654E-4
2.2185826028860313E-4
2.2118171806662272E-4
2.2050921988573457E-4
2.19840729846632E-4
2.1917621247201884E-4
2.1851563270044075E-4
2.1785895588022865E-4
2.1720614776354107E-4
2.165571745005113E-4
2.1591200263350202E-4
2.1527059909145688E-4
2.1463293118433326E-4
2.139989665976621E-4
2.1336867338716577E-4
2.1274201997350408E-4
2.1211897513707866E-4
2.114995080129381E-4
2.1088358808576342E-4
2.1027118518496593E-4
2.096622694798146E-4
2.0905681147469733E-4
2.0845478200443585E-4
2.0785615222967298E-4
2.072608936323579E-4
2.0666897801128976E-4
2.060803774777457E-4
2.054950644511612E-4
2.0491301165491521E-4
2.043341921121477E-4
2.0375857914167552E-4
2.031861463539538E-4
2.0261686764712377E-4
2.020507172030991E-4
2.0148766948373373E-4
2.0092769922705107E-4
2.0037078144353435E-4
1.9981689141244566E-4
1.9926600467827703E-4
1.9871809704716562E-4
1.9817314458344244E-4
1.9763112360618904E-4
1.9709201068587702E-4
1.9655578264103822E-4
1.9602241653501163E-4
1.9549188967271349E-4
1.9496417959748662E-4
1.9443926408797333E-4
1.939171211550558E-4
1.9339772903884247E-4
1.9288106620567988E-4
1.9236711134524412E-4
1.9185584336764715E-4
1.9134724140061214E-4
1.908412847866748E-4
1.9033795308043044E-4
1.8983722604583303E-4
1.8933908365352777E-4
1.8884350607821482E-4
1.8835047369607965E-4
1.8785996708224005E-4
1.8737196700823638E-4
1.8688645443954658E-4
1.8640341053318896E-4
1.8592281663528615E-4
1.8544465427873508E-4
1.8496890518085533E-4
1.8449555124111787E-4
1.8402457453888405E-4
1.8355595733116523E-4
1.8308968205045067E-4
1.826257313025514E-4
1.8216408786445032E-4
1.8170473468223265E-4
1.812476548690002E-4
1.8079283170285322E-4
1.8034024862487378E-4
1.7988988923714824E-4
1.7944173730083843E-4
1.7899577673423158E-4
1.785519916108783E-4
1.7811036615770717E-4
1.7767088475321007E-4
1.7723353192559098E-4
1.767982923510253E-4
1.7636515085187637E-4
1.7593409239496054E-4
1.7550510208983974E-4
1.7507816518713855E-4
1.7465326707688118E-4
1.7423039328683912E-4
1.7380952948094225E-4
1.73390661457658E-4
1.729737751484354E-4
1.7255885661615302E-4
1.7214589205358707E-4
1.7173486778191433E-4
1.7132577024921893E-4
1.7091858602902765E-4
1.7051330181887234E-4
1.7010990443885388E-4
1.6970838083024792E-4
1.6930871805410816E-4
1.689109032899188E-4
1.6851492383420969E-4
1.6812076709927577E-4
1.6772842061182027E-4
1.6733787201168084E-4
1.6694910905056107E-4
1.6656211959074958E-4
1.6617689160389312E-4
1.657934131697663E-4
1.6541167247506326E-4
1.6503165781220336E-4
1.646533575781464E-4
1.6427676027325482E-4
1.6390185450011052E-4
1.6352862896241833E-4
1.6315707246387538E-4
1.627871739070666E-4
1.624189222923759E-4
1.6205230671693263E-4
1.616873163735262E-4
1.613239405495921E-4
1.6096216862614252E-4
1.6060199007678625E-4
1.602433944667005E-4
1.5988637145164975E-4
1.595309107770005E-4
1.591770022767663E-4
1.588246358726421E-4
1.5847380157307236E-4
1.581244894723111E-4
1.5777668974952013E-4
1.5743039266784907E-4
1.570855885735506E-4
1.5674226789509247E-4
1.5640042114229E-4
1.5606003890544207E-4
1.5572111185448566E-4
1.5538363073815548E-4
1.5504758638315482E-4
1.5471296969333642E-4
1.5437977164889667E-4
1.540479833055877E-4
1.5371759579390856E-4
1.5338860031834317E-4
1.530609881565943E-4
1.5273475065881873E-4
1.524098792468728E-4
1.5208636541358086E-4
1.5176420072201088E-4
1.5144337680473907E-4
1.5112388536314008E-4
1.508057181666866E-4
1.5048886705226362E-4
1.5017332392345642E-4
1.4985908074989154E-4
1.4954612956656372E-4
1.4923446247317118E-4
1.48924071633461E-4
1.4861494927457833E-4
1.4830708768644448E-4
1.4800047922109837E-4
1.476951162921096E-4
1.4739099137392749E-4
1.470880970012906E-4
1.4678642576863014E-4
1.4648597032946212E-4
1.4618672339580878E-4
1.4588867773761922E-4
1.4559182618219556E-4
1.4529616161361648E-4
1.4500167697220143E-4
1.4470836525393114E-4
1.4441621950991734E-4
1.4412523284586213E-4
1.4383539842151072E-4
1.4354670945014168E-4
1.432591591980376E-4
1.429727409839681E-4
1.426874481786799E-4
1.4240327420440125E-4
1.421202125343339E-4
1.41838256692172E-4
1.4155740025160494E-4
1.412776368358453E-4
1.4099896011715335E-4
1.4072136381636035E-4
1.4044484170240912E-4
1.4016938759190212E-4
1.398949953486368E-4
1.396216588831587E-4
1.393493721523228E-4
1.3907812915885188E-4
1.388079239509088E-4
1.3853875062165973E-4
1.3827060330885442E-4
1.3800347619440792E-4
1.377373635039877E-4
1.3747225950659717E-4
1.3720815851418224E-4
1.369450548812138E-4
1.3668294300431873E-4
1.3642181732185455E-4
1.3616167231355304E-4
1.3590250250011446E-4
1.3564430244284494E-4
1.3538706674327039E-4
1.3513079004277433E-4
1.3487546702222985E-4
1.346210924016324E-4
1.3436766093974728E-4
1.3411516743374894E-4
1.3386360671888142E-4
1.3361297366810105E-4
1.3336326319173696E-4
1.3311447023715497E-4
1.3286658978841617E-4
1.3261961686595228E-4
1.3237354652622751E-4
1.321283738614319E-4
1.3188409399913337E-4
1.3164070210198702E-4
1.3139819336740137E-4
1.3115656302723513E-4
1.309158063474945E-4
1.3067591862801656E-4
1.3043689520217776E-4
1.3019873143659504E-4
1.299614227308278E-4
1.2972496451708974E-4
1.2948935225994912E-4
1.2925458145606378E-4
1.290206476338873E-4
1.2878754635337785E-4
1.2855527320574506E-4
1.283238238131611E-4
1.2809319382849177E-4
1.278633789350335E-4
1.276343748462395E-4
1.2740617730546994E-4
1.2717878208571906E-4
1.2695218498936476E-4
1.2672638184792355E-4
1.265013685217756E-4
1.2627714089993579E-4
1.2605369489980225E-4
1.2583102646690787E-4
1.2560913157468368E-4
1.2538800622421576E-4
1.2516764644401516E-4
1.2494804828977268E-4
1.2472920784414187E-4
1.2451112121649493E-4
1.2429378454270954E-4
1.2407719398493263E-4
1.2386134573136496E-4
1.2364623599603352E-4
1.234318610185868E-4
1.2321821706406526E-4
1.23005300422696E-4
1.2279310740967217E-4
1.2258163436496298E-4
1.2237087765308265E-4
1.2216083366289792E-4
1.21951498807428E-4
1.2174286952363514E-4
1.215349422722282E-4
1.2132771353747201E-4
1.2112117982698264E-4
1.2091533767154081E-4
1.2071018362489474E-4
1.2050571426357821E-4
1.2030192618671483E-4
1.200988160158409E-4
1.1989638039471726E-4
1.1969461598914523E-4
1.1949351948678611E-4
1.192930875969907E-4
1.1909331705061641E-4
1.1889420459984294E-4
1.1869574701802222E-4
1.1849794109948334E-4
1.1830078365938194E-4
1.1810427153350883E-4
1.1790840157815193E-4
1.1771317066990296E-4
1.1751857570551594E-4
1.1732461360173456E-4
1.1713128129512604E-4
1.169385757419448E-4
1.1674649391794952E-4
1.1655503281825735E-4
1.1636418945719598E-4
1.1617396086814018E-4
1.159843441033716E-4
1.1579533623391537E-4
1.1560693434940284E-4
1.1541913555792163E-4
1.1523193698586605E-4
1.1504533577779486E-4
1.1485932909629245E-4
1.1467391412181698E-4
1.1448908805257585E-4
1.1430484810437026E-4
1.1412119151046578E-4
1.1393811552145836E-4
1.1375561740513166E-4
1.1357369444632796E-4
1.1339234394681904E-4
1.1321156322516689E-4
1.1303134961659569E-4
1.128517004728684E-4
1.1267261316215542E-4
1.1249408506890228E-4
1.1231611359371161E-4
1.1213869615322234E-4
1.1196183017997275E-4
1.1178551312229186E-4
1.116097424441725E-4
1.1143451562515136E-4
1.1125983016019475E-4
1.1108568355957003E-4
1.1091207334874788E-4
1.1073899706826871E-4
1.1056645227363589E-4
1.1039443653520219E-4
1.1022294743805744E-4
1.1005198258191902E-4
1.0988153958101577E-4
1.0971161606398317E-4
1.0954220967375954E-4
1.0937331806746349E-4
1.0920493891630476E-4
1.0903706990546966E-4
1.0886970873401586E-4
1.0870285311477606E-4
1.0853650077424552E-4
1.0837064945248694E-4
1.0820529690303055E-4
1.080404408927705E-4
1.0787607920186303E-4
1.0771220962363849E-4
1.0754882996449292E-4
1.0738593804380113E-4
1.0722353169381232E-4
1.0706160875956137E-4
1.069001670987759E-4
1.0673920458177742E-4
1.0657871909138771E-4
1.064187085228525E-4
1.0625917078373393E-4
1.06100103793827E-4
1.0594150548507067E-4
1.0578337380145664E-4
1.0562570669895236E-4
1.0546850214539837E-4
1.0531175812043528E-4
1.0515547261541111E-4
1.0499964363329873E-4
1.0484426918861431E-4
1.0468934730732972E-4
1.0453487602679978E-4
1.0438085339566756E-4
1.0422727747378569E-4
1.040741463321504E-4
1.0392145805280553E-4
1.0376921072877216E-4
1.0361740246396176E-4
1.0346603137311233E-4
1.033150955817E-4
1.0316459322586854E-4
1.0301452245234998E-4
1.0286488141839363E-4
1.0271566829168979E-4
1.0256688125029526E-4
1.0241851848255652E-4
1.0227057818705223E-4
1.0212305857250395E-4
1.0197595785771133E-4
1.018292742714848E-4
1.0168300605257386E-4
1.0153715144959229E-4
1.0139170872096011E-4
1.0124667613482033E-4
1.0110205196898637E-4
1.0095783451086706E-4
1.0081402205739904E-4
1.006706129149845E-4
1.0052760539942317E-4
1.003849978358474E-4
1.0024278855866037E-4
1.0010097591146943E-4
9.995955824702473E-5
The correct rate for BP: 100.00% 
