1.262098202577186
1.8799045329478496
0.3422953201647223
0.011297569490573842
0.006927945423458071
0.005306395401185447
0.004325753719197828
0.0036555785722922848
0.003165720607169124
0.0027911958167532577
0.002495277547031926
0.0022554675482231697
0.0020571568338699814
0.0018904248585356646
0.0017482894621750394
0.0016256899556243319
0.0015188667840691102
0.0014249676779651721
0.00134178905676794
0.0012676012919192697
0.0012010276608834137
0.0011409586477128027
0.001086490088596259
0.0010368777548474704
9.915034875987206E-4
9.498495925151645E-4
9.11479234007464E-4
8.7602124947943E-4
8.43158262520649E-4
8.126172877871308E-4
7.841622385779319E-4
7.575879021157053E-4
7.32715057647555E-4
7.093864921807515E-4
6.87463727015629E-4
6.668243114096794E-4
6.473595719675356E-4
6.289727306823706E-4
6.115773230643323E-4
5.950958619889611E-4
5.794587038711837E-4
5.646030823128777E-4
5.504722810679481E-4
5.370149234511037E-4
5.241843595096942E-4
5.119381356255466E-4
5.002375339014078E-4
4.890471708554736E-4
4.783346467068815E-4
4.6807023796870286E-4
4.582266272389254E-4
4.4877866504508085E-4
4.397031593952863E-4
4.309786893491626E-4
4.225854394720576E-4
4.1450505249532847E-4
4.0672049789049745E-4
3.992159543888379E-4
3.9197670475144214E-4
3.849890413259331E-4
3.78240181122584E-4
3.7171818930978106E-4
3.654119101716775E-4
3.5931090469310065E-4
3.534053940418977E-4
3.4768620830927797E-4
3.4214473994657966E-4
3.367729014045457E-4
3.3156308653946765E-4
3.265081354015425E-4
3.216013020648419E-4
3.1683622519709174E-4
3.122069011010492E-4
3.0770765898885047E-4
3.033331382767644E-4
2.9907826771046717E-4
2.9493824615111134E-4
2.9090852487022426E-4
2.8698479121710735E-4
2.8316295353632184E-4
2.794391272251448E-4
2.7580962183183674E-4
2.7227092910525965E-4
2.688197119150999E-4
2.6545279396965603E-4
2.621671502650618E-4
2.589598982060519E-4
2.5582828934383003E-4
2.527697016816569E-4
2.497816325032253E-4
2.468616916828356E-4
2.4400759544012914E-4
2.4121716050530014E-4
2.3848829866365197E-4
2.358190116511527E-4
2.332073863748443E-4
2.306515904343465E-4
2.2814986792255184E-4
2.2570053548541473E-4
2.2330197862244024E-4
2.2095264821087317E-4
2.1865105723800163E-4
2.163957777271886E-4
2.141854378443653E-4
2.1201871917280547E-4
2.09894354144823E-4
2.0781112362001404E-4
2.057678546003599E-4
2.0376341807327406E-4
2.0179672697434635E-4
1.9986673426203397E-4
1.9797243109731614E-4
1.9611284512158306E-4
1.9428703882673883E-4
1.9249410801173153E-4
1.9073318032028396E-4
1.8900341385484078E-4
1.873039958621742E-4
1.856341414863479E-4
1.839930925850705E-4
1.8238011660569371E-4
1.8079450551740576E-4
1.7923557479633488E-4
1.777026624605914E-4
1.7619512815234939E-4
1.7471235226436217E-4
1.7325373510837963E-4
1.7181869612320437E-4
1.704066731201429E-4
1.6901712156383952E-4
1.6764951388658765E-4
1.6630333883427815E-4
1.6497810084231893E-4
1.6367331943996575E-4
1.6238852868150327E-4
1.611232766029312E-4
1.5987712470281302E-4
1.5864964744605087E-4
1.5744043178939358E-4
1.562490767276072E-4
1.550751928592584E-4
1.5391840197110718E-4
1.5277833664022035E-4
1.516546398529093E-4
1.5054696463967388E-4
1.494549737253786E-4
1.4837833919392415E-4
1.473167421667078E-4
1.462698724942437E-4
1.4523742846028366E-4
1.4421911649788318E-4
1.4321465091684025E-4
1.4222375364198107E-4
1.4124615396178344E-4
1.4028158828689592E-4
1.39329799918058E-4
1.3839053882304172E-4
1.3746356142217036E-4
1.3654863038206258E-4
1.3564551441721078E-4
1.3475398809907572E-4
1.3387383167234843E-4
1.330048308780718E-4
1.3214677678332357E-4
1.312994656171975E-4
1.3046269861277654E-4
1.2963628185488817E-4
1.2882002613335438E-4
1.280137468015426E-4
1.272172636399633E-4
1.2643040072474673E-4
1.2565298630074466E-4
1.2488485265911827E-4
1.2412583601918806E-4
1.2337577641441635E-4
1.2263451758230036E-4
1.2190190685808198E-4
1.2117779507206329E-4
1.2046203645043355E-4
1.1975448851944452E-4
1.190550120127748E-4
1.1836347078205438E-4
1.1767973171030203E-4
1.1700366462825893E-4
1.1633514223346154E-4
1.1567404001196536E-4
1.1502023616261329E-4
1.1437361152375099E-4
1.1373404950231107E-4
1.131014360051558E-4
1.1247565937261194E-4
1.1185661031411001E-4
1.1124418184586032E-4
1.1063826923045551E-4
1.1003876991840451E-4
1.0944558349141651E-4
1.0885861160750805E-4
1.0827775794773537E-4
1.0770292816458856E-4
1.0713402983194217E-4
1.0657097239652492E-4
1.0601366713084692E-4
1.05462027087541E-4
1.049159670550582E-4
1.0437540351468858E-4
1.0384025459883821E-4
1.0331044005053664E-4
1.0278588118413629E-4
1.0226650084713574E-4
1.0175222338313603E-4
1.0124297459583291E-4
1.0073868171406742E-4
1.0023927335785953E-4
9.974467950541584E-5
The correct rate for BP: 100.00% 
