1.5238356818385907
1.1918497419107084
0.6325310268876995
0.16395677972129047
0.05183012491183293
0.0334968274114738
0.02471376189267678
0.019504764044645843
0.01605745598664928
0.013611482918537018
0.011789090555012165
0.010380977335432579
0.009261793505985126
0.00835191846129665
0.007598382724350854
0.006964601861748033
0.006424512341872505
0.0059590545575233375
0.005553976059977087
0.005198411306750137
0.0048839358237121235
0.004603919864163529
0.004353076617000813
0.00412714000809736
0.003922630773763847
0.003736683871474658
0.0035669192831880156
0.0034113440186206326
0.0032682768851891586
0.003136290096189516
0.0030141634873810637
0.002900848282689458
0.0027954381684186136
0.0026971460158119517
0.002605285008575611
0.0025192532347579704
0.0024385210247582765
0.0023626204822387773
0.0022911367783116855
0.0022237008727888407
0.002159983397479053
0.002099689491214223
0.0020425544186165145
0.001988339837613239
0.0019368306065943352
0.0018878320425484642
0.0018411675577507682
0.0017966766155468176
0.0017542129561959013
0.0017136430521483557
0.0016748447589563828
0.001637706133580968
0.001602124396412848
0.0015680050170715932
0.0015352609071402267
0.0015038117055570983
0.001473583144520853
0.0014445064855465577
0.0014165180168046456
0.001389558604130797
0.001363573289154146
0.0013385109288885973
0.001314323871892676
0.0012909676667519927
0.0012684007991912668
0.0012465844545964538
0.0012254823031341178
0.001205060305004752
0.0011852865336682537
0.0011661310151407553
0.0011475655816877085
0.0011295637384344799
0.001112100541586393
0.0010951524870991703
0.0010786974087708288
0.0010627143848399555
0.0010471836522755287
0.001032086528030977
0.0010174053366127742
0.001003123343382137
9.892246930683986E-4
9.756943530263942E-4
9.625180608171608E-4
9.496822757334786E-4
9.371741339289371E-4
9.249814068426957E-4
9.130924626415096E-4
9.014962304272913E-4
8.901821669820376E-4
8.791402258432606E-4
8.683608285220103E-4
8.57834837692661E-4
8.47553532199119E-4
8.375085837356716E-4
8.276920350735054E-4
8.180962797147873E-4
8.08714042866685E-4
7.995383636366191E-4
7.90562578358581E-4
7.817803049676933E-4
7.731854283470948E-4
7.647720865775539E-4
7.565346580256011E-4
7.484677492113679E-4
7.405661834018496E-4
7.328249898795455E-4
7.252393938405169E-4
7.178048068791445E-4
7.105168180204586E-4
7.033711852636297E-4
6.963638276030193E-4
6.894908174957697E-4
6.827483737469899E-4
6.76132854785988E-4
6.69640752308625E-4
6.632686852628727E-4
6.570133941561806E-4
6.508717356647929E-4
6.448406775265164E-4
6.389172936997682E-4
6.3309875977285E-4
6.273823486086062E-4
6.217654262103741E-4
6.162454477964367E-4
6.108199540707098E-4
6.054865676783837E-4
6.002429898359351E-4
5.950869971255861E-4
5.90016438444969E-4
5.850292321033027E-4
5.801233630559394E-4
5.752968802697044E-4
5.705478942118784E-4
5.658745744560657E-4
5.612751473987473E-4
5.567478940805442E-4
5.522911481066696E-4
5.479032936613437E-4
5.435827636112972E-4
5.3932803769369E-4
5.351376407841373E-4
5.310101412407651E-4
5.26944149320399E-4
5.229383156632821E-4
5.189913298429097E-4
5.151019189776709E-4
5.112688464013828E-4
5.07490910389675E-4
5.037669429396546E-4
5.000958086001625E-4
4.964764033502844E-4
4.929076535237544E-4
4.89388514777093E-4
4.8591797109944407E-4
4.824950338621602E-4
4.79118740906258E-4
4.757881556660109E-4
4.7250236632708685E-4
4.6926048501754966E-4
4.660616470303071E-4
4.6290501007560967E-4
4.5978975356217127E-4
4.567150779057454E-4
4.536802038638758E-4
4.506843718957163E-4
4.4772684154574906E-4
4.4480689085052183E-4
4.419238157672223E-4
4.3907692962331566E-4
4.362655625862439E-4
4.334890611524005E-4
4.307467876545581E-4
4.2803811978692804E-4
4.2536245014721766E-4
4.227191857948821E-4
4.201077478249759E-4
4.1752757095692557E-4
4.1497810313767026E-4
4.1245880515849726E-4
4.0996915028514164E-4
4.0750862390052955E-4
4.0507672315969075E-4
4.026729566563859E-4
4.0029684410095153E-4
3.9794791600894155E-4
3.956257134001581E-4
3.933297875076492E-4
3.91059699496304E-4
3.8881502019066645E-4
3.865953298116463E-4
3.844002177217491E-4
3.8222928217855026E-4
3.800821300960471E-4
3.779583768136923E-4
3.758576458726902E-4
3.7377956879941683E-4
3.7172378489563413E-4
3.6968994103523983E-4
3.6767769146740033E-4
3.656866976257054E-4
3.637166279432534E-4
3.617671576733968E-4
3.5983796871591787E-4
3.579287494485389E-4
3.560391945634527E-4
3.541690049088211E-4
3.5231788733497063E-4
3.504855545452005E-4
3.4867172495095847E-4
3.4687612253133656E-4
3.4509847669664706E-4
3.433385221560049E-4
3.415959987887363E-4
3.398706515195067E-4
3.381622301970595E-4
3.3647048947640354E-4
3.3479518870436435E-4
3.3313609180839155E-4
3.3149296718848833E-4
3.29865587612201E-4
3.2825373011250927E-4
3.266571758886078E-4
3.2507571020939165E-4
3.235091223196374E-4
3.219572053487419E-4
3.204197562219787E-4
3.1889657557412747E-4
3.173874676654997E-4
3.158922403001805E-4
3.1441070474651044E-4
3.129426756596492E-4
3.1148797100623673E-4
3.100464119910385E-4
3.086178229855091E-4
3.072020314582884E-4
3.0579886790743627E-4
3.0440816579450366E-4
3.030297614802803E-4
3.0166349416220375E-4
3.0030920581338073E-4
2.989667411231921E-4
2.9763594743937167E-4
2.9631667471158665E-4
2.9500877543644133E-4
2.9371210460386497E-4
2.9242651964482753E-4
2.911518803803972E-4
2.898880489720237E-4
2.886348898731024E-4
2.873922697816688E-4
2.861600575943378E-4
2.849381243612847E-4
2.8372634324240134E-4
2.8252458946445184E-4
2.813327402793223E-4
2.8015067492322284E-4
2.789782745769211E-4
2.778154223268708E-4
2.7666200312732907E-4
2.755179037633052E-4
2.7438301281444786E-4
2.7325722061972643E-4
2.721404192429952E-4
2.710325024392988E-4
2.699333656220324E-4
2.688429058307979E-4
2.6776102170005716E-4
2.6668761342844534E-4
2.656225827488682E-4
2.6456583289919436E-4
2.6351726859368045E-4
2.624767959950111E-4
2.614443226869827E-4
2.604197576477979E-4
2.5940301122394876E-4
2.583939951047069E-4
2.573926222971532E-4
2.56398807101783E-4
2.554124650886385E-4
2.544335130739725E-4
2.534618690974115E-4
2.524974523996389E-4
2.515401834005436E-4
2.505899836778539E-4
2.496467759462289E-4
2.48710484036802E-4
2.4778103287716256E-4
2.4685834847176915E-4
2.459423578827721E-4
2.4503298921125377E-4
2.4413017157884383E-4
2.4323383510977276E-4
2.423439109132306E-4
2.414603310661548E-4
2.405830285963541E-4
2.3971193746597636E-4
2.3884699255533203E-4
2.3798812964705618E-4
2.371352854105684E-4
2.3628839738688826E-4
2.3544740397373818E-4
2.3461224441095134E-4
2.337828587661879E-4
2.3295918792092692E-4
2.3214117355674783E-4
2.313287581418992E-4
2.305218849181014E-4
2.2972049788765533E-4
2.2892454180078081E-4
2.2813396214320513E-4
2.2734870512404142E-4
2.265687176638162E-4
2.2579394738283528E-4
2.2502434258969998E-4
2.242598522700981E-4
2.235004260757656E-4
2.2274601431371329E-4
2.2199656793562935E-4
2.212520385274835E-4
2.2051237829936343E-4
2.1977754007545654E-4
2.1904747728427955E-4
2.1832214394904717E-4
2.1760149467824194E-4
2.1688548465636874E-4
2.1617406963488113E-4
2.1546720592326369E-4
2.1476485038029512E-4
2.1406696040547675E-4
2.1337349393061618E-4
2.1268440941156E-4
2.119996658200928E-4
2.1131922263597795E-4
2.106430398391455E-4
2.0997107790202192E-4
2.0930329778200737E-4
2.0863966091409132E-4
2.0798012920357744E-4
2.073246650189799E-4
2.066732311850113E-4
2.0602579097573156E-4
2.0538230810778358E-4
2.047427467337829E-4
2.041070714357988E-4
2.0347524721897722E-4
2.0284723950524978E-4
2.022230141271728E-4
2.0160253732188032E-4
2.0098577572511559E-4
2.0037269636539616E-4
1.9976326665827417E-4
1.9915745440067962E-4
1.9855522776538245E-4
1.9795655529554956E-4
1.9736140589938275E-4
1.9676974884485398E-4
1.9618155375454094E-4
1.9559679060054044E-4
1.9501542969946813E-4
1.9443744170756405E-4
1.9386279761584232E-4
1.9329146874536257E-4
1.9272342674256276E-4
1.9215864357465827E-4
1.91597091525165E-4
1.9103874318942275E-4
1.904835714702791E-4
1.8993154957376506E-4
1.8938265100491215E-4
1.8883684956358664E-4
1.8829411934041812E-4
1.877544347127901E-4
1.8721777034090364E-4
1.866841011638907E-4
1.8615340239599583E-4
1.856256495228398E-4
1.8510081829770997E-4
1.845788847379351E-4
1.8405982512131774E-4
1.8354361598261053E-4
1.8303023411006875E-4
1.825196565420356E-4
1.8201186056360336E-4
1.8150682370330753E-4
1.8100452372989603E-4
1.805049386491356E-4
1.80008046700669E-4
1.795138263549168E-4
1.7902225631005885E-4
1.7853331548901968E-4
1.7804698303652676E-4
1.7756323831620997E-4
1.770820609077507E-4
1.7660343060407028E-4
1.76127327408553E-4
1.7565373153233667E-4
1.7518262339161626E-4
1.747139836050142E-4
1.7424779299097542E-4
1.7378403256520229E-4
1.7332268353814392E-4
1.7286372731250383E-4
1.7240714548080136E-4
1.7195291982296092E-4
1.7150103230393813E-4
1.710514650713917E-4
1.706042004533775E-4
1.7015922095608502E-4
1.6971650926160146E-4
1.6927604822572357E-4
1.6883782087577913E-4
1.6840181040850196E-4
1.6796800018792964E-4
1.675363737433315E-4
1.6710691476716865E-4
1.6667960711308686E-4
1.662544347939305E-4
1.6583138197980035E-4
1.6541043299611753E-4
1.6499157232174872E-4
1.645747845871185E-4
1.641600545723836E-4
1.6374736720561526E-4
1.633367075610072E-4
1.6292806085712816E-4
1.625214124551682E-4
1.6211674785724512E-4
1.6171405270470755E-4
1.6131331277647335E-4
1.6091451398739514E-4
1.6051764238664466E-4
1.6012268415611813E-4
1.5972962560886203E-4
1.593384531875438E-4
1.5894915346290062E-4
1.5856171313225582E-4
1.5817611901802146E-4
1.5779235806625137E-4
1.5741041734517735E-4
1.5703028404380907E-4
1.5665194547052316E-4
1.5627538905167457E-4
1.559006023302447E-4
1.555275729644839E-4
1.5515628872659696E-4
1.547867375014319E-4
1.544189072851792E-4
1.5405278618411727E-4
1.5368836241334274E-4
1.5332562429554405E-4
1.5296456025977036E-4
1.5260515884023021E-4
1.5224740867510664E-4
1.5189129850538453E-4
1.5153681717368356E-4
1.5118395362313897E-4
1.508326968962536E-4
1.5048303613379865E-4
1.5013496057371655E-4
1.4978845955003996E-4
1.4944352249182368E-4
1.4910013892209328E-4
1.4875829845680758E-4
1.4841799080382654E-4
1.4807920576191138E-4
1.4774193321972142E-4
1.4740616315482127E-4
1.4707188563271953E-4
1.4673909080590813E-4
1.4640776891290422E-4
1.4607791027733354E-4
1.4574950530699295E-4
1.4542254449294547E-4
1.4509701840862175E-4
1.4477291770893422E-4
1.4445023312939742E-4
1.4412895548526585E-4
1.4380907567068053E-4
1.4349058465782386E-4
1.4317347349609711E-4
1.4285773331128377E-4
1.4254335530475092E-4
1.4223033075264738E-4
1.419186510051086E-4
1.416083074854791E-4
1.412992916895425E-4
1.4099159518475847E-4
1.406852096095138E-4
1.4038012667237933E-4
1.4007633815137847E-4
1.397738358932615E-4
1.3947261181279492E-4
1.391726578920481E-4
1.3887396617971067E-4
1.3857652879038521E-4
1.3828033790392447E-4
1.379853857647504E-4
1.3769166468119372E-4
1.3739916702484506E-4
1.3710788522989625E-4
1.36817811792507E-4
1.3652893927017264E-4
1.3624126028110757E-4
1.359547675036196E-4
1.356694536755076E-4
1.3538531159345418E-4
1.3510233411243675E-4
1.34820514145145E-4
1.345398446613904E-4
1.3426031868754015E-4
1.3398192930595196E-4
1.3370466965441133E-4
1.334285329255834E-4
1.331535123664631E-4
1.3287960127783769E-4
1.326067930137515E-4
1.3233508098098591E-4
1.3206445863853198E-4
1.317949194970778E-4
1.3152645711850304E-4
1.3125906511537587E-4
1.3099273715044962E-4
1.3072746693618546E-4
1.3046324823425408E-4
1.302000748550684E-4
1.2993794065730015E-4
1.2967683954741643E-4
1.294167654792143E-4
1.2915771245337426E-4
1.288996745169886E-4
1.2864264576313382E-4
1.2838662033041594E-4
1.2813159240254168E-4
1.2787755620788098E-4
1.276245060190441E-4
1.273724361524634E-4
1.2712134096796128E-4
1.2687121486836203E-4
1.2662205229905984E-4
1.2637384774762784E-4
1.2612659574342736E-4
1.2588029085719505E-4
1.2563492770066982E-4
1.2539050092619822E-4
1.2514700522635956E-4
1.2490443533358413E-4
1.2466278601978715E-4
1.244220520959906E-4
1.2418222841197501E-4
1.239433098559058E-4
1.237052913539795E-4
1.2346816787007565E-4
1.2323193440541005E-4
1.2299658599818005E-4
1.2276211772324232E-4
1.2252852469175543E-4
1.222958020508597E-4
1.220639449833466E-4
1.2183294870732984E-4
1.2160280847592465E-4
1.2137351957692587E-4
1.2114507733250197E-4
1.2091747709886983E-4
1.2069071426599581E-4
1.204647842572916E-4
1.2023968252930658E-4
1.2001540457142414E-4
1.1979194590558939E-4
1.1956930208598942E-4
1.1934746869877923E-4
1.1912644136179729E-4
1.189062157242676E-4
1.1868678746654136E-4
1.1846815229980782E-4
1.1825030596581475E-4
1.180332442366112E-4
1.1781696291427071E-4
1.1760145783062641E-4
1.1738672484701037E-4
1.1717275985399626E-4
1.1695955877113462E-4
1.1674711754670924E-4
1.1653543215747759E-4
1.1632449860841864E-4
1.1611431293250144E-4
1.1590487119042508E-4
1.1569616947038385E-4
1.1548820388783412E-4
1.1528097058524822E-4
1.1507446573188278E-4
1.1486868552355575E-4
1.1466362618240408E-4
1.1445928395667066E-4
1.1425565512046964E-4
1.1405273597356727E-4
1.1385052284116585E-4
1.1364901207368269E-4
1.1344820004653117E-4
1.1324808315992072E-4
1.1304865783862452E-4
1.128499205317961E-4
1.1265186771274259E-4
1.1245449587872784E-4
1.1225780155077562E-4
1.1206178127345066E-4
1.1186643161468894E-4
1.1167174916557075E-4
1.1147773054014838E-4
1.1128437237524333E-4
1.1109167133026045E-4
1.1089962408698991E-4
1.1070822734943791E-4
1.1051747784362408E-4
1.1032737231740906E-4
1.101379075403095E-4
1.099490803033142E-4
1.0976088741871827E-4
1.0957332571993756E-4
1.0938639206133657E-4
1.0920008331805424E-4
1.0901439638584182E-4
1.0882932818087981E-4
1.0864487563962472E-4
1.0846103571863212E-4
1.0827780539440253E-4
1.0809518166320541E-4
1.0791316154093237E-4
1.077317420629295E-4
1.0755092028384324E-4
1.0737069327745846E-4
1.0719105813655317E-4
1.0701201197273246E-4
1.0683355191629263E-4
1.0665567511605234E-4
1.0647837873921999E-4
1.0630165997123852E-4
1.0612551601564127E-4
1.0594994409389957E-4
1.0577494144529547E-4
1.0560050532676362E-4
1.0542663301276343E-4
1.0525332179512801E-4
1.0508056898293574E-4
1.0490837190237209E-4
1.0473672789658812E-4
1.0456563432557212E-4
1.0439508856601855E-4
1.0422508801118743E-4
1.0405563007078833E-4
1.038867121708343E-4
1.0371833175352855E-4
1.0355048627712935E-4
1.0338317321582783E-4
1.0321639005962503E-4
1.0305013431420438E-4
1.028844035008151E-4
1.0271919515614212E-4
1.0255450683220325E-4
1.0239033609620652E-4
1.0222668053046024E-4
1.0206353773222932E-4
1.0190090531364571E-4
1.0173878090156983E-4
1.015771621374958E-4
1.0141604667743269E-4
1.0125543219178893E-4
1.0109531636526858E-4
1.0093569689676113E-4
1.0077657149923034E-4
1.0061793789960764E-4
1.004597938386935E-4
1.00302137071036E-4
1.0014496536484284E-4
9.998827650187027E-5
The correct rate for BP: 100.00% 
