1.7578138346696852
1.443606668005702
1.0275999673818734
0.5588103197680537
0.22642943029056506
0.09042230129910447
0.052945594011022765
0.03765451460599653
0.02908682586271668
0.023605567458986933
0.01980442624856834
0.01701903628002726
0.01489392879471471
0.013221667752612905
0.011873119951386518
0.010763751739453707
0.009835946162327608
0.009049107519300197
0.008373826864883431
0.007788289701961216
0.007275981902806065
0.006824178143520556
0.006422918569402121
0.006064299355218873
0.0057419704578801755
0.00545077335392841
0.005186475340043409
0.004945571697639974
0.004725136361995203
0.004522707792939351
0.004336200751173067
0.004163837383981762
0.004004092873532174
0.003855652187348155
0.003717375378037397
0.0035882695278753453
0.0034674659029557313
0.0033542012247559003
0.003247802220601672
0.0031476728038359
0.0030532833771056396
0.0029641618605361028
0.0028798861295521562
0.0028000776111618856
0.0027243958373104464
0.0026525337928842816
0.0025842139266453986
0.0025191847177064787
0.0024572177095530594
0.002398104939166809
0.0023416567013312996
0.002287699598347865
0.002236074833644378
0.002186636714509028
0.0021392513347215387
0.002093795412422915
0.002050155262346129
0.0020082258846726613
0.0019679101554004527
0.0019291181053029084
0.0018917662764003423
0.001855777146418396
0.0018210786130197646
0.0017876035307083542
0.0017552892942511822
0.001724077463270095
0.0016939134233454115
0.0016647460795651218
0.00163652757896169
0.0016092130587167623
0.0015827604173925098
0.0015571301067759426
0.0015322849422069226
0.001508189929507774
0.0014848121068479305
0.0014621204000651263
0.0014400854901291946
0.0014186796915790702
0.001397876840890064
0.0013776521938401866
0.0013579823310425362
0.0013388450708975719
0.0013202193892958396
0.0013020853454697324
0.0012844240134533389
0.0012672174186628012
0.0012504484791576052
0.0012341009511855697
0.0012181593786524017
0.00120260904619059
0.00118743593553276
0.0011726266849218792
0.0011581685513151665
0.0011440493751604158
0.001130257547543352
0.0011167819795223194
0.001103612073482657
0.0010907376963577061
0.0010781491545763888
0.001065837170609169
0.001053792860995032
0.0010420077157416887
0.0010304735790002946
0.0010191826309237195
0.0010081273706249616
9.973006001588118E-4
9.86695409455963E-4
9.763051621443185E-4
9.66123482197349E-4
9.561442413537544E-4
9.463615472572332E-4
9.367697322687236E-4
9.273633429072528E-4
9.181371298785542E-4
9.090860386539062E-4
9.00205200563955E-4
8.91489924375262E-4
8.829356883192931E-4
8.745381325458103E-4
8.662930519746699E-4
8.581963895216985E-4
8.502442296760954E-4
8.424327924083164E-4
8.347584273887689E-4
8.272176084991056E-4
8.198069286189567E-4
8.125230946721259E-4
8.053629229174865E-4
7.98323334470435E-4
7.914013510420002E-4
7.845940908833654E-4
7.778987649243597E-4
7.71312673095214E-4
7.648332008215132E-4
7.584578156830134E-4
7.521840642273199E-4
7.460095689303383E-4
7.399320252955032E-4
7.339491990845657E-4
7.28058923673071E-4
7.222590975239403E-4
7.165476817731496E-4
7.109226979217327E-4
7.053822256286909E-4
6.99924400599737E-4
6.945474125669869E-4
6.892495033552322E-4
6.840289650302992E-4
6.788841381256568E-4
6.738134099433067E-4
6.688152129254821E-4
6.638880230936139E-4
6.590303585514889E-4
6.542407780494386E-4
6.495178796067339E-4
6.448602991894594E-4
6.402667094412861E-4
6.35735818464627E-4
6.312663686499893E-4
6.268571355512132E-4
6.225069268045598E-4
6.182145810896466E-4
6.139789671304354E-4
6.097989827343505E-4
6.05673553867985E-4
6.016016337676743E-4
5.975822020835152E-4
5.936142640552405E-4
5.896968497187648E-4
5.858290131418678E-4
5.820098316879805E-4
5.782384053067219E-4
5.745138558501427E-4
5.708353264135864E-4
5.672019807001285E-4
5.636130024076285E-4
5.600675946374527E-4
5.565649793240039E-4
5.531043966841728E-4
5.496851046859552E-4
5.463063785354239E-4
5.429675101813211E-4
5.396678078366145E-4
5.364065955162874E-4
5.331832125907756E-4
5.299970133543752E-4
5.268473666081403E-4
5.237336552565946E-4
5.206552759178112E-4
5.176116385462882E-4
5.146021660682003E-4
5.116262940284772E-4
5.086834702493424E-4
5.057731544998266E-4
5.02894818175858E-4
5.000479439905607E-4
4.972320256743699E-4
4.944465676845878E-4
4.916910849240696E-4
4.889651024686649E-4
4.862681553031435E-4
4.8359978806527615E-4
4.809595547977723E-4
4.783470187077947E-4
4.757617519338344E-4
4.7320333531959685E-4
4.706713581947218E-4
4.681654181620875E-4
4.6568512089142596E-4
4.632300799191311E-4
4.607999164538884E-4
4.5839425918811513E-4
4.5601274411484694E-4
4.536550143500044E-4
4.5132071995977247E-4
4.490095177929973E-4
4.467210713183801E-4
4.444550504662931E-4
4.422111314751473E-4
4.3998899674209244E-4
4.377883346778778E-4
4.3560883956587947E-4
4.334502114249557E-4
4.3131215587621124E-4
4.29194384013365E-4
4.270966122767642E-4
4.250185623307969E-4
4.2295996094467576E-4
4.2092053987644767E-4
4.189000357601775E-4
4.1689818999611955E-4
4.1491474864386186E-4
4.129494623183409E-4
4.110020860885785E-4
4.0907237937914427E-4
4.0716010587416187E-4
4.0526503342390484E-4
4.033869339537569E-4
4.015255833756029E-4
3.996807615014765E-4
3.978522519594549E-4
3.9603984211170523E-4
3.942433229746361E-4
3.924624891410684E-4
3.906971387044048E-4
3.8894707318468173E-4
3.8721209745650994E-4
3.854920196788208E-4
3.8378665122633566E-4
3.820958066227738E-4
3.80419303475694E-4
3.7875696241294437E-4
3.7710860702066965E-4
3.7547406378285757E-4
3.7385316202232383E-4
3.722457338431452E-4
3.706516140744908E-4
3.69070640215794E-4
3.6750265238323654E-4
3.6594749325752097E-4
3.644050080328855E-4
3.6287504436730245E-4
3.6135745233390176E-4
3.598520843734786E-4
3.5835879524815566E-4
3.568774419961014E-4
3.5540788388733097E-4
3.5394998238047655E-4
3.5250360108062364E-4
3.510686056980692E-4
3.496448640080174E-4
3.482322458112475E-4
3.468306228956143E-4
3.454398689984546E-4
3.44059859769841E-4
3.4269047273664956E-4
3.4133158726742734E-4
3.399830845380752E-4
3.3864484749825206E-4
3.373167608385418E-4
3.359987109583643E-4
3.3469058593455105E-4
3.3339227549064474E-4
3.321036709668469E-4
3.3082466529063553E-4
3.2955515294799914E-4
3.2829502995531464E-4
3.2704419383182014E-4
3.2580254357267297E-4
3.245699796225809E-4
3.2334640385002223E-4
3.221317195219753E-4
3.2092583127920417E-4
3.197286451120649E-4
3.1854006833681534E-4
3.173600095724133E-4
3.161883787178205E-4
3.150250869297482E-4
3.138700466008906E-4
3.1272317133860015E-4
3.1158437594398087E-4
3.1045357639144605E-4
3.0933068980867217E-4
3.0821563445695207E-4
3.071083297119786E-4
3.0600869604497657E-4
3.049166550042551E-4
3.038321291971043E-4
3.027550422720657E-4
3.0168531890154097E-4
3.0062288476477827E-4
2.9956766653115973E-4
2.9851959184385595E-4
2.974785893037647E-4
2.9644458845379143E-4
2.954175197634362E-4
2.943973146136689E-4
2.9338390528209644E-4
2.9237722492845354E-4
2.9137720758031817E-4
2.9038378811914944E-4
2.8939690226655995E-4
2.8841648657088666E-4
2.8744247839398404E-4
2.864748158982816E-4
2.855134380340949E-4
2.8455828452717376E-4
2.8360929586646196E-4
2.8266641329213E-4
2.8172957878379166E-4
2.8079873504896664E-4
2.798738255117403E-4
2.7895479430165276E-4
2.780415862427745E-4
2.7713414684299925E-4
2.7623242228352575E-4
2.7533635940852686E-4
2.7444590571502734E-4
2.735610093429389E-4
2.726816190653084E-4
2.718076842787117E-4
2.7093915499383595E-4
2.700759818262384E-4
2.692181159872561E-4
2.683655092750934E-4
2.675181140660533E-4
2.666758833059341E-4
2.6583877050158003E-4
2.650067297125772E-4
2.64179715543107E-4
2.6335768313390684E-4
2.625405881544356E-4
2.61728386795111E-4
2.609210357597241E-4
2.601184922579644E-4
2.5932071399809633E-4
2.5852765917973314E-4
2.577392864867657E-4
2.5695555508038265E-4
2.561764245922392E-4
2.5540185511773025E-4
2.546318072093661E-4
2.538662418702851E-4
2.531051205478552E-4
2.523484051273947E-4
2.5159605792600875E-4
2.5084804168649163E-4
2.501043195713779E-4
2.493648551570699E-4
2.4862961242806333E-4
2.478985557712625E-4
2.471716499704152E-4
2.464488602006084E-4
2.457301520228808E-4
2.4501549137890703E-4
2.44304844585772E-4
2.435981783308423E-4
2.4289545966671094E-4
2.4219665600621606E-4
2.4150173511756855E-4
2.4081066511951767E-4
2.4012341447664289E-4
2.3943995199468185E-4
2.3876024681594637E-4
2.3808426841482865E-4
2.3741198659334652E-4
2.3674337147678963E-4
2.3607839350941293E-4
2.3541702345022462E-4
2.3475923236880323E-4
2.341049916412215E-4
2.3345427294600818E-4
2.3280704826016618E-4
2.3216328985529538E-4
2.3152297029371705E-4
2.3088606242471207E-4
2.3025253938078425E-4
2.296223745739886E-4
2.2899554169232927E-4
2.2837201469619526E-4
2.277517678148651E-4
2.271347755430577E-4
2.2652101263753548E-4
2.2591045411375537E-4
2.2530307524259397E-4
2.24698851547088E-4
2.2409775879924835E-4
2.2349977301691946E-4
2.2290487046067411E-4
2.2231302763076435E-4
2.217242212641262E-4
2.2113842833140253E-4
2.2055562603404244E-4
2.1997579180142122E-4
2.193989032880078E-4
2.1882493837058848E-4
2.1825387514550984E-4
2.1768569192597755E-4
2.17120367239385E-4
2.1655787982468759E-4
2.15998208629828E-4
2.1544133280916223E-4
2.148872317209593E-4
2.143358849249283E-4
2.1378727217975904E-4
2.1324137344073827E-4
2.1269816885736268E-4
2.1215763877100837E-4
2.1161976371263065E-4
2.1108452440048E-4
2.1055190173788237E-4
2.1002187681101446E-4
2.094944308867494E-4
2.0896954541049488E-4
2.0844720200408488E-4
2.0792738246370372E-4
2.0741006875782435E-4
2.0689524302518617E-4
2.0638288757279203E-4
2.0587298487394903E-4
2.0536551756631698E-4
2.0486046845000347E-4
2.0435782048567464E-4
2.0385755679268414E-4
2.0335966064724775E-4
2.0286411548062599E-4
2.0237090487734856E-4
2.0188001257343783E-4
2.0139142245469035E-4
2.0090511855494394E-4
2.004210850544119E-4
1.9993930627798938E-4
1.994597666936332E-4
1.9898245091072014E-4
1.9850734367847484E-4
1.9803442988435073E-4
1.9756369455251602E-4
1.9709512284229078E-4
1.9662870004663515E-4
1.9616441159066737E-4
1.9570224303017475E-4
1.952421800501654E-4
1.9478420846342676E-4
1.9432831420911433E-4
1.9387448335135267E-4
1.9342270207785766E-4
1.9297295669855848E-4
1.925252336442774E-4
1.920795194653969E-4
1.9163580083053817E-4
1.9119406452528166E-4
1.9075429745089362E-4
1.903164866230637E-4
1.8988061917065633E-4
1.894466823345014E-4
1.8901466346617324E-4
1.8858455002679188E-4
1.8815632958585842E-4
1.8772998982008224E-4
1.8730551851223128E-4
1.8688290355000647E-4
1.8646213292490858E-4
1.860431947311457E-4
1.8562607716453397E-4
1.8521076852142683E-4
1.8479725719764485E-4
1.8438553168742647E-4
1.8397558058239562E-4
1.835673925705338E-4
1.8316095643516853E-4
1.8275626105397706E-4
1.823532953979993E-4
1.819520485306657E-4
1.815525096068261E-4
1.811546678718199E-4
1.8075851266051768E-4
1.8036403339641006E-4
1.799712195906795E-4
1.7958006084130813E-4
1.791905468321805E-4
1.7880266733220218E-4
1.7841641219442994E-4
1.7803177135521195E-4
1.776487348333343E-4
1.7726729272919223E-4
1.7688743522394548E-4
1.7650915257871297E-4
1.7613243513376326E-4
1.7575727330770133E-4
1.7538365759669868E-4
1.7501157857369284E-4
1.74641026887636E-4
1.7427199326272385E-4
1.7390446849763788E-4
1.7353844346481483E-4
1.7317390910970203E-4
1.7281085645003822E-4
1.7244927657513001E-4
1.720891606451485E-4
1.717304998904263E-4
1.7137328561076925E-4
1.7101750917476608E-4
1.7066316201911833E-4
1.70310235647971E-4
1.6995872163224997E-4
1.6960861160901302E-4
1.6925989728079976E-4
1.6891257041500688E-4
1.6856662284324208E-4
1.6822204646071103E-4
1.6787883322559968E-4
1.6753697515847638E-4
1.671964643416616E-4
1.6685729291867146E-4
1.665194530936036E-4
1.6618293713056425E-4
1.658477373530963E-4
1.6551384614361272E-4
1.6518125594282954E-4
1.648499592492155E-4
1.6451994861844472E-4
1.6419121666285029E-4
1.6386375605089326E-4
1.6353755950662962E-4
1.6321261980918914E-4
1.6288892979224908E-4
1.625664823435363E-4
1.6224527040430606E-4
1.6192528696885473E-4
1.6160652508400523E-4
1.61288977848647E-4
1.609726384132246E-4
1.6065749997926405E-4
1.6034355579891464E-4
1.600307991744663E-4
1.597192234578871E-4
1.5940882205037367E-4
1.5909958840188955E-4
1.587915160107192E-4
1.584845984230306E-4
1.5817882923243088E-4
1.5787420207953197E-4
1.5757071065153311E-4
1.5726834868177812E-4
1.5696710994935408E-4
1.566669882786623E-4
1.5636797753902133E-4
1.560700716442499E-4
1.557732645522719E-4
1.5547755026471105E-4
1.5518292282651116E-4
1.5488937632553626E-4
1.5459690489219086E-4
1.5430550269903787E-4
1.540151639604204E-4
1.5372588293209886E-4
1.534376539108676E-4
1.5315047123420211E-4
1.5286432927989695E-4
1.5257922246570012E-4
1.5229514524897424E-4
1.5201209212633055E-4
1.5173005763330298E-4
1.5144903634398816E-4
1.511690228707148E-4
1.5089001186370982E-4
1.506119980107684E-4
1.503349760369181E-4
1.5005894070410262E-4
1.4978388681085735E-4
1.4950980919199524E-4
1.492367027182819E-4
1.4896456229613453E-4
1.4869338286731276E-4
1.4842315940861365E-4
1.4815388693156705E-4
1.4788556048213425E-4
1.4761817514042302E-4
1.4735172602038386E-4
1.4708620826952984E-4
1.4682161706864447E-4
1.465579476314945E-4
1.462951952045643E-4
1.4603335506675706E-4
1.457724225291408E-4
1.455123929346569E-4
1.452532616578657E-4
1.4499502410466895E-4
1.4473767571205828E-4
1.444812119478369E-4
1.4422562831037454E-4
1.4397092032834987E-4
1.4371708356048516E-4
1.4346411359530972E-4
1.4321200605090873E-4
1.4296075657465988E-4
1.4271036084302188E-4
1.4246081456125903E-4
1.4221211346323025E-4
1.4196425331113152E-4
1.4171722989527756E-4
1.4147103903385726E-4
1.412256765727158E-4
1.409811383851139E-4
1.407374203715216E-4
1.4049451845937576E-4
1.4025242860287004E-4
1.400111467827377E-4
1.3977066900602603E-4
1.3953099130589288E-4
1.3929210974138612E-4
1.3905402039723883E-4
1.3881671938366163E-4
1.3858020283612603E-4
1.3834446691518063E-4
1.3810950780622725E-4
1.3787532171933233E-4
1.3764190488903212E-4
1.3740925357412612E-4
1.3717736405748546E-4
1.369462326458695E-4
1.367158556697227E-4
1.364862294829938E-4
1.3625735046294085E-4
1.3602921500996257E-4
1.3580181954738938E-4
1.355751605213248E-4
1.3534923440044997E-4
1.3512403767585376E-4
1.348995668608534E-4
1.3467581849081997E-4
1.3445278912300527E-4
1.3423047533636288E-4
1.3400887373139357E-4
1.3378798092995753E-4
1.3356779357513002E-4
1.3334830833100825E-4
1.3312952188257302E-4
1.329114309355131E-4
1.3269403221606232E-4
1.324773224708538E-4
1.3226129846674435E-4
1.3204595699066975E-4
1.3183129484949124E-4
1.3161730886982818E-4
1.3140399589792412E-4
1.311913527994853E-4
1.3097937645952583E-4
1.3076806378223486E-4
1.305574116908211E-4
1.3034741712736802E-4
1.301380770526858E-4
1.2992938844617766E-4
1.2972134830569422E-4
1.295139536473913E-4
1.2930720150559343E-4
1.291010889326591E-4
1.2889561299883593E-4
1.2869077079213383E-4
1.2848655941818767E-4
1.2828297600012674E-4
1.2808001767843901E-4
1.27877681610849E-4
1.27675964972173E-4
1.2747486495421525E-4
1.272743787656108E-4
1.270745036317344E-4
1.2687523679454503E-4
1.266765755124808E-4
1.2647851706032562E-4
1.262810587291021E-4
1.2608419782593372E-4
1.2588793167394186E-4
1.2569225761211445E-4
1.254971729952024E-4
1.253026751935898E-4
1.2510876159318668E-4
1.2491542959531558E-4
1.247226766165946E-4
1.2453050008883165E-4
1.2433889745890313E-4
1.2414786618865212E-4
1.239574037547847E-4
1.2376750764874183E-4
1.2357817537661587E-4
1.2338940445902802E-4
1.2320119243102633E-4
1.2301353684198612E-4
1.2282643525550935E-4
1.2263988524930264E-4
1.2245388441510096E-4
1.222684303585468E-4
1.220835206991054E-4
1.2189915306995343E-4
1.2171532511788767E-4
1.2153203450322686E-4
1.2134927889970897E-4
1.2116705599440861E-4
1.2098536348762685E-4
1.2080419909280647E-4
1.2062356053643704E-4
1.2044344555795847E-4
1.202638519096766E-4
1.2008477735666519E-4
1.1990621967667977E-4
1.1972817666006394E-4
1.195506461096662E-4
1.1937362584074855E-4
1.1919711368090096E-4
1.1902110746995114E-4
1.1884560505988519E-4
1.1867060431475476E-4
1.1849610311060317E-4
1.1832209933536607E-4
1.1814859088880815E-4
1.1797557568242296E-4
1.1780305163936323E-4
1.1763101669435242E-4
1.1745946879361424E-4
1.1728840589477808E-4
1.1711782596681194E-4
1.1694772698994706E-4
1.1677810695558676E-4
1.1660896386623774E-4
1.1644029573543715E-4
1.1627210058766991E-4
1.1610437645829921E-4
1.1593712139348395E-4
1.157703334501157E-4
1.1560401069573602E-4
1.1543815120847231E-4
1.15272753076957E-4
1.151078144002633E-4
1.1494333328782847E-4
1.1477930785938706E-4
1.146157362449045E-4
1.144526165845011E-4
1.1428994702838496E-4
1.1412772573678536E-4
1.1396595087988844E-4
1.1380462063776341E-4
1.1364373320030121E-4
1.1348328676714464E-4
1.1332327954763016E-4
1.1316370976071616E-4
1.1300457563491677E-4
1.1284587540824594E-4
1.1268760732815055E-4
1.125297696514455E-4
1.123723606442533E-4
1.1221537858194271E-4
1.1205882174906646E-4
1.1190268843930163E-4
1.1174697695538874E-4
1.1159168560906694E-4
1.1143681272102562E-4
1.1128235662083671E-4
1.1112831564689936E-4
1.1097468814637694E-4
1.108214724751488E-4
1.1066866699774784E-4
1.105162700872997E-4
1.1036428012547589E-4
1.1021269550243049E-4
1.1006151461674827E-4
1.0991073587538765E-4
1.0976035769363268E-4
1.0961037849502677E-4
1.0946079671132854E-4
1.0931161078246039E-4
1.091628191564457E-4
1.0901442028936413E-4
1.0886641264529956E-4
1.0871879469628675E-4
1.0857156492225612E-4
1.0842472181099165E-4
1.082782638580726E-4
1.0813218956682819E-4
1.0798649744828755E-4
1.0784118602112427E-4
1.0769625381161877E-4
1.0755169935360075E-4
1.0740752118840268E-4
1.0726371786481661E-4
1.071202879390405E-4
1.069772299746335E-4
1.0683454254247527E-4
1.0669222422070697E-4
1.0655027359469715E-4
1.0640868925699305E-4
1.0626746980726607E-4
1.0612661385228082E-4
1.0598612000584682E-4
1.0584598688876238E-4
1.057062131287879E-4
1.0556679736059273E-4
1.0542773822570651E-4
1.0528903437249717E-4
1.0515068445609951E-4
1.0501268713839609E-4
1.0487504108796445E-4
1.0473774498003478E-4
1.0460079749646093E-4
1.0446419732565754E-4
1.0432794316257886E-4
1.0419203370867055E-4
1.0405646767182819E-4
1.0392124376636083E-4
1.0378636071294576E-4
1.0365181723860069E-4
1.0351761207663047E-4
1.0338374396659728E-4
1.0325021165428061E-4
1.0311701389163948E-4
1.0298414943677193E-4
1.0285161705388212E-4
1.0271941551323552E-4
1.0258754359113021E-4
1.0245600006985663E-4
1.0232478373765869E-4
1.0219389338869817E-4
1.0206332782302676E-4
1.019330858465378E-4
1.0180316627093929E-4
1.0167356791371622E-4
1.0154428959809574E-4
1.0141533015301138E-4
1.0128668841306857E-4
1.0115836321852018E-4
1.0103035341521007E-4
1.009026578545662E-4
1.0077527539354462E-4
1.0064820489461386E-4
1.0052144522570672E-4
1.003949952602011E-4
1.0026885387687999E-4
1.0014301995989415E-4
1.0001749239874384E-4
9.989227008823677E-5
The correct rate for BP: 100.00% 
