1.3299797424386768
1.236663426383691
0.8951788020895342
0.5609205697390416
0.3121997950149251
0.16308944797590622
0.09170865423750212
0.06036565755338864
0.04413709390701663
0.03441032952365215
0.028002789438315294
0.02349550064191032
0.020168806839350125
0.017621798224943006
0.01561464803432667
0.013995654890388532
0.012664453353671157
0.01155214537231239
0.01060995168577978
0.009802420243421366
0.009103198323949003
0.00849231018432879
0.0079543520645861
0.007477264384519052
0.0070514774749355184
0.006669305142812304
0.006324506361760208
0.0060119633091143465
0.005727441376960967
0.005467407887637591
0.005228893477978682
0.005009384920670483
0.00480674139803125
0.0046191284736464494
0.0044449655618579425
0.004282883793695711
0.004131691964101902
0.003990348814693187
0.0038579403232056808
0.0037336609791547314
0.0036167982555634936
0.0035067196601866087
0.0034028618815733214
0.0033047216463768245
0.0032118479823249886
0.003123835641910169
0.0030403194893172734
0.0029609696904919175
0.002885487575873031
0.002813602068924163
0.002745066592517308
0.0026796563804647048
0.0026171661338331887
0.0025574079717126503
0.00250020963431274
0.0024454129029925793
0.0023928722073765845
0.002342453394299464
0.0022940326371361057
0.0022474954672511076
0.0022027359119615566
0.0021596557256393953
0.002118163702459938
0.00207817506089149
0.0020396108913676774
0.002002397659728101
0.0019664667599883644
0.0019317541108343148
0.0018981997909496208
0.001865747708899537
0.0018343453038226407
0.0018039432736382435
0.0017744953278728496
0.001745957962550722
0.0017182902548921136
0.001691453675821632
0.0016654119185155474
0.0016401307414152149
0.0016155778243065672
0.0015917226362186427
0.001568536314027466
0.0015459915507698915
0.0015240624927760642
0.0015027246448213617
0.0014819547825798349
0.0014617308717339592
0.0014420319931593964
0.0014228382736607317
0.0014041308217850497
0.0013858916682855495
0.0013681037108482837
0.001350750662730902
0.0013338170049953524
0.0013172879420453182
0.001301149360205524
0.0012853877891036108
0.0012699903656364793
0.0012549448003221126
0.0012402393458552817
0.001225862767700984
0.0012118043165736533
0.0011980537026630687
0.0011846010714792142
0.001171436981199174
0.0011585523814084456
0.0011459385931378817
0.0011335872901053492
0.0011214904810783232
0.0011096404932803426
0.0010980299567701116
0.0010866517897276206
0.001075499184586519
0.0010645655949568168
0.0010538447232858246
0.001043330509209461
0.0010330171185493552
0.0010228989329144167
0.0010129705398687415
0.0010032267236301082
9.936624562662136E-4
9.842728893578567E-4
9.750533461005241E-4
9.659993138177979E-4
9.571064368618188E-4
9.483705098777247E-4
9.397874714105332E-4
9.313533978344311E-4
9.230644975856076E-4
9.14917105681229E-4
9.069076785081495E-4
8.990327888659623E-4
8.912891212502029E-4
8.836734673621169E-4
8.761827218325893E-4
8.688138781483376E-4
8.615640247693545E-4
8.544303414272581E-4
8.474100955947894E-4
8.405006391173547E-4
8.336994049979488E-4
8.270039043275117E-4
8.204117233530494E-4
8.13920520676327E-4
8.075280245765762E-4
8.012320304506888E-4
7.950303983651107E-4
7.88921050713668E-4
7.829019699761377E-4
7.76971196572466E-4
7.711268268080119E-4
7.653670109052565E-4
7.596899511178673E-4
7.540938999230647E-4
7.485771582885572E-4
7.431380740105428E-4
7.377750401192857E-4
7.32486493349243E-4
7.272709126705943E-4
7.221268178793936E-4
7.170527682436499E-4
7.120473612026919E-4
7.07109231117489E-4
7.022370480695724E-4
6.974295167063525E-4
6.926853751307949E-4
6.880033938334972E-4
6.833823746652401E-4
6.788211498482737E-4
6.743185810246869E-4
6.698735583401355E-4
6.65484999561572E-4
6.611518492273631E-4
6.568730778285308E-4
6.526476810197408E-4
6.48474678858783E-4
6.44353115073429E-4
6.402820563544189E-4
6.362605916735749E-4
6.322878316260075E-4
6.283629077953501E-4
6.244849721412335E-4
6.206531964079305E-4
6.168667715534748E-4
6.131249071983184E-4
6.094268310928248E-4
6.057717886028465E-4
6.021590422126101E-4
5.985878710443413E-4
5.950575703938893E-4
5.915674512817862E-4
5.881168400190865E-4
5.847050777875292E-4
5.813315202333526E-4
5.77995537074359E-4
5.746965117196025E-4
5.714338409013938E-4
5.68206934319017E-4
5.650152142937742E-4
5.618581154349886E-4
5.58735084316489E-4
5.55645579163243E-4
5.525890695477461E-4
5.495650360958362E-4
5.465729702015675E-4
5.436123737508665E-4
5.406827588535861E-4
5.377836475837311E-4
5.349145717275175E-4
5.320750725390623E-4
5.292647005033062E-4
5.264830151060792E-4
5.237295846109281E-4
5.210039858425704E-4
5.183058039766753E-4
5.156346323358025E-4
5.129900721912823E-4
5.103717325708253E-4
5.077792300716619E-4
5.052121886790601E-4
5.026702395900222E-4
5.00153021041972E-4
4.976601781463059E-4
4.951913627266157E-4
4.927462331614504E-4
4.903244542314785E-4
4.8792569697084915E-4
4.8554963852271674E-4
4.831959619987052E-4
4.808643563422189E-4
4.7855451619550687E-4
4.7626614177032815E-4
4.7399893872207777E-4
4.717526180273563E-4
4.695268958647825E-4
4.6732149349898623E-4
4.651361371676852E-4
4.629705579717756E-4
4.608244917682681E-4
4.5869767906605636E-4
4.565898649244232E-4
4.545007988541483E-4
4.524302347211903E-4
4.503779306528818E-4
4.483436489464557E-4
4.4632715598001173E-4
4.4432822212565247E-4
4.4234662166487413E-4
4.4038213270609336E-4
4.384345371042261E-4
4.365036203822833E-4
4.345891716549349E-4
4.326909835539622E-4
4.308088521555342E-4
4.289425769093288E-4
4.270919605693417E-4
4.252568091263894E-4
4.2343693174229537E-4
4.216321406856174E-4
4.198422512689734E-4
4.180670817878518E-4
4.163064534608572E-4
4.1456019037147164E-4
4.128281194110845E-4
4.111100702234745E-4
4.094058751505197E-4
4.077153691792393E-4
4.060383898900465E-4
4.0437477740621513E-4
4.0272437434451716E-4
4.0108702576701E-4
3.994625791339228E-4
3.9785088425762073E-4
3.9625179325766493E-4
3.9466516051682974E-4
3.93090842638168E-4
3.915286984030243E-4
3.8997858873002E-4
3.884403766349153E-4
3.8691392719141687E-4
3.8539910749282175E-4
3.8389578661454096E-4
3.8240383557742416E-4
3.8092312731193717E-4
3.7945353662306085E-4
3.779949401560231E-4
3.765472163627389E-4
3.751102454689909E-4
3.7368390944233164E-4
3.7226809196064134E-4
3.708626783814317E-4
3.6946755571171786E-4
3.6808261257860746E-4
3.667077392004863E-4
3.6534282735880007E-4
3.639877703704688E-4
3.6264246306084633E-4
3.6130680173727166E-4
3.5998068416316284E-4
3.586640095326474E-4
3.573566784457398E-4
3.5605859288399236E-4
3.5476965618670323E-4
3.534897730275584E-4
3.5221884939179606E-4
3.509567925538132E-4
3.497035110552314E-4
3.484589146834134E-4
3.472229144504098E-4
3.4599542257233166E-4
3.4477635244914163E-4
3.4356561864483387E-4
3.423631368680304E-4
3.411688239529562E-4
3.399825978407678E-4
3.3880437756130395E-4
3.376340832151376E-4
3.3647163595601563E-4
3.3531695797364355E-4
3.3416997247676615E-4
3.3303060367664166E-4
3.318987767707766E-4
3.307744179270032E-4
3.296574542678731E-4
3.2854781385531663E-4
3.2744542567563736E-4
3.2635021962474904E-4
3.252621264937419E-4
3.241810779546689E-4
3.231070065466556E-4
3.2203984566221754E-4
3.209795295338919E-4
3.199259932210675E-4
3.188791725970811E-4
3.178390043365727E-4
3.168054259030464E-4
3.15778375536672E-4
3.1475779224232213E-4
3.137436157778119E-4
3.1273578664235983E-4
3.117342460652785E-4
3.107389359948276E-4
3.097497990873252E-4
3.087667786964103E-4
3.077898188625239E-4
3.068188643025695E-4
3.0585386039976465E-4
3.0489475319366943E-4
3.039414893704005E-4
3.029940162530004E-4
3.0205228179201195E-4
3.011162345561846E-4
3.0018582372336265E-4
2.9926099907152785E-4
2.983417109700143E-4
2.974279103708437E-4
2.9651954880024394E-4
2.9561657835030467E-4
2.9471895167077655E-4
2.9382662196100935E-4
2.929395429620249E-4
2.9205766894875113E-4
2.9118095472235406E-4
2.903093556027263E-4
2.8944282742109946E-4
2.8858132651276853E-4
2.877248097099528E-4
2.86873234334791E-4
2.86026558192403E-4
2.851847395641325E-4
2.8434773720086395E-4
2.835155103164567E-4
2.826880185813045E-4
2.818652221159678E-4
2.810470814849642E-4
2.8023355769060145E-4
2.7942461216696785E-4
2.7862020677398263E-4
2.7782030379155E-4
2.7702486591383804E-4
2.762338562436107E-4
2.754472382866796E-4
2.7466497594642566E-4
2.7388703351843694E-4
2.731133756851972E-4
2.723439675109112E-4
2.7157877443633697E-4
2.708177622737746E-4
2.7006089720210826E-4
2.693081457619059E-4
2.6855947485063405E-4
2.678148517179081E-4
2.670742439608705E-4
2.6633761951958186E-4
2.656049466725245E-4
2.648761940321713E-4
2.6415133054061453E-4
2.6343032546525814E-4
2.627131483946019E-4
2.61999769234057E-4
2.612901582018554E-4
2.605842858250141E-4
2.5988212293534524E-4
2.5918364066555746E-4
2.584888104453768E-4
2.5779760399778753E-4
2.571099933352561E-4
2.564259507560674E-4
2.557454488407022E-4
2.5506846044826204E-4
2.543949587129389E-4
2.53724917040588E-4
2.5305830910526836E-4
2.5239510884592477E-4
2.517352904630476E-4
2.5107882841543516E-4
2.504256974169566E-4
2.497758724334119E-4
2.4912932867939653E-4
2.484860416152366E-4
2.478459869439639E-4
2.4720914060833213E-4
2.465754787878733E-4
2.4594497789601774E-4
2.453176145772177E-4
2.446933657041589E-4
2.4407220837498097E-4
2.4345411991054101E-4
2.4283907785173112E-4
2.422270599568224E-4
2.416180441988537E-4
2.4101200876305392E-4
2.4040893204429705E-4
2.3980879264461067E-4
2.3921156937069645E-4
2.3861724123150552E-4
2.3802578743583764E-4
2.3743718738997993E-4
2.3685142069537147E-4
2.362684671463079E-4
2.35688306727675E-4
2.3511091961272355E-4
2.3453628616084898E-4
2.3396438691543865E-4
2.3339520260171997E-4
2.3282871412464391E-4
2.322649025668235E-4
2.3170374918645467E-4
2.3114523541530862E-4
2.3058934285672685E-4
2.300360532836519E-4
2.2948534863668886E-4
2.2893721102218559E-4
2.2839162271033646E-4
2.2784856613333444E-4
2.2730802388351673E-4
2.267699787115532E-4
2.262344135246672E-4
2.2570131138485597E-4
2.2517065550715527E-4
2.246424292579295E-4
2.2411661615315612E-4
2.23593199856776E-4
2.2307216417902256E-4
2.225534930748214E-4
2.220371706421446E-4
2.2152318112045435E-4
2.2101150888913695E-4
2.2050213846594745E-4
2.1999505450549458E-4
2.1949024179773104E-4
2.1898768526647835E-4
2.1848736996795776E-4
2.1798928108934253E-4
2.174934039473373E-4
2.169997239867684E-4
2.1650822677919337E-4
2.1601889802153157E-4
2.1553172353470714E-4
2.1504668926231545E-4
2.1456378126930348E-4
2.1408298574067546E-4
2.1360428898018497E-4
2.1312767740909856E-4
2.1265313756491338E-4
2.121806561001347E-4
2.117102197810547E-4
2.1124181548654917E-4
2.1077543020686865E-4
2.10311051042494E-4
2.09848665202957E-4
2.0938826000568096E-4
2.0892982287488263E-4
2.0847334134043075E-4
2.0801880303674872E-4
2.0756619570172627E-4
2.07115507175641E-4
2.066667254001044E-4
2.0621983841699344E-4
2.0577483436743827E-4
2.053317014907772E-4
2.0489042812355988E-4
2.0445100269853874E-4
2.0401341374369316E-4
2.0357764988124477E-4
2.031436998266973E-4
2.0271155238789487E-4
2.0228119646407223E-4
2.0185262104492683E-4
2.0142581520971774E-4
2.0100076812633425E-4
2.0057746905043067E-4
2.0015590732451528E-4
1.9973607237709482E-4
1.9931795372181646E-4
1.9890154095659083E-4
1.984868237627768E-4
1.9807379190433594E-4
1.976624352270072E-4
1.9725274365750567E-4
1.968447072027216E-4
1.9643831594889983E-4
1.960335600608973E-4
1.956304297813791E-4
1.9522891543005978E-4
1.9482900740294776E-4
1.94430696171609E-4
1.9403397228240653E-4
1.9363882635578585E-4
1.9324524908555392E-4
1.9285323123815497E-4
1.9246276365197368E-4
1.9207383723663548E-4
1.9168644297232074E-4
1.9130057190908307E-4
1.9091621516617726E-4
1.9053336393138397E-4
1.9015200946036453E-4
1.8977214307601523E-4
1.893937561678035E-4
1.890168401911559E-4
1.8864138666681738E-4
1.8826738718022751E-4
1.878948333809176E-4
1.8752371698189441E-4
1.871540297590511E-4
1.8678576355055993E-4
1.8641891025630028E-4
1.8605346183726108E-4
1.8568941031498788E-4
1.8532674777100024E-4
1.8496546634624148E-4
1.8460555824051286E-4
1.842470157119338E-4
1.8388983107639942E-4
1.8353399670704797E-4
1.8317950503371792E-4
1.8282634854243393E-4
1.8247451977488827E-4
1.821240113279238E-4
1.8177481585302983E-4
1.8142692605583842E-4
1.8108033469562982E-4
1.807350345848442E-4
1.8039101858859043E-4
1.800482796241702E-4
1.7970681066060637E-4
1.7936660471816397E-4
1.790276548678945E-4
1.786899542311745E-4
1.7835349597924803E-4
1.7801827333278019E-4
1.7768427956140696E-4
1.7735150798330903E-4
1.7701995196475967E-4
1.7668960491970008E-4
1.7636046030932E-4
1.7603251164163193E-4
1.7570575247104927E-4
1.753801763979799E-4
1.7505577706841758E-4
1.747325481735323E-4
1.7441048344928468E-4
1.7408957667601179E-4
1.7376982167805158E-4
1.7345121232334294E-4
1.731337425230595E-4
1.7281740623121685E-4
1.7250219744429916E-4
1.721881102008941E-4
1.718751385813198E-4
1.7156327670726668E-4
1.7125251874143476E-4
1.7094285888717548E-4
1.7063429138815267E-4
1.70326810527965E-4
1.7002041062983984E-4
1.6971508605626365E-4
1.6941083120864889E-4
1.691076405270156E-4
1.688055084896325E-4
1.6850442961271613E-4
1.6820439845009692E-4
1.679054095928948E-4
1.6760745766919568E-4
1.6731053734376122E-4
1.670146433176936E-4
1.6671977032813541E-4
1.6642591314796948E-4
1.6613306658551217E-4
1.6584122548421326E-4
1.6555038472236403E-4
1.6526053921280188E-4
1.649716839026226E-4
1.646838137728925E-4
1.6439692383836958E-4
1.6411100914720414E-4
1.6382606478068657E-4
1.6354208585294975E-4
1.6325906751071215E-4
1.6297700493299487E-4
1.6269589333086046E-4
1.624157279471486E-4
1.621365040562176E-4
1.6185821696366578E-4
1.615808620061028E-4
1.6130443455087591E-4
1.61028929995819E-4
1.6075434376901086E-4
1.60480671328525E-4
1.602079081621763E-4
1.599360497872938E-4
1.5966509175047047E-4
1.5939502962732457E-4
1.591258590222762E-4
1.5885757556829855E-4
1.5859017492669383E-4
1.5832365278687366E-4
1.5805800486611184E-4
1.577932269093456E-4
1.5752931468893155E-4
1.5726626400443583E-4
1.5700407068242056E-4
1.5674273057621603E-4
1.5648223956571608E-4
1.562225935571694E-4
1.559637884829572E-4
1.5570582030139356E-4
1.5544868499652904E-4
1.5519237857792561E-4
1.5493689708046733E-4
1.5468223656417264E-4
1.5442839311396853E-4
1.5417536283951318E-4
1.5392314187500261E-4
1.5367172637897227E-4
1.5342111253410301E-4
1.5317129654703938E-4
1.5292227464820402E-4
1.5267404309160152E-4
1.5242659815464452E-4
1.521799361379713E-4
1.5193405336525728E-4
1.516889461830494E-4
1.5144461096057668E-4
1.5120104408958312E-4
1.5095824198415006E-4
1.507162010805292E-4
1.5047491783696165E-4
1.5023438873351962E-4
1.4999461027193685E-4
1.4975557897543723E-4
1.4951729138857668E-4
1.4927974407708057E-4
1.4904293362767555E-4
1.4880685664793854E-4
1.4857150976612833E-4
1.4833688963104212E-4
1.481029929118458E-4
1.4786981629792673E-4
1.4763735649874382E-4
1.4740561024367255E-4
1.4717457428185148E-4
1.469442453820418E-4
1.467146203324776E-4
1.4648569594070761E-4
1.4625746903347366E-4
1.4602993645654663E-4
1.458030950745963E-4
1.4557694177104506E-4
1.4535147344793014E-4
1.451266870257648E-4
1.449025794434031E-4
1.4467914765790033E-4
1.4445638864437984E-4
1.442342993959071E-4
1.4401287692334007E-4
1.4379211825521634E-4
1.435720204376116E-4
1.43352580534017E-4
1.4313379562520687E-4
1.429156628091144E-4
1.426981792007091E-4
1.424813419318655E-4
1.4226514815124375E-4
1.4204959502417308E-4
1.4183467973251154E-4
1.4162039947455832E-4
1.4140675146490195E-4
1.4119373293431905E-4
1.4098134112965272E-4
1.407695733137024E-4
1.4055842676510594E-4
1.4034789877821418E-4
1.4013798666299962E-4
1.3992868774492388E-4
1.3971999936484008E-4
1.395119188788788E-4
1.3930444365833133E-4
1.3909757108956073E-4
1.388912985738658E-4
1.38685623527407E-4
1.384805433810757E-4
1.3827605558039844E-4
1.3807215758543433E-4
1.378688468706765E-4
1.376661209249357E-4
1.374639772512549E-4
1.3726241336680338E-4
1.3706142680277038E-4
1.3686101510427965E-4
1.3666117583027484E-4
1.3646190655344434E-4
1.3626320486010676E-4
1.360650683501179E-4
1.3586749463679224E-4
1.356704813467818E-4
1.3547402612001184E-4
1.3527812660957088E-4
1.350827804816213E-4
1.34887985415312E-4
1.3469373910269015E-4
1.3450003924861251E-4
1.343068835706461E-4
1.341142697989939E-4
1.3392219567640265E-4
1.33730658958075E-4
1.3353965741158373E-4
1.3334918881679236E-4
1.331592509657664E-4
1.329698416626902E-4
1.32780958723784E-4
1.325925999772238E-4
1.324047632630524E-4
1.3221744643312195E-4
1.3203064735097298E-4
1.3184436389180066E-4
1.3165859394234007E-4
1.3147333540080815E-4
1.3128858617682056E-4
1.3110434419130962E-4
1.3092060737645474E-4
1.3073737367560957E-4
1.3055464104321616E-4
1.3037240744473666E-4
1.301906708565819E-4
1.300094292660343E-4
1.2982868067117786E-4
1.2964842308081626E-4
1.2946865451442206E-4
1.2928937300204357E-4
1.2911057658424938E-4
1.2893226331205332E-4
1.2875443124683847E-4
1.2857707846030032E-4
1.284002030343747E-4
1.2822380306116863E-4
1.280478766428833E-4
1.2787242189177383E-4
1.276974369300525E-4
1.2752291988984353E-4
1.2734886891311366E-4
1.2717528215160545E-4
1.270021577667701E-4
1.2682949392970943E-4
1.2665728882111402E-4
1.2648554063119418E-4
1.2631424755962147E-4
1.2614340781547182E-4
1.2597301961715182E-4
1.2580308119235684E-4
1.2563359077799027E-4
1.254645466201165E-4
1.2529594697390607E-4
1.2512779010355495E-4
1.2496007428225845E-4
1.247927977921221E-4
1.2462595892412962E-4
1.2445955597806095E-4
1.24293587262467E-4
1.241280510945768E-4
1.2396294580027783E-4
1.2379826971403265E-4
1.236340211788375E-4
1.2347019854617224E-4
1.233068001759332E-4
1.231438244363886E-4
1.229812697041221E-4
1.2281913436398275E-4
1.2265741680902968E-4
1.2249611544048282E-4
1.2233522866766922E-4
1.2217475490797233E-4
1.2201469258678091E-4
1.21855040137443E-4
1.2169579600120627E-4
1.2153695862717739E-4
1.2137852647227222E-4
1.212204980011589E-4
1.2106287168621708E-4
1.2090564600749067E-4
1.2074881945263281E-4
1.2059239051686181E-4
1.2043635770291682E-4
1.2028071952100583E-4
1.2012547448877021E-4
1.1997062113122152E-4
1.1981615798070764E-4
1.1966208357686636E-4
1.1950839646657822E-4
1.1935509520391941E-4
1.1920217835013001E-4
1.190496444735436E-4
1.1889749214957657E-4
1.1874571996065941E-4
1.1859432649620106E-4
1.1844331035255402E-4
1.1829267013296287E-4
1.1814240444752165E-4
1.1799251191313785E-4
1.178429911534874E-4
1.1769384079897637E-4
1.175450594866907E-4
1.1739664586037354E-4
1.1724859857036354E-4
1.1710091627357339E-4
1.1695359763343516E-4
1.16806641319873E-4
1.166600460092542E-4
1.1651381038435794E-4
1.1636793313433345E-4
1.1622241295465682E-4
1.1607724854710796E-4
1.1593243861970904E-4
1.1578798188671027E-4
1.1564387706853977E-4
1.1550012289177082E-4
1.1535671808908269E-4
1.1521366139922275E-4
1.1507095156698375E-4
1.1492858734314296E-4
1.1478656748445152E-4
1.1464489075358283E-4
1.1450355591910124E-4
1.143625617554371E-4
1.1422190704283345E-4
1.1408159056732803E-4
1.1394161112071087E-4
1.1380196750049394E-4
1.1366265850987034E-4
1.1352368295769351E-4
1.1338503965843234E-4
1.1324672743214568E-4
1.1310874510443926E-4
1.1297109150645137E-4
1.1283376547480028E-4
1.126967658515665E-4
1.1256009148425368E-4
1.1242374122575862E-4
1.1228771393434336E-4
1.1215200847359652E-4
1.1201662371241159E-4
1.1188155852494757E-4
1.1174681179060232E-4
1.1161238239398644E-4
1.1147826922488223E-4
1.11344471178227E-4
1.1121098715407193E-4
1.110778160575556E-4
1.1094495679888556E-4
1.1081240829329043E-4
1.1068016946100297E-4
1.1054823922723324E-4
1.10416616522132E-4
1.1028530028076677E-4
1.1015428944309422E-4
1.1002358295392922E-4
1.0989317976291966E-4
1.0976307882452125E-4
1.0963327909796555E-4
1.0950377954723067E-4
1.0937457914102579E-4
1.0924567685274855E-4
1.0911707166047419E-4
1.0898876254691216E-4
1.0886074849939926E-4
1.0873302850985807E-4
1.0860560157477743E-4
1.0847846669518465E-4
1.0835162287661952E-4
1.0822506912911716E-4
1.0809880446716866E-4
1.0797282790970951E-4
1.0784713848007943E-4
1.0772173520601939E-4
1.0759661711962307E-4
1.0747178325733275E-4
1.073472326598984E-4
1.0722296437236706E-4
1.0709897744405505E-4
1.069752709285133E-4
1.0685184388352492E-4
1.0672869537106073E-4
1.066058244572664E-4
1.0648323021244224E-4
1.063609117110149E-4
1.0623886803151267E-4
1.0611709825654944E-4
1.059956014727928E-4
1.0587437677095587E-4
1.057534232457607E-4
1.0563273999592545E-4
1.0551232612413581E-4
1.0539218073703021E-4
1.0527230294517046E-4
1.0515269186302919E-4
1.0503334660896319E-4
1.049142663051883E-4
1.0479545007776175E-4
1.0467689705657385E-4
1.0455860637530152E-4
1.0444057717141371E-4
1.0432280858612539E-4
1.0420529976440328E-4
1.0408804985492524E-4
1.0397105801007255E-4
1.0385432338590207E-4
1.037378451421271E-4
1.0362162244210681E-4
1.035056544528161E-4
1.0338994034482861E-4
1.0327447929229875E-4
1.0315927047294307E-4
1.0304431306802074E-4
1.0292960626231752E-4
1.028151492441124E-4
1.0270094120518516E-4
1.0258698134077028E-4
1.0247326884955662E-4
1.0235980293365617E-4
1.0224658279860602E-4
1.0213360765332544E-4
1.0202087671011286E-4
1.0190838918462409E-4
1.0179614429585143E-4
1.0168414126611873E-4
1.0157237932104268E-4
1.0146085768953556E-4
1.0134957560377567E-4
1.0123853229919442E-4
1.0112772701445746E-4
1.0101715899145116E-4
1.0090682747525784E-4
1.007967317141528E-4
1.0068687095957163E-4
1.005772444661039E-4
1.0046785149147231E-4
1.0035869129652042E-4
1.0024976314518807E-4
1.0014106630451153E-4
1.0003260004458345E-4
9.992436363856016E-5
The correct rate for BP: 100.00% 
