2.449365027718687
0.6527381777129853
1.9143691888793064
0.3265684653598372
0.0023576980640976305
0.002189625307616674
0.002025205686895954
0.0018839064477643881
0.0017608259569970087
0.001652515388307398
0.0015564172262564609
0.0014705645620520116
0.0013934054125785238
0.001323691971444792
0.0012604064061570138
0.0012027087685036013
0.001149899125487224
0.0011013892923940614
0.0010566813005270996
0.0010153507291103265
9.770336316489562E-4
9.414161671814254E-4
9.082262973855005E-4
8.772270811628957E-4
8.482112177402095E-4
8.20996574713511E-4
7.95422499622312E-4
7.713467595650782E-4
7.486429877340455E-4
7.271985417460674E-4
7.069126985072944E-4
6.876951256536909E-4
6.694645814966609E-4
6.521478047025254E-4
6.356785622595746E-4
6.199968300918642E-4
6.050480853078284E-4
5.907826927824082E-4
5.771553717626495E-4
5.641247306089334E-4
5.516528597559897E-4
5.397049745895865E-4
5.282491012584266E-4
5.172557995323069E-4
5.066979177207323E-4
4.965503754172652E-4
4.86789970460801E-4
4.7739520702916685E-4
4.6834614222048964E-4
4.596242488487586E-4
4.5121229249326674E-4
4.430942211075441E-4
4.352550657191922E-4
4.276808509448116E-4
4.203585142088604E-4
4.132758326965415E-4
4.0642135719221544E-4
3.9978435205933593E-4
3.9335474070830426E-4
3.871230559767783E-4
3.8108039491478604E-4
3.752183775260476E-4
3.695291090682088E-4
3.640051455596206E-4
3.586394621795925E-4
3.534254242832805E-4
3.4835676078286127E-4
3.434275396729955E-4
3.386321455021193E-4
3.339652586118155E-4
3.294218359847103E-4
3.2499709355772574E-4
3.206864898716435E-4
3.164857109409975E-4
3.123906562394628E-4
3.083974257061651E-4
3.045023076873487E-4
3.007017677358845E-4
2.969924381984731E-4
2.933711085266715E-4
2.8983471625391007E-4
2.8638033858575E-4
2.830051845554188E-4
2.7970658770081825E-4
2.76481999223152E-4
2.7332898159060533E-4
2.702452025538067E-4
2.6722842954244057E-4
2.6427652441511965E-4
2.6138743853679116E-4
2.58559208160153E-4
2.55789950089464E-4
2.53077857606752E-4
2.5042119664225117E-4
2.478183021720628E-4
2.452675748275449E-4
2.4276747770208336E-4
2.403165333419913E-4
2.3791332090926923E-4
2.355564735049118E-4
2.3324467564229942E-4
2.3097666086094445E-4
2.2875120947159108E-4
2.2656714642433774E-4
2.2442333929205565E-4
2.223186963618538E-4
2.2025216482794593E-4
2.1822272907970946E-4
2.162294090791104E-4
2.1427125882214295E-4
2.1234736487923175E-4
2.1045684500996524E-4
2.08598846847699E-4
2.0677254665008173E-4
2.049771481115746E-4
2.0321188123447256E-4
2.0147600125510035E-4
1.9976878762203038E-4
1.9808954302344314E-4
1.9643759246089506E-4
1.9481228236691952E-4
1.9321297976407868E-4
1.9163907146322755E-4
1.9008996329881808E-4
1.8856507939936907E-4
1.870638614911186E-4
1.8558576823320922E-4
1.8413027458267793E-4
1.826968711877903E-4
1.8128506380815597E-4
1.7989437276035724E-4
1.785243323877117E-4
1.7717449055302048E-4
1.758444081531043E-4
1.7453365865405186E-4
1.7324182764618664E-4
1.7196851241775085E-4
1.7071332154642514E-4
1.6947587450777862E-4
1.6825580129989197E-4
1.6705274208335042E-4
1.6586634683587152E-4
1.6469627502088872E-4
1.6354219526945794E-4
1.6240378507483683E-4
1.612807304991557E-4
1.6017272589166688E-4
1.5907947361796615E-4
1.58000683799792E-4
1.569360740648182E-4
1.5588536930610032E-4
1.548483014506415E-4
1.538246092367608E-4
1.5281403799985763E-4
1.518163394661385E-4
1.5083127155408137E-4
1.4985859818318875E-4
1.4889808908980987E-4
1.479495196496498E-4
1.470126707067551E-4
1.460873284086534E-4
1.4517328404741478E-4
1.44270333906374E-4
1.4337827911230995E-4
1.4249692549280328E-4
1.4162608343861957E-4
1.4076556777087708E-4
1.3991519761282303E-4
1.3907479626601302E-4
1.3824419109076052E-4
1.3742321339062623E-4
1.3661169830084586E-4
1.358094846805021E-4
1.3501641500831575E-4
1.3423233528190933E-4
1.334570949204031E-4
1.3269054667022973E-4
1.3193254651402639E-4
1.3118295358250723E-4
1.3044163006918974E-4
1.297084411478628E-4
1.2898325489272216E-4
1.2826594220103802E-4
1.2755637671828577E-4
1.2685443476564718E-4
1.2615999526976752E-4
1.2547293969473647E-4
1.2479315197616776E-4
1.2412051845732243E-4
1.2345492782720135E-4
1.2279627106052518E-4
1.2214444135955635E-4
1.2149933409767594E-4
1.2086084676466672E-4
1.2022887891363484E-4
1.1960333210952372E-4
1.1898410987916223E-4
1.1837111766276616E-4
1.1776426276690634E-4
1.1716345431881712E-4
1.165686032220646E-4
1.1597962211348727E-4
1.153964253213856E-4
1.1481892882490619E-4
1.1424705021460144E-4
1.1368070865409951E-4
1.1311982484286634E-4
1.1256432098001621E-4
1.1201412072914718E-4
1.1146914918413949E-4
1.1092933283593028E-4
1.1039459954018909E-4
1.0986487848589041E-4
1.0934010016475745E-4
1.08820196341526E-4
1.0830510002503361E-4
1.0779474544007369E-4
1.0728906800001555E-4
1.0678800428017622E-4
1.0629149199187373E-4
1.0579946995718713E-4
1.0531187808439343E-4
1.0482865734403449E-4
1.0434974974561948E-4
1.03875098314943E-4
1.0340464707198166E-4
1.0293834100937445E-4
1.0247612607145324E-4
1.0201794913381439E-4
1.015637579834082E-4
1.0111350129914197E-4
1.0066712863297236E-4
1.0022459039147949E-4
9.978583781789321E-5
The correct rate for BP: 100.00% 
