1.3568921798351288
0.8277213849167928
0.09576827373519563
0.02155975151533667
0.013541371691143242
0.009935196414682365
0.007843179696434019
0.006471409121673905
0.005501655726289978
0.004779796181319996
0.00422173717610263
0.0037775969693656917
0.003415883283955685
0.0031157246958167335
0.0028627388184005137
0.0026466920139824606
0.002460104461089221
0.002297382785884091
0.002154261137437306
0.0020274298463628018
0.0019142820907162524
0.0018127370142335846
0.0017211136694768293
0.0016380395293447206
0.0015623829937684683
0.0014932028595891933
0.0014297099819509404
0.0013712378300240594
0.001317219620833442
0.0012671703793853718
0.0012206727307348935
0.0011773655493541241
0.0011369348177336439
0.0010991062087789463
0.0010636390246904267
0.0010303212117691897
9.989652349624888E-4
9.694046441883244E-4
9.414912009351375E-4
9.150924614258614E-4
8.900897339940754E-4
8.663763448562469E-4
8.438561593586459E-4
8.224423158992141E-4
8.02056137720789E-4
7.826261941267184E-4
7.640874877494893E-4
7.463807485847095E-4
7.294518188005501E-4
7.132511150095963E-4
6.977331568735327E-4
6.828561527001068E-4
6.68581634163752E-4
6.548741334976653E-4
6.417008975140475E-4
6.290316336491958E-4
6.168382839325044E-4
6.0509482336694E-4
5.937770797042175E-4
5.828625720159902E-4
5.723303658166819E-4
5.621609427943318E-4
5.523360834620682E-4
5.428387612617098E-4
5.33653046838601E-4
5.247640213675537E-4
5.16157697948572E-4
5.078209502105955E-4
4.997414473648907E-4
4.919075950395715E-4
4.8430848130462514E-4
4.769338273646635E-4
4.697739424558915E-4
4.62819682535721E-4
4.5606241239858216E-4
4.494939708915108E-4
4.431066389381006E-4
4.368931101102042E-4
4.3084646351405545E-4
4.249601387815748E-4
4.192279129788435E-4
4.1364387926284466E-4
4.0820242713411267E-4
4.0289822414808925E-4
3.977261989611758E-4
3.926815255994242E-4
3.877596088483438E-4
3.829560706719531E-4
3.782667375774888E-4
3.7368762885006635E-4
3.6921494558823367E-4
3.64845060477727E-4
3.605745082460772E-4
3.56399976745968E-4
3.52318298619511E-4
3.4832644349996097E-4
3.4442151071081487E-4
3.406007224258402E-4
3.3686141725644065E-4
3.3320104423558507E-4
3.2961715717005625E-4
3.261074093349686E-4
3.2266954848674467E-4
3.193014121723624E-4
3.1600092331468793E-4
3.1276608605512035E-4
3.0959498183623786E-4
3.0648576570844896E-4
3.0343666284591344E-4
3.0044596525804227E-4
2.9751202868385937E-4
2.9463326965755294E-4
2.9180816273430174E-4
2.8903523786626194E-4
2.8631307791935663E-4
2.8364031632212446E-4
2.810156348385218E-4
2.7843776145718233E-4
2.759054683899958E-4
2.734175701735971E-4
2.7097292186756283E-4
2.6857041734364986E-4
2.662089876607956E-4
2.638875995208732E-4
2.616052538005768E-4
2.5936098415511085E-4
2.571538556896427E-4
2.549829636946542E-4
2.5284743244172506E-4
2.5074641403635196E-4
2.4867908732471486E-4
2.466446568514276E-4
2.44642351865553E-4
2.4267142537229763E-4
2.4073115322794446E-4
2.3882083327573446E-4
2.3693978452061238E-4
2.3508734634073268E-4
2.332628777339147E-4
2.3146575659719354E-4
2.2969537903781766E-4
2.2795115871409848E-4
2.2623252620463063E-4
2.2453892840443236E-4
2.22869827946717E-4
2.2122470264903082E-4
2.1960304498254166E-4
2.1800436156339443E-4
2.164281726650544E-4
2.1487401175063106E-4
2.13341425024252E-4
2.1182997100059286E-4
2.1033922009165647E-4
2.0886875421010615E-4
2.0741816638828465E-4
2.0598706041225084E-4
2.0457505047015965E-4
2.0318176081428525E-4
2.0180682543613214E-4
2.004498877540056E-4
1.9911060031252051E-4
1.977886244934775E-4
1.9648363023766304E-4
1.951952957770577E-4
1.9392330737699775E-4
1.9266735908791285E-4
1.9142715250615428E-4
1.9020239654358233E-4
1.8899280720552516E-4
1.8779810737676642E-4
1.8661802661519333E-4
1.854523009528254E-4
1.8430067270391358E-4
1.831628902797785E-4
1.8203870801017814E-4
1.8092788597088186E-4
1.7983018981722465E-4
1.787453906234159E-4
1.7767326472734453E-4
1.7661359358067002E-4
1.7556616360401035E-4
1.7453076604699832E-4
1.7350719685303853E-4
1.7249525652857507E-4
1.7149475001667868E-4
1.7050548657482326E-4
1.6952727965665666E-4
1.6855994679764697E-4
1.6760330950440957E-4
1.6665719314763776E-4
1.657214268584473E-4
1.647958434280617E-4
1.6388027921065035E-4
1.6297457402924973E-4
1.6207857108465728E-4
1.6119211686715958E-4
1.603150610710168E-4
1.594472565115805E-4
1.5858855904498913E-4
1.5773882749028955E-4
1.56897923553986E-4
1.5606571175681597E-4
1.5524205936278415E-4
1.544268363103187E-4
1.536199151454554E-4
1.5282117095706877E-4
1.5203048131395863E-4
1.5124772620382136E-4
1.5047278797402437E-4
1.4970555127406533E-4
1.4894590299975122E-4
1.4819373223895287E-4
1.474489302189377E-4
1.4671139025521408E-4
1.4598100770181444E-4
1.4525767990300494E-4
1.4454130614636508E-4
1.4383178761715292E-4
1.431290273539888E-4
1.424329302057325E-4
1.4174340278959698E-4
1.410603534503773E-4
1.4038369222082537E-4
1.3971333078310457E-4
1.390491824312808E-4
1.38391162034847E-4
1.377391860032119E-4
1.3709317225117163E-4
1.3645304016527036E-4
1.3581871057107836E-4
1.351901057013337E-4
1.345671491649223E-4
1.3394976591667412E-4
1.333378822279418E-4
1.3273142565796282E-4
1.3213032502595222E-4
1.3153451038391484E-4
1.309439129901614E-4
1.3035846528350748E-4
1.2977810085811463E-4
1.2920275443899598E-4
1.28632361858108E-4
1.2806686003107728E-4
1.2750618693449137E-4
1.2695028158376035E-4
1.2639908401152505E-4
1.2585253524662916E-4
1.253105772935527E-4
1.247731531124157E-4
1.2424020659941638E-4
1.23711682567794E-4
1.2318752672920856E-4
1.22667685675609E-4
1.2215210686150951E-4
1.216407385867135E-4
1.2113352997943273E-4
1.2063043097982294E-4
1.2013139232389426E-4
1.1963636552781573E-4
1.1914530287258514E-4
1.1865815738905317E-4
1.1817488284330252E-4
1.1769543372235627E-4
1.1721976522024272E-4
1.1674783322435239E-4
1.1627959430212931E-4
1.1581500568804886E-4
1.1535402527091941E-4
1.1489661158143893E-4
1.1444272378006301E-4
1.1399232164513826E-4
1.1354536556127966E-4
1.1310181650805283E-4
1.1266163604886294E-4
1.1222478632012552E-4
1.1179123002065327E-4
1.1136093040129323E-4
1.1093385125478296E-4
1.1050995690583331E-4
1.1008921220142205E-4
1.0967158250130807E-4
1.0925703366874413E-4
1.0884553206138672E-4
1.0843704452241605E-4
1.0803153837182928E-4
1.0762898139793498E-4
1.0722934184901589E-4
1.0683258842517536E-4
1.0643869027035769E-4
1.0604761696453138E-4
1.0565933851604623E-4
1.0527382535412954E-4
1.0489104832156704E-4
1.045109786675189E-4
1.0413358804048367E-4
1.0375884848140768E-4
1.0338673241695474E-4
1.0301721265287923E-4
1.0265026236757458E-4
1.022858551057182E-4
1.0192396477206345E-4
1.015645656253639E-4
1.012076322723906E-4
1.0085313966211274E-4
1.0050106307995155E-4
1.0015137814218606E-4
9.980406079043094E-5
The correct rate for BP: 100.00% 
