1.2618192459213071
0.9696593896364041
0.25592068908889687
0.05341867328329959
0.026568097390008625
0.01802494983302929
0.013562804731190668
0.0108252133736715
0.008978924382243432
0.007652561671035674
0.006655458480083971
0.005879726922300822
0.005259788662868236
0.004753522962028028
0.004332661881433316
0.00397754235811619
0.003674072738530619
0.0034118960407980175
0.0031832336218229574
0.0029821325998201278
0.0028039617962426
0.0026450655702397984
0.0025025207868194085
0.0023739628193795033
0.002257458778362076
0.0021514136830272173
0.002054500020246521
0.0019656041725078016
0.0018837851912983448
0.0018082427256163542
0.0017382918227901276
0.0016733429460840609
0.0016128859935731295
0.001556477415569841
0.0015037297530449776
0.0014543030834385537
0.0014078979809367285
0.0013642496880150604
0.0013231232623880404
0.0012843095144929643
0.0012476215895635622
0.0012128920783026208
0.0011799705633812607
0.0011487215271159088
0.0011190225599144318
0.0010907628203416877
0.0010638417066096172
0.0010381677064596473
0.0010136573981646304
9.90234580033148E-4
9.678295095800724E-4
9.463782366127677E-4
9.258220170113569E-4
9.061067960632064E-4
8.871827519323419E-4
8.690038912722786E-4
8.515276901797391E-4
8.347147746806874E-4
8.185286357737566E-4
8.029353747579189E-4
7.879034751634194E-4
7.734035981068824E-4
7.594083983175316E-4
7.458923584445124E-4
7.328316395655522E-4
7.202039460825749E-4
7.079884034183679E-4
6.961654471243918E-4
6.847167221796734E-4
6.736249914070261E-4
6.62874052060253E-4
6.52448659746205E-4
6.423344589418247E-4
6.325179194503671E-4
6.229862782141046E-4
6.137274859653453E-4
6.047301582539186E-4
5.959835304388833E-4
5.874774162759537E-4
5.792021697706665E-4
5.711486500015495E-4
5.633081886474168E-4
5.556725599801447E-4
5.482339531075419E-4
5.409849462725667E-4
5.339184830336329E-4
5.270278501677213E-4
5.203066571529865E-4
5.137488171010366E-4
5.073485290209908E-4
5.011002613084061E-4
4.949987363615962E-4
4.890389162368814E-4
4.832159892619944E-4
4.7752535753385736E-4
4.7196262523363015E-4
4.6652358769743764E-4
4.612042211864985E-4
4.560006733051292E-4
4.509092540193728E-4
4.459264272328712E-4
4.4104880288014966E-4
4.362731295007411E-4
4.3159628726038406E-4
4.270152813883636E-4
4.225272360022894E-4
4.1812938829410606E-4
4.138190830527907E-4
4.0959376750141874E-4
4.054509864277094E-4
4.0138837758884347E-4
3.9740366737272745E-4
3.934946666992459E-4
3.896592671461147E-4
3.858954372852007E-4
3.82201219216098E-4
3.785747252847197E-4
3.750141349754924E-4
3.715176919665813E-4
3.680837013382586E-4
3.6471052692523275E-4
3.613965888043707E-4
3.581403609098346E-4
3.549403687681559E-4
3.5179518734628347E-4
3.487034390061128E-4
3.4566379155944246E-4
3.426749564175711E-4
3.3973568683033796E-4
3.3684477620953555E-4
3.340010565320521E-4
3.3120339681833505E-4
3.284507016821603E-4
3.257419099477227E-4
3.230759933305351E-4
3.2045195517871127E-4
3.178688292714046E-4
3.153256786714507E-4
3.1282159462935093E-4
3.1035569553599724E-4
3.079271259215398E-4
3.055350554981805E-4
3.0317867824450237E-4
3.0085721152943267E-4
2.985698952736872E-4
2.963159911469805E-4
2.9409478179913114E-4
2.919055701234953E-4
2.897476785510753E-4
2.876204483739257E-4
2.855232390963338E-4
2.8345542781256603E-4
2.8141640860983324E-4
2.794055919953767E-4
2.7742240434646217E-4
2.754662873823048E-4
2.73536697656848E-4
2.716331060714747E-4
2.6975499740676436E-4
2.679018698723645E-4
2.660732346742782E-4
2.6426861559866364E-4
2.6248754861151336E-4
2.6072958147346033E-4
2.5899427336908087E-4
2.5728119455001547E-4
2.555899259913848E-4
2.5392005906087146E-4
2.522711951999118E-4
2.5064294561658225E-4
2.490349309895471E-4
2.4744678118273256E-4
2.4587813497019306E-4
2.443286397707789E-4
2.4279795139222122E-4
2.4128573378420128E-4
2.3979165880007623E-4
2.3831540596690586E-4
2.3685666226341842E-4
2.354151219056371E-4
2.3399048613983528E-4
2.3258246304252994E-4
2.3119076732725364E-4
2.298151201578316E-4
2.2845524896789266E-4
2.2711088728640517E-4
2.2578177456898413E-4
2.2446765603474384E-4
2.2316828250850302E-4
2.2188341026813154E-4
2.2061280089683702E-4
2.1935622114021755E-4
2.1811344276788876E-4
2.168842424395425E-4
2.1566840157523717E-4
2.1446570622978643E-4
2.1327594697109908E-4
2.1209891876231517E-4
2.1093442084760765E-4
2.0978225664150323E-4
2.0864223362163472E-4
2.075141632247561E-4
2.0639786074591618E-4
2.0529314524072459E-4
2.0419983943053047E-4
2.0311776961045216E-4
2.0204676556017384E-4
2.0098666045738516E-4
1.9993729079375506E-4
1.9889849629341194E-4
1.9787011983379558E-4
1.9685200736883134E-4
1.958440078542986E-4
1.948459731753971E-4
1.938577580763686E-4
1.928792200921384E-4
1.91910219481886E-4
1.9095061916454936E-4
1.90000284656084E-4
1.8905908400852387E-4
1.8812688775073194E-4
1.8720356883081398E-4
1.8628900256008904E-4
1.8538306655866446E-4
1.8448564070244058E-4
1.8359660707160515E-4
1.8271584990052925E-4
1.8184325552898854E-4
1.8097871235472747E-4
1.8012211078728785E-4
1.7927334320307317E-4
1.7843230390160444E-4
1.7759888906293344E-4
1.7677299670618913E-4
1.7595452664920542E-4
1.7514338046920356E-4
1.7433946146450384E-4
1.7354267461722054E-4
1.727529265569315E-4
1.71970125525275E-4
1.7119418134145534E-4
1.704250053686284E-4
1.6966251048113098E-4
1.6890661103254918E-4
1.6815722282460333E-4
1.674142630767711E-4
1.6667765039672116E-4
1.659473047514426E-4
1.6522314743910656E-4
1.6450510106161867E-4
1.6379308949785655E-4
1.6308703787753002E-4
1.6238687255573056E-4
1.6169252108803861E-4
1.610039122062766E-4
1.6032097579484094E-4
1.5964364286757471E-4
1.5897184554522088E-4
1.5830551703340244E-4
1.576445916011216E-4
1.569890045597713E-4
1.56338692242637E-4
1.5569359198488463E-4
1.5505364210400483E-4
1.5441878188072732E-4
1.5378895154036367E-4
1.531640922345823E-4
1.5254414602362075E-4
1.5192905585887138E-4
1.5131876556590104E-4
1.5071321982782407E-4
1.5011236416908794E-4
1.4951614493958029E-4
1.489245092991377E-4
1.4833740520237446E-4
1.4775478138384643E-4
1.4717658734356989E-4
1.466027733328424E-4
1.4603329034037704E-4
1.454680900787474E-4
1.4490712497113118E-4
1.4435034813832897E-4
1.4379771338609123E-4
1.4324917519269393E-4
1.4270468869679383E-4
1.4216420968556003E-4
1.4162769458302257E-4
1.4109510043871113E-4
1.4056638491651127E-4
1.4004150628376007E-4
1.3952042340058108E-4
1.3900309570943735E-4
1.3848948322490705E-4
1.3797954652366878E-4
1.374732467346984E-4
1.3697054552967727E-4
1.3647140511358047E-4
1.359757882154867E-4
1.3548365807954213E-4
1.3499497845614677E-4
1.3450971359329415E-4
1.3402782822809938E-4
1.335492875784987E-4
1.330740573351109E-4
1.326021036532703E-4
1.3213339314521578E-4
1.3166789287243622E-4
1.3120557033816942E-4
1.3074639348005913E-4
1.3029033066294326E-4
1.298373506717784E-4
1.2938742270474654E-4
1.2894051636643837E-4
1.284966016612156E-4
1.280556489866831E-4
1.2761762912728549E-4
1.2718251324804152E-4
1.2675027288839167E-4
1.2632087995615435E-4
1.2589430672162408E-4
1.2547052581175498E-4
1.2504951020447883E-4
1.246312332231046E-4
1.2421566853085663E-4
1.2380279012548628E-4
1.233925723340076E-4
1.229849898075206E-4
1.225800175161266E-4
1.2217763074395813E-4
1.2177780508427344E-4
1.213805164346759E-4
1.2098574099238902E-4
1.2059345524963876E-4
1.202036359891184E-4
1.1981626027952881E-4
1.1943130547120779E-4
1.1904874919183462E-4
1.1866856934222138E-4
1.1829074409216407E-4
1.1791525187638445E-4
1.1754207139054106E-4
1.1717118158730222E-4
1.1680256167250711E-4
1.16436191101375E-4
1.1607204957480683E-4
1.15710117035721E-4
1.1535037366548512E-4
1.1499279988039074E-4
1.1463737632819583E-4
1.1428408388473104E-4
1.1393290365056734E-4
1.1358381694772195E-4
1.132368053164533E-4
1.1289185051208998E-4
1.1254893450191343E-4
1.1220803946211284E-4
1.1186914777476993E-4
1.1153224202491179E-4
1.1119730499760806E-4
1.1086431967511476E-4
1.1053326923407493E-4
1.1020413704275547E-4
1.0987690665834599E-4
1.0955156182428305E-4
1.0922808646764086E-4
1.0890646469655282E-4
1.0858668079767475E-4
1.0826871923370513E-4
1.079525646409141E-4
1.0763820182677048E-4
1.0732561576753728E-4
1.0701479160596728E-4
1.0670571464900702E-4
1.0639837036552921E-4
1.0609274438413964E-4
1.0578882249098161E-4
1.054865906275915E-4
1.0518603488880287E-4
1.0488714152064853E-4
1.0458989691834215E-4
1.0429428762425215E-4
1.0400030032593423E-4
1.0370792185417916E-4
1.034171391811075E-4
1.0312793941827992E-4
1.0284030981484289E-4
1.025542377557132E-4
1.0226971075976908E-4
1.0198671647809767E-4
1.0170524269224694E-4
1.0142527731251116E-4
1.0114680837626054E-4
1.0086982404626605E-4
1.0059431260907466E-4
1.0032026247340627E-4
1.0004766216855995E-4
9.977650034286427E-5
The correct rate for BP: 100.00% 
