1.7335979116975808
1.1873140704241871
0.9881933499072683
0.9562583684751058
0.8818304687198975
0.7872850538882696
0.6897522997239275
0.5966507840080487
0.5116200416051305
0.43654861329120603
0.3720730296531816
0.3178421946445191
0.2728526769297855
0.23579672183838782
0.20532927511683968
0.1802234421644168
0.159434602899567
0.1421084204485048
0.12756183259123993
0.11525494256348258
0.10476283689981933
0.09575099182443432
0.08795519520955464
0.08116571922453475
0.07521507139792687
0.06996859829677331
0.06531729895582887
0.06117232469134221
0.05746075698672775
0.05412235202496107
0.05110701709973776
0.048372842842403
0.04588455937888002
0.04361231748069336
0.04153072025970381
0.03961804914502804
0.037855641416264435
0.036227386672414354
0.034719317191518155
0.03331927284233406
0.03201662552977384
0.03080205144446297
0.029667341903812806
0.02860524550905835
0.027609335841627575
0.02667390008835785
0.025793844897163486
0.024964616481848383
0.024182132561397198
0.023442724169050088
0.022743085725495472
0.02208023205832566
0.02145146128165011
0.020854322637191693
0.020286588550414632
0.019746230279370232
0.019231396635579205
0.018740395339797603
0.018271676644413523
0.01782381891126242
0.01739551588103348
0.016985565409933796
0.016592859482304784
0.016216375335588642
0.01585516755735359
0.0155083610337575
0.015175144645477702
0.01485476562126187
0.014546524471277477
0.014249770432693161
0.01396389736869745
0.01368834006968179
0.01342257091177812
0.013166096833510861
0.012918456596128917
0.012679218297344476
0.012447977111811169
0.012224353234808723
0.012007990008328976
0.011798552211138895
0.011595724496475722
0.01139920996285155
0.011208728845041213
0.011024017313732927
0.010844826373554828
0.010670920850282591
0.010502078458993072
0.010338088945782267
0.010178753296418512
0.01002388300597145
0.009873299404051721
0.009726833030825405
0.009584323059438269
0.009445616760905943
0.00931056900790178
0.009179041814210235
0.00905090390691502
0.008926030328661802
0.008804302067576873
0.008685605712642656
0.008569833132526145
0.008456881176034419
0.008346651392529962
0.008239049770783949
0.008133986494875048
0.008031375715859925
0.0079311353380486
0.007833186818814421
0.00773745498095706
0.007643867836716626
0.0075523564226098305
0.0074628546443255474
0.007375299130977917
0.007289629098069129
0.007205786218565953
0.007123714501538614
0.0070433601778536305
0.006964671592450329
0.006887599102765891
0.00681209498290673
0.0067381133331929155
0.006665609994730003
0.00659454246868778
0.006524869839988207
0.006456552705126041
0.006389553103865324
0.006323834454572751
0.00625936149296564
0.006196100214067386
0.0061340178171774866
0.006073082653676589
0.006013264177498369
0.005954532898112016
0.005896860335869168
0.005840218979578413
0.005784582246179922
0.005729924442400567
0.005676220728277895
0.00562344708244815
0.00557158026910038
0.005520597806504531
0.005470477937027684
0.005421199598557062
0.00537274239725432
0.005325086581569608
0.005278213017448457
0.005232103164668515
0.005186739054246914
0.0051421032668625775
0.005098178912240949
0.005054949609451901
0.005012399468073982
0.004970513070181686
0.004929275453113681
0.004888672092983784
0.0048486888888971905
0.00480931214783761
0.004770528570192354
0.004732325235884542
0.004694689591082759
0.004657609435460886
0.004621072909981684
0.004585068485179252
0.0045495849499171325
0.004514611400599687
0.004480137230815645
0.004446152121394075
0.0044126460308536635
0.004379609186227551
0.004347032074246557
0.00431490543286481
0.004283220243112386
0.004251967721260483
0.004221139311285145
0.0041907266776167
0.0041607216981622485
0.004131116457589343
0.004101903240859679
0.0040730745270020855
0.004044622983114421
0.004016541458585049
0.003988822979524141
0.003961460743396433
0.003934448113846884
0.003907778615711154
0.0038814459302035182
0.0038554438902746366
0.0038297664761326026
0.003804407810920343
0.0037793621565433574
0.003754623909641481
0.0037301875976992107
0.0037060478752889035
0.003682199520441678
0.003658637431141096
0.0036353566219346303
0.003612352220658588
0.0035896194652719603
0.003567153700795053
0.003544950376348894
0.003523005042291617
0.0035013133474482115
0.0034798710364298993
0.0034586739470400586
0.003437718007763391
0.0034169992353351585
0.003396513732387588
0.003376257685170748
0.0033562273613448965
0.003336419107842074
0.0033168293487941497
0.0032974545835249515
0.0032782913846044585
0.003259336395962509
0.003240586331060197
0.003222037971116614
0.0032036881633894024
0.0031855338195068594
0.0031675719138500535
0.003149799481983077
0.0031322136191298793
0.0031148114786960523
0.003097590270833961
0.003080547261049951
0.0030636797688519315
0.003046985166436216
0.003030460877412243
0.003014104375563775
0.0029979131836456252
0.002981884872214486
0.002966017058492917
0.0029503074052653466
0.0029347536198049955
0.0029193534528307954
0.0029041046974933073
0.002889005188388738
0.002874052800600049
0.0028592454487644833
0.0028445810861664365
0.00283005770385513
0.0028156733297860764
0.0028014260279857514
0.0027873138977386335
0.002773335072796082
0.0027594877206061122
0.002745770041563787
0.002732180268281178
0.002718716664876685
0.002705377526282863
0.002692161177572327
0.0026790659733011116
0.00266609029686907
0.0026532325598966726
0.0026404912016178158
0.0026278646882880777
0.002615351512608147
0.002602950193161692
0.0025906592738675063
0.0025784773234454076
0.0025664029348954603
0.002554434724990183
0.00254257133377942
0.0025308114241073608
0.0025191536811415
0.002507596811913158
0.002496139544869221
0.0024847806294347576
0.002473518835586267
0.0024623529534352193
0.0024512817928216703
0.0024403041829174892
0.0024294189718391604
0.002418625026269777
0.00240792123108996
0.0023973064890174776
0.002386779720255404
0.002376339862148409
0.0023659858688472066
0.0023557167109806688
0.0023455313753356034
0.002335428864543938
0.0023254081967770106
0.002315468405447
0.0023056085389150005
0.0022958276602058647
0.0022861248467294553
0.002276499190008191
0.0022669497954107337
0.0022574757818916258
0.002248076281736756
0.0022387504403144462
0.0022294974158321708
0.0022203163790984887
0.002211206513290325
0.0022021670137253872
0.002193197087639404
0.0021842959539683966
0.00217546284313552
0.0021666969968426723
0.0021579976678664397
0.0021493641198585215
0.0021407956271503915
0.0021322914745621822
0.0021238509572155187
0.0021154733803504552
0.0021071580591461433
0.002098904318545408
0.002090711493082906
0.002082578926716881
0.0020745059726644823
0.002066491993240484
0.0020585363596992805
0.002050638452080236
0.0020427976590561294
0.002035013377784788
0.0020272850137636536
0.002019611980687403
0.0020119937003083813
0.0020044296022999264
0.0019969191241223866
0.0019894617108918928
0.001982056815251663
0.0019747038972460244
0.0019674024241967823
0.0019601518705821513
0.001952951717918041
0.0019458014546416813
0.0019387005759975446
0.001931648583925493
0.001924644986951104
0.0019176893000781708
0.0019107810446832103
0.0019039197484121296
0.0018971049450787342
0.001890336174565336
0.0018836129827251651
0.001876934921286666
0.001870301547759693
0.0018637124253433387
0.0018571671228356699
0.0018506652145450484
0.0018442062802031581
0.0018377899048797155
0.0018314156788986498
0.0018250831977560198
0.001818792062039285
0.0018125418773481746
0.0018063322542169987
0.0018001628080383948
0.001794033158988443
0.0017879429319532071
0.0017818917564565548
0.0017758792665893382
0.0017699051009398517
0.001763968902525557
0.0017580703187259864
0.0017522090012169187
0.0017463846059057415
0.0017405967928678715
0.0017348452262844528
0.0017291295743810382
0.0017234495093674577
0.0017178047073786202
0.0017121948484165508
0.0017066196162932531
0.0017010786985747271
0.0016955717865258257
0.0016900985750562026
0.0016846587626671659
0.001679252051399338
0.0016738781467814051
0.0016685367577796296
0.0016632275967482543
0.001657950379380781
0.0016527048246620598
0.001647490654821186
0.0016423075952852514
0.0016371553746338168
0.0016320337245542057
0.0016269423797974922
0.0016218810781352916
0.0016168495603172523
0.0016118475700292493
0.0016068748538523054
0.0016019311612221199
0.0015970162443893982
0.001592129858380703
0.0015872717609600523
0.0015824417125910894
0.0015776394763999022
0.001572864818138457
0.0015681175061485972
0.0015633973113266546
0.0015587040070886675
0.0015540373693360488
0.0015493971764219843
0.0015447832091181975
0.001540195250582359
0.0015356330863259874
0.0015310965041828507
0.0015265852942779104
0.0015220992489966998
0.0015176381629552589
0.001513201832970472
0.0015087900580309504
0.0015044026392683175
0.0015000393799289424
0.001495700085346186
0.0014913845629129863
0.0014870926220549436
0.001482824074203794
0.0014785787327713054
0.0014743564131235354
0.0014701569325555903
0.0014659801102666404
0.0014618257673354369
0.0014576937266961006
0.0014535838131143801
0.001449495853164195
0.0014454296752045785
0.001441385109356951
0.0014373619874827497
0.0014333601431613806
0.0014293794116685232
0.0014254196299547564
0.0014214806366244718
0.0014175622719151554
0.001413664377676944
0.001409786797352512
0.0014059293759571979
0.0014020919600595066
0.001398274397761873
0.0013944765386816362
0.0013906982339324029
0.0013869393361056284
0.0013831996992524653
0.0013794791788659104
0.001375777631863148
0.0013720949165682173
0.0013684308926949053
0.001364785421329885
0.001361158364916079
0.001357549587236306
0.001353958953397133
0.0013503863298129394
0.0013468315841902844
0.0013432945855124073
0.001339775204023978
0.0013362733112161104
0.0013327887798115616
0.0013293214837500577
0.0013258712981739878
0.001322438099414158
0.0013190217649758044
0.0013156221735248208
0.001312239204874137
0.0013088727399703072
0.0013055226608802775
0.0013021888507783624
0.0012988711939333655
0.0012955695756958867
0.0012922838824858303
0.0012890140017800733
0.0012857598221002729
0.0012825212330008775
0.0012792981250572984
0.001276090389854221
0.0012728979199740692
0.0012697206089857184
0.0012665583514331984
0.001263411042824684
0.001260278579621589
0.0012571608592278273
0.0012540577799791247
0.0012509692411326397
0.0012478951428565631
0.0012448353862199557
0.0012417898731826877
0.0012387585065855116
0.001235741190140265
0.0012327378284201953
0.001229748326850473
0.001226772591698713
0.0012238105300657364
0.0012208620498764119
0.0012179270598705696
0.0012150054695940935
0.0012120971893901462
0.0012092021303904063
0.0012063202045065604
0.0012034513244217674
0.0012005954035823364
0.001197752356189468
0.0011949220971910863
0.0011921045422738268
0.0011892996078550705
0.0011865072110751175
0.0011837272697894582
0.0011809597025611133
0.001178204428653105
0.0011754613680210197
0.001172730441305629
0.00117001156982566
0.0011673046755706032
0.001164609681193655
0.0011619265100047355
0.0011592550859635439
0.0011565953336727856
0.0011539471783714385
0.0011513105459280946
0.0011486853628344148
0.0011460715561986213
0.001143469053739103
0.001140877783778131
0.0011382976752355618
0.0011357286576227084
0.0011331706610362199
0.0011306236161521075
0.001128087454219738
0.0011255621070560314
0.001123047507039605
0.0011205435871051
0.0011180502807374663
0.0011155675219664178
0.0011130952453608798
0.0011106333860235675
0.0011081818795855495
0.0011057406622009573
0.0011033096705417302
0.00110088884179237
0.0010984781136448602
0.0010960774242935697
0.0010936867124302116
0.001091305917238952
0.0010889349783914455
0.0010865738360420374
0.0010842224308229655
0.001081880703839656
0.0010795485966660385
0.0010772260513399157
0.001074913010358452
0.0010726094166736272
0.0010703152136877956
0.0010680303452492812
0.0010657547556480213
0.001063488389611293
0.0010612311922994196
0.0010589831093016297
0.0010567440866318257
0.0010545140707245574
0.001052293008430921
0.0010500808470145478
0.001047877534147672
0.0010456830179071518
0.0010434972467706783
0.0010413201696128785
0.0010391517357015317
0.0010369918946938758
0.0010348405966328494
0.0010326977919434723
0.001030563431429211
0.0010284374662683877
0.0010263198480106848
0.0010242105285735983
0.0010221094602390153
0.001020016595649788
0.0010179318878063344
0.0010158552900633208
0.0010137867561263334
0.0010117262400486293
0.0010096736962278904
0.0010076290794030236
0.0010055923446510096
0.00100356344738379
0.0010015423433451162
9.995289886075701E-4
9.975233395694745E-4
9.95525352951942E-4
9.935349857959058E-4
9.915521954591653E-4
9.895769396135446E-4
9.87609176241984E-4
9.856488636357217E-4
9.836959603914995E-4
9.817504254087822E-4
9.79812217887037E-4
9.778812973229773E-4
9.759576235079367E-4
9.740411565251752E-4
9.721318567472632E-4
9.702296848335011E-4
9.683346017273158E-4
9.664465686537755E-4
9.645655471169944E-4
9.626914988977376E-4
9.608243860508809E-4
9.589641709030096E-4
9.571108160500254E-4
9.552642843547212E-4
9.534245389444653E-4
9.515915432088328E-4
9.497652607973067E-4
9.479456556170065E-4
9.461326918304061E-4
9.443263338531253E-4
9.42526546351661E-4
9.407332942412747E-4
9.389465426837365E-4
9.371662570852512E-4
9.353924030942979E-4
9.336249465995374E-4
9.318638537277258E-4
9.301090908416718E-4
9.283606245381777E-4
9.266184216460546E-4
9.248824492240771E-4
9.231526745590581E-4
9.214290651638773E-4
9.197115887755146E-4
9.180002133531961E-4
9.162949070764439E-4
9.145956383432299E-4
9.129023757680993E-4
9.112150881803424E-4
9.095337446221919E-4
9.078583143469868E-4
9.061887668173984E-4
9.045250717036763E-4
9.028671988819239E-4
9.012151184322833E-4
8.995688006373357E-4
8.97928215980322E-4
8.962933351434834E-4
8.946641290064261E-4
8.930405686444386E-4
8.914226253268956E-4
8.898102705156239E-4
8.882034758633115E-4
8.866022132119119E-4
8.8500645459112E-4
8.834161722167725E-4
8.818313384893467E-4
8.802519259924153E-4
8.786779074911626E-4
8.771092559308917E-4
8.755459444355392E-4
8.739879463062142E-4
8.724352350197569E-4
8.708877842273056E-4
8.693455677528775E-4
8.678085595919594E-4
8.662767339101236E-4
8.647500650416389E-4
8.632285274881064E-4
8.617120959171371E-4
8.602007451609594E-4
8.586944502151355E-4
8.571931862372492E-4
8.556969285455757E-4
8.542056526178074E-4
8.527193340897962E-4
8.512379487542631E-4
8.497614725595675E-4
8.482898816084426E-4
8.468231521567939E-4
8.453612606124765E-4
8.439041835340789E-4
8.424518976297288E-4
8.410043797559363E-4
8.395616069163875E-4
8.381235562608233E-4
8.366902050838483E-4
8.352615308238337E-4
8.338375110617468E-4
8.324181235200822E-4
8.310033460617091E-4
8.295931566888197E-4
8.281875335417819E-4
8.267864548981405E-4
8.253898991714845E-4
8.239978449104294E-4
8.226102707975519E-4
8.212271556483767E-4
8.198484784103064E-4
8.184742181616572E-4
8.171043541106019E-4
8.157388655942142E-4
8.143777320774399E-4
8.130209331521318E-4
8.116684485361071E-4
8.103202580721144E-4
8.089763417269566E-4
8.076366795905007E-4
8.063012518747399E-4
8.04970038912893E-4
8.036430211584482E-4
8.023201791842915E-4
8.010014936817688E-4
7.996869454597959E-4
7.983765154440136E-4
7.970701846758346E-4
7.957679343116224E-4
7.944697456218359E-4
7.931755999901395E-4
7.918854789125707E-4
7.905993639966978E-4
7.893172369607967E-4
7.880390796330029E-4
7.867648739505158E-4
7.85494601958782E-4
7.842282458106814E-4
7.829657877657332E-4
7.817072101893233E-4
7.804524955518927E-4
7.792016264281878E-4
7.779545854964776E-4
7.767113555377935E-4
7.754719194351768E-4
7.742362601729227E-4
7.730043608358507E-4
7.717762046085591E-4
7.705517747746861E-4
7.693310547162136E-4
7.681140279127288E-4
7.669006779407195E-4
7.656909884728646E-4
7.644849432773488E-4
7.632825262171595E-4
7.620837212494016E-4
7.608885124246121E-4
7.596968838861092E-4
7.585088198692976E-4
7.573243047010143E-4
7.561433227988672E-4
7.549658586706033E-4
7.53791896913422E-4
7.526214222133884E-4
7.514544193447499E-4
7.502908731693324E-4
7.491307686359201E-4
7.479740907795994E-4
7.468208247212082E-4
7.456709556666575E-4
7.44524468906383E-4
7.433813498147162E-4
7.422415838493064E-4
7.411051565505293E-4
7.399720535408918E-4
7.388422605244612E-4
7.377157632863049E-4
7.365925476919053E-4
7.35472599686593E-4
7.343559052950132E-4
7.33242450620529E-4
7.321322218447229E-4
7.310252052268007E-4
7.299213871030863E-4
7.288207538864683E-4
7.277232920658815E-4
7.266289882057646E-4
7.255378289455311E-4
7.244498009990887E-4
7.233648911542753E-4
7.222830862723966E-4
7.212043732876721E-4
7.201287392067697E-4
7.190561711082914E-4
7.17986656142288E-4
7.169201815297494E-4
7.158567345621592E-4
7.147963026009615E-4
7.13738873077132E-4
7.126844334906696E-4
7.116329714101321E-4
7.105844744721989E-4
7.095389303811643E-4
7.084963269085166E-4
7.074566518924417E-4
7.064198932374285E-4
7.053860389137658E-4
7.043550769571388E-4
7.033269954681554E-4
7.023017826119436E-4
7.012794266176854E-4
7.002599157782157E-4
6.992432384495668E-4
6.982293830505679E-4
6.972183380624185E-4
6.962100920282638E-4
6.952046335528112E-4
6.942019513018615E-4
6.932020340019651E-4
6.922048704399875E-4
6.912104494627213E-4
6.902187599764615E-4
6.89229790946653E-4
6.882435313974693E-4
6.872599704114325E-4
6.862790971290445E-4
6.853009007483774E-4
6.843253705247101E-4
6.83352495770166E-4
6.823822658533083E-4
6.814146701988071E-4
6.804496982870337E-4
6.794873396537347E-4
6.785275838896375E-4
6.775704206401169E-4
6.766158396048319E-4
6.756638305373552E-4
6.747143832448584E-4
6.737674875877387E-4
6.728231334792705E-4
6.718813108852881E-4
6.709420098238179E-4
6.700052203647655E-4
6.690709326295639E-4
6.681391367908589E-4
6.672098230721582E-4
6.662829817475264E-4
6.653586031412514E-4
6.644366776275169E-4
6.635171956300916E-4
6.626001476220149E-4
6.616855241252747E-4
6.607733157104943E-4
6.598635129966458E-4
6.589561066506934E-4
6.580510873873491E-4
6.571484459687297E-4
6.562481732040628E-4
6.553502599493949E-4
6.54454697107313E-4
6.535614756266022E-4
6.52670586502011E-4
6.517820207739228E-4
6.508957695280904E-4
6.500118238953322E-4
6.491301750512684E-4
6.482508142160301E-4
6.473737326539863E-4
6.464989216734608E-4
6.456263726264714E-4
6.447560769084176E-4
6.438880259578906E-4
6.430222112563137E-4
6.421586243277306E-4
6.412972567385294E-4
6.404381000971852E-4
6.395811460539802E-4
6.38726386300769E-4
6.378738125707061E-4
6.370234166379968E-4
6.361751903176575E-4
6.353291254652218E-4
6.344852139765555E-4
6.336434477875503E-4
6.328038188739242E-4
6.319663192509302E-4
6.311309409731675E-4
6.302976761342954E-4
6.294665168668289E-4
6.286374553418798E-4
6.278104837689271E-4
6.269855943955906E-4
6.261627795074019E-4
6.253420314275547E-4
6.245233425167004E-4
6.237067051727001E-4
6.228921118304191E-4
6.220795549614994E-4
6.212690270741116E-4
6.20460520712785E-4
6.196540284581449E-4
6.188495429267145E-4
6.180470567706954E-4
6.172465626777569E-4
6.164480533708305E-4
6.156515216078675E-4
6.148569601816822E-4
6.140643619196933E-4
6.132737196837407E-4
6.124850263698961E-4
6.116982749082192E-4
6.109134582625961E-4
6.101305694305145E-4
6.093496014428712E-4
6.085705473637814E-4
6.077934002903671E-4
6.070181533525815E-4
6.06244799712996E-4
6.054733325666141E-4
6.047037451407053E-4
6.039360306945627E-4
6.031701825193708E-4
6.024061939379847E-4
6.016440583047502E-4
6.008837690053282E-4
6.001253194565066E-4
5.993687031060119E-4
5.986139134323488E-4
5.978609439445998E-4
5.971097881822529E-4
5.963604397150253E-4
5.956128921426994E-4
5.948671390949385E-4
5.941231742311068E-4
5.933809912401049E-4
5.92640583840205E-4
5.919019457788814E-4
5.911650708326213E-4
5.904299528067834E-4
5.89696585535415E-4
5.889649628811E-4
5.882350787347875E-4
5.87506927015637E-4
5.867805016708275E-4
5.860557966754438E-4
5.853328060322831E-4
5.846115237717048E-4
5.83891943951484E-4
5.831740606566421E-4
5.824578679992929E-4
5.817433601185021E-4
5.810305311801086E-4
5.80319375376611E-4
5.79609886926973E-4
5.789020600765129E-4
5.781958890967243E-4
5.774913682851362E-4
5.76788491965191E-4
5.760872544860696E-4
5.753876502225438E-4
5.746896735748579E-4
5.739933189685631E-4
5.732985808543995E-4
5.7260545370812E-4
5.719139320303814E-4
5.712240103465972E-4
5.705356832067791E-4
5.698489451854367E-4
5.691637908814123E-4
5.68480214917759E-4
5.677982119415926E-4
5.671177766239777E-4
5.664389036597763E-4
5.657615877675278E-4
5.650858236893123E-4
5.644116061906157E-4
5.637389300602175E-4
5.630677901100501E-4
5.623981811750694E-4
5.61730098113131E-4
5.610635358048558E-4
5.603984891535323E-4
5.597349530849585E-4
5.590729225473391E-4
5.584123925111621E-4
5.577533579690606E-4
5.570958139357136E-4
5.564397554477028E-4
5.557851775634242E-4
5.551320753629305E-4
5.544804439478537E-4
5.538302784412431E-4
5.531815739874957E-4
5.525343257522056E-4
5.51888528922069E-4
5.512441787047593E-4
5.506012703288095E-4
5.499597990435245E-4
5.493197601188319E-4
5.486811488451988E-4
5.480439605335224E-4
5.474081905149969E-4
5.467738341410243E-4
5.46140886783093E-4
5.455093438326906E-4
5.448792007011678E-4
5.442504528196572E-4
5.436230956389478E-4
5.429971246294107E-4
5.423725352808479E-4
5.417493231024323E-4
5.411274836225744E-4
5.405070123888456E-4
5.398879049678553E-4
5.392701569451544E-4
5.386537639251574E-4
5.380387215309972E-4
5.374250254044677E-4
5.368126712059111E-4
5.362016546141051E-4
5.355919713262013E-4
5.34983617057585E-4
5.34376587541813E-4
5.33770878530502E-4
5.331664857932336E-4
5.325634051174791E-4
5.319616323084618E-4
5.313611631891262E-4
5.307619935999931E-4
5.301641193990748E-4
5.295675364618266E-4
5.289722406809993E-4
5.283782279665877E-4
5.277854942457136E-4
5.271940354625698E-4
5.266038475783006E-4
5.260149265709183E-4
5.25427268435244E-4
5.248408691827741E-4
5.242557248416504E-4
5.236718314565168E-4
5.230891850884667E-4
5.225077818149512E-4
5.219276177297152E-4
5.213486889426609E-4
5.207709915798226E-4
5.201945217832546E-4
5.196192757109439E-4
5.190452495367454E-4
5.184724394502874E-4
5.179008416569086E-4
5.17330452377553E-4
5.167612678487084E-4
5.161932843223218E-4
5.15626498065723E-4
5.150609053615332E-4
5.144965025076158E-4
5.139332858169664E-4
5.133712516176503E-4
5.12810396252739E-4
5.122507160802066E-4
5.116922074728809E-4
5.111348668183487E-4
5.105786905188982E-4
5.10023674991422E-4
5.094698166673776E-4
5.089171119926684E-4
5.083655574276172E-4
5.078151494468715E-4
5.072658845393103E-4
5.067177592080251E-4
5.06170769970203E-4
5.056249133570746E-4
5.050801859138382E-4
5.045365841996006E-4
5.039941047872973E-4
5.034527442636204E-4
5.029124992289614E-4
5.023733662973369E-4
5.018353420963193E-4
5.012984232669771E-4
5.007626064637915E-4
5.00227888354619E-4
4.996942656205885E-4
4.991617349560577E-4
4.986302930685586E-4
4.98099936678701E-4
4.9757066252013E-4
4.970424673394548E-4
4.965153478962008E-4
4.959893009627122E-4
4.954643233241156E-4
4.949404117782552E-4
4.944175631356192E-4
4.938957742192899E-4
4.93375041864867E-4
4.928553629204282E-4
4.923367342464436E-4
4.918191527157389E-4
4.913026152134121E-4
4.907871186367867E-4
4.902726598953596E-4
4.897592359107217E-4
4.892468436165164E-4
4.887354799583744E-4
4.8822514189385475E-4
4.877158263923844E-4
4.872075304352144E-4
4.867002510153413E-4
4.8619398513746693E-4
4.8568872981794416E-4
4.851844820846974E-4
4.8468123897719956E-4
4.841789975463926E-4
4.836777548546237E-4
4.8317750797564484E-4
4.82678253994479E-4
4.8217999000743205E-4
4.816827131220008E-4
4.8118642045683817E-4
4.806911091416852E-4
4.801967763173438E-4
4.7970341913558713E-4
4.7921103475912684E-4
4.787196203615826E-4
4.782291731273865E-4
4.777396902517582E-4
4.772511689406523E-4
4.767636064107083E-4
4.7627699988918174E-4
4.7579134661392136E-4
4.753066438332928E-4
4.748228888061609E-4
4.743400788017944E-4
4.738582110998604E-4
4.733772829903549E-4
4.728972917735504E-4
4.724182347599661E-4
4.719401092702978E-4
4.714629126353805E-4
4.7098664219614485E-4
4.7051129530356145E-4
4.700368693185997E-4
4.6956336161217926E-4
4.6909076956511863E-4
4.686190905680977E-4
4.681483220216048E-4
4.676784613358964E-4
4.6720950593094114E-4
4.667414532364009E-4
4.6627430069153626E-4
4.658080457452184E-4
4.653426858558509E-4
4.6487821849132405E-4
4.644146411289964E-4
4.639519512556182E-4
4.634901463673155E-4
4.630292239695275E-4
4.625691815769779E-4
4.621100167136217E-4
4.616517269126058E-4
4.611943097162335E-4
4.6073776267590845E-4
4.6028208335210463E-4
4.5982726931431976E-4
4.593733181410347E-4
4.5892022741967075E-4
4.584679947465508E-4
4.5801661772686234E-4
4.575660939746053E-4
4.5711642111256006E-4
4.5666759677226E-4
4.562196185939102E-4
4.5577248422640573E-4
4.553261913272398E-4
4.5488073756249855E-4
4.544361206068026E-4
4.53992338143282E-4
4.535493878635285E-4
4.5310726746756124E-4
4.526659746637853E-4
4.5222550716895543E-4
4.517858627081458E-4
4.5134703901469165E-4
4.509090338301864E-4
4.504718449044023E-4
4.500354699952838E-4
4.495999068689056E-4
4.491651532994279E-4
4.487312070690627E-4
4.4829806596804713E-4
4.4786572779459253E-4
4.474341903548582E-4
4.4700345146291514E-4
4.4657350894070373E-4
4.461443606180136E-4
4.457160043324289E-4
4.452884379293078E-4
4.448616592617479E-4
4.444356661905329E-4
4.440104565841317E-4
4.435860283186355E-4
4.431623792777305E-4
4.4273950735267684E-4
4.4231741044224607E-4
4.4189608645273977E-4
4.4147553329789265E-4
4.4105574889889335E-4
4.4063673118431156E-4
4.402184780900925E-4
4.398009875595088E-4
4.393842575431485E-4
4.389682859988473E-4
4.385530708916896E-4
4.3813861019396575E-4
4.377249018851356E-4
4.373119439518046E-4
4.3689973438767934E-4
4.3648827119355845E-4
4.3607755237727857E-4
4.3566757595370464E-4
4.3525833994467023E-4
4.3484984237898846E-4
4.3444208129237534E-4
4.3403505472746094E-4
4.3362876073373114E-4
4.33223197367512E-4
4.328183626919257E-4
4.3241425477689186E-4
4.3201087169905244E-4
4.316082115417766E-4
4.312062723951342E-4
4.3080505235583693E-4
4.304045495272385E-4
4.300047620192872E-4
4.296056879485132E-4
4.2920732543797976E-4
4.2880967261728424E-4
4.284127276224898E-4
4.280164885961514E-4
4.2762095368722357E-4
4.2722612105109044E-4
4.2683198884950073E-4
4.264385552505673E-4
4.260458184287094E-4
4.256537765646622E-4
4.252624278453978E-4
4.2487177046417706E-4
4.244818026204332E-4
4.2409252251981956E-4
4.2370392837413575E-4
4.233160184013158E-4
4.229287908254181E-4
4.2254224387657386E-4
4.2215637579097985E-4
4.217711848108596E-4
4.2138666918445215E-4
4.210028271659624E-4
4.206196570155704E-4
4.2023715699937553E-4
4.1985532538939117E-4
4.1947416046350184E-4
4.190936605054603E-4
4.187138238048359E-4
4.183346486570181E-4
4.179561333631702E-4
4.1757827623022185E-4
4.1720107557082517E-4
4.1682452970335745E-4
4.1644863695186585E-4
4.160733956460717E-4
4.156988041213241E-4
4.153248607185925E-4
4.1495156378443677E-4
4.145789116709856E-4
4.142069027359139E-4
4.138355353424099E-4
4.1346480785916617E-4
4.130947186603476E-4
4.127252661255725E-4
4.1235644863989103E-4
4.11988264593761E-4
4.1162071238301593E-4
4.112537904088604E-4
4.108874970778388E-4
4.105218308018114E-4
4.101567899979356E-4
4.097923730886315E-4
4.094285785015934E-4
4.0906540466972743E-4
4.087028500311546E-4
4.083409130291885E-4
4.0797959211230097E-4
4.076188857341053E-4
4.0725879235335445E-4
4.068993104338884E-4
4.065404384446286E-4
4.061821748595737E-4
4.058245181577396E-4
4.054674668231773E-4
4.051110193449317E-4
4.0475517421702185E-4
4.043999299384316E-4
4.0404528501307516E-4
4.036912379497875E-4
4.0333778726230876E-4
4.029849314692419E-4
4.026326690940538E-4
4.022809986650513E-4
4.019299187153593E-4
4.015794277828917E-4
4.012295244103512E-4
4.0088020714520024E-4
4.0053147453963825E-4
4.0018332515057967E-4
3.998357575396567E-4
3.994887702731698E-4
3.99142361922088E-4
3.987965310620232E-4
3.9845127627321895E-4
3.981065961405235E-4
3.977624892533764E-4
3.974189542057834E-4
3.970759895963058E-4
3.9673359402804195E-4
3.963917661085957E-4
3.9605050445007666E-4
3.957098076690744E-4
3.9536967438663824E-4
3.9503010322825926E-4
3.946910928238602E-4
3.94352641807764E-4
3.9401474881868993E-4
3.936774124997279E-4
3.9334063149833013E-4
3.9300440446627527E-4
3.926687300596748E-4
3.923336069389398E-4
3.919990337687614E-4
3.916650092181101E-4
3.913315319602068E-4
3.9099860067250765E-4
3.9066621403668347E-4
3.903343707386132E-4
3.9000306946836345E-4
3.8967230892016097E-4
3.8934208779239536E-4
3.890124047875848E-4
3.8868325861237584E-4
3.8835464797750666E-4
3.8802657159781886E-4
3.876990281922088E-4
3.873720164836413E-4
3.870455351991128E-4
3.867195830696505E-4
3.863941588302814E-4
3.860692612200353E-4
3.857448889819081E-4
3.854210408628625E-4
3.8509771561380356E-4
3.847749119895705E-4
3.844526287489158E-4
3.841308646544842E-4
3.8380961847281965E-4
3.83488888974321E-4
3.831686749332497E-4
3.8284897512769867E-4
3.8252978833959466E-4
3.8221111335466705E-4
3.8189294896243727E-4
3.815752939562208E-4
3.812581471330778E-4
3.809415072938331E-4
3.8062537324304134E-4
3.803097437889813E-4
3.799946177436393E-4
3.796799939226934E-4
3.793658711455038E-4
3.79052248235085E-4
3.7873912401811577E-4
3.784264973248959E-4
3.78114366989362E-4
3.7780273184904594E-4
3.7749159074508375E-4
3.7718094252219643E-4
3.768707860286478E-4
3.7656112011628446E-4
3.762519436404745E-4
3.759432554601171E-4
3.7563505443762257E-4
3.75327339438907E-4
3.750201093333574E-4
3.7471336299385474E-4
3.744070992967168E-4
3.741013171217242E-4
3.7379601535208074E-4
3.734911928744147E-4
3.7318684857875844E-4
3.728829813585447E-4
3.72579590110579E-4
3.7227667373504014E-4
3.719742311354582E-4
3.7167226121871016E-4
3.713707628950017E-4
3.71069735077855E-4
3.7076917668409483E-4
3.7046908663384675E-4
3.701694638505096E-4
3.6987030726074984E-4
3.695716157944891E-4
3.692733883849025E-4
3.6897562396837557E-4
3.6867832148453116E-4
3.683814798761879E-4
3.680850980893672E-4
3.6778917507326614E-4
3.674937097802619E-4
3.6719870116587146E-4
3.669041481887814E-4
3.6661004981079927E-4
3.663164049968544E-4
3.6602321271500743E-4
3.6573047193639267E-4
3.65438181635252E-4
3.6514634078889374E-4
3.648549483777048E-4
3.645640033851044E-4
3.642735047975799E-4
3.6398345160463353E-4
3.636938427987935E-4
3.6340467737559117E-4
3.6311595433356395E-4
3.6282767267424056E-4
3.625398314021068E-4
3.622524295246288E-4
3.619654660522245E-4
3.6167893999825034E-4
3.613928503789925E-4
3.611071962136684E-4
3.6082197652439855E-4
3.605371903362013E-4
3.6025283667699215E-4
3.599689145775576E-4
3.596854230715564E-4
3.594023611954928E-4
3.591197279887379E-4
3.5883752249348704E-4
3.585557437547654E-4
3.5827439082040897E-4
3.579934627410608E-4
3.5771295857015776E-4
3.574328773639293E-4
3.5715321818136845E-4
3.568739800842418E-4
3.5659516213706373E-4
3.563167634070961E-4
3.560387829643385E-4
3.557612198815076E-4
3.554840732340388E-4
3.552073421000681E-4
3.549310255604362E-4
3.546551226986582E-4
3.543796326009307E-4
3.5410455435611434E-4
3.538298870557164E-4
3.5355562979391274E-4
3.5328178166749456E-4
3.5300834177589077E-4
3.527353092211404E-4
3.5246268310790065E-4
3.5219046254342105E-4
3.519186466375387E-4
3.5164723450268275E-4
3.513762252538341E-4
3.511056180085588E-4
3.508354118869528E-4
3.50565606011662E-4
3.502961995078789E-4
3.500271915033078E-4
3.497585811281729E-4
3.4949036751520267E-4
3.492225497996273E-4
3.489551271191694E-4
3.4868809861402026E-4
3.484214634268496E-4
3.481552207027952E-4
3.4788936958943847E-4
3.4762390923681575E-4
3.4735883879738407E-4
3.4709415742604604E-4
3.4682986428011037E-4
3.465659585193054E-4
3.463024393057538E-4
3.460393058039747E-4
3.457765571808716E-4
3.455141926057199E-4
3.4525221125017793E-4
3.4499061228824483E-4
3.44729394896279E-4
3.444685582529844E-4
3.4420810153939753E-4
3.439480239388778E-4
3.4368832463711003E-4
3.434290028220753E-4
3.4317005768407785E-4
3.4291148841569233E-4
3.42653294211801E-4
3.423954742695436E-4
3.421380277883424E-4
3.418809539698767E-4
3.4162425201808675E-4
3.413679211391457E-4
3.4111196054146907E-4
3.408563694357124E-4
3.4060114703473617E-4
3.4034629255363567E-4
3.400918052096956E-4
3.398376842224087E-4
3.3958392881345965E-4
3.393305382067096E-4
3.390775116282024E-4
3.3882484830614624E-4
3.3857254747091586E-4
3.3832060835503586E-4
3.3806903019317937E-4
3.3781781222215213E-4
3.3756695368088863E-4
3.3731645381047037E-4
3.370663118540648E-4
3.368165270569672E-4
3.3656709866657444E-4
3.363180259323586E-4
3.3606930810590785E-4
3.3582094444086673E-4
3.355729341929697E-4
3.35325276620001E-4
3.3507797098181484E-4
3.34831016540319E-4
3.345844125594513E-4
3.3433815830520076E-4
3.34092253045584E-4
3.338466960506367E-4
3.3360148659242075E-4
3.333566239449861E-4
3.3311210738441044E-4
3.3286793618875405E-4
3.326241096380668E-4
3.3238062701438926E-4
3.321374876017228E-4
3.3189469068605545E-4
3.316522355553165E-4
3.314101214994029E-4
3.311683478101698E-4
3.30926913781394E-4
3.306858187087933E-4
3.3044506189002654E-4
3.302046426246563E-4
3.2996456021417987E-4
3.2972481396198813E-4
3.2948540317338397E-4
3.292463271555605E-4
3.2900758521760515E-4
3.2876917667048425E-4
3.2853110082704676E-4
3.282933570020041E-4
3.280559445119454E-4
3.278188626753043E-4
3.275821108123706E-4
3.2734568824528416E-4
3.271095942980138E-4
3.268738282963758E-4
3.266383895679984E-4
3.2640327744234683E-4
3.2616849125068114E-4
3.2593403032608946E-4
3.2569989400344575E-4
3.254660816194364E-4
3.2523259251251844E-4
3.249994260229594E-4
3.247665814927796E-4
3.2453405826578946E-4
3.2430185568755113E-4
3.240699731054029E-4
3.2383840986842805E-4
3.2360716532746033E-4
3.233762388350749E-4
3.231456297455903E-4
3.229153374150532E-4
3.226853612012346E-4
3.224557004636222E-4
3.222263545634251E-4
3.2199732286355986E-4
3.2176860472863517E-4
3.2154019952497774E-4
3.213121066205859E-4
3.2108432538515086E-4
3.2085685519004595E-4
3.206296954083209E-4
3.204028454146857E-4
3.201763045855309E-4
3.199500722988806E-4
3.1972414793443734E-4
3.194985308735331E-4
3.192732204991498E-4
3.19048216195902E-4
3.188235173500421E-4
3.1859912334943963E-4
3.1837503358358836E-4
3.1815124744359716E-4
3.1792776432218125E-4
3.1770458361366806E-4
3.17481704713975E-4
3.17259127020624E-4
3.1703684993271387E-4
3.1681487285093336E-4
3.1659319517755163E-4
3.1637181631640214E-4
3.1615073567289707E-4
3.1592995265400576E-4
3.1570946666825244E-4
3.1548927712572467E-4
3.152693834380429E-4
3.150497850183807E-4
3.148304812814505E-4
3.146114716434881E-4
3.143927555222618E-4
3.1417433233706517E-4
3.139562015087077E-4
3.137383624595098E-4
3.13520814613298E-4
3.133035573954066E-4
3.130865902326659E-4
3.1286991255339696E-4
3.12653523787417E-4
3.124374233660166E-4
3.122216107219709E-4
3.1200608528952846E-4
3.1179084650440487E-4
3.115758938037885E-4
3.113612266263113E-4
3.111468444120769E-4
3.1093274660262807E-4
3.107189326409621E-4
3.1050540197150825E-4
3.102921540401412E-4
3.10079188294157E-4
3.098665041822942E-4
3.0965410115469446E-4
3.0944197866293594E-4
3.092301361600006E-4
3.090185731002766E-4
3.088072889395667E-4
3.085962831350628E-4
3.0838555514536533E-4
3.081751044304504E-4
3.079649304516914E-4
3.077550326718417E-4
3.075454105550332E-4
3.073360635667657E-4
3.071269911739188E-4
3.069181928447228E-4
3.067096680487796E-4
3.0650141625704656E-4
3.0629343694182296E-4
3.0608572957676667E-4
3.05878293636872E-4
3.056711285984787E-4
3.0546423393925406E-4
3.052576091381931E-4
3.050512536756281E-4
3.048451670332146E-4
3.046393486939068E-4
3.0443379814199364E-4
3.042285148630645E-4
3.040234983440072E-4
3.038187480730266E-4
3.036142635396163E-4
3.0341004423456094E-4
3.0320608964993655E-4
3.030023992791055E-4
3.0279897261670935E-4
3.02595809158665E-4
3.023929084021685E-4
3.021902698456787E-4
3.0198789298892324E-4
3.017857773328857E-4
3.015839223798152E-4
3.013823276332042E-4
3.0118099259780274E-4
3.0097991677959467E-4
3.007790996858274E-4
3.0057854082495483E-4
3.003782397066949E-4
3.001781958419768E-4
2.999784087429604E-4
2.997788779230228E-4
2.995796028967715E-4
2.9938058318002155E-4
2.991818182898002E-4
2.989833077443309E-4
2.9878505106306077E-4
2.98587047766618E-4
2.983892973768414E-4
2.9819179941675036E-4
2.979945534105612E-4
2.977975588836652E-4
2.9760081536264353E-4
2.974043223752529E-4
2.972080794504208E-4
2.9701208611825E-4
2.968163419100037E-4
2.96620846358116E-4
2.9642559899616713E-4
2.9623059935891024E-4
2.9603584698223933E-4
2.958413414031955E-4
2.9564708215997626E-4
2.954530687919059E-4
2.9525930083946383E-4
2.950657778442533E-4
2.948724993490021E-4
2.9467946489758576E-4
2.944866740349841E-4
2.942941263073137E-4
2.9410182126179605E-4
2.9390975844677497E-4
2.9371793741169805E-4
2.9352635770712554E-4
2.9333501888471647E-4
2.931439204972415E-4
2.9295306209855426E-4
2.9276244324361045E-4
2.9257206348845105E-4
2.923819223902086E-4
2.921920195070968E-4
2.9200235439841375E-4
2.918129266245305E-4
2.916237357468911E-4
2.9143478132801236E-4
2.9124606293148505E-4
2.9105758012195064E-4
2.908693324651234E-4
2.90681319527769E-4
2.904935408777061E-4
2.903059960838105E-4
2.9011868471600467E-4
2.89931606345257E-4
2.8974476054356994E-4
2.895581468839954E-4
2.893717649406158E-4
2.8918561428854474E-4
2.889996945039221E-4
2.8881400516392753E-4
2.88628545846747E-4
2.8844331613160005E-4
2.882583155987208E-4
2.88073543829344E-4
2.8788900040573165E-4
2.8770468491114614E-4
2.8752059692985866E-4
2.8733673604714003E-4
2.871531018492513E-4
2.8696969392347026E-4
2.8678651185804643E-4
2.866035552422334E-4
2.864208236662628E-4
2.8623831672135505E-4
2.860560339997099E-4
2.858739750945101E-4
2.856921395999019E-4
2.8551052711102E-4
2.853291372239527E-4
2.851479695357652E-4
2.8496702364448585E-4
2.847862991490963E-4
2.8460579564954457E-4
2.844255127467314E-4
2.842454500425106E-4
2.840656071396758E-4
2.8388598364198183E-4
2.8370657915412E-4
2.835273932817224E-4
2.8334842563136246E-4
2.831696758105488E-4
2.8299114342771644E-4
2.828128280922382E-4
2.8263472941441166E-4
2.824568470054577E-4
2.8227918047752043E-4
2.8210172944366404E-4
2.819244935178618E-4
2.817474723150122E-4
2.815706654509152E-4
2.813940725422896E-4
2.8121769320674537E-4
2.810415270628012E-4
2.8086557372988564E-4
2.806898328283211E-4
2.8051430397930537E-4
2.80338986804959E-4
2.801638809282726E-4
2.7998898597312915E-4
2.798143015642963E-4
2.796398273274273E-4
2.794655628890472E-4
2.7929150787656587E-4
2.791176619182654E-4
2.789440246432909E-4
2.787705956816735E-4
2.7859737466429883E-4
2.784243612229131E-4
2.782515549901405E-4
2.780789555994469E-4
2.779065626851686E-4
2.7773437588248445E-4
2.7756239482743764E-4
2.7739061915690877E-4
2.7721904850863205E-4
2.770476825211828E-4
2.768765208339834E-4
2.7670556308728646E-4
2.7653480892219154E-4
2.763642579806234E-4
2.7619390990534876E-4
2.760237643399612E-4
2.7585382092887404E-4
2.756840793173312E-4
2.755145391514058E-4
2.753452000779799E-4
2.7517606174476026E-4
2.750071238002668E-4
2.7483838589383356E-4
2.746698476756087E-4
2.745015087965375E-4
2.743333689083833E-4
2.741654276637141E-4
2.7399768471589E-4
2.7383013971907255E-4
2.736627923282326E-4
2.734956421991124E-4
2.733286889882702E-4
2.7316193235304493E-4
2.7299537195155695E-4
2.7282900744272475E-4
2.726628384862379E-4
2.7249686474258093E-4
2.723310858730038E-4
2.721655015395371E-4
2.7200011140499433E-4
2.718349151329561E-4
2.716699123877646E-4
2.715051028345398E-4
2.713404861391678E-4
2.711760619682946E-4
2.710118299893221E-4
2.708477898704321E-4
2.7068394128053076E-4
2.7052028388931614E-4
2.703568173672091E-4
2.70193541385397E-4
2.7003045561580814E-4
2.698675597311272E-4
2.6970485340477E-4
2.695423363109033E-4
2.6938000812443456E-4
2.692178685210047E-4
2.6905591717698804E-4
2.6889415376950813E-4
2.6873257797639877E-4
2.685711894762422E-4
2.6840998794833246E-4
2.6824897307270364E-4
2.6808814453010884E-4
2.6792750200201477E-4
2.6776704517061993E-4
2.6760677371883194E-4
2.6744668733027523E-4
2.672867856892875E-4
2.6712706848092116E-4
2.669675353909391E-4
2.6680818610580546E-4
2.666490203126916E-4
2.664900376994822E-4
2.6633123795475163E-4
2.6617262076777433E-4
2.6601418582852994E-4
2.6585593282769005E-4
2.6569786145661813E-4
2.655399714073757E-4
2.653822623727059E-4
2.6522473404604367E-4
2.6506738612151645E-4
2.6491021829392627E-4
2.6475323025875586E-4
2.6459642171218424E-4
2.644397923510468E-4
2.64283341872881E-4
2.6412706997587336E-4
2.6397097635890034E-4
2.6381506072150463E-4
2.6365932276389386E-4
2.6350376218695114E-4
2.633483786922208E-4
2.6319317198191E-4
2.630381417588903E-4
2.628832877266862E-4
2.627286095894917E-4
2.6257410705214656E-4
2.624197798201506E-4
2.622656275996588E-4
2.6211165009747307E-4
2.619578470210382E-4
2.618042180784653E-4
2.6165076297848935E-4
2.6149748143050166E-4
2.613443731445337E-4
2.6119143783125484E-4
2.61038675201976E-4
2.6088608496864453E-4
2.6073366684383614E-4
2.605814205407684E-4
2.6042934577329114E-4
2.602774422558717E-4
2.601257097036231E-4
2.599741478322667E-4
2.598227563581673E-4
2.596715349982919E-4
2.5952048347024784E-4
2.593696014922508E-4
2.592188887831403E-4
2.5906834506236057E-4
2.5891797004999145E-4
2.587677634667007E-4
2.5861772503378886E-4
2.5846785447315176E-4
2.5831815150730134E-4
2.5816861585935085E-4
2.580192472530172E-4
2.578700454126315E-4
2.577210100631092E-4
2.5757214092997447E-4
2.5742343773935193E-4
2.572749002179574E-4
2.571265280931036E-4
2.5697832109269545E-4
2.5683027894523653E-4
2.5668240137980493E-4
2.565346881260839E-4
2.563871389143312E-4
2.562397534753961E-4
2.560925315407128E-4
2.55945472842291E-4
2.5579857711273093E-4
2.556518440851964E-4
2.5550527349344344E-4
2.553588650718014E-4
2.552126185551648E-4
2.5506653367900835E-4
2.5492061017938126E-4
2.5477484779289213E-4
2.54629246256725E-4
2.544838053086293E-4
2.543385246869218E-4
2.5419340413047593E-4
2.540484433787337E-4
2.539036421716914E-4
2.5375900024991667E-4
2.536145173545185E-4
2.5347019322717737E-4
2.533260276101133E-4
2.5318202024611204E-4
2.53038170878507E-4
2.5289447925118093E-4
2.527509451085608E-4
2.5260756819562804E-4
2.5246434825790845E-4
2.523212850414686E-4
2.521783782929245E-4
2.520356277594257E-4
2.5189303318866503E-4
2.5175059432887964E-4
2.51608310928833E-4
2.514661827378319E-4
2.513242095057169E-4
2.5118239098285695E-4
2.510407269201605E-4
2.5089921706905843E-4
2.5075786118151255E-4
2.506166590100124E-4
2.5047561030757683E-4
2.503347148277448E-4
2.5019397232457254E-4
2.500533825526552E-4
2.499129452670954E-4
2.4977266022351084E-4
2.4963252717805307E-4
2.494925458873768E-4
2.4935271610865024E-4
2.4921303759956715E-4
2.490735101183245E-4
2.489341334236307E-4
2.4879490727470544E-4
2.4865583143127677E-4
2.4851690565358414E-4
2.483781297023565E-4
2.4823950333884503E-4
2.481010263247972E-4
2.4796269842245876E-4
2.478245193945812E-4
2.476864890044099E-4
2.4754860701569335E-4
2.4741087319266834E-4
2.4727328730007864E-4
2.4713584910315053E-4
2.469985583676066E-4
2.4686141485966357E-4
2.4672441834602235E-4
2.4658756859387835E-4
2.464508653709118E-4
2.4631430844528415E-4
2.4617789758565493E-4
2.46041632561152E-4
2.4590551314139676E-4
2.457695390964824E-4
2.4563371019699E-4
2.454980262139738E-4
2.4536248691896766E-4
2.4522709208398534E-4
2.450918414815085E-4
2.4495673488449294E-4
2.448217720663753E-4
2.4468695280105044E-4
2.4455227686289425E-4
2.4441774402674703E-4
2.442833540679146E-4
2.4414910676217477E-4
2.440150018857663E-4
2.438810392153899E-4
2.4374721852821275E-4
2.4361353960186417E-4
2.434800022144299E-4
2.4334660614445936E-4
2.432133511709593E-4
2.4308023707338765E-4
2.4294726363166113E-4
2.4281443062615843E-4
2.4268173783770263E-4
2.4254918504756806E-4
2.424167720374793E-4
2.422844985896287E-4
2.4215236448662804E-4
2.4202036951156438E-4
2.4188851344795264E-4
2.417567960797558E-4
2.416252171913902E-4
2.414937765677074E-4
2.4136247399400118E-4
2.4123130925600802E-4
2.4110028213990427E-4
2.4096939243230318E-4
2.408386399202529E-4
2.4070802439124492E-4
2.405775456332E-4
2.4044720343447507E-4
2.4031699758385983E-4
2.401869278705759E-4
2.4005699408427488E-4
2.3992719601503588E-4
2.3979753345337252E-4
2.3966800619022174E-4
2.3953861401694406E-4
2.3940935672533384E-4
2.392802341075977E-4
2.391512459563799E-4
2.3902239206473607E-4
2.3889367222614595E-4
2.3876508623450513E-4
2.3863663388413732E-4
2.3850831496977415E-4
2.3838012928656998E-4
2.3825207663009563E-4
2.3812415679633176E-4
2.379963695816775E-4
2.3786871478293918E-4
2.3774119219733959E-4
2.3761380162250993E-4
2.3748654285649434E-4
2.3735941569773397E-4
2.3723241994509208E-4
2.3710555539783107E-4
2.3697882185561426E-4
2.3685221911852423E-4
2.36725746987025E-4
2.3659940526200434E-4
2.3647319374473828E-4
2.3634711223690332E-4
2.3622116054058693E-4
2.3609533845826E-4
2.359696457928003E-4
2.3584408234747587E-4
2.3571864792595678E-4
2.3559334233230511E-4
2.3546816537096932E-4
2.3534311684679895E-4
2.35218196565031E-4
2.3509340433129798E-4
2.3496873995161125E-4
2.3484420323237733E-4
2.3471979398039943E-4
2.3459551200284993E-4
2.3447135710729215E-4
2.3434732910167905E-4
2.3422342779434746E-4
2.3409965299401187E-4
2.3397600450977252E-4
2.338524821511106E-4
2.3372908572787864E-4
2.3360581505032016E-4
2.334826699290477E-4
2.3335965017505985E-4
2.3323675559971992E-4
2.331139860147775E-4
2.3299134123234763E-4
2.3286882106492428E-4
2.327464253253692E-4
2.3262415382692503E-4
2.3250200638319347E-4
2.3237998280814886E-4
2.3225808291614145E-4
2.3213630652188099E-4
2.3201465344044908E-4
2.318931234872878E-4
2.317717164782102E-4
2.316504322293967E-4
2.3152927055737892E-4
2.314082312790615E-4
2.3128731421170345E-4
2.3116651917293312E-4
2.3104584598073027E-4
2.3092529445343601E-4
2.3080486440975356E-4
2.3068455566873652E-4
2.3056436804980203E-4
2.3044430137271715E-4
2.3032435545760425E-4
2.3020453012494318E-4
2.3008482519555813E-4
2.299652404906384E-4
2.298457758317117E-4
2.2972643104066494E-4
2.2960720593972662E-4
2.2948810035148114E-4
2.2936911409885072E-4
2.2925024700512028E-4
2.2913149889390529E-4
2.2901286958917634E-4
2.2889435891523672E-4
2.2877596669674627E-4
2.2865769275870612E-4
2.2853953692644746E-4
2.2842149902565332E-4
2.2830357888234444E-4
2.2818577632287832E-4
2.2806809117395407E-4
2.279505232626034E-4
2.2783307241620344E-4
2.277157384624611E-4
2.2759852122941892E-4
2.2748142054545344E-4
2.2736443623928116E-4
2.272475681399436E-4
2.2713081607681325E-4
2.2701417987960515E-4
2.2689765937835028E-4
2.2678125440341864E-4
2.266649647855119E-4
2.2654879035564587E-4
2.2643273094517647E-4
2.2631678638578077E-4
2.262009565094617E-4
2.26085241148551E-4
2.25969640135697E-4
2.2585415330387792E-4
2.2573878048639395E-4
2.2562352151686007E-4
2.2550837622922038E-4
2.253933444577413E-4
2.2527842603699651E-4
2.251636208018875E-4
2.2504892858763446E-4
2.24934349229767E-4
2.2481988256414166E-4
2.2470552842691996E-4
2.2459128665458834E-4
2.2447715708393914E-4
2.2436313955208142E-4
2.2424923389643782E-4
2.2413543995474398E-4
2.2402175756504084E-4
2.2390818656568666E-4
2.2379472679534838E-4
2.2368137809299017E-4
2.2356814029790556E-4
2.2345501324967578E-4
2.2334199678820276E-4
2.2322909075368397E-4
2.2311629498662886E-4
2.2300360932785157E-4
2.2289103361846423E-4
2.227785676998904E-4
2.226662114138447E-4
2.2255396460235465E-4
2.2244182710774236E-4
2.2232979877263422E-4
2.2221787943995695E-4
2.221060689529242E-4
2.2199436715506285E-4
2.2188277389019202E-4
2.217712890024231E-4
2.2165991233616812E-4
2.2154864373613166E-4
2.214374830473177E-4
2.213264301150206E-4
2.212154847848265E-4
2.21104646902618E-4
2.2099391631456053E-4
2.2088329286712753E-4
2.207727764070675E-4
2.2066236678142576E-4
2.205520638375286E-4
2.2044186742301022E-4
2.2033177738576865E-4
2.2022179357400606E-4
2.201119158362052E-4
2.2000214402112948E-4
2.198924779778351E-4
2.197829175556605E-4
2.19673462604225E-4
2.1956411297343383E-4
2.1945486851347823E-4
2.1934572907481871E-4
2.1923669450821302E-4
2.191277646646862E-4
2.1901893939555052E-4
2.1891021855239399E-4
2.1880160198708696E-4
2.1869308955177157E-4
2.185846810988723E-4
2.1847637648108781E-4
2.1836817555139255E-4
2.182600781630374E-4
2.1815208416954795E-4
2.1804419342471922E-4
2.1793640578262856E-4
2.1782872109761826E-4
2.177211392243053E-4
2.1761366001757907E-4
2.1750628333259677E-4
2.1739900902478793E-4
2.1729183694985192E-4
2.1718476696375936E-4
2.170777989227407E-4
2.1697093268330302E-4
2.1686416810221763E-4
2.1675750503652314E-4
2.1665094334351705E-4
2.1654448288077057E-4
2.1643812350611818E-4
2.1633186507765542E-4
2.1622570745374216E-4
2.1611965049300248E-4
2.160136940543177E-4
2.159078379968396E-4
2.1580208217997216E-4
2.1569642646338693E-4
2.155908707070047E-4
2.1548541477102437E-4
2.153800585158781E-4
2.1527480180227898E-4
2.151696444911825E-4
2.1506458644380777E-4
2.1495962752162743E-4
2.148547675863746E-4
2.1475000650003002E-4
2.1464534412483119E-4
2.1454078032327522E-4
2.1443631495810458E-4
2.1433194789232188E-4
2.1422767898917274E-4
2.1412350811216284E-4
2.1401943512504526E-4
2.139154598918206E-4
2.1381158227674362E-4
2.1370780214431797E-4
2.136041193592986E-4
2.1350053378667798E-4
2.133970452917064E-4
2.132936537398765E-4
2.131903589969312E-4
2.1308716092885183E-4
2.1298405940187935E-4
2.1288105428248085E-4
2.1277814543738065E-4
2.1267533273353913E-4
2.1257261603817103E-4
2.1246999521871572E-4
2.1236747014287595E-4
2.122650406785746E-4
2.1216270669399153E-4
2.1206046805754278E-4
2.1195832463787427E-4
2.118562763038844E-4
2.117543229247066E-4
2.1165246436970794E-4
2.115507005085005E-4
2.114490312109202E-4
2.1134745634705974E-4
2.112459757872264E-4
2.1114458940197818E-4
2.1104329706210425E-4
2.109420986386231E-4
2.1084099400278986E-4
2.1073998302610243E-4
2.1063906558027183E-4
2.1053824153725693E-4
2.1043751076924895E-4
2.103368731486577E-4
2.102363285481344E-4
2.1013587684055968E-4
2.1003551789904582E-4
2.0993525159691885E-4
2.0983507780775317E-4
2.0973499640533982E-4
2.0963500726370223E-4
2.0953511025709185E-4
2.0943530525997962E-4
2.0933559214707172E-4
2.092359707932896E-4
2.0913644107379504E-4
2.0903700286395693E-4
2.0893765603938053E-4
2.0883840047588925E-4
2.0873923604953479E-4
2.0864016263658108E-4
2.0854118011352684E-4
2.0844228835708366E-4
2.083434872441889E-4
2.0824477665199478E-4
2.0814615645788282E-4
2.0804762653944695E-4
2.0794918677449956E-4
2.0785083704107695E-4
2.0775257721743394E-4
2.0765440718203154E-4
2.0755632681356402E-4
2.074583359909327E-4
2.0736043459325932E-4
2.0726262249987575E-4
2.0716489959033576E-4
2.070672657444041E-4
2.0696972084206094E-4
2.0687226476349957E-4
2.067748973891278E-4
2.066776185995676E-4
2.065804282756498E-4
2.064833262984195E-4
2.0638631254912834E-4
2.0628938690925365E-4
2.061925492604606E-4
2.0609579948464694E-4
2.059991374639093E-4
2.059025630805486E-4
2.0580607621708603E-4
2.0570967675624338E-4
2.0561336458094947E-4
2.0551713957434685E-4
2.054210016197805E-4
2.0532495060079892E-4
2.05228986401166E-4
2.0513310890484134E-4
2.0503731799599432E-4
2.0494161355900058E-4
2.048459954784335E-4
2.0475046363907694E-4
2.0465501792591865E-4
2.0455965822414014E-4
2.0446438441913028E-4
2.0436919639648936E-4
2.042740940420047E-4
2.041790772416702E-4
2.040841458816818E-4
2.039892998484322E-4
2.0389453902852004E-4
2.0379986330873985E-4
2.037052725760823E-4
2.0361076671773605E-4
2.0351634562109521E-4
2.0342200917374694E-4
2.0332775726347282E-4
2.0323358977825259E-4
2.0313950660627258E-4
2.0304550763589128E-4
2.0295159275568643E-4
2.0285776185442072E-4
2.0276401482104947E-4
2.026703515447267E-4
2.025767719148006E-4
2.0248327582080504E-4
2.0238986315247585E-4
2.0229653379973648E-4
2.0220328765270293E-4
2.021101246016841E-4
2.0201704453718278E-4
2.0192404734988465E-4
2.0183113293067284E-4
2.0173830117061603E-4
2.016455519609783E-4
2.0155288519320085E-4
2.01460300758934E-4
2.013677985499978E-4
2.01275378458404E-4
2.0118304037636055E-4
2.0109078419625187E-4
2.009986098106568E-4
2.009065171123361E-4
2.008145059942374E-4
2.0072257634949585E-4
2.0063072807143364E-4
2.0053896105354788E-4
2.0044727518952712E-4
2.0035567037324743E-4
2.0026414649875884E-4
2.001727034603065E-4
2.000813411523039E-4
1.999900594693604E-4
1.998988583062589E-4
1.998077375579683E-4
1.9971669711963238E-4
1.9962573688658714E-4
1.9953485675433698E-4
1.9944405661857437E-4
1.9935333637516333E-4
1.9926269592015924E-4
1.9917213514978195E-4
1.9908165396044416E-4
1.989912522487257E-4
1.9890092991138608E-4
1.9881068684537002E-4
1.9872052294779048E-4
1.9863043811593634E-4
1.985404322472819E-4
1.9845050523947054E-4
1.9836065699032027E-4
1.9827088739782347E-4
1.981811963601541E-4
1.9809158377565787E-4
1.9800204954284687E-4
1.9791259356041773E-4
1.9782321572723227E-4
1.9773391594232973E-4
1.9764469410492026E-4
1.9755555011438517E-4
1.9746648387027757E-4
1.973774952723291E-4
1.9728858422042697E-4
1.9719975061464448E-4
1.9711099435521675E-4
1.9702231534255294E-4
1.9693371347723E-4
1.9684518865999132E-4
1.9675674079175262E-4
1.966683697736015E-4
1.9658007550678688E-4
1.9649185789272835E-4
1.9640371683301186E-4
1.9631565222939334E-4
1.9622766398379198E-4
1.9613975199829817E-4
1.9605191617516087E-4
1.9596415641679946E-4
1.9587647262580402E-4
1.9578886470491858E-4
1.9570133255705752E-4
1.9561387608530055E-4
1.955264951928871E-4
1.9543918978322873E-4
1.9535195975988771E-4
1.9526480502659964E-4
1.9517772548725845E-4
1.9509072104592038E-4
1.9500379160680562E-4
1.9491693707429357E-4
1.9483015735292494E-4
1.9474345234740117E-4
1.9465682196258667E-4
1.945702661035051E-4
1.9448378467533855E-4
1.9439737758343174E-4
1.9431104473328065E-4
1.9422478603055307E-4
1.9413860138106176E-4
1.9405249069078583E-4
1.9396645386586422E-4
1.938804908125853E-4
1.9379460143740022E-4
1.9370878564691583E-4
1.936230433478956E-4
1.9353737444725985E-4
1.9345177885208274E-4
1.9336625646959726E-4
1.9328080720718726E-4
1.9319543097239385E-4
1.931101276729173E-4
1.9302489721660377E-4
1.9293973951145684E-4
1.9285465446563856E-4
1.9276964198745918E-4
1.92684701985379E-4
1.9259983436801758E-4
1.9251503904414434E-4
1.9243031592267986E-4
1.9234566491269716E-4
1.9226108592342234E-4
1.9217657886423114E-4
1.9209214364464668E-4
1.9200778017434874E-4
1.9192348836316624E-4
1.9183926812107004E-4
1.9175511935819355E-4
1.9167104198480807E-4
1.9158703591133918E-4
1.9150310104836058E-4
1.9141923730660017E-4
1.91335444596917E-4
1.9125172283033503E-4
1.9116807191801776E-4
1.910844917712799E-4
1.9100098230157697E-4
1.9091754342051524E-4
1.908341750398467E-4
1.9075087707146748E-4
1.906676494274252E-4
1.9058449201990373E-4
1.9050140476123672E-4
1.9041838756390602E-4
1.9033544034052828E-4
1.9025256300387786E-4
1.9016975546686177E-4
1.90087017642529E-4
1.90004349444084E-4
1.8992175078486506E-4
1.8983922157835408E-4
1.897567617381791E-4
1.896743711781001E-4
1.8959204981203436E-4
1.8950979755402974E-4
1.8942761431828078E-4
1.8934550001911452E-4
1.892634545710045E-4
1.8918147788857E-4
1.8909956988656033E-4
1.890177304798712E-4
1.8893595958353497E-4
1.8885425711272143E-4
1.8877262298274772E-4
1.8869105710905552E-4
1.8860955940724054E-4
1.8852812979302597E-4
1.8844676818227372E-4
1.883654744909887E-4
1.8828424863530607E-4
1.882030905315027E-4
1.8812200009598966E-4
1.8804097724531787E-4
1.879600218961737E-4
1.8787913396537233E-4
1.877983133698743E-4
1.8771756002676967E-4
1.876368738532847E-4
1.8755625476677985E-4
1.8747570268475342E-4
1.8739521752483504E-4
1.873147992047838E-4
1.8723444764250148E-4
1.8715416275602034E-4
1.8707394446349963E-4
1.8699379268323968E-4
1.8691370733366544E-4
1.8683368833334482E-4
1.867537356009673E-4
1.8667384905535873E-4
1.8659402861548088E-4
1.8651427420041672E-4
1.864345857293857E-4
1.8635496312173884E-4
1.862754062969563E-4
1.8619591517465056E-4
1.8611648967456005E-4
1.860371297165546E-4
1.8595783522063714E-4
1.858786061069345E-4
1.8579944229570307E-4
1.857203437073291E-4
1.8564131026232953E-4
1.8556234188134635E-4
1.8548343848514927E-4
1.854045999946362E-4
1.8532582633083567E-4
1.8524711741489726E-4
1.8516847316810334E-4
1.8508989351185664E-4
1.8501137836769257E-4
1.8493292765726623E-4
1.848545413023674E-4
1.8477621922490106E-4
1.84697961346903E-4
1.8461976759053835E-4
1.8454163787808697E-4
1.8446357213196024E-4
1.8438557027469402E-4
1.8430763222894412E-4
1.8422975791749203E-4
1.841519472632472E-4
1.8407420018923606E-4
1.8399651661860805E-4
1.8391889647464258E-4
1.8384133968073722E-4
1.8376384616040518E-4
1.836864158372969E-4
1.8360904863517314E-4
1.8353174447791458E-4
1.8345450328953564E-4
1.8337732499416185E-4
1.8330020951604027E-4
1.832231567795453E-4
1.8314616670915708E-4
1.830692392294957E-4
1.8299237426528834E-4
1.8291557174138193E-4
1.8283883158275074E-4
1.8276215371448208E-4
1.8268553806177797E-4
1.8260898454997812E-4
1.8253249310451553E-4
1.824560636509557E-4
1.8237969611498487E-4
1.8230339042239684E-4
1.8222714649911061E-4
1.8215096427116211E-4
1.8207484366470158E-4
1.8199878460599465E-4
1.8192278702143435E-4
1.8184685083751166E-4
1.817709759808494E-4
1.8169516237818398E-4
1.8161940995636134E-4
1.8154371864234848E-4
1.8146808836322129E-4
1.8139251904618114E-4
1.8131701061853243E-4
1.8124156300770747E-4
1.811661761412393E-4
1.810908499467859E-4
1.8101558435211178E-4
1.8094037928509835E-4
1.808652346737426E-4
1.807901504461492E-4
1.8071512653054455E-4
1.8064016285525514E-4
1.8056525934873567E-4
1.8049041593954022E-4
1.8041563255634271E-4
1.8034090912792404E-4
1.8026624558318183E-4
1.8019164185112017E-4
1.801170978608575E-4
1.8004261354162562E-4
1.7996818882276035E-4
1.7989382363371403E-4
1.7981951790405038E-4
1.7974527156343678E-4
1.7967108454165548E-4
1.7959695676859634E-4
1.795228881742644E-4
1.7944887868876597E-4
1.793749282423205E-4
1.7930103676525873E-4
1.7922720418801495E-4
1.7915343044113584E-4
1.7907971545527772E-4
1.7900605916119908E-4
1.789324614897696E-4
1.7885892237196838E-4
1.7878544173888017E-4
1.7871201952170238E-4
1.7863865565172446E-4
1.785653500603589E-4
1.7849210267911866E-4
1.784189134396231E-4
1.7834578227359424E-4
1.7827270911287E-4
1.7819969388938514E-4
1.7812673653518096E-4
1.7805383698240706E-4
1.7798099516332084E-4
1.7790821101027846E-4
1.7783548445573973E-4
1.7776281543228028E-4
1.776902038725667E-4
1.7761764970938268E-4
1.7754515287560186E-4
1.7747271330421634E-4
1.7740033092830958E-4
1.773280056810761E-4
1.7725573749580658E-4
1.77183526305906E-4
1.7711137204487075E-4
1.7703927464630452E-4
1.7696723404391436E-4
1.768952501715108E-4
1.7682332296300158E-4
1.7675145235239805E-4
1.766796382738163E-4
1.7660788066146689E-4
1.7653617944967306E-4
1.7646453457284908E-4
1.7639294596551262E-4
1.7632141356228658E-4
1.7624993729788298E-4
1.7617851710713143E-4
1.761071529249447E-4
1.7603584468634496E-4
1.7596459232645223E-4
1.7589339578048523E-4
1.7582225498376472E-4
1.7575116987170544E-4
1.756801403798239E-4
1.7560916644373623E-4
1.7553824799915874E-4
1.7546738498189918E-4
1.7539657732787396E-4
1.7532582497308935E-4
1.7525512785364884E-4
1.7518448590575936E-4
1.7511389906572333E-4
1.7504336726993858E-4
1.7497289045489866E-4
1.7490246855719963E-4
1.7483210151352985E-4
1.7476178926067578E-4
1.746915317355208E-4
1.7462132887504365E-4
1.7455118061631878E-4
1.74481086896514E-4
1.7441104765289603E-4
1.7434106282283006E-4
1.7427113234377362E-4
1.7420125615327103E-4
1.7413143418897823E-4
1.740616663886311E-4
1.7399195269006618E-4
1.7392229303121696E-4
1.738526873501058E-4
1.7378313558485422E-4
1.7371363767366787E-4
1.7364419355486203E-4
1.7357480316683124E-4
1.735054664480694E-4
1.73436183337166E-4
1.7336695377279392E-4
1.7329777769372907E-4
1.73228655038836E-4
1.7315958574707155E-4
1.7309056975748355E-4
1.73021607009213E-4
1.7295269744149972E-4
1.728838409936582E-4
1.7281503760511208E-4
1.7274628721536823E-4
1.7267758976402664E-4
1.7260894519077386E-4
1.7254035343539334E-4
1.724718144377592E-4
1.724033281378296E-4
1.7233489447566358E-4
1.7226651339139487E-4
1.7219818482526456E-4
1.7212990871759475E-4
1.7206168500879263E-4
1.7199351363936293E-4
1.7192539454990055E-4
1.7185732768108456E-4
1.7178931297368442E-4
1.717213503685572E-4
1.7165343980665251E-4
1.7158558122900517E-4
1.7151777457673833E-4
1.7145001979106524E-4
1.713823168132873E-4
1.7131466558479382E-4
1.7124706604706012E-4
1.7117951814164535E-4
1.7111202181020873E-4
1.7104457699448165E-4
1.7097718363629167E-4
1.7090984167755305E-4
1.7084255106026276E-4
1.7077531172650666E-4
1.7070812361845645E-4
1.7064098667837188E-4
1.7057390084859647E-4
1.705068660715595E-4
1.7043988228977624E-4
1.703729494458527E-4
1.7030606748247285E-4
1.7023923634240938E-4
1.701724559685197E-4
1.7010572630374735E-4
1.7003904729112043E-4
1.6997241887374846E-4
1.6990584099482798E-4
1.6983931359764302E-4
1.6977283662555933E-4
1.6970641002202313E-4
1.6964003373056867E-4
1.6957370769481045E-4
1.695074318584559E-4
1.6944120616528E-4
1.693750305591554E-4
1.6930890498403418E-4
1.6924282938394418E-4
1.6917680370300372E-4
1.6911082788541524E-4
1.6904490187545255E-4
1.689790256174849E-4
1.6891319905595973E-4
1.6884742213540017E-4
1.687816948004163E-4
1.687160169957025E-4
1.6865038866603282E-4
1.6858480975626004E-4
1.6851928021131935E-4
1.6845379997622675E-4
1.6838836899608724E-4
1.683229872160699E-4
1.6825765458144167E-4
1.681923710375429E-4
1.6812713652978928E-4
1.6806195100368677E-4
1.6799681440481402E-4
1.6793172667883377E-4
1.678666877714861E-4
1.678016976285899E-4
1.6773675619604752E-4
1.6767186341984125E-4
1.6760701924602395E-4
1.6754222362073582E-4
1.6747747649019522E-4
1.6741277780069863E-4
1.6734812749861667E-4
1.6728352553040641E-4
1.6721897184259775E-4
1.6715446638179818E-4
1.6709000909469895E-4
1.6702559992806361E-4
1.669612388287363E-4
1.6689692574363692E-4
1.6683266061976517E-4
1.6676844340419975E-4
1.6670427404409034E-4
1.6664015248666817E-4
1.6657607867924076E-4
1.665120525691927E-4
1.6644807410398654E-4
1.6638414323116057E-4
1.6632025989832185E-4
1.6625642405316827E-4
1.661926356434626E-4
1.661288946170477E-4
1.6606520092184577E-4
1.660015545058455E-4
1.6593795531711785E-4
1.6587440330381042E-4
1.65810898414141E-4
1.6574744059640503E-4
1.65684029798975E-4
1.6562066597029633E-4
1.6555734905888573E-4
1.654940790133412E-4
1.6543085578233247E-4
1.6536767931460647E-4
1.6530454955897533E-4
1.6524146646433162E-4
1.6517842997964738E-4
1.6511544005395773E-4
1.650524966363763E-4
1.6498959967609238E-4
1.6492674912236917E-4
1.648639449245361E-4
1.6480118703200038E-4
1.6473847539424352E-4
1.646758099608224E-4
1.6461319068135688E-4
1.6455061750555145E-4
1.6448809038317356E-4
1.644256092640697E-4
1.6436317409815129E-4
1.6430078483540964E-4
1.6423844142590246E-4
1.6417614381976687E-4
1.6411389196719994E-4
1.6405168581848294E-4
1.639895253239565E-4
1.6392741043404213E-4
1.6386534109922798E-4
1.6380331727007538E-4
1.6374133889721836E-4
1.636794059313557E-4
1.6361751832326E-4
1.635556760237767E-4
1.6349387898382113E-4
1.6343212715437332E-4
1.6337042048649434E-4
1.6330875893130317E-4
1.6324714243999512E-4
1.6318557096383965E-4
1.6312404445416442E-4
1.6306256286237957E-4
1.6300112613995744E-4
1.62939734238439E-4
1.6287838710943428E-4
1.6281708470462943E-4
1.6275582697577063E-4
1.6269461387467723E-4
1.626334453532382E-4
1.62572321363414E-4
1.6251124185722257E-4
1.624502067867587E-4
1.623892161041852E-4
1.6232826976173307E-4
1.6226736771169685E-4
1.6220650990644413E-4
1.6214569629840895E-4
1.6208492684009144E-4
1.6202420148405704E-4
1.6196352018294744E-4
1.6190288288945985E-4
1.6184228955637013E-4
1.6178174013651452E-4
1.6172123458279363E-4
1.6166077284818467E-4
1.6160035488571893E-4
1.6153998064850618E-4
1.614796500897174E-4
1.6141936316258425E-4
1.6135911982041777E-4
1.6129892001658037E-4
1.6123876370451333E-4
1.6117865083771566E-4
1.6111858136975878E-4
1.6105855525426884E-4
1.6099857244494968E-4
1.6093863289556087E-4
1.6087873655993673E-4
1.6081888339196794E-4
1.6075907334561998E-4
1.606993063749096E-4
1.606395824339291E-4
1.6057990147683255E-4
1.605202634578421E-4
1.6046066833123494E-4
1.6040111605136327E-4
1.6034160657263935E-4
1.6028213984953417E-4
1.602227158365929E-4
1.6016333448841863E-4
1.6010399575968002E-4
1.600446996051052E-4
1.5998544597949234E-4
1.599262348377015E-4
1.5986706613465207E-4
1.5980793982533137E-4
1.5974885586478486E-4
1.596898142081297E-4
1.5963081481053424E-4
1.5957185762724232E-4
1.5951294261355148E-4
1.594540697248218E-4
1.593952389164818E-4
1.5933645014401656E-4
1.5927770336298113E-4
1.5921899852898487E-4
1.5916033559769898E-4
1.5910171452486463E-4
1.590431352662787E-4
1.589845977777988E-4
1.5892610201535004E-4
1.5886764793491347E-4
1.5880923549253166E-4
1.5875086464431503E-4
1.5869253534642669E-4
1.586342475550965E-4
1.5857600122661406E-4
1.5851779631732878E-4
1.5845963278365423E-4
1.5840151058205511E-4
1.583434296690723E-4
1.5828539000129255E-4
1.5822739153537017E-4
1.5816943422801912E-4
1.5811151803601155E-4
1.5805364291618544E-4
1.579958088254262E-4
1.5793801572069584E-4
1.5788026355900294E-4
1.578225522974213E-4
1.5776488189308071E-4
1.5770725230317912E-4
1.5764966348496008E-4
1.5759211539574035E-4
1.575346079928847E-4
1.5747714123382547E-4
1.574197150760458E-4
1.5736232947709716E-4
1.5730498439457788E-4
1.572476797861591E-4
1.5719041560955893E-4
1.571331918225598E-4
1.5707600838299677E-4
1.5701886524877086E-4
1.5696176237783808E-4
1.5690469972820778E-4
1.568476772579545E-4
1.5679069492520537E-4
1.567337526881485E-4
1.5667685050502645E-4
1.5661998833414455E-4
1.5656316613386139E-4
1.5650638386258912E-4
1.564496414788059E-4
1.5639293894104513E-4
1.5633627620789217E-4
1.562796532379881E-4
1.5622306999003898E-4
1.5616652642280976E-4
1.5611002249510435E-4
1.560535581658018E-4
1.559971333938271E-4
1.5594074813816692E-4
1.558844023578626E-4
1.5582809601200718E-4
1.557718290597612E-4
1.557156014603301E-4
1.5565941317297752E-4
1.556032641570268E-4
1.5554715437185183E-4
1.5549108377689079E-4
1.554350523316224E-4
1.553790599955973E-4
1.5532310672841006E-4
1.5526719248971642E-4
1.552113172392222E-4
1.5515548093669685E-4
1.5509968354195317E-4
1.5504392501486782E-4
1.5498820531537042E-4
1.5493252440344028E-4
1.5487688223911786E-4
1.548212787824923E-4
1.5476571399371364E-4
1.5471018783298155E-4
1.5465470026054955E-4
1.5459925123672872E-4
1.5454384072188118E-4
1.5448846867642478E-4
1.5443313506082872E-4
1.5437783983561723E-4
1.5432258296136942E-4
1.5426736439871837E-4
1.5421218410834823E-4
1.541570420509975E-4
1.541019381874585E-4
1.540468724785768E-4
1.5399184488524862E-4
1.5393685536843016E-4
1.5388190388911904E-4
1.5382699040837367E-4
1.5377211488730943E-4
1.537172772870864E-4
1.536624775689123E-4
1.5360771569406453E-4
1.5355299162385957E-4
1.5349830531966754E-4
1.5344365674291557E-4
1.5338904585507717E-4
1.533344726176865E-4
1.5327993699232006E-4
1.5322543894060795E-4
1.5317097842424036E-4
1.5311655540494902E-4
1.5306216984452249E-4
1.5300782170480184E-4
1.5295351094767477E-4
1.5289923753508417E-4
1.5284500142902392E-4
1.5279080259153802E-4
1.5273664098472216E-4
1.526825165707223E-4
1.5262842931173563E-4
1.5257437917000883E-4
1.5252036610784387E-4
1.5246639008759027E-4
1.524124510716471E-4
1.5235854902246235E-4
1.5230468390254313E-4
1.52250855674435E-4
1.5219706430074354E-4
1.5214330974412004E-4
1.5208959196726394E-4
1.520359109329304E-4
1.519822666039219E-4
1.5192865894308482E-4
1.518750879133257E-4
1.5182155347759192E-4
1.5176805559888779E-4
1.5171459424026266E-4
1.5166116936481068E-4
1.5160778093569076E-4
1.5155442891609205E-4
1.5150111326926757E-4
1.5144783395851168E-4
1.5139459094716954E-4
1.5134138419863456E-4
1.5128821367635422E-4
1.5123507934381635E-4
1.511819811645612E-4
1.5112891910217853E-4
1.5107589312031251E-4
1.51022903182638E-4
1.509699492528991E-4
1.5091703129487547E-4
1.5086414927239583E-4
1.5081130314934307E-4
1.507584928896414E-4
1.5070571845726875E-4
1.5065297981624632E-4
1.506002769306466E-4
1.505476097645854E-4
1.5049497828223252E-4
1.504423824477975E-4
1.5038982222554477E-4
1.5033729757978537E-4
1.5028480847486836E-4
1.5023235487520288E-4
1.5017993674523735E-4
1.5012755404946961E-4
1.500752067524442E-4
1.5002289481875247E-4
1.4997061821303158E-4
1.4991837689996902E-4
1.498661708442979E-4
1.4981400001079238E-4
1.4976186436427923E-4
1.4970976386963103E-4
1.496576984917638E-4
1.4960566819564668E-4
1.4955367294628645E-4
1.4950171270873843E-4
1.49449787448109E-4
1.4939789712954164E-4
1.4934604171823714E-4
1.4929422117943407E-4
1.4924243547842015E-4
1.4919068458052242E-4
1.4913896845112487E-4
1.4908728705564803E-4
1.490356403595592E-4
1.4898402832837866E-4
1.489324509276608E-4
1.488809081230102E-4
1.488293998800813E-4
1.48777926164566E-4
1.4872648694220673E-4
1.4867508217878618E-4
1.4862371184013557E-4
1.4857237589213233E-4
1.4852107430069362E-4
1.484698070317856E-4
1.484185740514156E-4
1.4836737532564103E-4
1.483162108205554E-4
1.4826508050230558E-4
1.482139843370729E-4
1.4816292229109286E-4
1.4811189433064123E-4
1.480609004220347E-4
1.480099405316413E-4
1.4795901462586074E-4
1.479081226711503E-4
1.478572646340052E-4
1.478064404809615E-4
1.4775565017860213E-4
1.4770489369355728E-4
1.476541709924944E-4
1.476034820421237E-4
1.4755282680920195E-4
1.4750220526053566E-4
1.4745161736296072E-4
1.4740106308336844E-4
1.4735054238868537E-4
1.4730005524588496E-4
1.4724960162198193E-4
1.4719918148403707E-4
1.4714879479915108E-4
1.4709844153446334E-4
1.4704812165716808E-4
1.469978351344898E-4
1.4694758193370115E-4
1.4689736202211644E-4
1.468471753670957E-4
1.4679702193603166E-4
1.467469016963728E-4
1.4669681461560024E-4
1.466467606612365E-4
1.465967398008538E-4
1.4654675200206061E-4
1.46496797232509E-4
1.4644687545989078E-4
1.4639698665194767E-4
1.463471307764498E-4
1.462973078012199E-4
1.4624751769411892E-4
1.4619776042304583E-4
1.4614803595594937E-4
1.4609834426081142E-4
1.460486853056596E-4
1.4599905905855816E-4
1.45949465487624E-4
1.4589990456099743E-4
1.4585037624687612E-4
1.4580088051348875E-4
1.4575141732911192E-4
1.4570198666205477E-4
1.4565258848067952E-4
1.4560322275337513E-4
1.4555388944857968E-4
1.455045885347713E-4
1.4545531998046694E-4
1.4540608375422263E-4
1.4535687982464155E-4
1.4530770816035404E-4
1.45258568730046E-4
1.452094615024373E-4
1.4516038644628472E-4
1.4511134353038568E-4
1.4506233272358368E-4
1.4501335399475705E-4
1.4496440731282388E-4
1.4491549264674682E-4
1.4486660996552013E-4
1.4481775923818558E-4
1.447689404338232E-4
1.4472015352154512E-4
1.446713984705158E-4
1.4462267524992746E-4
1.445739838290222E-4
1.445253241770686E-4
1.4447669626338784E-4
1.4442810005733123E-4
1.4437953552829218E-4
1.4433100264570412E-4
1.442825013790373E-4
1.4423403169780684E-4
1.4418559357155572E-4
1.4413718696987537E-4
1.440888118623959E-4
1.4404046821877897E-4
1.439921560087321E-4
1.439438752019928E-4
1.4389562576834814E-4
1.438474076776166E-4
1.4379922089965817E-4
1.4375106540436767E-4
1.4370294116168277E-4
1.4365484814157247E-4
1.4360678631405383E-4
1.4355875564917074E-4
1.4351075611701718E-4
1.434627876877154E-4
1.4341485033142948E-4
1.4336694401836117E-4
1.4331906871874962E-4
1.4327122440287193E-4
1.4322341104104652E-4
1.4317562860362127E-4
1.431278770609856E-4
1.4308015638356996E-4
1.4303246654183866E-4
1.4298480750629517E-4
1.429371792474789E-4
1.4288958173596611E-4
1.4284201494236845E-4
1.4279447883734452E-4
1.4274697339157678E-4
1.426994985757937E-4
1.4265205436075396E-4
1.4260464071726378E-4
1.425572576161538E-4
1.4250990502829992E-4
1.424625829246117E-4
1.4241529127603477E-4
1.423680300535553E-4
1.4232079922819112E-4
1.4227359877099692E-4
1.4222642865306862E-4
1.421792888455342E-4
1.421321793195591E-4
1.4208510004634845E-4
1.420380509971343E-4
1.4199103214319726E-4
1.4194404345584138E-4
1.4189708490642167E-4
1.418501564663144E-4
1.4180325810694077E-4
1.4175638979975396E-4
1.4170955151624382E-4
1.416627432279402E-4
1.4161596490640024E-4
1.4156921652322437E-4
1.415224980500453E-4
1.4147580945852946E-4
1.414291507203847E-4
1.413825218073478E-4
1.413359226911974E-4
1.4128935334373983E-4
1.4124281373682375E-4
1.4119630384232704E-4
1.4114982363217104E-4
1.411033730783039E-4
1.410569521527112E-4
1.4101056082741617E-4
1.4096419907447255E-4
1.4091786686597433E-4
1.4087156417404688E-4
1.4082529097085063E-4
1.4077904722858273E-4
1.407328329194692E-4
1.4068664801578074E-4
1.406404924898145E-4
1.4059436631390604E-4
1.4054826946041895E-4
1.4050220190176013E-4
1.404561636103702E-4
1.404101545587147E-4
1.4036417471930364E-4
1.4031822406467153E-4
1.4027230256740263E-4
1.4022641020009798E-4
1.4018054693540018E-4
1.4013471274598903E-4
1.400889076045748E-4
1.4004313148389808E-4
1.3999738435674185E-4
1.3995166619591476E-4
1.3990597697426118E-4
1.3986031666466596E-4
1.3981468524003926E-4
1.3976908267332577E-4
1.3972350893750967E-4
1.3967796400560288E-4
1.3963244785064813E-4
1.395869604457341E-4
1.3954150176397127E-4
1.39496071778501E-4
1.3945067046251222E-4
1.39405297789213E-4
1.3935995373185204E-4
1.3931463826370887E-4
1.3926935135809447E-4
1.3922409298835513E-4
1.3917886312787267E-4
1.3913366175005406E-4
1.390884888283472E-4
1.39043344336225E-4
1.3899822824719934E-4
1.389531405348147E-4
1.3890808117264392E-4
1.3886305013429453E-4
1.3881804739340468E-4
1.387730729236511E-4
1.3872812669873708E-4
1.3868320869239793E-4
1.386383188784054E-4
1.3859345723056193E-4
1.3854862372270017E-4
1.3850381832868934E-4
1.3845904102242223E-4
1.3841429177783473E-4
1.3836957056888652E-4
1.3832487736957142E-4
1.3828021215392028E-4
1.382355748959851E-4
1.3819096556986376E-4
1.381463841496698E-4
1.3810183060956196E-4
1.380573049237247E-4
1.380128070663751E-4
1.3796833701175732E-4
1.3792389473415892E-4
1.3787948020788652E-4
1.3783509340728424E-4
1.377907343067281E-4
1.3774640288062166E-4
1.3770209910340253E-4
1.3765782294953785E-4
1.3761357439352872E-4
1.3756935340990782E-4
1.375251599732334E-4
1.3748099405809446E-4
1.3743685563912583E-4
1.3739274469097245E-4
1.373486611883249E-4
1.373046051058992E-4
1.3726057641844108E-4
1.3721657510072847E-4
1.37172601127573E-4
1.3712865447381486E-4
1.370847351143186E-4
1.3704084302399195E-4
1.3699697817775937E-4
1.369531405505866E-4
1.3690933011746898E-4
1.3686554685342196E-4
1.3682179073350452E-4
1.3677806173279737E-4
1.3673435982641647E-4
1.3669068498950074E-4
1.366470371972305E-4
1.3660341642480694E-4
1.365598226474632E-4
1.3651625584046366E-4
1.3647271597910625E-4
1.3642920303871117E-4
1.3638571699463761E-4
1.3634225782226177E-4
1.3629882549700203E-4
1.3625541999430385E-4
1.3621204128964114E-4
1.36168689358512E-4
1.3612536417645303E-4
1.360820657190222E-4
1.3603879396181508E-4
1.359955488804556E-4
1.359523304505862E-4
1.3590913864789628E-4
1.3586597344809027E-4
1.3582283482690608E-4
1.3577972276011452E-4
1.3573663722351155E-4
1.3569357819292414E-4
1.3565054564420844E-4
1.3560753955325273E-4
1.3556455989596487E-4
1.3552160664828778E-4
1.3547867978619898E-4
1.354357792856934E-4
1.3539290512280613E-4
1.3535005727359194E-4
1.353072357141386E-4
1.352644404205681E-4
1.3522167136901495E-4
1.3517892853566067E-4
1.35136211896702E-4
1.3509352142837525E-4
1.3505085710693854E-4
1.3500821890867644E-4
1.3496560680990424E-4
1.3492302078697474E-4
1.3488046081625127E-4
1.3483792687414098E-4
1.3479541893707356E-4
1.34752936981503E-4
1.3471048098391854E-4
1.34668050920834E-4
1.34625646768794E-4
1.3458326850436343E-4
1.345409161041475E-4
1.344985895447652E-4
1.344562888028804E-4
1.3441401385516646E-4
1.3437176467833784E-4
1.3432954124913352E-4
1.3428734354431707E-4
1.34245171540686E-4
1.3420302521505712E-4
1.3416090454428158E-4
1.3411880950523446E-4
1.34076740074822E-4
1.340346962299786E-4
1.339926779476552E-4
1.3395068520484496E-4
1.3390871797856432E-4
1.338667762458467E-4
1.3382485998376668E-4
1.3378296916941967E-4
1.3374110377992939E-4
1.3369926379244262E-4
1.3365744918414333E-4
1.3361565993223325E-4
1.3357389601394387E-4
1.3353215740653516E-4
1.3349044408729246E-4
1.3344875603353042E-4
1.3340709322258996E-4
1.333654556318326E-4
1.3332384323865807E-4
1.3328225602048392E-4
1.3324069395476092E-4
1.331991570189582E-4
1.3315764519058093E-4
1.331161584471523E-4
1.3307469676623196E-4
1.33033260125395E-4
1.3299184850225354E-4
1.3295046187443928E-4
1.329091002196107E-4
1.3286776351545594E-4
1.3282645173968887E-4
1.3278516487004937E-4
1.3274390288429885E-4
1.327026657602359E-4
1.3266145347567428E-4
1.3262026600845657E-4
1.325791033364585E-4
1.3253796543757283E-4
1.324968522897264E-4
1.3245576387086111E-4
1.3241470015895785E-4
1.3237366113201798E-4
1.3233264676806183E-4
1.3229165704514736E-4
1.3225069194135026E-4
1.3220975143477635E-4
1.321688355035555E-4
1.321279441258442E-4
1.3208707727982026E-4
1.3204623494369314E-4
1.3200541709569837E-4
1.319646237140893E-4
1.3192385477715297E-4
1.3188311026319648E-4
1.318423901505579E-4
1.3180169441759436E-4
1.317610230426927E-4
1.3172037600426293E-4
1.316797532807449E-4
1.3163915485059629E-4
1.315985806923057E-4
1.3155803078438528E-4
1.3151750510537137E-4
1.3147700363382795E-4
1.3143652634833996E-4
1.3139607322752294E-4
1.3135564425001094E-4
1.313152393944729E-4
1.3127485863959125E-4
1.3123450196407858E-4
1.3119416934667365E-4
1.3115386076613744E-4
1.3111357620126E-4
1.310733156308501E-4
1.3103307903374717E-4
1.3099286638880973E-4
1.3095267767492373E-4
1.309125128710019E-4
1.3087237195597633E-4
1.3083225490881077E-4
1.307921617084881E-4
1.307520923340127E-4
1.3071204676442562E-4
1.3067202497877791E-4
1.3063202695615483E-4
1.305920526756609E-4
1.3055210211643156E-4
1.3051217525761433E-4
1.3047227207839347E-4
1.3043239255797168E-4
1.3039253667557538E-4
1.303527044104573E-4
1.30312895741895E-4
1.3027311064918348E-4
1.3023334911165026E-4
1.301936111086414E-4
1.301538966195326E-4
1.3011420562371613E-4
1.3007453810061419E-4
1.3003489402966834E-4
1.299952733903455E-4
1.2995567616213872E-4
1.2991610232456098E-4
1.298765518571536E-4
1.2983702473947666E-4
1.2979752095111804E-4
1.2975804047168777E-4
1.297185832808174E-4
1.296791493581632E-4
1.2963973868340678E-4
1.296003512362542E-4
1.295609869964244E-4
1.2952164594367952E-4
1.2948232805778693E-4
1.294430333185443E-4
1.29403761705775E-4
1.2936451319931963E-4
1.293252877790467E-4
1.2928608542484967E-4
1.2924690611663768E-4
1.2920774983435118E-4
1.2916861655794707E-4
1.2912950626741052E-4
1.290904189427491E-4
1.2905135456398693E-4
1.2901231311118218E-4
1.289732945644061E-4
1.289342989037557E-4
1.2889532610935487E-4
1.2885637616134537E-4
1.2881744903989577E-4
1.2877854472519197E-4
1.2873966319744702E-4
1.287008044369004E-4
1.286619684238047E-4
1.286231551384396E-4
1.2858436456111334E-4
1.2854559667214578E-4
1.2850685145188525E-4
1.2846812888070533E-4
1.2842942893899763E-4
1.2839075160717752E-4
1.283520968656815E-4
1.2831346469497078E-4
1.2827485507552801E-4
1.282362679878608E-4
1.2819770341249351E-4
1.2815916132997618E-4
1.2812064172088025E-4
1.2808214456580107E-4
1.2804366984535303E-4
1.2800521754017562E-4
1.279667876309299E-4
1.27928380098296E-4
1.2788999492298155E-4
1.2785163208571198E-4
1.2781329156723447E-4
1.2777497334832331E-4
1.277366774097659E-4
1.2769840373237951E-4
1.2766015229700203E-4
1.2762192308448818E-4
1.275837160757209E-4
1.2754553125159798E-4
1.2750736859304761E-4
1.2746922808101475E-4
1.2743110969646042E-4
1.2739301342037633E-4
1.273549392337764E-4
1.2731688711768713E-4
1.27278857053164E-4
1.272408490212819E-4
1.2720286300313557E-4
1.2716489897984437E-4
1.2712695693254785E-4
1.2708903684240488E-4
1.2705113869059936E-4
1.2701326245833036E-4
1.2697540812682824E-4
1.269375756773357E-4
1.2689976509112108E-4
1.2686197634947154E-4
1.2682420943369767E-4
1.2678646432512838E-4
1.267487410051179E-4
1.2671103945503974E-4
1.2667335965628557E-4
1.2663570159027228E-4
1.265980652384353E-4
1.2656045058223183E-4
1.2652285760313898E-4
1.2648528628265895E-4
1.2644773660230833E-4
1.2641020854362915E-4
1.2637270208818284E-4
1.2633521721755285E-4
1.2629775391334103E-4
1.2626031215717224E-4
1.26222891930692E-4
1.261854932155623E-4
1.2614811599347177E-4
1.2611076024612972E-4
1.260734259552587E-4
1.2603611310261007E-4
1.259988216699486E-4
1.2596155163906582E-4
1.2592430299177156E-4
1.2588707570989672E-4
1.2584986977528866E-4
1.258126851698206E-4
1.257755218753807E-4
1.2573837987388327E-4
1.2570125914725997E-4
1.2566415967746322E-4
1.256270814464636E-4
1.2559002443625274E-4
1.255529886288464E-4
1.255159740062791E-4
1.2547898055060016E-4
1.2544200824388162E-4
1.2540505706822255E-4
1.2536812700573383E-4
1.253312180385479E-4
1.25294330148816E-4
1.2525746331871806E-4
1.252206175304433E-4
1.2518379276620417E-4
1.2514698900823688E-4
1.2511020623879473E-4
1.2507344444014488E-4
1.2503670359458898E-4
1.249999836844357E-4
1.249632846920136E-4
1.2492660659968121E-4
1.2488994938980618E-4
1.2485331304478025E-4
1.2481669754701785E-4
1.2478010287894373E-4
1.247435290230159E-4
1.2470697596169802E-4
1.2467044367748444E-4
1.2463393215288054E-4
1.245974413704138E-4
1.2456097131263727E-4
1.245245219621147E-4
1.2448809330143412E-4
1.244516853131999E-4
1.2441529798004028E-4
1.2437893128460035E-4
1.2434258520953954E-4
1.243062597375469E-4
1.2426995485132037E-4
1.2423367053358811E-4
1.24197406767084E-4
1.2416116353457392E-4
1.2412494081883612E-4
1.24088738602667E-4
1.2405255686888682E-4
1.240163956003286E-4
1.23980254779852E-4
1.239441343903321E-4
1.2390803441465778E-4
1.238719548357453E-4
1.2383589563652722E-4
1.2379985679995202E-4
1.2376383830898908E-4
1.2372784014662964E-4
1.236918622958782E-4
1.2365590473975845E-4
1.2361996746132004E-4
1.2358405044362385E-4
1.235481536697524E-4
1.2351227712280497E-4
1.2347642078590422E-4
1.2344058464218473E-4
1.2340476867480713E-4
1.2336897286694304E-4
1.2333319720178858E-4
1.2329744166255684E-4
1.2326170623247734E-4
1.232259908948017E-4
1.2319029563279593E-4
1.231546204297463E-4
1.2311896526895802E-4
1.2308333013375777E-4
1.2304771500747983E-4
1.2301211987349097E-4
1.2297654471516749E-4
1.229409895159048E-4
1.2290545425911896E-4
1.2286993892824243E-4
1.228344435067272E-4
1.2279896797803965E-4
1.227635123256726E-4
1.2272807653312883E-4
1.2269266058393067E-4
1.2265726446162396E-4
1.2262188814976635E-4
1.225865316319384E-4
1.2255119489173384E-4
1.2251587791276762E-4
1.2248058067867038E-4
1.224453031730935E-4
1.224100453797069E-4
1.223748072821929E-4
1.223395888642577E-4
1.2230439010962288E-4
1.2226921100202625E-4
1.2223405152522824E-4
1.2219891166299755E-4
1.2216379139913286E-4
1.2212869071744179E-4
1.2209360960175835E-4
1.2205854803591803E-4
1.2202350600379405E-4
1.2198848348926098E-4
1.2195348047621967E-4
1.2191849694858663E-4
1.2188353289029637E-4
1.2184858828530082E-4
1.218136631175668E-4
1.2177875737108235E-4
1.2174387102985273E-4
1.2170900407789522E-4
1.2167415649925282E-4
1.2163932827797798E-4
1.2160451939814667E-4
1.2156972984384888E-4
1.2153495959919272E-4
1.21500208648303E-4
1.214654769753259E-4
1.214307645644187E-4
1.2139607139975795E-4
1.2136139746553933E-4
1.2132674274597345E-4
1.2129210722529042E-4
1.2125749088773605E-4
1.2122289371757174E-4
1.2118831569908004E-4
1.2115375681655677E-4
1.2111921705431409E-4
1.2108469639668676E-4
1.2105019482802164E-4
1.210157123326846E-4
1.2098124889505744E-4
1.2094680449953912E-4
1.2091237913054443E-4
1.208779727725076E-4
1.2084358540987908E-4
1.2080921702712354E-4
1.2077486760872647E-4
1.2074053713918666E-4
1.2070622560302172E-4
1.2067193298476568E-4
1.2063765926896763E-4
1.2060340444019456E-4
1.2056916848303525E-4
1.2053495138208015E-4
1.2050075312195547E-4
1.2046657368729042E-4
1.2043241306273833E-4
1.2039827123296353E-4
1.2036414818265307E-4
1.2033004389650139E-4
1.202959583592291E-4
1.2026189155556712E-4
1.2022784347026644E-4
1.201938140880899E-4
1.201598033938241E-4
1.2012581137226467E-4
1.2009183800822473E-4
1.2005788328654329E-4
1.200239471920589E-4
1.1999002970964183E-4
1.19956130824169E-4
1.1992225052053815E-4
1.1988838878366085E-4
1.1985454559846842E-4
1.1982072094990374E-4
1.197869148229301E-4
1.1975312720252274E-4
1.1971935807367883E-4
1.1968560742140235E-4
1.1965187523072585E-4
1.196181614866856E-4
1.1958446617434111E-4
1.1955078927877063E-4
1.1951713078505828E-4
1.1948349067831179E-4
1.1944986894365543E-4
1.1941626556622352E-4
1.1938268053117014E-4
1.1934911382366538E-4
1.193155654288973E-4
1.192820353320639E-4
1.1924852351838581E-4
1.1921502997309138E-4
1.1918155468143549E-4
1.1914809762867572E-4
1.191146588000989E-4
1.1908123818099552E-4
1.1904783575668004E-4
1.1901445151247894E-4
1.1898108543373857E-4
1.1894773750581438E-4
1.1891440771407913E-4
1.1888109604392625E-4
1.1884780248075894E-4
1.1881452700999981E-4
1.1878126961708522E-4
1.1874803028746883E-4
1.1871480900661459E-4
1.1868160576000621E-4
1.1864842053314469E-4
1.1861525331154346E-4
1.1858210408073139E-4
1.185489728262535E-4
1.1851585953366797E-4
1.1848276418855279E-4
1.1844968677649803E-4
1.1841662728311056E-4
1.1838358569401111E-4
1.1835056199483636E-4
1.1831755617123895E-4
1.182845682088863E-4
1.1825159809345894E-4
1.1821864581065719E-4
1.1818571134619161E-4
1.1815279468579204E-4
1.1811989581519977E-4
1.1808701472017493E-4
1.1805415138648884E-4
1.180213057999311E-4
1.1798847794630514E-4
1.1795566781142974E-4
1.179228753811367E-4
1.1789010064127777E-4
1.1785734357771252E-4
1.1782460417632216E-4
1.1779188242299815E-4
1.1775917830364922E-4
1.1772649180420045E-4
1.176938229105875E-4
1.1766117160876471E-4
1.1762853788470011E-4
1.1759592172437361E-4
1.1756332311378601E-4
1.1753074203894618E-4
1.1749817848588192E-4
1.1746563244063614E-4
1.1743310388926472E-4
1.1740059281783874E-4
1.1736809921244545E-4
1.1733562305918212E-4
1.1730316434416523E-4
1.1727072305352352E-4
1.1723829917340268E-4
1.1720589268996152E-4
1.1717350358937281E-4
1.1714113185782221E-4
1.1710877748151701E-4
1.1707644044667212E-4
1.1704412073951878E-4
1.1701181834630018E-4
1.1697953325328134E-4
1.1694726544673529E-4
1.1691501491295161E-4
1.1688278163823155E-4
1.1685056560889791E-4
1.1681836681127712E-4
1.1678618523172128E-4
1.1675402085659057E-4
1.1672187367225638E-4
1.1668974366511243E-4
1.1665763082155929E-4
1.1662553512801886E-4
1.1659345657092195E-4
1.1656139513671348E-4
1.1652935081185844E-4
1.1649732358282398E-4
1.1646531343610734E-4
1.1643332035821045E-4
1.1640134433564505E-4
1.1636938535494813E-4
1.163374434026649E-4
1.1630551846535335E-4
1.1627361052958472E-4
1.1624171958195106E-4
1.1620984560905086E-4
1.161779885975035E-4
1.1614614853393517E-4
1.1611432540498922E-4
1.1608251919732682E-4
1.1605072989761613E-4
1.1601895749254391E-4
1.1598720196880912E-4
1.1595546331312443E-4
1.1592374151221649E-4
1.1589203655282554E-4
1.1586034842171054E-4
1.1582867710563353E-4
1.1579702259138374E-4
1.1576538486574739E-4
1.1573376391554397E-4
1.1570215972758895E-4
1.1567057228872591E-4
1.1563900158580197E-4
1.1560744760568115E-4
1.1557591033524188E-4
1.1554438976137757E-4
1.1551288587099265E-4
1.1548139865100624E-4
1.1544992808834829E-4
1.1541847416996966E-4
1.1538703688282397E-4
1.1535561621388719E-4
1.1532421215014932E-4
1.1529282467860625E-4
1.1526145378626964E-4
1.1523009946017253E-4
1.1519876168735105E-4
1.1516744045486152E-4
1.151361357497691E-4
1.1510484755915353E-4
1.15073575870113E-4
1.1504232066975247E-4
1.1501108194519291E-4
1.1497985968356605E-4
1.1494865387202368E-4
1.1491746449772218E-4
1.1488629154783874E-4
1.1485513500955895E-4
1.1482399487008373E-4
1.147928711166246E-4
1.1476176373641124E-4
1.1473067271668183E-4
1.1469959804469269E-4
1.1466853970770653E-4
1.14637497693001E-4
1.1460647198787452E-4
1.1457546257962735E-4
1.1454446945558346E-4
1.1451349260306921E-4
1.1448253200943247E-4
1.1445158766203051E-4
1.144206595482349E-4
1.1438974765542595E-4
1.1435885197100581E-4
1.1432797248238144E-4
1.1429710917697576E-4
1.1426626204222537E-4
1.142354310655777E-4
1.1420461623449398E-4
1.1417381753644844E-4
1.1414303495893246E-4
1.1411226848943931E-4
1.1408151811548791E-4
1.1405078382460027E-4
1.140200656043165E-4
1.1398936344218734E-4
1.1395867732577867E-4
1.1392800724266225E-4
1.138973531804334E-4
1.13866715126693E-4
1.1383609306905425E-4
1.1380548699514518E-4
1.1377489689260657E-4
1.137443227490932E-4
1.1371376455226879E-4
1.1368322228981113E-4
1.136526959494125E-4
1.1362218551877321E-4
1.1359169098561239E-4
1.1356121233766134E-4
1.1353074956265422E-4
1.1350030264835128E-4
1.1346987158251124E-4
1.1343945635291947E-4
1.1340905694736558E-4
1.1337867335365121E-4
1.1334830555959526E-4
1.1331795355302269E-4
1.1328761732177451E-4
1.1325729685370755E-4
1.132269921366855E-4
1.1319670315858678E-4
1.131664299072995E-4
1.131361723707307E-4
1.1310593053679041E-4
1.1307570439340793E-4
1.1304549392852445E-4
1.130152991300918E-4
1.129851199860723E-4
1.1295495648444178E-4
1.1292480861319365E-4
1.1289467636032245E-4
1.1286455971384272E-4
1.1283445866178288E-4
1.1280437319217803E-4
1.1277430329307715E-4
1.1274424895254219E-4
1.1271421015865009E-4
1.1268418689948107E-4
1.1265417916313753E-4
1.1262418693772585E-4
1.125942102113721E-4
1.1256424897220784E-4
1.1253430320838316E-4
1.1250437290804736E-4
1.1247445805937984E-4
1.1244455865055817E-4
1.1241467466977949E-4
1.123848061052441E-4
1.123549529451757E-4
1.1232511517780298E-4
1.122952927913641E-4
1.122654857741185E-4
1.1223569411432503E-4
1.1220591780026969E-4
1.1217615682023477E-4
1.1214641116252451E-4
1.1211668081544957E-4
1.120869657673382E-4
1.1205726600652166E-4
1.1202758152135531E-4
1.1199791230019203E-4
1.1196825833140742E-4
1.11938619603388E-4
1.119089961045233E-4
1.1187938782322214E-4
1.1184979474790412E-4
1.1182021686699799E-4
1.1179065416894762E-4
1.1176110664220574E-4
1.1173157427523708E-4
1.1170205705651974E-4
1.1167255497454071E-4
1.1164306801780095E-4
1.1161359617481125E-4
1.1158413943409591E-4
1.1155469778418788E-4
1.1152527121363263E-4
1.1149585971099364E-4
1.1146646326483338E-4
1.1143708186373492E-4
1.114077154962918E-4
1.1137836415110512E-4
1.1134902781679284E-4
1.1131970648197937E-4
1.1129040013530246E-4
1.112611087654111E-4
1.1123183236096689E-4
1.112025709106436E-4
1.1117332440312161E-4
1.1114409282709645E-4
1.1111487617127397E-4
1.1108567442437314E-4
1.1105648757511902E-4
1.1102731561225629E-4
1.109981585245322E-4
1.1096901630071139E-4
1.10939888929567E-4
1.109107763998824E-4
1.1088167870045686E-4
1.1085259582009525E-4
1.1082352774761474E-4
1.1079447447184966E-4
1.1076543598163681E-4
1.1073641226583027E-4
1.1070740331329165E-4
1.1067840911289448E-4
1.1064942965352668E-4
1.106204649240818E-4
1.1059151491347306E-4
1.1056257961060893E-4
1.1053365900442877E-4
1.10504753083865E-4
1.1047586183787739E-4
1.1044698525542246E-4
1.1041812332547764E-4
1.1038927603702548E-4
1.1036044337906085E-4
1.1033162534059308E-4
1.1030282191063557E-4
1.1027403307821895E-4
1.1024525883238246E-4
1.102164991621791E-4
1.1018775405666415E-4
1.1015902350491111E-4
1.1013030749600855E-4
1.101016060190415E-4
1.1007291906311992E-4
1.1004424661735918E-4
1.1001558867088288E-4
1.0998694521282922E-4
1.0995831623234423E-4
1.0992970171858874E-4
1.0990110166073066E-4
1.0987251604794936E-4
1.0984394486943558E-4
1.0981538811439103E-4
1.0978684577202949E-4
1.0975831783157124E-4
1.0972980428224887E-4
1.0970130511330909E-4
1.0967282031400539E-4
1.096443498736025E-4
1.0961589378137512E-4
1.0958745202661477E-4
1.0955902459861294E-4
1.0953061148667906E-4
1.0950221268013485E-4
1.0947382816830321E-4
1.0944545794052691E-4
1.0941710198615539E-4
1.0938876029454972E-4
1.093604328550801E-4
1.0933211965712815E-4
1.0930382069008426E-4
1.0927553594335294E-4
1.0924726540634604E-4
1.0921900906848358E-4
1.0919076691920587E-4
1.0916253894795169E-4
1.0913432514417637E-4
1.091061254973469E-4
1.090779399969358E-4
1.0904976863242814E-4
1.0902161139332584E-4
1.0899346826912616E-4
1.089653392493502E-4
1.0893722432352748E-4
1.0890912348119159E-4
1.0888103671188992E-4
1.0885296400518238E-4
1.0882490535063397E-4
1.0879686073782258E-4
1.0876883015634209E-4
1.0874081359578848E-4
1.0871281104576681E-4
1.0868482249589952E-4
1.0865684793581641E-4
1.0862888735515582E-4
1.086009407435677E-4
1.0857300809071032E-4
1.0854508938625541E-4
1.0851718461988046E-4
1.0848929378128009E-4
1.0846141686014936E-4
1.0843355384620231E-4
1.0840570472915905E-4
1.083778694987457E-4
1.0835004814470736E-4
1.083222406567933E-4
1.0829444702476457E-4
1.0826666723838952E-4
1.082389012874497E-4
1.0821114916173698E-4
1.0818341085104945E-4
1.0815568634520002E-4
1.0812797563400947E-4
1.0810027870730407E-4
1.0807259555492797E-4
1.0804492616672899E-4
1.0801727053256981E-4
1.0798962864231652E-4
1.0796200048585302E-4
1.0793438605306773E-4
1.0790678533385718E-4
1.0787919831813546E-4
1.0785162499581875E-4
1.0782406535683757E-4
1.077965193911302E-4
1.0776898708864688E-4
1.0774146843934147E-4
1.0771396343318724E-4
1.0768647206015988E-4
1.0765899431024828E-4
1.076315301734481E-4
1.0760407963976834E-4
1.075766426992237E-4
1.0754921934184304E-4
1.075218095576612E-4
1.0749441333672463E-4
1.0746703066908905E-4
1.0743966154481926E-4
1.0741230595398958E-4
1.0738496388668779E-4
1.0735763533300655E-4
1.0733032028304708E-4
1.0730301872692368E-4
1.0727573065476165E-4
1.0724845605669248E-4
1.0722119492285823E-4
1.0719394724340874E-4
1.071667130085064E-4
1.0713949220832299E-4
1.0711228483303886E-4
1.0708509087284012E-4
1.0705791031793093E-4
1.070307431585157E-4
1.0700358938481623E-4
1.0697644898705852E-4
1.069493219554779E-4
1.0692220828032322E-4
1.0689510795185145E-4
1.0686802096032409E-4
1.0684094729601878E-4
1.0681388694921838E-4
1.0678683991021786E-4
1.067598061693189E-4
1.067327857168315E-4
1.0670577854308265E-4
1.0667878463839989E-4
1.0665180399312348E-4
1.0662483659760212E-4
1.0659788244219762E-4
1.0657094151727466E-4
1.0654401381321308E-4
1.0651709932039778E-4
1.0649019802922635E-4
1.0646330993010361E-4
1.0643643501344364E-4
1.0640957326966971E-4
1.0638272468921558E-4
1.063558892625207E-4
1.063290669800419E-4
1.0630225783223318E-4
1.0627546180956748E-4
1.062486789025241E-4
1.062219091015887E-4
1.0619515239725987E-4
1.0616840878004211E-4
1.0614167824045201E-4
1.0611496076901432E-4
1.0608825635626238E-4
1.0606156499273844E-4
1.0603488666899289E-4
1.0600822137558624E-4
1.0598156910309127E-4
1.0595492984208454E-4
1.0592830358315238E-4
1.0590169031689355E-4
1.0587509003391579E-4
1.0584850272482609E-4
1.0582192838025897E-4
1.0579536699083982E-4
1.0576881854721122E-4
1.0574228304002629E-4
1.0571576045994187E-4
1.0568925079762935E-4
1.0566275404376416E-4
1.0563627018903208E-4
1.0560979922412805E-4
1.0558334113976067E-4
1.0555689592663741E-4
1.0553046357548082E-4
1.0550404407702576E-4
1.0547763742200969E-4
1.0545124360117809E-4
1.054248626052923E-4
1.0539849442511518E-4
1.0537213905142481E-4
1.0534579647500149E-4
1.0531946668664118E-4
1.0529314967714153E-4
1.0526684543731436E-4
1.0524055395797857E-4
1.0521427522995982E-4
1.0518800924409492E-4
1.0516175599122935E-4
1.0513551546221797E-4
1.0510928764792128E-4
1.050830725392096E-4
1.0505687012696544E-4
1.0503068040207332E-4
1.0500450335543425E-4
1.0497833897795211E-4
1.0495218726053909E-4
1.049260481941211E-4
1.0489992176962906E-4
1.0487380797800119E-4
1.0484770681018698E-4
1.048216182571446E-4
1.0479554230984158E-4
1.0476947895925054E-4
1.0474342819635256E-4
1.047173900121412E-4
1.046913643976179E-4
1.0466535134378702E-4
1.0463935084166941E-4
1.0461336288229143E-4
1.0458738745668328E-4
1.045614245558903E-4
1.0453547417096391E-4
1.0450953629296328E-4
1.0448361091295382E-4
1.0445769802201457E-4
1.0443179761123268E-4
1.0440590967169698E-4
1.0438003419451041E-4
1.0435417117078372E-4
1.0432832059163455E-4
1.0430248244819171E-4
1.0427665673159195E-4
1.0425084343297434E-4
1.0422504254349271E-4
1.041992540543086E-4
1.0417347795659122E-4
1.0414771424151357E-4
1.0412196290026599E-4
1.0409622392403944E-4
1.0407049730403772E-4
1.0404478303146757E-4
1.040190810975505E-4
1.0399339149351299E-4
1.0396771421058915E-4
1.0394204924002473E-4
1.0391639657306696E-4
1.0389075620097827E-4
1.0386512811502821E-4
1.0383951230648988E-4
1.0381390876664972E-4
1.0378831748680001E-4
1.0376273845823948E-4
1.0373717167228125E-4
1.0371161712023905E-4
1.0368607479343953E-4
1.0366054468321549E-4
1.0363502678090901E-4
1.0360952107786921E-4
1.03584027565456E-4
1.0355854623503225E-4
1.035330770779737E-4
1.0350762008566226E-4
1.0348217524948744E-4
1.0345674256084648E-4
1.0343132201114932E-4
1.0340591359180886E-4
1.0338051729424557E-4
1.0335513310989124E-4
1.0332976103018355E-4
1.033044010465707E-4
1.0327905315050601E-4
1.0325371733345115E-4
1.0322839358687821E-4
1.0320308190226581E-4
1.031777822710982E-4
1.0315249468487122E-4
1.0312721913508763E-4
1.0310195561325402E-4
1.0307670411089699E-4
1.030514646195328E-4
1.0302623713070046E-4
1.0300102163594068E-4
1.0297581812680516E-4
1.0295062659485037E-4
1.0292544703164051E-4
1.0290027942874924E-4
1.0287512377776096E-4
1.0284998007026037E-4
1.0282484829784777E-4
1.0279972845212493E-4
1.0277462052470653E-4
1.0274952450721492E-4
1.0272444039127518E-4
1.0269936816852373E-4
1.0267430783060516E-4
1.0264925936916975E-4
1.0262422277587798E-4
1.0259919804239719E-4
1.0257418516040137E-4
1.0254918412157532E-4
1.0252419491760389E-4
1.0249921754019176E-4
1.0247425198103922E-4
1.0244929823186269E-4
1.0242435628438248E-4
1.023994261303276E-4
1.0237450776143472E-4
1.0234960116944789E-4
1.0232470634611768E-4
1.0229982328320531E-4
1.0227495197247817E-4
1.0225009240570851E-4
1.0222524457467959E-4
1.0220040847118228E-4
1.0217558408701507E-4
1.0215077141398055E-4
1.0212597044389395E-4
1.0210118116857346E-4
1.0207640357984904E-4
1.0205163766955319E-4
1.0202688342953286E-4
1.02002140851636E-4
1.0197740992772171E-4
1.0195269064965367E-4
1.019279830093072E-4
1.0190328699856101E-4
1.018786026093062E-4
1.0185392983343681E-4
1.0182926866285568E-4
1.0180461908947325E-4
1.0177998110520836E-4
1.0175535470198561E-4
1.0173073987173899E-4
1.0170613660640917E-4
1.0168154489794125E-4
1.016569647382937E-4
1.0163239611942764E-4
1.0160783903331416E-4
1.0158329347192934E-4
1.0155875942725999E-4
1.0153423689129688E-4
1.0150972585603952E-4
1.0148522631349494E-4
1.0146073825567947E-4
1.0143626167461108E-4
1.0141179656232297E-4
1.01387342910848E-4
1.013629007122322E-4
1.0133846995852656E-4
1.0131405064178878E-4
1.0128964275408334E-4
1.0126524628748491E-4
1.012408612340702E-4
1.0121648758593391E-4
1.0119212533516242E-4
1.0116777447386438E-4
1.0114343499414378E-4
1.011191068881225E-4
1.0109479014791919E-4
1.0107048476566653E-4
1.0104619073350422E-4
1.0102190804357385E-4
1.0099763668803245E-4
1.0097337665903692E-4
1.0094912794875532E-4
1.009248905493598E-4
1.009006644530344E-4
1.008764496519665E-4
1.0085224613835163E-4
1.0082805390439012E-4
1.00803872942295E-4
1.0077970324428345E-4
1.0075554480257434E-4
1.0073139760940491E-4
1.0070726165701467E-4
1.0068313693764135E-4
1.006590234435431E-4
1.0063492116697596E-4
1.0061083010020963E-4
1.0058675023551723E-4
1.0056268156517995E-4
1.0053862408148146E-4
1.0051457777671981E-4
1.004905426431972E-4
1.0046651867322379E-4
1.0044250585911042E-4
1.0041850419318404E-4
1.00394513667773E-4
1.0037053427521633E-4
1.0034656600785202E-4
1.0032260885803691E-4
1.0029866281812658E-4
1.0027472788048616E-4
1.0025080403748596E-4
1.0022689128150587E-4
1.0020298960493123E-4
1.0017909900015331E-4
1.0015521945957233E-4
1.0013135097559709E-4
1.0010749354063697E-4
1.0008364714711341E-4
1.0005981178745244E-4
1.0003598745408954E-4
1.0001217413946567E-4
9.998837183602663E-5
The correct rate for BP: 100.00% 
