1.9729472968975454
0.7939534609828867
0.05434481788911733
0.011074591786048409
0.00799391138530126
0.006249650088960535
0.0051340787332098195
0.004357675027507543
0.0037853339550654613
0.003345566326677361
0.0029969170741723076
0.0027136469018563306
0.0024789079035899267
0.002281198880708831
0.002112394939367911
0.0019665904838425544
0.00183938841322694
0.001727446554219953
0.0016281787304088286
0.0015395521776966894
0.0014599468757507165
0.001388055760802354
0.0013228125832452041
0.0012633388600471055
0.0012089042691604606
0.0011588966697573685
0.0011127991230671977
0.0010701720767862428
0.0010306394074303966
9.938773793860616E-4
9.596058331759224E-4
9.275810947154303E-4
8.975902256419804E-4
8.694463277606335E-4
8.429846827691179E-4
8.180595588689178E-4
7.94541553593061E-4
7.723153706533645E-4
7.51277950285293E-4
7.313368892042795E-4
7.124090991527868E-4
6.944196630388676E-4
6.773008555268575E-4
6.609913011446186E-4
6.45435247898804E-4
6.305819383253676E-4
6.1638506306338E-4
6.028022845928347E-4
5.897948208480255E-4
5.773270801068284E-4
5.653663399392357E-4
5.538824641364385E-4
5.428476524813671E-4
5.32236219001343E-4
5.220243949922181E-4
5.121901536458532E-4
5.02713053567278E-4
4.935740988506951E-4
4.84755613706269E-4
4.7624112990319483E-4
4.6801528552687825E-4
4.6006373374579316E-4
4.523730604528007E-4
4.4493070979024834E-4
4.377249166927674E-4
4.307446456885353E-4
4.2397953529228424E-4
4.174198474032664E-4
4.1105642119058087E-4
4.048806310087335E-4
3.988843479385639E-4
3.9305990459452306E-4
3.874000628794486E-4
3.818979844028498E-4
3.7654720330977307E-4
3.713416012941988E-4
3.662753845949274E-4
3.6134306279297327E-4
3.565394292480656E-4
3.518595430284187E-4
3.472987122025262E-4
3.428524783747901E-4
3.385166023583635E-4
3.3428705088883775E-4
3.3015998429172875E-4
3.2613174502483925E-4
3.2219884702398247E-4
3.1835796578719264E-4
3.1460592913837147E-4
3.1093970861676795E-4
3.07356411443342E-4
3.0385327301950976E-4
3.004276499175562E-4
2.9707701332554225E-4
2.9379894291274735E-4
2.9059112108451463E-4
2.874513275979784E-4
2.8437743451250973E-4
2.813674014509307E-4
2.7841927114931304E-4
2.755311652752222E-4
2.7270128049557943E-4
2.699278847770534E-4
2.6720931390303125E-4
2.6454396819256627E-4
2.6193030940778743E-4
2.593668578372299E-4
2.568521895435829E-4
2.54384933765106E-4
2.51963770460828E-4
2.49587427990336E-4
2.472546809196279E-4
2.4496434794510255E-4
2.4271528992837464E-4
2.4050640803502886E-4
2.383366419710002E-4
2.3620496831064562E-4
2.3411039891101148E-4
2.3205197940713034E-4
2.300287877835937E-4
2.2803993301792852E-4
2.2608455379156673E-4
2.241618172645758E-4
2.2227091791044595E-4
2.2041107640755986E-4
2.1858153858416777E-4
2.1678157441384113E-4
2.1501047705864992E-4
2.1326756195744006E-4
2.1155216595670326E-4
2.0986364648180583E-4
2.0820138074637636E-4
2.0656476499779022E-4
2.0495321379691636E-4
2.0336615933025213E-4
2.01803050752804E-4
2.002633535601207E-4
1.987465489879649E-4
1.972521334382274E-4
1.9577961792976496E-4
1.943285275728777E-4
1.9289840106629722E-4
1.9148879021552381E-4
1.9009925947148146E-4
1.8872938548851101E-4
1.8737875670075155E-4
1.8604697291599857E-4
1.8473364492628015E-4
1.8343839413423926E-4
1.8216085219470852E-4
1.8090066067065385E-4
1.7965747070288553E-4
1.784309426928725E-4
1.7722074599805572E-4
1.7602655863911405E-4
1.7484806701860227E-4
1.736849656504931E-4
1.7253695690008913E-4
1.714037507338811E-4
1.7028506447889824E-4
1.69180622591107E-4
1.6809015643253674E-4
1.6701340405664934E-4
1.6595011000170056E-4
1.6490002509166672E-4
1.6386290624448015E-4
1.628385162872095E-4
1.618266237779338E-4
1.6082700283400592E-4
1.598394329664474E-4
1.5886369892022692E-4
1.5789959052015762E-4
1.5694690252222222E-4
1.5600543447006634E-4
1.550749905564787E-4
1.5415537948963476E-4
1.5324641436394252E-4
1.523479125352774E-4
1.514596955004371E-4
1.505815887806995E-4
1.4971342180923332E-4
1.488550278223009E-4
1.4800624375404094E-4
1.471669101347424E-4
1.463368709924381E-4
1.4551597375770975E-4
1.4470406917159724E-4
1.4390101119645776E-4
1.431066569296913E-4
1.423208665202391E-4
1.4154350308770542E-4
1.4077443264405275E-4
1.4001352401775603E-4
1.392606487803195E-4
1.3851568117509482E-4
1.377784980482839E-4
1.3704897878206914E-4
1.3632700522981452E-4
1.3561246165320255E-4
1.3490523466131932E-4
1.3420521315153555E-4
1.3351228825220657E-4
1.3282635326703648E-4
1.3214730362114488E-4
1.3147503680868092E-4
1.308094523420252E-4
1.3015045170244204E-4
1.2949793829219715E-4
1.2885181738803752E-4
1.28211996096053E-4
1.2757838330778874E-4
1.2695088965765494E-4
1.2632942748151522E-4
1.2571391077647936E-4
1.2510425516179533E-4
1.2450037784087154E-4
1.239021975643402E-4
1.2330963459415852E-4
1.2272261066868386E-4
1.2214104896875189E-4
1.215648740846326E-4
1.2099401198393094E-4
1.2042838998034432E-4
1.1986793670326077E-4
1.1931258206818257E-4
1.187622572479447E-4
1.1821689464469362E-4
1.17676427862625E-4
1.1714079168142123E-4
1.1660992203041959E-4
1.1608375596342617E-4
1.1556223163420603E-4
1.1504528827261088E-4
1.1453286616132266E-4
1.140249066131888E-4
1.1352135194914904E-4
1.130221454767295E-4
1.12527231469073E-4
1.1203655514450947E-4
1.115500626466373E-4
1.1106770102491637E-4
1.1058941821572679E-4
1.1011516302392624E-4
1.0964488510483454E-4
1.0917853494669574E-4
1.0871606385355079E-4
1.0825742392853255E-4
1.0780256805758305E-4
1.0735144989354754E-4
1.069040238406684E-4
1.0646024503944992E-4
1.0602006935188046E-4
1.0558345334701522E-4
1.0515035428690921E-4
1.0472073011286253E-4
1.0429453943202195E-4
1.0387174150426373E-4
1.0345229622941983E-4
1.0303616413477377E-4
1.0262330636286505E-4
1.0221368465957326E-4
1.0180726136246282E-4
1.0140399938943411E-4
1.0100386222758491E-4
1.0060681392236533E-4
1.0021281906696456E-4
9.982184279193534E-5
The correct rate for BP: 100.00% 
