1.532678231725971
1.4161961975750297
1.270568029472882
1.013517940027764
0.6843978941602914
0.39643608998435914
0.22465190422675144
0.14144133692809738
0.09953096505147298
0.07547802272640028
0.0601736467346582
0.049694540687459855
0.04212372222810089
0.03642681993841338
0.032001322081156754
0.028474522945511064
0.025604462465500626
0.02322771713427869
0.021230203633050518
0.01953002609941172
0.018066970360408902
0.016795835941963
0.015682071467728813
0.014698839836818103
0.013824997465897021
0.013043673321408343
0.012341250753302927
0.011706625514876771
0.011130656729419694
0.010605754954926239
0.010125569176918314
0.009684746199090861
0.009278743705372178
0.008903683586915715
0.008556235810069906
0.008233525686737235
0.007933059247512196
0.007652662742044563
0.007390433255228847
0.007144698137350931
0.006913981473653644
0.006696976214346591
0.006492520885399024
0.006299580028800387
0.006117227696527098
0.005944633458409895
0.005781050490113647
0.005625805390656236
0.005478289444614976
0.0053379510963835
0.005204289445556547
0.005076848606026297
0.004955212798422682
0.004839002067474516
0.004727868533751268
0.004621493103887718
0.004519582575429046
0.004421867082371428
0.004328097835707079
0.004238045120132768
0.00415149651379981
0.004068255302773932
0.00398813906590102
0.003910978409170252
0.0038366158315388415
0.0037649047066198745
0.0036957083667080756
0.0036288992773881893
0.0035643582924838497
0.0035019739804040308
0.003441642014059817
0.003383264617487906
0.0033267500631479394
0.0032720122145816527
0.0032189701097468564
0.0031675475808831356
0.00311767290723985
0.003069278497411644
0.0030223005983881406
0.002976679028743083
0.0029323569336663167
0.0028892805597883478
0.002847399047963124
0.0028066642423662134
0.0027670305144343287
0.0027284546003223365
0.0026908954506863402
0.0026543140917199975
0.0026186734964761225
0.0025839384655993434
0.002550075516679479
0.002517052781509733
0.002484839910600981
0.0024534079843633364
0.0024227294304199985
0.002392777946566818
0.0023635284289343383
0.0023349569049485753
0.00230704047072191
0.002279757232537405
0.0022530862521188294
0.002227007495404586
0.002201501784567623
0.0021765507530444963
0.0021521368033566683
0.002128243067524332
0.002104853369889438
0.0020819521921792436
0.002059524640654838
0.0020375564152013874
0.002016033780228059
0.0019949435372555793
0.0019742729990786054
0.001954009965398964
0.0019341426998329895
0.0019146599082039998
0.0018955507180369773
0.0018768046591787452
0.0018584116454726013
0.001840361957421144
0.0018226462257759132
0.001805255415996828
0.0017881808135281382
0.0017714140098416258
0.001754946889200686
0.0017387716161027594
0.0017228806233595638
0.001707266600778166
0.0016919224844077576
0.0016768414463195834
0.0016620168848895222
0.0016474424155548308
0.0016331118620183166
0.0016190192478750158
0.001605158788637932
0.00159152488414081
0.0015781121112975842
0.0015649152171989256
0.0015519291125279896
0.0015391488652781718
0.0015265696947570264
0.0015141869658611595
0.0015019961836080507
0.0014899929879115441
0.0014781731485882744
0.0014665325605834846
0.0014550672394049295
0.0014437733167545095
0.0014326470363476176
0.001421684749911078
0.0014108829133506018
0.0014002380830797695
0.0013897469125024378
0.0013794061486412212
0.0013692126289051932
0.0013591632779899104
0.0013492551049037282
0.0013394852001143247
0.001329850732809917
0.001320348948269709
0.0013109771653387289
0.001301732774002068
0.001292613233054127
0.0012836160678585747
0.001274738868194843
0.0012659792861873518
0.0012573350343138348
0.0012488038834891915
0.0012403836612216235
0.0012320722498378135
0.0012238675847743021
0.001215767652932048
0.001207770491091568
0.001199874184386123
0.0011920768648302877
0.0011843767099018435
0.0011767719411745923
0.0011692608229999992
0.0011618416612356969
0.0011545128020188807
0.0011472726305827997
0.0011401195701145348
0.001133052080652488
0.0011260686580218668
0.0011191678328067829
0.001112348169357378
0.0011056082648306978
0.0010989467482639577
0.0010923622796788865
0.0010858535492160102
0.0010794192762976827
0.0010730582088187474
0.001066769122363846
0.0010605508194502374
0.00105440212879527
0.0010483219046075749
0.0010423090259009636
0.001036362395830384
0.0010304809410489671
0.001024663611085435
0.0010189093777411191
0.0010132172345059139
0.0010075861959924033
0.0010020152973875742
9.96503593921446E-4
9.910501603520119E-4
9.85654090465932E-4
9.803144965944233E-4
9.750305091437783E-4
9.698012761400333E-4
9.646259627872665E-4
9.5950375103911E-4
9.54433839182908E-4
9.494154414362192E-4
9.444477875551276E-4
9.395301224540797E-4
9.346617058367055E-4
9.298418118373746E-4
9.250697286731085E-4
9.203447583054652E-4
9.156662161120509E-4
9.110334305674379E-4
9.064457429330686E-4
9.019025069558833E-4
8.974030885754566E-4
8.929468656392596E-4
8.885332276258533E-4
8.841615753757239E-4
8.798313208295666E-4
8.755418867737154E-4
8.712927065925163E-4
8.670832240274435E-4
8.629128929427609E-4
8.587811770974154E-4
8.546875499231274E-4
8.50631494308373E-4
8.466125023881008E-4
8.426300753390236E-4
8.386837231803112E-4
8.34772964579519E-4
8.308973266635395E-4
8.27056344834554E-4
8.232495625906759E-4
8.194765313512559E-4
8.157368102866917E-4
8.120299661525695E-4
8.083555731279859E-4
8.047132126580895E-4
8.011024733004905E-4
7.975229505755756E-4
7.939742468205927E-4
7.904559710473424E-4
7.869677388034126E-4
7.835091720368847E-4
7.800798989643422E-4
7.76679553942096E-4
7.7330777734064E-4
7.699642154220724E-4
7.666485202205563E-4
7.633603494256438E-4
7.600993662684117E-4
7.56865239410324E-4
7.536576428347575E-4
7.504762557411074E-4
7.473207624413836E-4
7.441908522592789E-4
7.410862194315955E-4
7.380065630119737E-4
7.349515867768716E-4
7.319209991337479E-4
7.289145130313414E-4
7.259318458720463E-4
7.229727194262983E-4
7.200368597488755E-4
7.171239970972265E-4
7.142338658514831E-4
7.113662044364639E-4
7.08520755245285E-4
7.056972645648008E-4
7.028954825026329E-4
7.001151629159096E-4
6.973560633414948E-4
6.94617944927843E-4
6.919005723683028E-4
6.892037138359667E-4
6.865271409198185E-4
6.838706285624027E-4
6.812339549987657E-4
6.786169016968058E-4
6.760192532987831E-4
6.734407975642376E-4
6.70881325314011E-4
6.683406303755488E-4
6.658185095292961E-4
6.633147624562956E-4
6.608291916868666E-4
6.583616025503603E-4
6.559118031259667E-4
6.534796041945646E-4
6.51064819191608E-4
6.486672641609078E-4
6.462867577094501E-4
6.439231209631198E-4
6.415761775233272E-4
6.392457534245402E-4
6.369316770926706E-4
6.346337793043174E-4
6.323518931468381E-4
6.300858539792316E-4
6.278354993937907E-4
6.256006691785586E-4
6.233812052805151E-4
6.211769517694849E-4
6.189877548028105E-4
6.168134625906889E-4
6.146539253621902E-4
6.125089953319862E-4
6.1037852666769E-4
6.082623754578554E-4
6.061603996806029E-4
6.040724591728574E-4
6.019984156001715E-4
5.999381324271328E-4
5.978914748883714E-4
5.958583099600833E-4
5.938385063321231E-4
5.918319343806271E-4
5.89838466141165E-4
5.87857975282374E-4
5.858903370801241E-4
5.839354283921603E-4
5.8199312763321E-4
5.800633147505676E-4
5.781458712001374E-4
5.762406799229244E-4
5.743476253219534E-4
5.724665932396132E-4
5.705974709354356E-4
5.687401470642737E-4
5.668945116548761E-4
5.650604560888663E-4
5.632378730800855E-4
5.614266566543334E-4
5.596267021294716E-4
5.578379060958656E-4
5.560601663972118E-4
5.54293382111687E-4
5.525374535334431E-4
5.507922821544298E-4
5.490577706465518E-4
5.47333822844118E-4
5.456203437266445E-4
5.4391723940191E-4
5.422244170893396E-4
5.405417851037024E-4
5.388692528390274E-4
5.372067307528786E-4
5.355541303508388E-4
5.339113641713116E-4
5.322783457705446E-4
5.306549897079583E-4
5.290412115316906E-4
5.274369277643832E-4
5.258420558892535E-4
5.2425651433637E-4
5.226802224691762E-4
5.211131005712334E-4
5.195550698331886E-4
5.180060523399833E-4
5.164659710582325E-4
5.149347498238885E-4
5.134123133300242E-4
5.118985871148858E-4
5.103934975501175E-4
5.088969718291921E-4
5.074089379560118E-4
5.059293247337373E-4
5.04458061753754E-4
5.029950793848641E-4
5.015403087626104E-4
5.000936817788231E-4
4.986551310712886E-4
4.972245900136332E-4
4.958019927053252E-4
4.943872739618853E-4
4.929803693052115E-4
4.915812149540833E-4
4.901897478148232E-4
4.888059054720854E-4
4.874296261798131E-4
4.8606084885232395E-4
4.84699513055561E-4
4.83345558998442E-4
4.819989275243819E-4
4.8065956010293867E-4
4.793273988215798E-4
4.780023863775867E-4
4.766844660700905E-4
4.7537358179221804E-4
4.7406967802337825E-4
4.7277269982164475E-4
4.7148259281627985E-4
4.7019930320036307E-4
4.6892277772353003E-4
4.67652963684816E-4
4.663898089256536E-4
4.651332618229035E-4
4.6388327128206035E-4
4.626397867305099E-4
4.6140275811094416E-4
4.601721358747968E-4
4.589478709758748E-4
4.5772991486399796E-4
4.5651821947879635E-4
4.553127372435513E-4
4.541134210591751E-4
4.5292022429825526E-4
4.5173310079917267E-4
4.5055200486035095E-4
4.493768912345434E-4
4.482077151232343E-4
4.470444321711133E-4
4.458869984606414E-4
4.44735370506665E-4
4.435895052511509E-4
4.424493600579634E-4
4.413148927077537E-4
4.4018606139286547E-4
4.3906282471239223E-4
4.3794514166722593E-4
4.368329716552491E-4
4.3572627446653484E-4
4.346250102786578E-4
4.3352913965205456E-4
4.3243862352545674E-4
4.3135342321137674E-4
4.3027350039168035E-4
4.2919881711318727E-4
4.2812933578338186E-4
4.270650191661366E-4
4.2600583037752875E-4
4.249517328816848E-4
4.239026904867472E-4
4.228586673407806E-4
4.218196279278878E-4
4.2078553706424075E-4
4.197563598942332E-4
4.187320618867171E-4
4.1771260883120115E-4
4.1669796683419186E-4
4.156881023155227E-4
4.146829820047656E-4
4.136825729376874E-4
4.1268684245274233E-4
4.1169575818762765E-4
4.1070928807587385E-4
4.0972740034348474E-4
4.0875006350564084E-4
4.0777724636339736E-4
4.0680891800049966E-4
4.0584504778018145E-4
4.0488560534202684E-4
4.0393056059887943E-4
4.029798837337832E-4
4.0203354519697084E-4
4.0109151570290563E-4
4.001537662273164E-4
3.9922026800432423E-4
3.982909925235889E-4
3.97365911527468E-4
3.9644499700826455E-4
3.955282212054472E-4
3.946155566029763E-4
3.9370697592660186E-4
3.928024521412454E-4
3.9190195844837064E-4
3.9100546828344044E-4
3.9011295531336E-4
3.8922439343398664E-4
3.88339756767636E-4
3.8745901966066545E-4
3.865821566810573E-4
3.8570914261602715E-4
3.848399524696919E-4
3.839745614607618E-4
3.831129450202111E-4
3.822550787890747E-4
3.814009386161682E-4
3.8055050055592284E-4
3.7970374086618324E-4
3.788606360060862E-4
3.780211626339141E-4
3.7718529760503186E-4
3.763530179697987E-4
3.755243009715241E-4
3.746991240444757E-4
3.738774648118709E-4
3.7305930108391525E-4
3.72244610855865E-4
3.714333723060946E-4
3.706255637942363E-4
3.698211638592715E-4
3.690201512177228E-4
3.682225047617873E-4
3.674282035575709E-4
3.6663722684330196E-4
3.6584955402754684E-4
3.65065164687504E-4
3.6428403856728303E-4
3.635061555761932E-4
3.6273149578708856E-4
3.6196003943470635E-4
3.611917669140296E-4
3.604266587786832E-4
3.5966469573932904E-4
3.5890585866209013E-4
3.581501285670136E-4
3.5739748662649796E-4
3.566479141638059E-4
3.5590139265154305E-4
3.551579037101981E-4
3.5441742910663417E-4
3.536799507526755E-4
3.5294545070367795E-4
3.5221391115708466E-4
3.514853144510492E-4
3.507596430630627E-4
3.5003687960855924E-4
3.4931700683959554E-4
3.486000076434903E-4
3.4788586504153757E-4
3.4717456218767213E-4
3.4646608236720076E-4
3.457604089955291E-4
3.4505752561689724E-4
3.4435741590313376E-4
3.4366006365243345E-4
3.4296545278814756E-4
3.422735673575633E-4
3.415843915307321E-4
3.4089790959929654E-4
3.4021410597532154E-4
3.3953296519014827E-4
3.388544718932664E-4
3.3817861085119207E-4
3.375053669463577E-4
3.3683472517599997E-4
3.3616667065110837E-4
3.3550118859533806E-4
3.3483826434393277E-4
3.341778833427085E-4
3.3352003114699673E-4
3.328646934206269E-4
3.322118559349138E-4
3.31561504567662E-4
3.3091362530216243E-4
3.302682042262272E-4
3.296252275312046E-4
3.289846815110404E-4
3.28346552561314E-4
3.277108271783242E-4
3.2707749195812793E-4
3.2644653359565484E-4
3.258179388838005E-4
3.251916947124985E-4
3.2456778806787354E-4
3.2394620603133704E-4
3.2332693577874147E-4
3.227099645794959E-4
3.220952797957414E-4
3.214828688815102E-4
3.208727193818741E-4
3.202648189321442E-4
3.1965915525705816E-4
3.190557161699579E-4
3.184544895720201E-4
3.1785546345144587E-4
3.1725862588269973E-4
3.1666396502572726E-4
3.1607146912521346E-4
3.1548112650979797E-4
3.1489292559135215E-4
3.143068548642582E-4
3.137229029046268E-4
3.131410583696165E-4
3.125613099967189E-4
3.119836466030343E-4
3.114080570845752E-4
3.108345304155922E-4
3.1026305564785744E-4
3.096936219100212E-4
3.0912621840691376E-4
3.0856083441890446E-4
3.0799745930122315E-4
3.0743608248332466E-4
3.068766934682413E-4
3.0631928183195056E-4
3.0576383722273615E-4
3.0521034936056797E-4
3.0465880803649624E-4
3.041092031120253E-4
3.0356152451850945E-4
3.030157622565735E-4
3.024719063954956E-4
3.019299470726451E-4
3.013898744928777E-4
3.008516789279841E-4
3.003153507161107E-4
2.9978088026119177E-4
2.992482580324065E-4
2.9871747456361697E-4
2.981885204528227E-4
2.976613863616282E-4
2.97136063014706E-4
2.9661254119926257E-4
2.9609081176449996E-4
2.9557086562114073E-4
2.950526937408734E-4
2.945362871558557E-4
2.94021636958216E-4
2.9350873429955166E-4
2.9299757039043955E-4
2.9248813649993574E-4
2.919804239551053E-4
2.914744241405362E-4
2.9097012849786896E-4
2.9046752852531887E-4
2.8996661577722365E-4
2.8946738186356986E-4
2.889698184495479E-4
2.8847391725509575E-4
2.879796700544507E-4
2.8748706867570765E-4
2.8699610500038076E-4
2.865067709629739E-4
2.860190585505414E-4
2.8553295980227614E-4
2.8504846680906697E-4
2.8456557171310744E-4
2.840842667074581E-4
2.83604544035652E-4
2.8312639599129073E-4
2.826498149176209E-4
2.821747932071673E-4
2.8170132330131923E-4
2.8122939768994405E-4
2.807590089109981E-4
2.802901495501517E-4
2.798228122404061E-4
2.7935698966171513E-4
2.788926745406109E-4
2.784298596498449E-4
2.779685378080209E-4
2.7750870187922183E-4
2.770503447726699E-4
2.765934594423501E-4
2.761380388866789E-4
2.756840761481428E-4
2.75231564312965E-4
2.7478049651074953E-4
2.743308659141526E-4
2.738826657385425E-4
2.7343588924168066E-4
2.729905297233659E-4
2.725465805251349E-4
2.721040350299205E-4
2.716628866617465E-4
2.71223128885402E-4
2.7078475520612115E-4
2.703477591692934E-4
2.699121343601233E-4
2.6947787440335084E-4
2.690449729629534E-4
2.6861342374180994E-4
2.681832204814363E-4
2.6775435696168833E-4
2.673268270004474E-4
2.669006244533586E-4
2.664757432135243E-4
2.6605217721123556E-4
2.656299204136739E-4
2.652089668246393E-4
2.647893104842911E-4
2.643709454688391E-4
2.639538658903077E-4
2.635380658962365E-4
2.6312353966944757E-4
2.627102814277432E-4
2.6229828542367217E-4
2.618875459442593E-4
2.6147805731074734E-4
2.6106981387834813E-4
2.606628100359882E-4
2.6025704020605014E-4
2.598524988441303E-4
2.5944918043881035E-4
2.5904707951137637E-4
2.586461906156094E-4
2.5824650833753033E-4
2.578480272951687E-4
2.574507421383227E-4
2.5705464754833065E-4
2.5665973823783464E-4
2.562660089505596E-4
2.558734544610787E-4
2.554820695745913E-4
2.550918491266962E-4
2.5470278798317496E-4
2.543148810397726E-4
2.53928123221976E-4
2.535425094848039E-4
2.531580348125865E-4
2.5277469421876043E-4
2.523924827456506E-4
2.5201139546427885E-4
2.516314274741312E-4
2.5125257390297894E-4
2.508748299066595E-4
2.50498190668877E-4
2.501226514010168E-4
2.497482073419327E-4
2.4937485375775065E-4
2.490025859416868E-4
2.4863139921384224E-4
2.482612889210217E-4
2.478922504365352E-4
2.4752427916002284E-4
2.4715737051724684E-4
2.467915199599333E-4
2.464267229655722E-4
2.460629750372396E-4
2.4570027170341656E-4
2.4533860851781285E-4
2.449779810591924E-4
2.4461838493118973E-4
2.442598157621484E-4
2.4390226920492888E-4
2.4354574093676064E-4
2.4319022665906143E-4
2.4283572209725612E-4
2.4248222300063735E-4
2.4212972514217447E-4
2.4177822431836572E-4
2.414277163490677E-4
2.4107819707733748E-4
2.407296623692695E-4
2.4038210811383546E-4
2.4003553022273447E-4
2.3968992463023627E-4
2.3934528729300597E-4
2.3900161418998275E-4
2.3865890132220732E-4
2.383171447126642E-4
2.379763404061596E-4
2.3763648446914378E-4
2.372975729895779E-4
2.369596020767845E-4
2.3662256786130564E-4
2.362864664947584E-4
2.359512941496816E-4
2.356170470194126E-4
2.3528372131793217E-4
2.349513132797314E-4
2.346198191596727E-4
2.3428923523285142E-4
2.3395955779445876E-4
2.3363078315965567E-4
2.3330290766342476E-4
2.329759276604524E-4
2.3264983952498523E-4
2.3232463965070337E-4
2.3200032445059958E-4
2.316768903568312E-4
2.3135433382061334E-4
2.3103265131208187E-4
2.3071183932016402E-4
2.3039189435246894E-4
2.3007281293514883E-4
2.2975459161277988E-4
2.294372269482459E-4
2.2912071552261986E-4
2.288050539350291E-4
2.2849023880255534E-4
2.2817626676010464E-4
2.2786313446029448E-4
2.2755083857333867E-4
2.272393757869303E-4
2.2692874280612617E-4
2.2661893635324856E-4
2.263099531677386E-4
2.2600179000608657E-4
2.2569444364168608E-4
2.2538791086475186E-4
2.250821884821913E-4
2.2477727331750676E-4
2.244731622106813E-4
2.241698520180785E-4
2.2386733961233548E-4
2.2356562188225306E-4
2.232646957327011E-4
2.2296455808450854E-4
2.2266520587435962E-4
2.2236663605469678E-4
2.2206884559362183E-4
2.2177183147478643E-4
2.214755906973009E-4
2.2118012027564125E-4
2.208854172395322E-4
2.205914786338681E-4
2.2029830151860816E-4
2.2000588296868157E-4
2.197142200739037E-4
2.1942330993885806E-4
2.1913314968282832E-4
2.1884373643968853E-4
2.1855506735782233E-4
2.182671396000209E-4
2.1797995034340053E-4
2.176934967793133E-4
2.1740777611324726E-4
2.171227855647551E-4
2.1683852236734639E-4
2.1655498376841768E-4
2.1627216702915252E-4
2.1599006942445007E-4
2.15708688242819E-4
2.1542802078631536E-4
2.1514806437044392E-4
2.148688163240787E-4
2.145902739893862E-4
2.1431243472172398E-4
2.1403529588958365E-4
2.1375885487449897E-4
2.1348310907095985E-4
2.1320805588633877E-4
2.1293369274081383E-4
2.1266001706728597E-4
2.1238702631129984E-4
2.1211471793096734E-4
2.1184308939689827E-4
2.115721381921079E-4
2.113018618119611E-4
2.11032257764078E-4
2.1076332356827207E-4
2.104950567564698E-4
2.1022745487264368E-4
2.0996051547273001E-4
2.096942361245602E-4
2.0942861440779407E-4
2.0916364791384175E-4
2.0889933424579523E-4
2.0863567101835455E-4
2.083726558577622E-4
2.0811028640173296E-4
2.0784856029938854E-4
2.0758747521117414E-4
2.0732702880880724E-4
2.0706721877520427E-4
2.0680804280441328E-4
2.0654949860154584E-4
2.06291583882714E-4
2.0603429637496126E-4
2.057776338162036E-4
2.0552159395515127E-4
2.0526617455126546E-4
2.0501137337467732E-4
2.0475718820612673E-4
2.0450361683691624E-4
2.042506570688246E-4
2.0399830671405457E-4
2.0374656359517588E-4
2.0349542554506212E-4
2.0324489040683582E-4
2.029949560337875E-4
2.02745620289336E-4
2.0249688104696486E-4
2.0224873619016293E-4
2.020011836123561E-4
2.0175422121686493E-4
2.0150784691683532E-4
2.0126205863518762E-4
2.0101685430455615E-4
2.0077223186723415E-4
2.0052818927511834E-4
2.0028472448964718E-4
2.0004183548175925E-4
1.9979952023181982E-4
1.9955777672958468E-4
1.993166029741309E-4
1.9907599697381137E-4
1.988359567461986E-4
1.985964803180372E-4
1.983575657251756E-4
1.9811921101253618E-4
1.9788141423404242E-4
1.9764417345258047E-4
1.9740748673994398E-4
1.9717135217678093E-4
1.9693576785254272E-4
1.9670073186544123E-4
1.9646624232239082E-4
1.9623229733896217E-4
1.9599889503932726E-4
1.9576603355622637E-4
1.955337110309018E-4
1.9530192561305194E-4
1.9507067546080728E-4
1.9483995874063355E-4
1.9460977362734623E-4
1.94380118304009E-4
1.941509909619167E-4
1.9392238980054833E-4
1.9369431302751066E-4
1.934667588584922E-4
1.9323972551723274E-4
1.9301321123545747E-4
1.9278721425284998E-4
1.9256173281699453E-4
1.923367651833484E-4
1.921123096151725E-4
1.91888364383519E-4
1.9166492776715892E-4
1.914419980525618E-4
1.9121957353383166E-4
1.9099765251268564E-4
1.9077623329839986E-4
1.905553142077703E-4
1.9033489356506857E-4
1.901149697020083E-4
1.8989554095768418E-4
1.8967660567856937E-4
1.894581622184313E-4
1.8924020893831803E-4
1.8902274420651172E-4
1.8880576639849057E-4
1.8858927389688365E-4
1.8837326509143725E-4
1.881577383789752E-4
1.8794269216336064E-4
1.8772812485545244E-4
1.875140348730735E-4
1.8730042064096485E-4
1.8708728059076333E-4
1.8687461316094738E-4
1.8666241679680425E-4
1.864506899503994E-4
1.8623943108053262E-4
1.8602863865271017E-4
1.8581831113909846E-4
1.856084470184885E-4
1.8539904477627694E-4
1.8519010290440468E-4
1.8498161990133572E-4
1.8477359427202886E-4
1.8456602452789113E-4
1.8435890918674558E-4
1.8415224677279703E-4
1.8394603581660559E-4
1.837402748550314E-4
1.8353496243123953E-4
1.8333009709461606E-4
1.8312567740078124E-4
1.8292170191152451E-4
1.8271816919479103E-4
1.8251507782463368E-4
1.8231242638119425E-4
1.82110213450664E-4
1.819084376252481E-4
1.8170709750314724E-4
1.8150619168850806E-4
1.8130571879140458E-4
1.8110567742780752E-4
1.8090606621953576E-4
1.8070688379425305E-4
1.805081287854133E-4
1.8030979983224264E-4
1.8011189557970897E-4
1.7991441467848096E-4
1.7971735578491347E-4
1.7952071756100553E-4
1.7932449867437894E-4
1.7912869779824374E-4
1.7893331361137178E-4
1.7873834479806448E-4
1.7854379004812642E-4
1.7834964805684436E-4
1.78155917524939E-4
1.7796259715855686E-4
1.7776968566923218E-4
1.7757718177385806E-4
1.7738508419466294E-4
1.7719339165918755E-4
1.7700210290023903E-4
1.7681121665588925E-4
1.7662073166942467E-4
1.764306466893334E-4
1.7624096046927703E-4
1.7605167176805848E-4
1.75862779349595E-4
1.7567428198290378E-4
1.754861784420565E-4
1.752984675061779E-4
1.7511114795939255E-4
1.749242185908273E-4
1.7473767819455662E-4
1.7455152556960488E-4
1.7436575951990208E-4
1.7418037885426915E-4
1.739953823863834E-4
1.7381076893476917E-4
1.7362653732275527E-4
1.734426863784623E-4
1.7325921493477445E-4
1.7307612182932208E-4
1.728934059044446E-4
1.7271106600717797E-4
1.7252910098922305E-4
1.7234750970693207E-4
1.7216629102127264E-4
1.7198544379782053E-4
1.7180496690671706E-4
1.7162485922265976E-4
1.7144511962488142E-4
1.7126574699711334E-4
1.7108674022757407E-4
1.7090809820895195E-4
1.70729819838365E-4
1.7055190401735497E-4
1.7037434965185352E-4
1.7019715565217713E-4
1.7002032093298172E-4
1.6984384441325916E-4
1.6966772501631798E-4
1.694919616697372E-4
1.693165533053783E-4
1.691414988593412E-4
1.6896679727194922E-4
1.6879244748772886E-4
1.6861844845539317E-4
1.684447991278134E-4
1.6827149846200377E-4
1.680985454191006E-4
1.679259389643347E-4
1.677536780670318E-4
1.675817617005609E-4
1.674101888423459E-4
1.6723895847382296E-4
1.670680695804351E-4
1.6689752115160047E-4
1.6672731218070742E-4
1.6655744166508085E-4
1.6638790860597273E-4
1.6621871200853849E-4
1.6604985088182172E-4
1.6588132423872568E-4
1.6571313109601092E-4
1.6554527047426176E-4
1.6537774139787357E-4
1.6521054289503603E-4
1.6504367399771067E-4
1.6487713374161746E-4
1.6471092116620675E-4
1.645450353146621E-4
1.6437947523385144E-4
1.6421423997434227E-4
1.6404932859036083E-4
1.6388474013977913E-4
1.637204736841022E-4
1.6355652828845332E-4
1.6339290302154995E-4
1.6322959695568386E-4
1.6306660916670936E-4
1.629039387340365E-4
1.6274158474058545E-4
1.6257954627280338E-4
1.6241782242062305E-4
1.6225641227745924E-4
1.6209531494018394E-4
1.6193452950911684E-4
1.6177405508800707E-4
1.6161389078400985E-4
1.614540357076858E-4
1.6129448897296927E-4
1.6113524969715637E-4
1.609763170008973E-4
1.6081769000817378E-4
1.6065936784627659E-4
1.6050134964580557E-4
1.6034363454064455E-4
1.6018622166794657E-4
1.600291101681161E-4
1.598722991847992E-4
1.5971578786486845E-4
1.5955957535840145E-4
1.5940366081867232E-4
1.5924804340213306E-4
1.5909272226840215E-4
1.5893769658024043E-4
1.587829655035531E-4
1.5862852820735946E-4
1.58474383863784E-4
1.58320531648047E-4
1.5816697073844048E-4
1.5801370031632162E-4
1.578607195660958E-4
1.5770802767520133E-4
1.575556238340957E-4
1.5740350723624817E-4
1.5725167707811164E-4
1.5710013255912516E-4
1.5694887288169047E-4
1.5679789725115545E-4
1.5664720487581065E-4
1.5649679496686886E-4
1.5634666673845296E-4
1.5619681940758784E-4
1.5604725219416825E-4
1.55897964320979E-4
1.5574895501364725E-4
1.5560022350065197E-4
1.554517690133006E-4
1.553035907857213E-4
1.551556880548403E-4
1.550080600603881E-4
1.5486070604486972E-4
1.547136252535569E-4
1.5456681693447314E-4
1.5442028033839166E-4
1.542740147188134E-4
1.5412801933194938E-4
1.5398229343672966E-4
1.5383683629476106E-4
1.536916471703486E-4
1.5354672533045036E-4
1.534020700446868E-4
1.5325768058532636E-4
1.5311355622726845E-4
1.5296969624802723E-4
1.5282609992773642E-4
1.5268276654911898E-4
1.525396953974867E-4
1.523968857607255E-4
1.522543369292801E-4
1.5211204819615338E-4
1.519700188568816E-4
1.5182824820953307E-4
1.5168673555468893E-4
1.5154548019544217E-4
1.5140448143737134E-4
1.5126373858855344E-4
1.5112325095951965E-4
1.5098301786327416E-4
1.5084303861526933E-4
1.5070331253339594E-4
1.505638389379744E-4
1.5042461715174377E-4
1.502856464998498E-4
1.501469263098328E-4
1.5000845591161996E-4
1.498702346375213E-4
1.4973226182219784E-4
1.495945368026769E-4
1.494570589183263E-4
1.4931982751084665E-4
1.4918284192426553E-4
1.4904610150491679E-4
1.4890960560144743E-4
1.4877335356479007E-4
1.4863734474816333E-4
1.4850157850705985E-4
1.4836605419923146E-4
1.4823077118469052E-4
1.4809572882568443E-4
1.4796092648670353E-4
1.4782636353445053E-4
1.4769203933785312E-4
1.475579532680375E-4
1.4742410469832814E-4
1.472904930042315E-4
1.4715711756343634E-4
1.470239777557871E-4
1.4689107296330119E-4
1.4675840257012451E-4
1.4662596596256105E-4
1.464937625290279E-4
1.463617916600757E-4
1.4623005274835548E-4
1.4609854518862455E-4
1.4596726837773192E-4
1.4583622171461522E-4
1.457054046002818E-4
1.4557481643780353E-4
1.4544445663231242E-4
1.4531432459099155E-4
1.451844197230556E-4
1.4505474143975883E-4
1.4492528915437068E-4
1.4479606228217777E-4
1.4466706024047032E-4
1.4453828244853441E-4
1.4440972832764645E-4
1.4428139730105423E-4
1.4415328879398666E-4
1.4402540223362953E-4
1.4389773704912565E-4
1.437702926715594E-4
1.436430685339546E-4
1.4351606407126744E-4
1.433892787203696E-4
1.4326271192004916E-4
1.431363631110033E-4
1.43010231735818E-4
1.4288431723897152E-4
1.4275861906682367E-4
1.4263313666760985E-4
1.4250786949142281E-4
1.4238281699022426E-4
1.4225797861781205E-4
1.4213335382983486E-4
1.4200894208377365E-4
1.418847428389327E-4
1.4176075555643976E-4
1.4163697969922845E-4
1.415134147320378E-4
1.4139006012140487E-4
1.4126691533565116E-4
1.411439798448839E-4
1.4102125312097846E-4
1.4089873463758403E-4
1.4077642387009525E-4
1.4065432029567557E-4
1.405324233932169E-4
1.4041073264335773E-4
1.4028924752846055E-4
1.4016796753261781E-4
1.400468921416299E-4
1.3992602084300678E-4
1.3980535312596465E-4
1.3968488848140932E-4
1.3956462640193302E-4
1.3944456638181372E-4
1.393247079169939E-4
1.3920505050509448E-4
1.390855936453826E-4
1.3896633683879074E-4
1.3884727958788758E-4
1.3872842139688702E-4
1.386097617716313E-4
1.3849130021959395E-4
1.3837303624985976E-4
1.3825496937313282E-4
1.3813709910172133E-4
1.3801942494953177E-4
1.379019464320633E-4
1.3778466306640068E-4
1.37667574371212E-4
1.3755067986673827E-4
1.374339790747864E-4
1.37317471518717E-4
1.3720115672345858E-4
1.3708503421547752E-4
1.369691035227854E-4
1.368533641749313E-4
1.3673781570298614E-4
1.3662245763955216E-4
1.3650728951874466E-4
1.3639231087619216E-4
1.3627752124902408E-4
1.3616292017587403E-4
1.3604850719685902E-4
1.3593428185359208E-4
1.3582024368916047E-4
1.3570639224813412E-4
1.3559272707654022E-4
1.3547924772187755E-4
1.3536595373309717E-4
1.352528446606075E-4
1.3513992005625264E-4
1.3502717947332503E-4
1.3491462246654562E-4
1.3480224859206664E-4
1.3469005740745943E-4
1.3457804847171424E-4
1.3446622134523275E-4
1.3435457558981617E-4
1.342431107686792E-4
1.3413182644641345E-4
1.3402072218901318E-4
1.33909797563849E-4
1.3379905213966716E-4
1.3368848548659526E-4
1.3357809717611823E-4
1.3346788678108686E-4
1.3335785387570567E-4
1.332479980355337E-4
1.3313831883747258E-4
1.330288158597645E-4
1.329194886819838E-4
1.3281033688503953E-4
1.327013600511599E-4
1.3259255776389706E-4
1.3248392960810872E-4
1.3237547516997203E-4
1.322671940369634E-4
1.32159085797849E-4
1.320511500427045E-4
1.3194338636288126E-4
1.318357943510196E-4
1.3172837360103312E-4
1.3162112370811694E-4
1.3151404426872476E-4
1.3140713488057955E-4
1.3130039514266424E-4
1.3119382465520826E-4
1.31087423019695E-4
1.3098118983885125E-4
1.3087512471664372E-4
1.3076922725826563E-4
1.3066349707015147E-4
1.305579337599514E-4
1.3045253693653715E-4
1.303473062099933E-4
1.3024224119162627E-4
1.301373414939341E-4
1.3003260673062232E-4
1.2992803651659345E-4
1.2982363046793984E-4
1.297193882019393E-4
1.296153093370602E-4
1.2951139349293752E-4
1.2940764029039113E-4
1.2930404935140174E-4
1.2920062029912028E-4
1.2909735275785242E-4
1.2899424635306046E-4
1.2889130071136505E-4
1.2878851546052286E-4
1.286858902294423E-4
1.2858342464816557E-4
1.2848111834786694E-4
1.2837897096085491E-4
1.282769821205562E-4
1.2817515146152817E-4
1.2807347861943324E-4
1.2797196323105503E-4
1.2787060493428404E-4
1.277694033681089E-4
1.2766835817262152E-4
1.275674689890127E-4
1.274667354595631E-4
1.2736615722763384E-4
1.272657339376755E-4
1.2716546523522027E-4
1.2706535076686644E-4
1.2696539018029193E-4
1.2686558312423394E-4
1.2676592924850126E-4
1.266664282039524E-4
1.2656707964250912E-4
1.264678832171351E-4
1.2636883858185022E-4
1.26269945391708E-4
1.2617120330280925E-4
1.260726119722858E-4
1.2597417105830017E-4
1.2587588022004506E-4
1.2577773911773656E-4
1.256797474126051E-4
1.2558190476690483E-4
1.254842108438971E-4
1.2538666530785336E-4
1.252892678240475E-4
1.2519201805875945E-4
1.2509491567926052E-4
1.2499796035381991E-4
1.249011517516928E-4
1.2480448954312284E-4
1.2470797339933382E-4
1.2461160299252953E-4
1.2451537799589352E-4
1.244192980835731E-4
1.2432336293069192E-4
1.2422757221332374E-4
1.2413192560852E-4
1.2403642279428055E-4
1.2394106344955778E-4
1.2384584725426062E-4
1.2375077388923636E-4
1.236558430362841E-4
1.2356105437813622E-4
1.2346640759846274E-4
1.2337190238187335E-4
1.2327753841389182E-4
1.2318331538098531E-4
1.2308923297053265E-4
1.2299529087083427E-4
1.2290148877110767E-4
1.2280782636148307E-4
1.2271430333299694E-4
1.2262091937759688E-4
1.225276741881281E-4
1.2243456745833844E-4
1.223415988828662E-4
1.2224876815725177E-4
1.2215607497791583E-4
1.2206351904217125E-4
1.2197110004820967E-4
1.2187881769510633E-4
1.2178667168281041E-4
1.2169466171214777E-4
1.2160278748480925E-4
1.215110487033548E-4
1.2141944507121308E-4
1.2132797629266925E-4
1.2123664207286337E-4
1.2114544211779851E-4
1.2105437613431972E-4
1.2096344383012726E-4
1.2087264491376777E-4
1.2078197909462121E-4
1.2069144608291789E-4
1.2060104558971887E-4
1.2051077732691593E-4
1.2042064100723946E-4
1.2033063634423674E-4
1.2024076305228706E-4
1.2015102084659253E-4
1.2006140944316659E-4
1.1997192855884092E-4
1.1988257791126493E-4
1.1979335721888861E-4
1.1970426620097879E-4
1.196153045775986E-4
1.195264720696177E-4
1.1943776839869598E-4
1.1934919328729798E-4
1.1926074645867832E-4
1.1917242763687714E-4
1.1908423654672517E-4
1.1899617291383704E-4
1.1890823646460688E-4
1.1882042692621236E-4
1.1873274402660003E-4
1.1864518749449434E-4
1.185577570593898E-4
1.1847045245154651E-4
1.183832734019889E-4
1.182962196425079E-4
1.1820929090565054E-4
1.1812248692472223E-4
1.1803580743377992E-4
1.1794925216763476E-4
1.1786282086184705E-4
1.1777651325272376E-4
1.1769032907731217E-4
1.1760426807340139E-4
1.1751832997952398E-4
1.174325145349403E-4
1.1734682147965304E-4
1.1726125055438615E-4
1.1717580150059922E-4
1.1709047406047498E-4
1.1700526797691458E-4
1.1692018299354892E-4
1.1683521885471952E-4
1.1675037530548822E-4
1.1666565209162535E-4
1.1658104895961119E-4
1.1649656565664254E-4
1.1641220193061228E-4
1.1632795753012293E-4
1.1624383220447209E-4
1.1615982570366233E-4
1.160759377783854E-4
1.1599216818003111E-4
1.1590851666067665E-4
1.158249829730921E-4
1.1574156687072964E-4
1.1565826810772983E-4
1.155750864389108E-4
1.1549202161976968E-4
1.1540907340648601E-4
1.1532624155590644E-4
1.1524352582555555E-4
1.1516092597362426E-4
1.1507844175897182E-4
1.1499607294112563E-4
1.1491381928027423E-4
1.1483168053725972E-4
1.147496564735967E-4
1.1466774685144498E-4
1.1458595143362365E-4
1.1450426998360068E-4
1.144227022654938E-4
1.1434124804407066E-4
1.1425990708474262E-4
1.1417867915355932E-4
1.1409756401722004E-4
1.1401656144305355E-4
1.1393567119902957E-4
1.1385489305375456E-4
1.1377422677646052E-4
1.1369367213701305E-4
1.1361322890590278E-4
1.1353289685425138E-4
1.1345267575379963E-4
1.1337256537690897E-4
1.13292565496562E-4
1.1321267588635825E-4
1.1313289632051355E-4
1.1305322657385042E-4
1.1297366642181097E-4
1.1289421564044142E-4
1.1281487400639268E-4
1.1273564129692717E-4
1.1265651728989935E-4
1.1257750176377908E-4
1.124985944976212E-4
1.1241979527108065E-4
1.1234110386441463E-4
1.1226252005846231E-4
1.1218404363465983E-4
1.1210567437503022E-4
1.1202741206218211E-4
1.1194925647931098E-4
1.1187120741019479E-4
1.1179326463919023E-4
1.117154279512328E-4
1.1163769713183695E-4
1.1156007196709428E-4
1.1148255224366127E-4
1.1140513774877339E-4
1.1132782827023297E-4
1.1125062359641047E-4
1.1117352351623477E-4
1.1109652781921079E-4
1.1101963629539506E-4
1.1094284873541003E-4
1.108661649304303E-4
1.107895846721894E-4
1.1071310775297922E-4
1.106367339656396E-4
1.1056046310355797E-4
1.1048429496067773E-4
1.1040822933148428E-4
1.1033226601101088E-4
1.1025640479483082E-4
1.1018064547906404E-4
1.1010498786036588E-4
1.1002943173593098E-4
1.0995397690349179E-4
1.098786231613118E-4
1.0980337030818809E-4
1.0972821814345296E-4
1.0965316646696313E-4
1.0957821507910535E-4
1.0950336378078917E-4
1.094286123734491E-4
1.0935396065904898E-4
1.0927940844006093E-4
1.0920495551948646E-4
1.091306017008366E-4
1.0905634678814465E-4
1.0898219058594986E-4
1.0890813289931291E-4
1.0883417353379899E-4
1.0876031229548051E-4
1.0868654899094337E-4
1.0861288342727195E-4
1.0853931541205955E-4
1.084658447534007E-4
1.0839247125988789E-4
1.0831919474061706E-4
1.0824601500517788E-4
1.08172931863655E-4
1.0809994512663038E-4
1.0802705460517451E-4
1.0795426011085601E-4
1.0788156145572435E-4
1.0780895845232218E-4
1.0773645091367622E-4
1.076640386532961E-4
1.075917214851807E-4
1.075194992238036E-4
1.0744737168411825E-4
1.0737533868156583E-4
1.0730340003205297E-4
1.0723155555196504E-4
1.0715980505816631E-4
1.0708814836798565E-4
1.0701658529923114E-4
1.0694511567017071E-4
1.0687373929954768E-4
1.0680245600656644E-4
1.0673126561089785E-4
1.0666016793267937E-4
1.0658916279250527E-4
1.0651825001143212E-4
1.0644742941097465E-4
1.0637670081310862E-4
1.0630606404025909E-4
1.062355189153089E-4
1.0616506526159616E-4
1.0609470290290573E-4
1.0602443166347971E-4
1.0595425136799935E-4
1.0588416184160081E-4
1.0581416290986304E-4
1.057442543988093E-4
1.0567443613490828E-4
1.0560470794506444E-4
1.0553506965663079E-4
1.0546552109739164E-4
1.0539606209557025E-4
1.053266924798318E-4
1.0525741207927049E-4
1.0518822072341197E-4
1.0511911824221895E-4
1.0505010446608248E-4
1.049811792258243E-4
1.0491234235268903E-4
1.0484359367835525E-4
1.0477493303491938E-4
1.0470636025490738E-4
1.0463787517126455E-4
1.0456947761735923E-4
1.0450116742697568E-4
1.0443294443432253E-4
1.0436480847401883E-4
1.0429675938110625E-4
1.0422879699103907E-4
1.0416092113968005E-4
1.0409313166331097E-4
1.0402542839861917E-4
1.0395781118270604E-4
1.0389027985307352E-4
1.0382283424764077E-4
1.0375547420472449E-4
1.0368819956304518E-4
1.0362101016173558E-4
1.0355390584032006E-4
1.0348688643873046E-4
1.034199517972918E-4
1.0335310175673527E-4
1.0328633615818068E-4
1.0321965484314865E-4
1.0315305765355178E-4
1.0308654443169713E-4
1.0302011502028248E-4
1.0295376926240009E-4
1.0288750700152536E-4
1.0282132808152633E-4
1.027552323466583E-4
1.026892196415609E-4
1.0262328981126198E-4
1.0255744270116453E-4
1.0249167815706255E-4
1.024259960251295E-4
1.0236039615191607E-4
1.0229487838435262E-4
1.0222944256975026E-4
1.0216408855579129E-4
1.0209881619053895E-4
1.0203362532242713E-4
1.0196851580026346E-4
1.019034874732264E-4
1.0183854019087124E-4
1.0177367380311328E-4
1.0170888816024382E-4
1.0164418311291822E-4
1.0157955851216249E-4
1.0151501420935805E-4
1.0145055005626246E-4
1.0138616590498835E-4
1.0132186160800921E-4
1.0125763701816788E-4
1.0119349198865551E-4
1.0112942637303116E-4
1.0106544002520781E-4
1.0100153279945331E-4
1.0093770455039124E-4
1.0087395513300227E-4
1.0081028440261813E-4
1.0074669221492025E-4
1.0068317842594706E-4
1.006197428920813E-4
1.0055638547005491E-4
1.004931060169507E-4
1.0042990439019858E-4
1.0036678044756974E-4
1.0030373404718438E-4
1.0024076504750437E-4
1.0017787330733304E-4
1.0011505868581872E-4
1.000523210424451E-4
9.998966023704351E-5
The correct rate for BP: 100.00% 
