1.2578912239846878
0.9150517461151967
0.18508766017786987
0.03872146606510941
0.019588130250110643
0.01439467878314223
0.011380881469563736
0.009408806622611612
0.008015735628098779
0.006978566858234443
0.006176146019186538
0.005536851749767518
0.005015567129981012
0.004582431598345172
0.004216883647946961
0.0039042974036577185
0.0036339826604047474
0.003397943499064457
0.003190079362779066
0.003005654732092685
0.002840937540934674
0.0026929468009630063
0.002559272772488969
0.002437946451907415
0.002327343279893726
0.0022261110370053396
0.0021331151216241635
0.00204739650953105
0.001968139093614373
0.001894644049513419
0.001826309525001556
0.0017626144065162545
0.0017031052390670959
0.0016473856074601348
0.0015951074550785535
0.0015459639400701457
0.0014996835205216368
0.0014560250289307791
0.001414773548254676
0.0013757369414387954
0.001338742916789841
0.0013036365351443428
0.001270278083182124
0.0012385412516806968
0.0012083115689217833
0.0011794850485364753
0.0011519670183319137
0.0011256711024752834
0.0011005183341249176
0.001076436379426325
0.0010533588569142452
0.0010312247389218099
0.0010099778237050755
9.895662687328596E-4
9.699421770371478E-4
9.510612297230608E-4
9.32882358744117E-4
9.153674548924164E-4
8.984811066644422E-4
8.821903662632404E-4
8.66464539506092E-4
8.51274996838866E-4
8.36595003026273E-4
8.223995634018889E-4
8.086652848311364E-4
7.953702497721169E-4
7.824939020184339E-4
7.700169428803542E-4
7.579212367095244E-4
7.461897248017331E-4
7.3480634682442E-4
7.237559690135113E-4
7.130243184695504E-4
7.025979229576578E-4
6.92464055681574E-4
6.826106845591672E-4
6.730264255776448E-4
6.637004998511278E-4
6.546226940425255E-4
6.457833238465906E-4
6.371732002616993E-4
6.287835984053049E-4
6.206062286522954E-4
6.126332098970458E-4
6.048570447593529E-4
5.972705965714424E-4
5.898670679987705E-4
5.826399811610592E-4
5.755831591322299E-4
5.686907087091081E-4
5.619570043486418E-4
5.55376673182323E-4
5.489445810245238E-4
5.426558192988443E-4
5.365056928129605E-4
5.304897083185742E-4
5.246035637982673E-4
5.188431384260138E-4
5.132044831525445E-4
5.076838118706586E-4
5.022774931193063E-4
4.969820422885441E-4
4.917941142904357E-4
4.867104966638225E-4
4.817281030832937E-4
4.7684396724500746E-4
4.720552371041557E-4
4.6735916944063875E-4
4.627531247315179E-4
4.5823456231008756E-4
4.538010357932222E-4
4.4945018875971175E-4
4.451797506637603E-4
4.4098753296881724E-4
4.368714254880895E-4
4.3282939291888154E-4
4.2885947155897966E-4
4.249597661939996E-4
4.211284471454437E-4
4.173637474698442E-4
4.1366396030007724E-4
4.1002743632052787E-4
4.064525813682826E-4
4.02937854153092E-4
3.994817640893562E-4
3.9608286923366505E-4
3.927397743220894E-4
3.894511289015138E-4
3.862156255498935E-4
3.83031998180521E-4
3.7989902042569114E-4
3.768155040954968E-4
3.737802977076999E-4
3.707922850849102E-4
3.678503840154752E-4
3.64953544974759E-4
3.6210074990365086E-4
3.592910110413683E-4
3.565233698096894E-4
3.5379689574610015E-4
3.511106854832719E-4
3.484638617726234E-4
3.458555725497167E-4
3.4328499003942416E-4
3.4075130989891174E-4
3.382537503965952E-4
3.357915516253051E-4
3.3336397474804453E-4
3.3097030127471864E-4
3.286098323684351E-4
3.262818881799246E-4
3.2398580720878185E-4
3.2172094569026097E-4
3.194866770064958E-4
3.1728239112091685E-4
3.1510749403492063E-4
3.1296140726570185E-4
3.108435673443114E-4
3.0875342533305463E-4
3.066904463613527E-4
3.046541091792253E-4
3.026439057276679E-4
3.006593407251561E-4
2.9869993126956676E-4
2.9676520645486497E-4
2.948547070019286E-4
2.9296798490289333E-4
2.911046030784429E-4
2.89264135047523E-4
2.8744616460891543E-4
2.8565028553422683E-4
2.8387610127177354E-4
2.8212322466095055E-4
2.8039127765664134E-4
2.7867989106324445E-4
2.7698870427795354E-4
2.753173650429004E-4
2.73665529205807E-4
2.720328604888417E-4
2.7041903026528695E-4
2.6882371734376453E-4
2.672466077597314E-4
2.6568739457391105E-4
2.641457776774288E-4
2.6262146360339503E-4
2.611141653446701E-4
2.596236021775891E-4
2.5814949949142164E-4
2.5669158862333505E-4
2.5524960669866525E-4
2.5382329647632854E-4
2.524124061990958E-4
2.5101668944866294E-4
2.4963590500526E-4
2.482698167116528E-4
2.4691819334139205E-4
2.455808084711651E-4
2.442574403570481E-4
2.429478718145899E-4
2.4165189010254262E-4
2.4036928681013179E-4
2.390998577477277E-4
2.3784340284081624E-4
2.3659972602713358E-4
2.3536863515687633E-4
2.341499418958534E-4
2.3294346163151708E-4
2.3174901338173564E-4
2.3056641970622946E-4
2.293955066206092E-4
2.2823610351285585E-4
2.270880430622502E-4
2.2595116116060199E-4
2.2482529683572929E-4
2.237102921771172E-4
2.2260599226367337E-4
2.2151224509351367E-4
2.2042890151571174E-4
2.1935581516396757E-4
2.182928423920918E-4
2.1723984221128797E-4
2.161966762291568E-4
2.151632085903701E-4
2.1413930591895048E-4
2.1312483726213305E-4
2.1211967403573175E-4
2.1112368997097507E-4
2.101367610627778E-4
2.0915876551935895E-4
2.0818958371324217E-4
2.0722909813351102E-4
2.0627719333933645E-4
2.0533375591472595E-4
2.0439867442443923E-4
2.0347183937105884E-4
2.0255314315315796E-4
2.0164248002457614E-4
2.0073974605468967E-4
1.9984483908973622E-4
1.9895765871511434E-4
1.9807810621861701E-4
1.9720608455462465E-4
1.9634149830915622E-4
1.9548425366583644E-4
1.946342583726917E-4
1.937914217097459E-4
1.9295565445745752E-4
1.921268688659099E-4
1.913049786247575E-4
1.9048989883390857E-4
1.8968154597491624E-4
1.8887983788307388E-4
1.8808469372015723E-4
1.872960339478589E-4
1.865137803018163E-4
1.85737855766299E-4
1.8496818454944607E-4
1.842046920591616E-4
1.8344730487949193E-4
1.826959507476277E-4
1.8195055853139911E-4
1.812110582073223E-4
1.8047738083914005E-4
1.797494585568533E-4
1.790272245362501E-4
1.7831061297889414E-4
1.7759955909257236E-4
1.7689399907218809E-4
1.7619387008108476E-4
1.75499110232792E-4
1.7480965857318757E-4
1.7412545506304038E-4
1.7344644056098424E-4
1.7277255680680996E-4
1.7210374640519254E-4
1.7143995280971845E-4
1.7078112030731075E-4
1.701271940029772E-4
1.694781198048696E-4
1.6883384440971835E-4
1.68194315288543E-4
1.6755948067267014E-4
1.6692928954008718E-4
1.6630369160205256E-4
1.6568263729001146E-4
1.650660777427815E-4
1.6445396479401985E-4
1.6384625095995265E-4
1.632428894273459E-4
1.6264383404176208E-4
1.6204903929602877E-4
1.6145846031897685E-4
1.6087205286438553E-4
1.6028977330018317E-4
1.597115785978528E-4
1.5913742632205305E-4
1.5856727462047542E-4
1.5800108221388374E-4
1.5743880838636442E-4
1.56880412975788E-4
1.5632585636443945E-4
1.557750994698528E-4
1.5522810373583802E-4
1.5468483112366198E-4
1.541452441034306E-4
1.5360930564563578E-4
1.5307697921284962E-4
1.5254822875162118E-4
1.5202301868449462E-4
1.515013139022192E-4
1.5098307975607453E-4
1.5046828205038265E-4
1.4995688703513252E-4
1.4944886139877595E-4
1.489441722611461E-4
1.48442787166513E-4
1.4794467407678365E-4
1.4744980136481648E-4
1.4695813780787374E-4
1.4646965258120022E-4
1.4598431525171917E-4
1.4550209577184566E-4
1.450229644734234E-4
1.4454689206175802E-4
1.4407384960979714E-4
1.436038085523802E-4
1.4313674068061797E-4
1.4267261813637584E-4
1.4221141340683982E-4
1.4175309931921688E-4
1.4129764903549662E-4
1.408450360473377E-4
1.4039523417102374E-4
1.399482175425377E-4
1.395039606126908E-4
1.3906243814238524E-4
1.3862362519791592E-4
1.3818749714639006E-4
1.3775402965120572E-4
1.373231986676413E-4
1.368949804384846E-4
1.3646935148977875E-4
1.3604628862660576E-4
1.3562576892898323E-4
1.3520776974779966E-4
1.347922687008452E-4
1.3437924366889648E-4
1.3396867279187865E-4
1.3356053446509503E-4
1.33154807335515E-4
1.327514702981288E-4
1.323505024923708E-4
1.3195188329860114E-4
1.3155559233464414E-4
1.3116160945239122E-4
1.3076991473445743E-4
1.3038048849090233E-4
1.2999331125599948E-4
1.2960836378505595E-4
1.2922562705130716E-4
1.2884508224283355E-4
1.2846671075955965E-4
1.280904942102782E-4
1.2771641440973672E-4
1.273444533757768E-4
1.2697459332650806E-4
1.266068166775367E-4
1.2624110603924187E-4
1.258774442140943E-4
1.2551581419401145E-4
1.25156199157769E-4
1.2479858246845288E-4
1.2444294767094085E-4
1.2408927848943293E-4
1.2373755882503365E-4
1.2338777275334732E-4
1.2303990452213812E-4
1.2269393854900978E-4
1.2234985941912452E-4
1.2200765188298117E-4
1.2166730085419129E-4
1.213287914073155E-4
1.2099210877574101E-4
1.206572383495591E-4
1.2032416567351941E-4
1.1999287644497921E-4
1.1966335651190298E-4
1.1933559187090069E-4
1.1900956866527394E-4
1.1868527318311368E-4
1.1836269185541782E-4
1.1804181125423544E-4
1.1772261809084502E-4
1.1740509921396956E-4
1.1708924160799377E-4
1.1677503239123635E-4
1.1646245881422767E-4
1.1615150825802802E-4
1.1584216823257035E-4
1.1553442637500568E-4
1.1522827044811788E-4
1.1492368833871618E-4
1.1462066805607896E-4
1.1431919773041374E-4
1.1401926561134986E-4
1.1372086006642467E-4
1.134239695796329E-4
1.1312858274995976E-4
1.1283468828997155E-4
1.125422750243876E-4
1.1225133188871685E-4
1.1196184792787456E-4
1.1167381229484535E-4
1.1138721424935077E-4
1.111020431565616E-4
1.1081828848578391E-4
1.1053593980921332E-4
1.1025498680067116E-4
1.0997541923437957E-4
1.0969722698374902E-4
1.0942040002017464E-4
1.0914492841186518E-4
1.0887080232267667E-4
1.08598012010965E-4
1.0832654782846276E-4
1.0805640021916516E-4
1.0778755971822582E-4
1.0752001695088276E-4
1.0725376263138914E-4
1.069887875619688E-4
1.0672508263176233E-4
1.0646263881582855E-4
1.0620144717412219E-4
1.0594149885050139E-4
1.0568278507175639E-4
1.0542529714663274E-4
1.0516902646489596E-4
1.0491396449636841E-4
1.0466010279002713E-4
1.0440743297307522E-4
1.0415594675004766E-4
1.0390563590192126E-4
1.0365649228524158E-4
1.034085078312501E-4
1.0316167454504666E-4
1.0291598450473544E-4
1.0267142986059899E-4
1.0242800283429098E-4
1.0218569571801025E-4
1.0194450087372182E-4
1.0170441073236026E-4
1.0146541779306627E-4
1.0122751462241029E-4
1.0099069385364684E-4
1.0075494818596611E-4
1.0052027038376673E-4
1.0028665327592036E-4
1.000540897550667E-4
9.982257277690321E-5
The correct rate for BP: 100.00% 
