1.5145347160050142
0.8175549150041805
0.06417694008017691
0.02036212486829326
0.013273020931566503
0.009947428869420658
0.007963203241457932
0.006636210543665019
0.005684358895448102
0.004967828851894567
0.004408910608184889
0.003960815556217916
0.0035936385400650666
0.003287354484307923
0.00302804252088745
0.0028057221175928886
0.002613050121044709
0.002444503332039464
0.002295847605168863
0.0021637826489326784
0.002045698179025867
0.0019395026953925474
0.0018435008310604829
0.0017563039186367416
0.0016767637303143196
0.0016039226757389895
0.001536975878463043
0.0014752419524630353
0.0014181402365219553
0.0013651728812496627
0.00131591062386338
0.0012699813947922426
0.001227061119887994
0.00118686624026261
0.0011491475870737203
0.0011136853335072879
0.001080284809401538
0.001048773011424863
0.0010189956776952467
9.908148232196973E-4
9.641066537062724E-4
9.38759791730268E-4
9.146737620727408E-4
8.917576931463019E-4
8.699291994135284E-4
8.491134160655693E-4
8.292421623221416E-4
8.102532138147851E-4
7.920896678322414E-4
7.746993879047349E-4
7.580345164066076E-4
7.420510456649143E-4
7.267084395506488E-4
7.11969298761797E-4
6.977990640308397E-4
6.841657523424836E-4
6.710397219613609E-4
6.583934626689836E-4
6.462014081136187E-4
6.344397676042236E-4
6.230863750403754E-4
6.121205529783846E-4
6.01522990095493E-4
5.912756305384151E-4
5.813615738347171E-4
5.717649842104659E-4
5.624710083002532E-4
5.534657003583057E-4
5.447359541860009E-4
5.362694410834568E-4
5.280545532130892E-4
5.200803518330354E-4
5.1233651991957E-4
5.048133187509269E-4
4.975015480720113E-4
4.903925095005348E-4
4.8347797287141896E-4
4.7675014524825436E-4
4.7020164235876395E-4
4.63825462236241E-4
4.57614960870979E-4
4.51563829695423E-4
4.4566607474409676E-4
4.399159973449892E-4
4.3430817621284743E-4
4.288374508272456E-4
4.2349890598927364E-4
4.182878574606743E-4
4.1319983859801004E-4
4.082305879024722E-4
4.0337603741314533E-4
3.9863230187776655E-4
3.939956686411588E-4
3.894625881963438E-4
3.8502966534846453E-4
3.806936509455714E-4
3.764514341344356E-4
3.7230003510296453E-4
3.6823659827391823E-4
3.642583859176167E-4
3.6036277215386155E-4
3.565472373157751E-4
3.52809362650298E-4
3.491468253322133E-4
3.4555739377025894E-4
3.4203892318562253E-4
3.385893514445284E-4
3.35206695128165E-4
3.3188904582421707E-4
3.286345666257257E-4
3.254414888237812E-4
3.2230810878175833E-4
3.192327849794868E-4
3.1621393521680545E-4
3.132500339664894E-4
3.103396098673751E-4
3.074812433491123E-4
3.046735643805308E-4
3.0191525033425483E-4
2.9920502396055216E-4
2.965416514640189E-4
2.939239406770877E-4
2.9135073932463115E-4
2.888209333745511E-4
2.863334454693111E-4
2.838872334338822E-4
2.814812888557973E-4
2.791146357332735E-4
2.767863291876328E-4
2.7449545423647583E-4
2.722411246243541E-4
2.7002248170772966E-4
2.6783869339140295E-4
2.6568895311357573E-4
2.635724788770713E-4
2.6148851232420925E-4
2.594363178530876E-4
2.5741518177312497E-4
2.554244114978814E-4
2.534633347731856E-4
2.515312989388366E-4
2.496276702221805E-4
2.4775183306196294E-4
2.45903189460956E-4
2.440811583659307E-4
2.4228517507369937E-4
2.4051469066185808E-4
2.3876917144315286E-4
2.3704809844222088E-4
2.3535096689376815E-4
2.336772857610568E-4
2.3202657727382158E-4
2.3039837648466523E-4
2.2879223084312992E-4
2.2720769978655904E-4
2.2564435434706056E-4
2.2410177677375484E-4
2.2257956016971485E-4
2.2107730814283866E-4
2.1959463447011925E-4
2.1813116277465735E-4
2.1668652621489192E-4
2.1526036718550094E-4
2.1385233702946293E-4
2.1246209576080536E-4
2.1108931179755996E-4
2.0973366170453845E-4
2.0839482994543745E-4
2.0707250864395151E-4
2.0576639735347447E-4
2.044762028350384E-4
2.032016388431582E-4
2.019424259192518E-4
2.006982911923051E-4
1.994689681865462E-4
1.9825419663576006E-4
1.9705372230404978E-4
1.958672968127526E-4
1.9469467747324843E-4
1.9353562712549254E-4
1.9238991398196854E-4
1.9125731147689364E-4
1.901375981204695E-4
1.8903055735798471E-4
1.8793597743355127E-4
1.8685365125833893E-4
1.8578337628311493E-4
1.8472495437493774E-4
1.8367819169780832E-4
1.826428985972093E-4
1.8161888948829355E-4
1.8060598274767048E-4
1.7960400060858974E-4
1.7861276905946073E-4
1.7763211774551578E-4
1.766618798735685E-4
1.7570189211971835E-4
1.7475199453989944E-4
1.7381203048318566E-4
1.7288184650773443E-4
1.719612922993053E-4
1.7105022059221698E-4
1.7014848709270396E-4
1.6925595040455775E-4
1.683724719570063E-4
1.6749791593469E-4
1.6663214920975366E-4
1.6577504127590227E-4
1.64926464184389E-4
1.6408629248187168E-4
1.6325440315007403E-4
1.624306755471677E-4
1.616149913508465E-4
1.6080723450303627E-4
1.6000729115615275E-4
1.592150496208979E-4
1.584304003155099E-4
1.576532357164588E-4
1.5688345031048594E-4
1.5612094054800682E-4
1.5536560479777593E-4
1.546173433028173E-4
1.5387605813754442E-4
1.5314165316606467E-4
1.5241403400161266E-4
1.5169310796707086E-4
1.509787840565611E-4
1.5027097289806139E-4
1.495695867170202E-4
1.488745393009314E-4
1.4818574596486025E-4
1.4750312351786087E-4
1.4682659023028134E-4
1.4615606580191748E-4
1.4549147133099827E-4
1.4483272928397965E-4
1.4417976346609688E-4
1.435324989926921E-4
1.4289086226126617E-4
1.422547809242375E-4
1.4162418386239883E-4
1.4099900115903668E-4
1.4037916407471426E-4
1.3976460502265514E-4
1.3915525754477974E-4
1.385510562883039E-4
1.3795193698293846E-4
1.37357836418626E-4
1.3676869242385757E-4
1.3618444384447454E-4
1.3560503052303108E-4
1.3503039327862645E-4
1.3446047388722304E-4
1.3389521506245998E-4
1.333345604369129E-4
1.3277845454378828E-4
1.322268427990743E-4
1.3167967148410115E-4
1.3113688772851362E-4
1.3059843949364306E-4
1.300642755562738E-4
1.2953434549277677E-4
1.2900859966363313E-4
1.284869891982712E-4
1.2796946598031376E-4
1.274559826331088E-4
1.2694649250562386E-4
1.264409496586495E-4
1.2593930885131213E-4
1.25441525527906E-4
1.2494755580499936E-4
1.2445735645885792E-4
1.239708849131235E-4
1.2348809922677268E-4
1.2300895808237006E-4
1.2253342077453213E-4
1.2206144719868395E-4
1.2159299784005364E-4
1.2112803376289684E-4
1.2066651659996201E-4
1.2020840854219363E-4
1.1975367232863976E-4
1.1930227123659955E-4
1.1885416907195557E-4
1.1840933015973534E-4
1.1796771933486833E-4
1.1752930193312964E-4
1.1709404378229024E-4
1.1666191119344565E-4
1.1623287095251648E-4
1.158068903119618E-4
1.1538393698261509E-4
1.1496397912574208E-4
1.1454698534521789E-4
1.1413292467990448E-4
1.1372176659615155E-4
1.1331348098047634E-4
1.1290803813238708E-4
1.1250540875733582E-4
1.1210556395984356E-4
1.1170847523673933E-4
1.113141144705474E-4
1.1092245392300908E-4
1.105334662287348E-4
1.1014712438896373E-4
1.0976340176548568E-4
1.0938227207464072E-4
1.0900370938147152E-4
1.0862768809397961E-4
1.0825418295747581E-4
1.078831690490827E-4
1.0751462177229911E-4
1.0714851685170289E-4
1.067848303277475E-4
1.064235385516472E-4
1.0606461818037539E-4
1.0570804617176049E-4
1.0535379977966214E-4
1.0500185654924655E-4
1.0465219431236057E-4
1.043047911829799E-4
1.0395962555274917E-4
1.036166760866033E-4
1.0327592171848823E-4
1.0293734164712747E-4
1.0260091533190088E-4
1.0226662248878971E-4
1.0193444308638414E-4
1.0160435734198135E-4
1.012763457177548E-4
1.0095038891697366E-4
1.0062646788032856E-4
1.0030456378228195E-4
9.998465802751644E-5
The correct rate for BP: 100.00% 
