1.088403996481033
1.7069667944470763
1.077321801059654
0.39757944179606947
0.1098812030841047
0.04793048570485319
0.030570221822488624
0.022526587903457476
0.017796313978320634
0.014676019498461233
0.012464008009778413
0.01081541211371061
0.009540408708810766
0.008525771325530895
0.007699752477140137
0.007014683971998935
0.0064376629783834596
0.0059452516761885265
0.005520306865623675
0.00515000337167498
0.004824557753372932
0.004536379031652666
0.004279488610186389
0.004049114884275034
0.0038414041339752104
0.0036532105905256913
0.003481941505720958
0.0033254411307018657
0.003181902673470378
0.0030498006763333176
0.0029278385000320872
0.0028149071235406614
0.002710052517293717
0.0026124495810468857
0.002521381157582902
0.0024362210068829006
0.0023564198966947014
0.002281494164736951
0.002211016255694706
0.0021446068469950677
0.0020819282611454445
0.0020226789263041497
0.001966588695849911
0.001913414875730509
0.0018629388380114434
0.0018149631223118071
0.0017693089451938865
0.0017258140521779976
0.0016843308587274645
0.001644724835928399
0.0016068731041655648
0.0015706632042452114
0.0015359920204314986
0.0015027648339715888
0.0014708944890646932
0.0014403006560230645
0.0014109091786889626
0.001382651495099599
0.0013554641220036483
0.001329288195183236
0.0013040690586722254
0.0012797558969207764
0.0012563014047681153
0.0012336614907752991
0.0012117950100569573
0.0011906635232528029
0.0011702310787090327
0.001150464015308671
0.0011313307837073708
0.0011128017840050341
0.0010948492181204919
0.0010774469553418682
0.001060570409703727
0.0010441964279972358
0.0010283031873553191
0.001012870101473013
9.978777346272853E-4
9.83307722751325E-4
9.691427008986446E-4
9.553662365027901E-4
9.419627679005007E-4
9.289175476415517E-4
9.162165901567642E-4
9.038466233991618E-4
8.917950441114837E-4
8.800498764073819E-4
8.685997333839578E-4
8.574337815106147E-4
8.465417075630612E-4
8.359136878933904E-4
8.255403598462069E-4
8.154127951483225E-4
8.055224751153359E-4
7.958612675321392E-4
7.864214050773395E-4
7.771954651728583E-4
7.681763511503413E-4
7.593572746352172E-4
7.507317390578152E-4
7.42293524208414E-4
7.34036671760095E-4
7.259554716895719E-4
7.180444495317751E-4
7.102983544092346E-4
7.027121477818968E-4
6.952809928675481E-4
6.880002446865999E-4
6.808654406889074E-4
6.738722919232552E-4
6.670166747134096E-4
6.602946228071087E-4
6.537023199671279E-4
6.472360929755546E-4
6.408924050248907E-4
6.346678494710842E-4
6.285591439258411E-4
6.225631246667624E-4
6.166767413457681E-4
6.108970519772511E-4
6.052212181890558E-4
5.996465007202823E-4
5.941702551511382E-4
5.88789927851039E-4
5.835030521320475E-4
5.783072445957183E-4
5.732002016620023E-4
5.681796962698634E-4
5.632435747396837E-4
5.583897537883788E-4
5.536162176886095E-4
5.489210155640295E-4
5.443022588131347E-4
5.397581186545017E-4
5.35286823786968E-4
5.3088665815845E-4
5.265559588375518E-4
5.222931139825667E-4
5.180965609026802E-4
5.139647842065319E-4
5.098963140335772E-4
5.058897243640515E-4
5.019436314033806E-4
4.980566920373358E-4
4.942276023543077E-4
4.904550962313752E-4
4.8673794398090093E-4
4.8307495105478164E-4
4.794649568033868E-4
4.7590683328659614E-4
4.7239948413440463E-4
4.689418434546597E-4
4.6553287478572417E-4
4.621715700918978E-4
4.588569487995951E-4
4.555880568723696E-4
4.523639659229467E-4
4.4918377236060454E-4
4.4604659657219374E-4
4.429515821353706E-4
4.3989789506247777E-4
4.3688472307373236E-4
4.33911274898436E-4
4.309767796029121E-4
4.280804859439784E-4
4.2522166174690704E-4
4.2239959330671377E-4
4.196135848118211E-4
4.168629577890839E-4
4.1414705056931275E-4
4.1146521777235995E-4
4.088168298110154E-4
4.062012724128091E-4
4.036179461590981E-4
4.01066266040621E-4
3.985456610288529E-4
3.960555736625799E-4
3.9359545964896635E-4
3.9116478747860386E-4
3.887630380539401E-4
3.863897043305491E-4
3.8404429097075395E-4
3.817263140090708E-4
3.7943530052905847E-4
3.77170788351047E-4
3.7493232573042757E-4
3.7271947106597424E-4
3.70531792617907E-4
3.683688682352557E-4
3.66230285092217E-4
3.64115639433106E-4
3.6202453632563745E-4
3.5995658942219566E-4
3.5791142072877E-4
3.5588866038129506E-4
3.5388794642915146E-4
3.519089246254789E-4
3.4995124822414473E-4
3.480145777830704E-4
3.4609858097367865E-4
3.442029323962784E-4
3.4232731340114994E-4
3.404714119151267E-4
3.386349222734753E-4
3.368175450569136E-4
3.3501898693353617E-4
3.332389605055237E-4
3.3147718416043657E-4
3.2973338192695563E-4
3.2800728333489277E-4
3.262986232793632E-4
3.246071418889137E-4
3.2293258439753937E-4
3.2127470102043053E-4
3.1963324683328883E-4
3.1800798165516377E-4
3.163986699346178E-4
3.1480508063918585E-4
3.1322698714794384E-4
3.1166416714710813E-4
3.10116402528638E-4
3.0858347929161846E-4
3.0706518744643026E-4
3.0556132092156486E-4
3.0407167747304223E-4
3.025960585962982E-4
3.0113426944050695E-4
2.996861187252244E-4
2.982514186593131E-4
2.9682998486205066E-4
2.9542163628636613E-4
2.9402619514413823E-4
2.9264348683347364E-4
2.912733398679492E-4
2.8991558580768477E-4
2.8857005919226387E-4
2.872365974754073E-4
2.859150409613484E-4
2.846052327428684E-4
2.8330701864092225E-4
2.820202471458477E-4
2.8074476936007487E-4
2.7948043894226966E-4
2.782271120529586E-4
2.769846473014784E-4
2.7575290569430296E-4
2.745317505846433E-4
2.7332104762333337E-4
2.72120664710911E-4
2.70930471950937E-4
2.697503416044195E-4
2.685801480453773E-4
2.6741976771752385E-4
2.662690790919577E-4
2.6512796262592833E-4
2.639963007225869E-4
2.6287397769168873E-4
2.617608797112798E-4
2.606568947902658E-4
2.5956191273189517E-4
2.584758250981154E-4
2.573985251747454E-4
2.5632990793749463E-4
2.5526987001878263E-4
2.542183096753169E-4
2.531751267564376E-4
2.521402226731954E-4
2.5111350036815963E-4
2.5009486428588426E-4
2.490842203441096E-4
2.480814759055598E-4
2.4708653975042576E-4
2.4609932204948376E-4
2.4511973433775523E-4
2.4414768948884547E-4
2.4318310168979583E-4
2.4222588641653782E-4
2.4127596040986475E-4
2.40333241651958E-4
2.3939764934341286E-4
2.3846910388080814E-4
2.3754752683472193E-4
2.3663284092826254E-4
2.3572497001604785E-4
2.3482383906367157E-4
2.3392937412755453E-4
2.3304150233530618E-4
2.3216015186645778E-4
2.312852519336122E-4
2.3041673276402364E-4
2.2955452558154736E-4
2.2869856258896722E-4
2.2784877695072024E-4
2.2700510277596389E-4
2.261674751020046E-4
2.2533582987808282E-4
2.245101039494849E-4
2.2369023504197722E-4
2.2287616174659469E-4
2.2206782350469938E-4
2.2126516059338866E-4
2.2046811411116797E-4
2.1967662596393786E-4
2.18890638851266E-4
2.1811009625290683E-4
2.173349424156562E-4
2.1656512234039275E-4
2.1580058176945E-4
2.1504126717419942E-4
2.1428712574289186E-4
2.1353810536873418E-4
2.127941546382394E-4
2.1205522281973445E-4
2.1132125985218718E-4
2.1059221633415063E-4
2.0986804351302092E-4
2.0914869327443426E-4
2.084341181319076E-4
2.0772427121665862E-4
2.0701910626764157E-4
2.0631857762176464E-4
2.0562264020428537E-4
2.049312495194171E-4
2.042443616410869E-4
2.0356193320388645E-4
2.0288392139418258E-4
2.0221028394140888E-4
2.0154097910951422E-4
2.0087596568856534E-4
2.002152029865165E-4
1.9955865082113984E-4
1.9890626951208037E-4
1.9825801987308222E-4
1.9761386320436142E-4
1.969737612850808E-4
1.9633767636601952E-4
1.9570557116232898E-4
1.9507740884645088E-4
1.944531530411562E-4
1.938327678126965E-4
1.9321621766410754E-4
1.9260346752859568E-4
1.9199448276308856E-4
1.913892291418671E-4
1.907876728503259E-4
1.901897804788312E-4
1.8959551901672047E-4
1.8900485584636233E-4
1.884177587373656E-4
1.8783419584085832E-4
1.8725413568389072E-4
1.8667754716391875E-4
1.8610439954338745E-4
1.8553466244442468E-4
1.8496830584360203E-4
1.8440530006680613E-4
1.8384561578419628E-4
1.8328922400523298E-4
1.8273609607381705E-4
1.821862036634812E-4
1.8163951877270268E-4
1.8109601372025757E-4
1.8055566114067774E-4
1.8001843397978142E-4
1.7948430549026505E-4
1.7895324922739567E-4
1.7842523904474156E-4
1.779002490900126E-4
1.7737825380093928E-4
1.768592279012297E-4
1.7634314639661578E-4
1.7582998457091006E-4
1.7531971798219906E-4
1.7481232245904744E-4
1.7430777409677478E-4
1.738060492538087E-4
1.7330712454809085E-4
1.7281097685352642E-4
1.7231758329651377E-4
1.718269212525167E-4
1.7133896834270105E-4
1.7085370243061118E-4
1.703711016189202E-4
1.6989114424621207E-4
1.6941380888383338E-4
1.689390743327765E-4
1.6846691962063426E-4
1.679973239985787E-4
1.6753026693841787E-4
1.67065728129659E-4
1.6660368747666482E-4
1.6614412509580878E-4
1.6568702131271123E-4
1.6523235665949802E-4
1.6478011187211103E-4
1.6433026788765387E-4
1.6388280584178698E-4
1.6343770706614638E-4
1.6299495308584293E-4
1.62554525616936E-4
1.6211640656400812E-4
1.6168057801773658E-4
1.612470222525242E-4
1.608157217241478E-4
1.6038665906746097E-4
1.5995981709413133E-4
1.595351787903823E-4
1.5911272731480231E-4
1.5869244599618374E-4
1.582743183313722E-4
1.5785832798316976E-4
1.5744445877825656E-4
1.5703269470515574E-4
1.5662301991222068E-4
1.5621541870563727E-4
1.5580987554749136E-4
1.5540637505384006E-4
1.5500490199280866E-4
1.546054412827245E-4
1.5420797799028528E-4
1.5381249732873798E-4
1.5341898465609513E-4
1.5302742547337043E-4
1.526378054228516E-4
1.5225011028637534E-4
1.518643259836569E-4
1.5148043857062416E-4
1.510984342377764E-4
1.507182993085755E-4
1.5034002023785274E-4
1.499635836102419E-4
1.4958897613863304E-4
1.4921618466264678E-4
1.488451961471386E-4
1.4847599768071332E-4
1.4810857647426677E-4
1.4774291985954283E-4
1.4737901528772378E-4
1.470168503280174E-4
1.4665641266629426E-4
1.462976901037084E-4
1.4594067055537403E-4
1.4558534204902658E-4
1.4523169272374163E-4
1.448797108286115E-4
1.4452938472151914E-4
1.4418070286785413E-4
1.438336538392929E-4
1.4348822631258488E-4
1.4314440906834262E-4
1.4280219098986355E-4
1.424615610619602E-4
1.4212250836981186E-4
1.4178502209782266E-4
1.414490915285018E-4
1.41114706041365E-4
1.4078185511182933E-4
1.4045052831014872E-4
1.4012071530034793E-4
1.3979240583918034E-4
1.3946558977507813E-4
1.391402570471551E-4
1.388163976841797E-4
1.3849400180359215E-4
1.3817305961052618E-4
1.3785356139683544E-4
1.3753549754014568E-4
1.3721885850290775E-4
1.3690363483147207E-4
1.3658981715516496E-4
1.3627739618539292E-4
1.359663627147461E-4
1.356567076161084E-4
1.353484218417966E-4
1.3504149642269882E-4
1.34735922467426E-4
1.34431691161472E-4
1.3412879376639234E-4
1.3382722161898344E-4
1.3352696613048794E-4
1.3322801878577577E-4
1.3293037114259012E-4
1.3263401483075318E-4
1.3233894155140275E-4
1.3204514307624086E-4
1.3175261124679337E-4
1.314613379736554E-4
1.3117131523578514E-4
1.3088253507977527E-4
1.3059498961914874E-4
1.3030867103364815E-4
1.3002357156855531E-4
1.2973968353400937E-4
1.2945699930432385E-4
1.2917551131732817E-4
1.2889521207370603E-4
1.2861609413635308E-4
1.2833815012971433E-4
1.2806137273918636E-4
1.2778575471046163E-4
1.2751128884891898E-4
1.2723796801901536E-4
1.2696578514368898E-4
1.2669473320374295E-4
1.2642480523728666E-4
1.261559943391258E-4
1.258882936602087E-4
1.256216964070466E-4
1.2535619584115923E-4
1.2509178527852065E-4
1.2482845808900944E-4
1.2456620769587393E-4
1.243050275751879E-4
1.240449112553362E-4
1.2378585231648294E-4
1.2352784439006255E-4
1.2327088115826333E-4
1.2301495635354007E-4
1.2276006375809548E-4
1.2250619720340555E-4
1.2225335056972717E-4
1.2200151778562522E-4
1.2175069282748855E-4
1.215008697190684E-4
1.21252042531012E-4
1.2100420538040961E-4
1.2075735243034045E-4
1.2051147788942008E-4
1.2026657601136666E-4
1.2002264109456392E-4
1.1977966748162037E-4
1.1953764955895222E-4
1.1929658175636264E-4
1.190564585466124E-4
1.1881727444502217E-4
1.1857902400905985E-4
1.183417018379362E-4
1.1810530257220638E-4
1.1786982089337927E-4
1.1763525152352428E-4
1.1740158922489927E-4
1.1716882879954761E-4
1.1693696508894364E-4
1.1670599297361342E-4
1.1647590737275831E-4
1.1624670324390661E-4
1.1601837558254385E-4
1.1579091942176325E-4
1.1556432983191209E-4
1.1533860192023729E-4
1.1511373083055948E-4
1.148897117429152E-4
1.1466653987322721E-4
1.1444421047297739E-4
1.1422271882887626E-4
1.1400206026252966E-4
1.1378223013012581E-4
1.135632238221158E-4
1.1334503676290184E-4
1.1312766441051722E-4
1.1291110225632902E-4
1.1269534582473E-4
1.124803906728355E-4
1.1226623239019086E-4
1.1205286659847317E-4
1.118402889512001E-4
1.1162849513344758E-4
1.1141748086155638E-4
1.1120724188285478E-4
1.1099777397538149E-4
1.1078907294760825E-4
1.1058113463816865E-4
1.1037395491557945E-4
1.1016752967798987E-4
1.0996185485290207E-4
1.097569263969195E-4
1.0955274029548106E-4
1.0934929256261545E-4
1.0914657924067644E-4
1.0894459640010169E-4
1.0874334013915631E-4
1.085428065837E-4
1.0834299188692971E-4
1.0814389222915083E-4
1.0794550381753768E-4
1.0774782288589061E-4
1.075508456944188E-4
1.0735456852949448E-4
1.0715898770343161E-4
1.0696409955426249E-4
1.0676990044551575E-4
1.0657638676598404E-4
1.0638355492952493E-4
1.0619140137482698E-4
1.0599992256520663E-4
1.0580911498838794E-4
1.0561897515630852E-4
1.054294996048891E-4
1.0524068489384781E-4
1.0505252760648575E-4
1.0486502434949594E-4
1.0467817175275055E-4
1.044919664691227E-4
1.0430640517426801E-4
1.0412148456645063E-4
1.0393720136634427E-4
1.0375355231684496E-4
1.035705341828809E-4
1.0338814375123105E-4
1.0320637783034024E-4
1.0302523325013416E-4
1.0284470686184344E-4
1.0266479553782689E-4
1.0248549617139137E-4
1.0230680567661666E-4
1.0212872098818625E-4
1.0195123906121731E-4
1.0177435687108514E-4
1.0159807141325995E-4
1.0142237970314376E-4
1.012472787758962E-4
1.0107276568628157E-4
1.0089883750850361E-4
1.0072549133604465E-4
1.0055272428151316E-4
1.0038053347647702E-4
1.0020891607132175E-4
1.0003786923508653E-4
9.986739015531489E-5
The correct rate for BP: 100.00% 
