2.544598137357496
0.1943648774555101
0.07223465627438752
0.013010032923591939
0.005415992840309614
0.004262497735445591
0.0035199226599545203
0.002999722089321338
0.002613991452942499
0.0023160985901672635
0.002078894317824027
0.00188544611120028
0.001724620616175125
0.001588784799346757
0.0014725245350019748
0.0013718897713815193
0.0012839292512324151
0.0012063926196083615
0.0011375334496249575
0.0010759753316323434
0.001020618608800323
9.70574027485774E-4
9.251146385256356E-4
8.836403385044262E-4
8.456513318364784E-4
8.107279966574362E-4
7.785154188783099E-4
7.487113770615871E-4
7.210569110048192E-4
6.953288475895845E-4
6.713338254124618E-4
6.489034786024702E-4
6.27890525490015E-4
6.081655696825376E-4
5.896144665348453E-4
5.721361417047619E-4
5.556407737308674E-4
5.40048271654419E-4
5.252869932592148E-4
5.112926606881359E-4
4.980074388575126E-4
4.8537914884717545E-4
4.733605937505301E-4
4.6190897866261804E-4
4.50985409818826E-4
4.4055446056377246E-4
4.3058379397431263E-4
4.2104383369392744E-4
4.119074759438946E-4
4.031498368256535E-4
3.94748029971245E-4
3.8668097037415205E-4
3.789292008746511E-4
3.714747383059842E-4
3.643009367514832E-4
3.5739236573375193E-4
3.507347014684129E-4
3.4431462957714104E-4
3.381197578761243E-4
3.3213853804389134E-4
3.263601951319935E-4
3.2077466401782197E-4
3.153725320153672E-4
3.1014498695918933E-4
3.0508377016247524E-4
3.0018113372391584E-4
2.95429801721812E-4
2.9082293488884764E-4
2.8635409840905077E-4
2.8201723251972626E-4
2.7780662563777684E-4
2.7371688976112645E-4
2.6974293792392815E-4
2.658799635083366E-4
2.621234212370799E-4
2.584690096897283E-4
2.549126552021674E-4
2.5145049702338573E-4
2.480788736165792E-4
2.4479431000301263E-4
2.4159350605736348E-4
2.3847332567207395E-4
2.354307867165303E-4
2.324630517238878E-4
2.2956741924478507E-4
2.2674131581300599E-4
2.2398228847313572E-4
2.2128799782494696E-4
2.1865621154334167E-4
2.1608479833636543E-4
2.1357172230717088E-4
2.1111503768882014E-4
2.0871288392343475E-4
2.0636348105982564E-4
2.0406512544574385E-4
2.0181618569307187E-4
1.9961509889596883E-4
1.9746036708368338E-4
1.9535055389126256E-4
1.9328428143268315E-4
1.9126022736224373E-4
1.8927712211106677E-4
1.8733374628677308E-4
1.8542892822511736E-4
1.835615416833914E-4
1.8173050366608026E-4
1.7993477237405667E-4
1.781733452691848E-4
1.7644525724683243E-4
1.7474957890936896E-4
1.7308541493417902E-4
1.714519025302216E-4
1.6984820997761356E-4
1.6827353524503837E-4
1.6672710468019816E-4
1.652081717688975E-4
1.637160159585398E-4
1.622499415421986E-4
1.6080927659968335E-4
1.5939337199219586E-4
1.5800160040747366E-4
1.566333554524828E-4
1.5528805079089965E-4
1.5396511932287783E-4
1.526640124046464E-4
1.5138419910573847E-4
1.5012516550175195E-4
1.488864140006566E-4
1.4766746270083832E-4
1.46467844779105E-4
1.452871079071128E-4
1.441248136945726E-4
1.429805371579628E-4
1.4185386621325466E-4
1.4074440119148454E-4
1.396517543759534E-4
1.3857554955993951E-4
1.3751542162386866E-4
1.3647101613096702E-4
1.354419889404289E-4
1.3442800583726407E-4
1.334287421779769E-4
1.3244388255124882E-4
1.3147312045298836E-4
1.3051615797493468E-4
1.2957270550623899E-4
1.2864248144736222E-4
1.2772521193570716E-4
1.2682063058243678E-4
1.2592847821993512E-4
1.250485026594304E-4
1.2418045845828714E-4
1.2332410669654197E-4
1.224792147622478E-4
1.2164555614520261E-4
1.2082291023874916E-4
1.2001106214918951E-4
1.192098025125552E-4
1.1841892731834854E-4
1.1763823774000211E-4
1.1686753997169142E-4
1.1610664507128171E-4
1.1535536880913545E-4
1.1461353152249397E-4
1.1388095797521298E-4
1.1315747722265743E-4
1.1244292248146961E-4
1.1173713100406348E-4
1.1103994395762006E-4
1.1035120630740729E-4
1.0967076670423241E-4
1.0899847737587226E-4
1.0833419402231034E-4
1.0767777571462641E-4
1.0702908479739729E-4
1.063879867944527E-4
1.0575435031787809E-4
1.0512804698009612E-4
1.0450895130896407E-4
1.0389694066569408E-4
1.0329189516554733E-4
1.0269369760117846E-4
1.021022333685087E-4
1.0151739039503166E-4
1.0093905907051237E-4
1.003671321798992E-4
9.980150483844598E-5
The correct rate for BP: 100.00% 
