1.2565405988134257
1.2925943643153628
0.18197083661381488
0.03407910499054089
0.015792847129409354
0.011328411736278592
0.008847443024249448
0.007263043371383252
0.006159835599204489
0.00534613660346203
0.004720696559155219
0.004224771191000239
0.003821847798836932
0.0034880010093571493
0.0032068828050095693
0.0029669352612434327
0.0027597521665800743
0.002579071426177129
0.0024201314777709633
0.0022792467535410507
0.0021535197486389534
0.0020406409555161356
0.001938746859091846
0.0018463172213172754
0.0017620995205132402
0.0016850525170207862
0.0016143035217668711
0.0015491156347551985
0.001488862339947863
0.0014330075981824303
0.001381090097870793
0.0013327106842103548
0.0012875222427498145
0.0012452214958210744
0.0012055423027437506
0.0011682501517544077
0.0011331376034969347
0.001100020499682101
0.0010687347911175224
0.0010391338702185943
0.0010110863168376115
9.844739846005196E-4
9.591903692384709E-4
9.351392116157078E-4
9.122332970085227E-4
8.903934192214458E-4
8.695474837437498E-4
8.496297286615434E-4
8.305800456835529E-4
8.123433865955073E-4
7.948692428682315E-4
7.781111881192187E-4
7.62026474751619E-4
7.465756774362182E-4
7.317223772149295E-4
7.174328809304089E-4
7.036759714609807E-4
6.904226848886012E-4
6.776461112741922E-4
6.653212161754377E-4
6.534246804324642E-4
6.419347560786214E-4
6.308311365156263E-4
6.200948393338859E-4
6.097081003652618E-4
5.996542777329748E-4
5.899177648162143E-4
5.804839111786991E-4
5.713389506246904E-4
5.624699356446084E-4
5.538646775985978E-4
5.455116920609969E-4
5.374001488141743E-4
5.295198260371813E-4
5.218610682847611E-4
5.144147478962066E-4
5.07172229512171E-4
5.001253374115643E-4
4.932663254107965E-4
4.8658784909404656E-4
4.800829401669623E-4
4.737449827468482E-4
4.6756769142114327E-4
4.6154509092232197E-4
4.5567149728217957E-4
4.499415003414634E-4
4.4434994750265383E-4
4.3889192862412514E-4
4.3356276196330427E-4
4.2835798108491907E-4
4.232733226580066E-4
4.183047150721618E-4
4.1344826780961695E-4
4.087002615153555E-4
4.040571387123326E-4
3.995154951136444E-4
3.950720714871956E-4
3.9072374603251896E-4
3.8646752723247354E-4
3.8230054714574404E-4
3.782200551087816E-4
3.7422341181832106E-4
3.703080837680378E-4
3.6647163801475756E-4
3.627117372518334E-4
3.5902613516877046E-4
3.554126720779706E-4
3.518692707908561E-4
3.483939327269146E-4
3.449847342404996E-4
3.416398231513267E-4
3.3835741546563847E-4
3.3513579227585806E-4
3.3197329682765084E-4
3.288683317438134E-4
3.2581935639540687E-4
3.2282488441104655E-4
3.198834813160166E-4
3.1699376229335616E-4
3.141543900596475E-4
3.113640728487189E-4
3.086215624969217E-4
3.059256526241102E-4
3.032751769046898E-4
3.006690074237367E-4
2.9810605311319106E-4
2.955852582637559E-4
2.931056011081458E-4
2.906660924718209E-4
2.882657744874361E-4
2.8590371936958333E-4
2.835790282464486E-4
2.8129083004549323E-4
2.790382804300814E-4
2.7682056078454456E-4
2.7463687724497445E-4
2.724864597734687E-4
2.703685612735394E-4
2.682824567445332E-4
2.6622744247316424E-4
2.6420283526014664E-4
2.622079716802984E-4
2.6024220737434794E-4
2.5830491637090754E-4
2.56395490437114E-4
2.5451333845657076E-4
2.5265788583317986E-4
2.5082857391974574E-4
2.4902485947000453E-4
2.472462141131196E-4
2.454921238494696E-4
2.4376208856676722E-4
2.4205562157557657E-4
2.4037224916329496E-4
2.3871151016579173E-4
2.370729555558426E-4
2.3545614804764689E-4
2.3386066171666677E-4
2.3228608163412362E-4
2.3073200351547934E-4
2.2919803338229008E-4
2.276837872368466E-4
2.2618889074904895E-4
2.2471297895495346E-4
2.23255695966517E-4
2.2181669469206584E-4
2.2039563656697108E-4
2.1899219129418735E-4
2.1760603659415155E-4
2.1623685796370463E-4
2.1488434844364618E-4
2.1354820839455837E-4
2.1222814528055247E-4
2.1092387346062746E-4
2.0963511398733778E-4
2.0836159441243773E-4
2.0710304859925373E-4
2.0585921654153202E-4
2.0462984418842962E-4
2.0341468327549615E-4
2.0221349116134637E-4
2.010260306698364E-4
1.9985206993749778E-4
1.9869138226606898E-4
1.9754374597986865E-4
1.9640894428789597E-4
1.952867651504179E-4
1.9417700114989867E-4
1.9307944936610859E-4
1.9199391125526455E-4
1.9092019253300866E-4
1.8985810306115523E-4
1.8880745673798628E-4
1.877680713920344E-4
1.8673976867918037E-4
1.8572237398295434E-4
1.8471571631795223E-4
1.8371962823621863E-4
1.827339457365118E-4
1.8175850817633388E-4
1.8079315818663382E-4
1.7983774158912127E-4
1.7889210731602604E-4
1.7795610733229103E-4
1.7702959656007748E-4
1.7611243280550343E-4
1.752044766875611E-4
1.7430559156909474E-4
1.73415643489826E-4
1.7253450110131968E-4
1.716620356038062E-4
1.707981206848741E-4
1.6994263245987074E-4
1.6909544941404292E-4
1.6825645234630306E-4
1.6742552431457796E-4
1.6660255058272174E-4
1.6578741856889087E-4
1.6498001779537805E-4
1.6418023983981982E-4
1.6338797828777184E-4
1.6260312868657625E-4
1.6182558850049794E-4
1.6105525706708085E-4
1.602920355546942E-4
1.5953582692121302E-4
1.5878653587383427E-4
1.5804406882993625E-4
1.5730833387901864E-4
1.565792407456114E-4
1.5585670075321276E-4
1.5514062678912669E-4
1.5443093327025963E-4
1.5372753610978936E-4
1.530303526847034E-4
1.5233930180418617E-4
1.5165430367880837E-4
1.5097527989051243E-4
1.5030215336336492E-4
1.4963484833505037E-4
1.4897329032908868E-4
1.483174061277511E-4
1.4766712374567203E-4
1.4702237240407962E-4
1.4638308250572798E-4
1.4574918561039473E-4
1.4512061441101585E-4
1.4449730271041448E-4
1.438791853985636E-4
1.432661984304368E-4
1.426582788043933E-4
1.4205536454106827E-4
1.414573946627908E-4
1.4086430917349167E-4
1.4027604903907813E-4
1.3969255616830454E-4
1.391137733940675E-4
1.3853964445516333E-4
1.379701139784673E-4
1.3740512746152856E-4
1.3684463125557687E-4
1.36288572548932E-4
1.3573689935077543E-4
1.3518956047532188E-4
1.3464650552633982E-4
1.341076848820368E-4
1.3357304968027303E-4
1.3304255180414005E-4
1.325161438678344E-4
1.3199377920287495E-4
1.3147541184462572E-4
1.3096099651909818E-4
1.304504886300871E-4
1.299438442465572E-4
1.2944102009033572E-4
1.289419735240621E-4
1.284466625394003E-4
1.2795504574552598E-4
1.2746708235784808E-4
1.269827321869911E-4
1.2650195562800024E-4
1.260247136497979E-4
1.2555096778484243E-4
1.2508068011904397E-4
1.246138132818681E-4
1.2415033043664976E-4
1.2369019527113875E-4
1.2323337198821794E-4
1.2277982529683022E-4
1.2232952040309444E-4
1.2188242300160854E-4
1.2143849926692974E-4
1.2099771584524237E-4
1.2056003984618024E-4
1.2012543883483846E-4
1.1969388082393435E-4
1.1926533426613715E-4
1.1883976804655526E-4
1.1841715147537359E-4
1.1799745428063222E-4
1.1758064660117489E-4
1.1716669897971537E-4
1.1675558235605505E-4
1.1634726806042714E-4
1.1594172780700175E-4
1.1553893368748069E-4
1.1513885816483683E-4
1.1474147406719763E-4
1.1434675458181217E-4
1.1395467324916997E-4
1.1356520395720806E-4
1.1317832093564772E-4
1.127939987504407E-4
1.1241221229832186E-4
1.1203293680145305E-4
1.1165614780219419E-4
1.1128182115796418E-4
1.1090993303618245E-4
1.105404599093486E-4
1.1017337855017025E-4
1.098086660268176E-4
1.0944629969824725E-4
1.0908625720961817E-4
1.0872851648780743E-4
1.0837305573699999E-4
1.0801985343434302E-4
1.0766888832571943E-4
1.0732013942156739E-4
1.0697358599279206E-4
1.066292075667511E-4
1.0628698392331148E-4
1.059468950909803E-4
1.0560892134311005E-4
1.0527304319416005E-4
1.0493924139604076E-4
1.0460749693452226E-4
1.0427779102569447E-4
1.0395010511251307E-4
1.0362442086137975E-4
1.0330072015881313E-4
1.0297898510815702E-4
1.0265919802636372E-4
1.0234134144080949E-4
1.0202539808620038E-4
1.0171135090151077E-4
1.0139918302697562E-4
1.01088877801141E-4
1.0078041875797622E-4
1.00473789624004E-4
1.0016897431552491E-4
9.986595693585606E-5
The correct rate for BP: 100.00% 
