0.9362269942929144
0.8788286704240122
0.7289635189623604
0.5419526631278032
0.3884906289976261
0.27746413779292867
0.20269128696116687
0.15324320877387093
0.11994544230114774
0.09678573590500107
0.08011453183587358
0.06772725437009301
0.05826277637203952
0.05085500574392604
0.04493536326032104
0.040119370951126825
0.03613990609230213
0.03280679538047254
0.029981653545469836
0.027561787864401624
0.025469641331835564
0.023645707456895024
0.0220436738452231
0.020627028766010306
0.019366647880906328
0.01823905014470832
0.01722511855439234
0.016309149015221156
0.015478134254572506
0.014721218426685142
0.014029277249991454
0.013394591556096949
0.012810591111783997
0.012271651847937033
0.011772934065063391
0.011310252359193473
0.010879970308514415
0.010478914640086236
0.010104304835538667
0.009753695058229518
0.00942492597850447
0.009116084599722239
0.008825470589426529
0.008551567929098483
0.00829302093534684
0.008048613892108914
0.007817253679965318
0.007597954904356796
0.007389827116346338
0.007192063792903435
0.00700393280253785
0.006824768129574566
0.0066539626688245515
0.006490961933717264
0.006335258546561102
0.0061863874006181235
0.00604392140100603
0.005907467705780307
0.005776664400460065
0.005651177549189219
0.005530698574030447
0.005414941920858672
0.0053036429761894955
0.005196556204233647
0.005093453477666728
0.004994122579169171
0.00489836585382953
0.0048059989950985605
0.004716849949203706
0.004630757924841012
0.0045475724966035445
0.0044671527920212275
0.004389366753311805
0.004314090466003419
0.004241207547511282
0.004170608589552062
0.004102190648979402
0.004035856782234939
0.003971515619143544
0.003909080972250952
0.003848471478314043
0.0037896102689166833
0.003732424667503613
0.0036768459104079597
0.003622808889697096
0.0035702519158834233
0.0035191164987429203
0.003469347144658873
0.0034208911690635736
0.0033736985226895666
0.0033277216304649533
0.0032829152419985227
0.003239236292698977
0.00319664377466093
0.003155098616530405
0.0031145635716333868
0.0030750031137157675
0.0030363833397004953
0.0029986718789201134
0.0029618378083298437
0.002925851573249104
0.002890684913217529
0.0028563107925867626
0.0028227033355008114
0.0027898377649460205
0.002757690345578541
0.0027262383300601435
0.002695459908655121
0.0026653341618607168
0.0026358410158611872
0.0026069612006121884
0.002578676210376908
0.0025509682665492265
0.00252382028261142
0.002497215831085627
0.002471139112348654
0.002445574925189184
0.002420508638995664
0.0023959261674707517
0.0023718139437761757
0.0023481588970182903
0.0023249484299912625
0.002302170398100364
0.0022798130893935844
0.0022578652056342266
0.002236315844352274
0.002215154481816147
0.002194370956870527
0.002173955455589621
0.002153898496698394
0.0021341909177176265
0.0021148238617913397
0.00209578876515794
0.0020770773452288235
0.002058681589240568
0.0020405937434488154
0.0020228063028342688
0.002005312001292539
0.001988103802281981
0.0019711748899046235
0.0019545186603972136
0.0019381287140106194
0.00192199884725714
0.0019061230455065272
0.0018904954759126856
0.0018751104806539512
0.0018599625704709968
0.0018450464184871695
0.0018303568542971608
0.0018158888583104406
0.0018016375563368805
0.0017875982144025817
0.0017737662337846073
0.0017601371462540186
0.0017467066095170646
0.001733470402845013
0.0017204244228836956
0.001707564679634183
0.0016948872925964579
0.0016823884870686696
0.0016700645905944628
0.001657912029551768
0.0016459273258764772
0.0016341070939147172
0.0016224480373981886
0.0016109469465367086
0.0015996006952229533
0.0015884062383442175
0.001577360609196664
0.0015664609169973025
0.001555704344489704
0.0015450881456391462
0.0015346096434134893
0.0015242662276460143
0.001514055352976747
0.001503974536868999
0.0014940213576978489
0.0014841934529076068
0.001474488517235473
0.001464904300998397
0.0014554386084408729
0.001446089296140892
0.001436854271471807
0.0014277314911178651
0.0014187189596411862
0.0014098147280981299
0.0014010168927031566
0.001392323593538226
0.001383733013305925
0.0013752433761247344
0.0013668529463646438
0.0013585600275216356
0.0013503629611295186
0.0013422601257076887
0.0013342499357434433
0.0013263308407074907
0.0013185013241015283
0.001310759902536495
0.0013031051248405688
0.0012955355711956195
0.00128804985230114
0.001280646608564707
0.0012733245093179077
0.0012660822520567927
0.0012589185617060635
0.0012518321899060803
0.001244821914321882
0.00123788653797339
0.0012310248885861281
0.0012242358179616578
0.0012175182013671067
0.0012108709369430123
0.001204292945129006
0.0011977831681065259
0.0011913405692581544
0.0011849641326428574
0.0011786528624867455
0.0011724057826886245
0.0011662219363399958
0.0011601003852590194
0.0011540402095378418
0.0011480405071029411
0.001142100393288097
0.0011362190004194303
0.0011303954774122488
0.001124628989379249
0.0011189187172496976
0.0011132638573992375
0.001107663621290059
0.0011021172351209684
0.0010966239394870874
0.0010911829890489942
0.0010857936522107548
0.0010804552108068426
0.0010751669597974579
0.0010699282069721095
0.001064738272661101
0.0010595964894547834
0.0010545022019302426
0.0010494547663852287
0.0010444535505791572
0.0010394979334808182
0.0010345873050227918
0.00102972106586218
0.0010248986271476034
0.001020119410292157
0.0010153828467522785
0.0010106883778122212
0.0010060354543740399
0.0010014235367529494
9.968520944778055E-4
9.923206060966502E-4
9.87828558987138E-4
9.833754491716618E-4
9.789607811371492E-4
9.745840676592458E-4
9.702448296309129E-4
9.659425958951855E-4
9.616769030820851E-4
9.574472954494343E-4
9.532533247276227E-4
9.4909454996808E-4
9.449705373953945E-4
9.408808602630513E-4
9.36825098712544E-4
9.328028396358795E-4
9.288136765413617E-4
9.248572094225151E-4
9.209330446301302E-4
9.170407947472937E-4
9.131800784673435E-4
9.093505204746594E-4
9.055517513282549E-4
9.017834073479927E-4
8.980451305035105E-4
8.943365683056156E-4
8.906573737002015E-4
8.870072049645967E-4
8.833857256062007E-4
8.797926042634997E-4
8.762275146092359E-4
8.72690135255801E-4
8.691801496627162E-4
8.65697246046199E-4
8.622411172906934E-4
8.588114608624245E-4
8.554079787247915E-4
8.520303772556666E-4
8.48678367166495E-4
8.453516634231105E-4
8.420499851683711E-4
8.387730556463571E-4
8.355206021282961E-4
8.32292355840032E-4
8.29088051891065E-4
8.259074292051019E-4
8.227502304520744E-4
8.196162019816271E-4
8.165050937579985E-4
8.134166592962467E-4
8.1035065559986E-4
8.073068430996415E-4
8.042849855938779E-4
8.01284850189752E-4
7.983062072459563E-4
7.953488303165259E-4
7.924124960957746E-4
7.894969843644102E-4
7.866020779367061E-4
7.837275626088021E-4
7.808732271080113E-4
7.780388630431429E-4
7.752242648558848E-4
7.724292297730992E-4
7.696535577601309E-4
7.668970514750088E-4
7.641595162235547E-4
7.614407599154197E-4
7.587405930209628E-4
7.560588285289866E-4
7.533952819052924E-4
7.50749771052085E-4
7.481221162681076E-4
7.455121402096106E-4
7.429196678520712E-4
7.403445264525787E-4
7.377865455130728E-4
7.35245556744186E-4
7.327213940298043E-4
7.302138933923366E-4
7.277228929585977E-4
7.25248232926389E-4
7.227897555316652E-4
7.203473050163586E-4
7.17920727596771E-4
7.155098714325977E-4
7.131145865964998E-4
7.107347250442641E-4
7.083701405855103E-4
7.060206888549197E-4
7.036862272840462E-4
7.013666150735838E-4
6.990617131662048E-4
6.967713842198459E-4
6.944954925815018E-4
6.922339042615102E-4
6.899864869082797E-4
6.877531097834717E-4
6.855336437376613E-4
6.833279611864085E-4
6.81135936086768E-4
6.78957443914222E-4
6.767923616399973E-4
6.746405677088481E-4
6.72501942017152E-4
6.703763658914689E-4
6.682637220674219E-4
6.661638946689635E-4
6.640767691880338E-4
6.620022324645529E-4
6.599401726667273E-4
6.578904792717778E-4
6.558530430469228E-4
6.538277560307362E-4
6.518145115148128E-4
6.498132040257502E-4
6.478237293074346E-4
6.458459843036455E-4
6.438798671409287E-4
6.419252771117834E-4
6.399821146581308E-4
6.380502813550478E-4
6.361296798948013E-4
6.342202140711237E-4
6.323217887637564E-4
6.304343099232808E-4
6.285576845561526E-4
6.266918207100398E-4
6.24836627459348E-4
6.229920148910371E-4
6.21157894090627E-4
6.193341771284689E-4
6.175207770462244E-4
6.157176078435671E-4
6.139245844650861E-4
6.121416227874628E-4
6.103686396067473E-4
6.086055526259806E-4
6.068522804428638E-4
6.051087425377654E-4
6.033748592618304E-4
6.016505518253132E-4
5.99935742286085E-4
5.98230353538351E-4
5.965343093015019E-4
5.948475341091982E-4
5.93169953298558E-4
5.915014929996017E-4
5.898420801247529E-4
5.881916423586386E-4
5.865501081479203E-4
5.849174066913538E-4
5.83293467930016E-4
5.816782225376022E-4
5.800716019110026E-4
5.784735381608819E-4
5.768839641025188E-4
5.753028132467143E-4
5.737300197908766E-4
5.721655186102327E-4
5.70609245249165E-4
5.690611359126985E-4
5.675211274580933E-4
5.65989157386591E-4
5.644651638352512E-4
5.629490855689681E-4
5.614408619725288E-4
5.599404330428613E-4
5.58447739381365E-4
5.569627221863532E-4
5.554853232456227E-4
5.540154849291253E-4
5.52553150181745E-4
5.510982625161959E-4
5.496507660060033E-4
5.48210605278616E-4
5.467777255085763E-4
5.453520724108636E-4
5.439335922342287E-4
5.42522231754746E-4
5.411179382693516E-4
5.397206595895557E-4
5.383303440351814E-4
5.369469404282688E-4
5.355703980869702E-4
5.342006668196311E-4
5.32837696918887E-4
5.314814391558811E-4
5.30131844774536E-4
5.287888654859453E-4
5.274524534628053E-4
5.261225613339385E-4
5.247991421789297E-4
5.234821495227702E-4
5.221715373306384E-4
5.208672600027143E-4
5.195692723690929E-4
5.182775296847503E-4
5.169919876245946E-4
5.157126022785615E-4
5.144393301468287E-4
5.131721281350095E-4
5.119109535495367E-4
5.106557640929588E-4
5.094065178594475E-4
5.081631733302687E-4
5.069256893693576E-4
5.056940252189332E-4
5.04468140495192E-4
5.032479951840583E-4
5.020335496369806E-4
5.008247645667715E-4
4.996216010435577E-4
4.984240204907187E-4
4.97231984680929E-4
4.960454557322245E-4
4.948643961041412E-4
4.93688768593881E-4
4.925185363325763E-4
4.913536627815244E-4
4.901941117285687E-4
4.890398472844402E-4
4.8789083387921773E-4
4.867470362587678E-4
4.8560841948130706E-4
4.8447494891393363E-4
4.83346590229269E-4
4.8222330940208186E-4
4.811050727060244E-4
4.79991846710349E-4
4.7888359827671185E-4
4.7778029455598385E-4
4.766819029851332E-4
4.755883912841257E-4
4.744997274528791E-4
4.7341587976824494E-4
4.7233681678104407E-4
4.7126250731311563E-4
4.7019292045444213E-4
4.691280255602636E-4
4.6806779224827866E-4
4.670121903958316E-4
4.6596119013718045E-4
4.649147618607542E-4
4.6387287620650155E-4
4.628355040632088E-4
4.6180261656590595E-4
4.607741850932627E-4
4.597501812650584E-4
4.5873057693963454E-4
4.5771534421144085E-4
4.5670445540855315E-4
4.556978830902474E-4
4.5469560004461656E-4
4.5369757928618416E-4
4.52703794053591E-4
4.517142178072539E-4
4.507288242271209E-4
4.497475872103881E-4
4.487704808692921E-4
4.477974795289075E-4
4.468285577249738E-4
4.458636902017387E-4
4.449028519098787E-4
4.4394601800434456E-4
4.4299316384235904E-4
4.4204426498132285E-4
4.4109929717683015E-4
4.401582363806469E-4
4.392210587387612E-4
4.3828774058943964E-4
4.37358258461282E-4
4.364325890713409E-4
4.3551070932323004E-4
4.345925963052843E-4
4.336782272887198E-4
4.3276757972581496E-4
4.31860631248122E-4
4.3095735966471645E-4
4.300577429604243E-4
4.291617592941081E-4
4.282693869969616E-4
4.2738060457080384E-4
4.2649539068644125E-4
4.2561372418199343E-4
4.247355840612723E-4
4.238609494921718E-4
4.2298979980509414E-4
4.2212211449134347E-4
4.212578732015963E-4
4.2039705574434684E-4
4.195396420844128E-4
4.1868561234140764E-4
4.1783494678826553E-4
4.1698762584978217E-4
4.1614363010115013E-4
4.1530294026653595E-4
4.144655372176515E-4
4.1363140197236075E-4
4.128005156932933E-4
4.1197285968646544E-4
4.111484153999391E-4
4.103271644224695E-4
4.095090884821814E-4
4.0869416944527533E-4
4.078823893147154E-4
4.0707373022895324E-4
4.062681744606663E-4
4.054657044155009E-4
4.046663026308349E-4
4.0386995177456563E-4
4.0307663464386636E-4
4.022863341640398E-4
4.0149903338727606E-4
4.0071471549153753E-4
3.999333637793545E-4
3.991549616767039E-4
3.9837949273187736E-4
3.976069406143555E-4
3.9683728911368523E-4
3.960705221384185E-4
3.953066237149925E-4
3.9454557798667924E-4
3.937873692125166E-4
3.9303198176625923E-4
3.9227940013534347E-4
3.915296089198545E-4
3.907825928315268E-4
3.9003833669271483E-4
3.89296825435421E-4
3.8855804410029774E-4
3.878219778356895E-4
3.870886118966549E-4
3.8635793164401816E-4
3.856299225434434E-4
3.8490457016447855E-4
3.841818601796474E-4
3.8346177836353723E-4
3.827443105918929E-4
3.8202944284072143E-4
3.8131716118541706E-4
3.8060745179987484E-4
3.799003009556414E-4
3.791956950210357E-4
3.7849362046032866E-4
3.7779406383288427E-4
3.770970117923365E-4
3.764024510857788E-4
3.757103685529249E-4
3.750207511253472E-4
3.743335858256284E-4
3.7364885976662223E-4
3.729665601506445E-4
3.7228667426871106E-4
3.716091894997825E-4
3.7093409330998887E-4
3.7026137325190593E-4
3.695910169637865E-4
3.68923012168865E-4
3.6825734667459613E-4
3.6759400837196014E-4
3.6693298523474404E-4
3.6627426531883346E-4
3.6561783676153565E-4
3.649636877808608E-4
3.6431180667487645E-4
3.6366218182099907E-4
3.6301480167533716E-4
3.623696547720471E-4
3.617267297226457E-4
3.610860152153926E-4
3.604475000146265E-4
3.598111729601465E-4
3.5917702296656243E-4
3.5854503902269235E-4
3.5791521019093735E-4
3.572875256066668E-4
3.566619744776229E-4
3.5603854608331353E-4
3.5541722977442026E-4
3.547980149722256E-4
3.541808911680098E-4
3.5356584792249005E-4
3.5295287486524884E-4
3.523419616941712E-4
3.517330981748716E-4
3.511262741401679E-4
3.505214794895078E-4
3.499187041884358E-4
3.493179382680652E-4
3.487191718245307E-4
3.4812239501847477E-4
3.475275980745103E-4
3.4693477128072697E-4
3.4634390498815764E-4
3.4575498961027863E-4
3.4516801562251633E-4
3.4458297356173895E-4
3.439998540257686E-4
3.43418647672895E-4
3.4283934522139146E-4
3.422619374490345E-4
3.416864151926301E-4
3.411127693475527E-4
3.4054099086727285E-4
3.3997107076288443E-4
3.3940300010268615E-4
3.3883677001167987E-4
3.3827237167116615E-4
3.377097963182799E-4
3.3714903524554956E-4
3.3659007980047233E-4
3.3603292138508005E-4
3.3547755145550847E-4
3.349239615215728E-4
3.3437214314635934E-4
3.338220879458042E-4
3.332737875882686E-4
3.3272723379416545E-4
3.321824183355209E-4
3.3163933303558614E-4
3.3109796976845643E-4
3.305583204586517E-4
3.300203770807564E-4
3.2948413165900266E-4
3.289495762669245E-4
3.2841670302694546E-4
3.2788550411002524E-4
3.273559717352806E-4
3.268280981696221E-4
3.263018757273842E-4
3.2577729676996095E-4
3.2525435370546127E-4
3.247330389883427E-4
3.242133451190662E-4
3.236952646437384E-4
3.231787901537772E-4
3.226639142855662E-4
3.2215062972011145E-4
3.216389291827102E-4
3.2112880544262065E-4
3.2062025131272587E-4
3.2011325964920493E-4
3.1960782335121996E-4
3.1910393536058065E-4
3.186015886614411E-4
3.181007762799677E-4
3.1760149128404566E-4
3.171037267829541E-4
3.166074759270603E-4
3.161127319075177E-4
3.156194879559783E-4
3.151277373442697E-4
3.1463747338410784E-4
3.1414868942681413E-4
3.136613788630019E-4
3.131755351223193E-4
3.1269115167312337E-4
3.122082220222378E-4
3.1172673971463803E-4
3.112466983331904E-4
3.10768091498381E-4
3.1029091286801275E-4
3.0981515613697505E-4
3.0934081503693916E-4
3.088678833361137E-4
3.0839635483896583E-4
3.0792622338597354E-4
3.074574828533515E-4
3.069901271528032E-4
3.0652415023125617E-4
3.060595460706245E-4
3.0559630868754486E-4
3.051344321331162E-4
3.0467391049268785E-4
3.0421473788557753E-4
3.0375690846486656E-4
3.033004164171072E-4
3.0284525596214855E-4
3.0239142135284107E-4
3.019389068748427E-4
3.014877068463637E-4
3.010378156179474E-4
3.00589227572237E-4
3.001419371237511E-4
2.996959387186581E-4
2.992512268345509E-4
2.988077959802328E-4
2.983656406954909E-4
2.9792475555088024E-4
2.974851351475159E-4
2.9704677411684677E-4
2.966096671204573E-4
2.961738088498438E-4
2.957391940262169E-4
2.9530581740029084E-4
2.948736737520831E-4
2.9444275789069406E-4
2.9401306465413223E-4
2.935845889090907E-4
2.9315732555076484E-4
2.927312695026472E-4
2.9230641571633884E-4
2.91882759171338E-4
2.9146029487488775E-4
2.910390178617353E-4
2.9061892319398515E-4
2.9020000596088934E-4
2.8978226127866405E-4
2.893656842903245E-4
2.8895027016546764E-4
2.8853601410013105E-4
2.8812291131657974E-4
2.8771095706314585E-4
2.873001466140476E-4
2.8689047526921443E-4
2.864819383541176E-4
2.860745312195857E-4
2.856682492416482E-4
2.852630878213531E-4
2.848590423846063E-4
2.8445610838200605E-4
2.8405428128867275E-4
2.836535566040815E-4
2.832539298519076E-4
2.828553965798629E-4
2.824579523595329E-4
2.8206159278620864E-4
2.8166631347875687E-4
2.812721100794273E-4
2.808789782537266E-4
2.8048691369024844E-4
2.800959121005236E-4
2.7970596921887925E-4
2.793170808022614E-4
2.7892924263012175E-4
2.785424505042435E-4
2.7815670024859977E-4
2.7777198770920935E-4
2.7738830875399735E-4
2.770056592726483E-4
2.766240351764564E-4
2.7624343239819615E-4
2.7586384689197305E-4
2.7548527463309107E-4
2.751077116179078E-4
2.747311538637038E-4
2.7435559740854597E-4
2.7398103831114665E-4
2.7360747265073836E-4
2.732348965269401E-4
2.728633060596084E-4
2.724926973887399E-4
2.721230666743079E-4
2.717544100961562E-4
2.713867238538583E-4
2.7102000416660707E-4
2.7065424727306357E-4
2.702894494312521E-4
2.699256069184349E-4
2.6956271603098683E-4
2.6920077308426505E-4
2.6883977441249175E-4
2.6847971636865446E-4
2.68120595324351E-4
2.6776240766970073E-4
2.6740514981321426E-4
2.670488181816763E-4
2.6669340922003864E-4
2.663389193912935E-4
2.659853451763723E-4
2.6563268307401756E-4
2.652809296006884E-4
2.649300812904362E-4
2.64580134694794E-4
2.642310863826827E-4
2.6388293294028016E-4
2.635356709709243E-4
2.631892970950145E-4
2.6284380794988247E-4
2.6249920018971303E-4
2.621554704854191E-4
2.618126155245456E-4
2.61470632011169E-4
2.611295166657842E-4
2.6078926622522084E-4
2.6044987744252315E-4
2.601113470868607E-4
2.597736719434234E-4
2.5943684881333384E-4
2.5910087451352785E-4
2.587657458766844E-4
2.584314597511042E-4
2.580980130006301E-4
2.577654025045474E-4
2.5743362515748464E-4
2.5710267786932224E-4
2.5677255756510525E-4
2.564432611849402E-4
2.5611478568391777E-4
2.557871280320085E-4
2.5546028521397564E-4
2.551342542292886E-4
2.5480903209203036E-4
2.5448461583081714E-4
2.5416100248869727E-4
2.5383818912306876E-4
2.535161728056068E-4
2.531949506221548E-4
2.528745196726509E-4
2.525548770710503E-4
2.522360199452258E-4
2.519179454368904E-4
2.516006507015247E-4
2.51284132908278E-4
2.509683892398962E-4
2.5065341689263905E-4
2.5033921307620206E-4
2.500257750136236E-4
2.4971309994123024E-4
2.494011851085322E-4
2.490900277781605E-4
2.4877962522577976E-4
2.4846997474002217E-4
2.4816107362240456E-4
2.478529191872503E-4
2.475455087616102E-4
2.472388396852021E-4
2.4693290931032365E-4
2.4662771500177927E-4
2.463232541368175E-4
2.4601952410503947E-4
2.457165223083479E-4
2.454142461608491E-4
2.451126930888139E-4
2.4481186053057773E-4
2.4451174593648824E-4
2.442123467688252E-4
2.4391366050173881E-4
2.436156846211724E-4
2.4331841662479572E-4
2.43021854021949E-4
2.4272599433356438E-4
2.424308350920911E-4
2.42136373841445E-4
2.4184260813693727E-4
2.41549535545203E-4
2.4125715364414058E-4
2.409654600228494E-4
2.406744522815573E-4
2.4038412803156515E-4
2.4009448489518162E-4
2.398055205056517E-4
2.3951723250710931E-4
2.3922961855450325E-4
2.3894267631353197E-4
2.3865640346060516E-4
2.383707976827497E-4
2.3808585667757366E-4
2.378015781531999E-4
2.3751795982820747E-4
2.3723499943156237E-4
2.3695269470257627E-4
2.3667104339082794E-4
2.3639004325612297E-4
2.361096920684229E-4
2.3582998760779948E-4
2.355509276643707E-4
2.3527251003824273E-4
2.3499473253945445E-4
2.3471759298792803E-4
2.3444108921341392E-4
2.3416521905541835E-4
2.3388998036317005E-4
2.336153709955579E-4
2.3334138882106665E-4
2.3306803171774989E-4
2.3279529757314773E-4
2.325231842842464E-4
2.3225168975742907E-4
2.3198081190842082E-4
2.3171054866223505E-4
2.3144089795312225E-4
2.311718577245192E-4
2.30903425929001E-4
2.3063560052823245E-4
2.3036837949290281E-4
2.3010176080269368E-4
2.298357424462255E-4
2.2957032242099982E-4
2.293054987333622E-4
2.2904126939844363E-4
2.287776324401206E-4
2.2851458589095503E-4
2.2825212779216769E-4
2.2799025619356752E-4
2.2772896915352402E-4
2.2746826473890507E-4
2.2720814102503904E-4
2.2694859609567275E-4
2.2668962804291127E-4
2.2643123496718959E-4
2.261734149772174E-4
2.259161661899334E-4
2.2565948673046948E-4
2.2540337473209195E-4
2.2514782833617497E-4
2.2489284569214183E-4
2.246384249574343E-4
2.2438456429745867E-4
2.241312618855447E-4
2.2387851590291406E-4
2.2362632453862096E-4
2.2337468598952387E-4
2.2312359846023673E-4
2.22873060163094E-4
2.2262306931809402E-4
2.2237362415288513E-4
2.2212472290269124E-4
2.2187636381030106E-4
2.216285451260072E-4
2.2138126510758862E-4
2.2113452202024057E-4
2.208883141365581E-4
2.206426397364937E-4
2.2039749710731207E-4
2.2015288454355807E-4
2.1990880034700844E-4
2.1966524282664675E-4
2.1942221029860783E-4
2.1917970108616412E-4
2.1893771351966823E-4
2.1869624593652364E-4
2.18455296681142E-4
2.182148641049159E-4
2.1797494656617563E-4
2.177355424301579E-4
2.174966500689567E-4
2.1725826786150887E-4
2.170203941935377E-4
2.1678302745753021E-4
2.165461660526987E-4
2.163098083849394E-4
2.1607395286681538E-4
2.1583859791749602E-4
2.1560374196274743E-4
2.1536938343488213E-4
2.1513552077273614E-4
2.1490215242161894E-4
2.1466927683330743E-4
2.14436892465978E-4
2.1420499778420748E-4
2.139735912589127E-4
2.137426713673352E-4
2.135122365930034E-4
2.1328228542569975E-4
2.1305281636142196E-4
2.1282382790237202E-4
2.125953185568934E-4
2.1236728683947297E-4
2.1213973127068048E-4
2.1191265037715927E-4
2.1168604269158014E-4
2.114599067526236E-4
2.1123424110493761E-4
2.1100904429911365E-4
2.1078431489165398E-4
2.1056005144494755E-4
2.1033625252723213E-4
2.1011291671256554E-4
2.0989004258080272E-4
2.096676287175616E-4
2.094456737141962E-4
2.092241761677615E-4
2.0900313468099558E-4
2.0878254786228174E-4
2.0856241432562497E-4
2.0834273269062256E-4
2.0812350158243406E-4
2.079047196317532E-4
2.0768638547478762E-4
2.0746849775322298E-4
2.0725105511419845E-4
2.070340562102742E-4
2.0681749969942017E-4
2.0660138424496958E-4
2.063857085156035E-4
2.0617047118532187E-4
2.0595567093342133E-4
2.0574130644445814E-4
2.0552737640823198E-4
2.053138795197584E-4
2.051008144792329E-4
2.0488817999202516E-4
2.0467597476863604E-4
2.0446419752467873E-4
2.0425284698084772E-4
2.0404192186291168E-4
2.038314209016637E-4
2.0362134283291355E-4
2.0341168639746105E-4
2.032024503410653E-4
2.0299363341442334E-4
2.0278523437314923E-4
2.0257725197774442E-4
2.0236968499358013E-4
2.0216253219086698E-4
2.0195579234463448E-4
2.0174946423471342E-4
2.015435466456948E-4
2.0133803836693502E-4
2.0113293819250163E-4
2.0092824492117534E-4
2.0072395735640597E-4
2.0052007430631093E-4
2.0031659458363956E-4
2.0011351700575385E-4
1.9991084039460222E-4
1.997085635767071E-4
1.995066853831329E-4
1.9930520464946978E-4
1.9910412021580603E-4
1.9890343092671746E-4
1.9870313563123815E-4
1.985032331828331E-4
1.9830372243939107E-4
1.9810460226319393E-4
1.9790587152089574E-4
1.9770752908350304E-4
1.9750957382636374E-4
1.973120046291267E-4
1.9711482037573487E-4
1.9691801995441182E-4
1.9672160225761576E-4
1.965255661820483E-4
1.9632991062861166E-4
1.9613463450241043E-4
1.9593973671270468E-4
1.9574521617291924E-4
1.955510718005968E-4
1.953573025174026E-4
1.9516390724908889E-4
1.9497088492548208E-4
1.9477823448045876E-4
1.945859548519356E-4
1.9439404498183905E-4
1.9420250381609627E-4
1.9401133030461077E-4
1.938205234012456E-4
1.9363008206380194E-4
1.9344000525400518E-4
1.932502919374878E-4
1.9306094108376533E-4
1.9287195166621196E-4
1.9268332266206463E-4
1.924950530523865E-4
1.923071418220504E-4
1.921195879597329E-4
1.919323904578811E-4
1.9174554831270291E-4
1.9155906052415833E-4
1.9137292609591912E-4
1.9118714403538138E-4
1.910017133536176E-4
1.908166330653838E-4
1.9063190218909012E-4
1.904475197467894E-4
1.9026348476415008E-4
1.9007979627046223E-4
1.8989645329859086E-4
1.8971345488498655E-4
1.8953080006964688E-4
1.8934848789611955E-4
1.8916651741146922E-4
1.8898488766627903E-4
1.8880359771461243E-4
1.8862264661401567E-4
1.884420334254996E-4
1.882617572135168E-4
1.8808181704594402E-4
1.8790221199407617E-4
1.8772294113260726E-4
1.8754400353961087E-4
1.873653982965285E-4
1.8718712448815452E-4
1.8700918120261937E-4
1.8683156753137323E-4
1.866542825691776E-4
1.8647732541407733E-4
1.8630069516740674E-4
1.8612439093374303E-4
1.8594841182092758E-4
1.8577275694002488E-4
1.855974254053275E-4
1.8542241633431476E-4
1.8524772884766715E-4
1.8507336206924046E-4
1.848993151260413E-4
1.847255871482341E-4
1.8455217726910268E-4
1.843790846250625E-4
1.8420630835562236E-4
1.840338476033876E-4
1.8386170151403513E-4
1.8368986923631057E-4
1.83518349922E-4
1.833471427259332E-4
1.8317624680595844E-4
1.830056613229333E-4
1.828353854407109E-4
1.8266541832612037E-4
1.8249575914896845E-4
1.823264070820115E-4
1.821573613009483E-4
1.8198862098441082E-4
1.818201853139454E-4
1.816520534739988E-4
1.8148422465191218E-4
1.8131669803790512E-4
1.8114947282506116E-4
1.8098254820931274E-4
1.808159233894384E-4
1.8064959756704428E-4
1.804835699465459E-4
1.803178397351668E-4
1.8015240614291806E-4
1.7998726838259113E-4
1.7982242566974509E-4
1.796578772226875E-4
1.794936222624754E-4
1.7932966001288936E-4
1.791659897004336E-4
1.7900261055430998E-4
1.788395218064309E-4
1.7867672269137485E-4
1.7851421244640165E-4
1.7835199031142476E-4
1.7819005552901357E-4
1.780284073443654E-4
1.778670450053074E-4
1.77705967762281E-4
1.7754517486832998E-4
1.773846655790835E-4
1.7722443915276092E-4
1.7706449485014274E-4
1.76904831934573E-4
1.767454496719382E-4
1.7658634733066093E-4
1.764275241816924E-4
1.762689794984962E-4
1.761107125570395E-4
1.7595272263578156E-4
1.7579500901566372E-4
1.7563757098009545E-4
1.754804078149587E-4
1.7532351880857478E-4
1.7516690325170304E-4
1.750105604375425E-4
1.7485448966170772E-4
1.7469869022221257E-4
1.7454316141948673E-4
1.7438790255633102E-4
1.742329129379373E-4
1.74078191871859E-4
1.7392373866801042E-4
1.7376955263864876E-4
1.736156330983802E-4
1.7346197936412707E-4
1.7330859075513847E-4
1.7315546659297032E-4
1.7300260620147181E-4
1.7285000890679194E-4
1.7269767403735046E-4
1.7254560092383816E-4
1.723937888992126E-4
1.7224223729867425E-4
1.7209094545967367E-4
1.7193991272188025E-4
1.717891384272048E-4
1.7163862191975498E-4
1.7148836254584872E-4
1.7133835965400427E-4
1.7118861259491456E-4
1.7103912072145738E-4
1.708898833886772E-4
1.7074089995377826E-4
1.705921697761048E-4
1.704436922171553E-4
1.7029546664055318E-4
1.701474924120419E-4
1.6999976889948496E-4
1.698522954728467E-4
1.6970507150419138E-4
1.695580963676677E-4
1.6941136943950807E-4
1.6926489009801268E-4
1.691186577235421E-4
1.689726716985157E-4
1.688269314073912E-4
1.6868143623667187E-4
1.6853618557487963E-4
1.6839117881256512E-4
1.6824641534228394E-4
1.681018945585959E-4
1.6795761585806769E-4
1.6781357863923093E-4
1.676697823026156E-4
1.6752622625071495E-4
1.673829098879832E-4
1.672398326208331E-4
1.6709699385762474E-4
1.6695439300864996E-4
1.668120294861401E-4
1.6666990270424462E-4
1.6652801207902717E-4
1.6638635702846837E-4
1.6624493697243377E-4
1.6610375133269093E-4
1.659627995328907E-4
1.6582208099855428E-4
1.656815951570822E-4
1.6554134143772665E-4
1.654013192716015E-4
1.6526152809165695E-4
1.6512196733269776E-4
1.6498263643134403E-4
1.6484353482604843E-4
1.6470466195708138E-4
1.6456601726652146E-4
1.6442760019824636E-4
1.6428941019793237E-4
1.64151446713042E-4
1.6401370919281647E-4
1.6387619708827737E-4
1.6373890985220592E-4
1.636018469391437E-4
1.6346500780538523E-4
1.633283919089756E-4
1.63191998709686E-4
1.6305582766903281E-4
1.6291987825024654E-4
1.6278414991827665E-4
1.6264864213979413E-4
1.6251335438316112E-4
1.6237828611843797E-4
1.622434368173845E-4
1.6210880595343499E-4
1.6197439300170792E-4
1.6184019743898618E-4
1.617062187437182E-4
1.6157245639600987E-4
1.614389098776225E-4
1.613055786719538E-4
1.6117246226404167E-4
1.6103956014055902E-4
1.6090687178980283E-4
1.6077439670167916E-4
1.6064213436771776E-4
1.6051008428104855E-4
1.6037824593640303E-4
1.6024661883010195E-4
1.601152024600574E-4
1.5998399632575892E-4
1.598529999282698E-4
1.5972221277022584E-4
1.595916343558244E-4
1.5946126419081057E-4
1.5933110178249064E-4
1.5920114663970888E-4
1.5907139827284948E-4
1.589418561938244E-4
1.5881251991607494E-4
1.5868338895456648E-4
1.5855446282576633E-4
1.584257410476645E-4
1.5829722313974413E-4
1.5816890862298564E-4
1.5804079701986382E-4
1.579128878543334E-4
1.577851806518353E-4
1.576576749392767E-4
1.5753037024503495E-4
1.5740326609895347E-4
1.5727636203232635E-4
1.5714965757790452E-4
1.5702315226987388E-4
1.5689684564387576E-4
1.5677073723697002E-4
1.5664482658765642E-4
1.5651911323585245E-4
1.5639359672289042E-4
1.56268276591522E-4
1.5614315238590657E-4
1.5601822365159405E-4
1.5589348993554143E-4
1.5576895078608986E-4
1.5564460575297496E-4
1.555204543872967E-4
1.5539649624154615E-4
1.5527273086957688E-4
1.5514915782660613E-4
1.5502577666921385E-4
1.5490258695532953E-4
1.547795882442325E-4
1.5465678009655244E-4
1.5453416207425214E-4
1.5441173374062297E-4
1.5428949466029862E-4
1.5416744439922348E-4
1.5404558252466707E-4
1.539239086052112E-4
1.538024222107459E-4
1.5368112291246425E-4
1.5356001028286103E-4
1.5343908389572086E-4
1.5331834332612038E-4
1.5319778815041943E-4
1.5307741794625714E-4
1.529572322925462E-4
1.5283723076947172E-4
1.5271741295848067E-4
1.5259777844228074E-4
1.524783268048388E-4
1.5235905763136756E-4
1.522399705083313E-4
1.521210650234285E-4
1.520023407655987E-4
1.518837973250158E-4
1.5176543429307995E-4
1.5164725126241095E-4
1.5152924782685113E-4
1.5141142358145442E-4
1.5129377812248573E-4
1.5117631104741248E-4
1.51059021954905E-4
1.5094191044483113E-4
1.5082497611824497E-4
1.5070821857739462E-4
1.5059163742570317E-4
1.5047523226777892E-4
1.503590027094004E-4
1.5024294835751793E-4
1.5012706882024365E-4
1.5001136370685703E-4
1.4989583262778694E-4
1.4978047519462076E-4
1.4966529102009455E-4
1.4955027971807992E-4
1.4943544090360002E-4
1.4932077419280333E-4
1.4920627920297607E-4
1.4909195555253108E-4
1.4897780286100108E-4
1.488638207490476E-4
1.4875000883843054E-4
1.4863636675203576E-4
1.4852289411384774E-4
1.484095905489585E-4
1.4829645568355718E-4
1.4818348914492885E-4
1.4807069056144205E-4
1.4795805956256152E-4
1.4784559577883262E-4
1.477332988418777E-4
1.4762116838439398E-4
1.4750920404015385E-4
1.473974054439884E-4
1.4728577223180434E-4
1.4717430404055553E-4
1.4706300050825927E-4
1.4695186127398357E-4
1.468408859778431E-4
1.4673007426099343E-4
1.4661942576564148E-4
1.465089401350182E-4
1.463986170133955E-4
1.462884560460713E-4
1.4617845687937E-4
1.4606861916063998E-4
1.459589425382424E-4
1.4584942666156264E-4
1.457400711809845E-4
1.4563087574790502E-4
1.4552184001473007E-4
1.4541296363485614E-4
1.453042462626858E-4
1.4519568755360572E-4
1.4508728716399648E-4
1.449790447512273E-4
1.4487095997364098E-4
1.4476303249056624E-4
1.4465526196230817E-4
1.4454764805013813E-4
1.4444019041630007E-4
1.443328887240001E-4
1.442257426374079E-4
1.4411875182165134E-4
1.440119159428127E-4
1.439052346679234E-4
1.4379870766496552E-4
1.4369233460286465E-4
1.4358611515148984E-4
1.4348004898164334E-4
1.433741357650666E-4
1.432683751744261E-4
1.431627668833268E-4
1.4305731056629025E-4
1.4295200589875868E-4
1.4284685255709778E-4
1.427418502185882E-4
1.426369985614142E-4
1.425322972646777E-4
1.4242774600838436E-4
1.4232334447343705E-4
1.422190923416436E-4
1.4211498929570285E-4
1.4201103501921346E-4
1.4190722919665315E-4
1.4180357151339496E-4
1.417000616556917E-4
1.4159669931068043E-4
1.4149348416636447E-4
1.4139041591163648E-4
1.412874942362477E-4
1.4118471883082552E-4
1.4108208938686025E-4
1.409796055967021E-4
1.4087726715355956E-4
1.4077507375150322E-4
1.406730250854486E-4
1.4057112085117372E-4
1.4046936074528694E-4
1.4036774446525387E-4
1.4026627170937681E-4
1.4016494217679795E-4
1.400637555674926E-4
1.399627115822721E-4
1.3986180992277337E-4
1.3976105029146359E-4
1.3966043239163517E-4
1.3955995592739855E-4
1.3945962060367802E-4
1.393594261262267E-4
1.3925937220160035E-4
1.3915945853716383E-4
1.3905968484109748E-4
1.3896005082237816E-4
1.3886055619078758E-4
1.387612006569051E-4
1.386619839321111E-4
1.3856290572856914E-4
1.3846396575924766E-4
1.3836516373788785E-4
1.3826649937902826E-4
1.381679723979832E-4
1.3806958251085368E-4
1.3797132943450864E-4
1.3787321288659914E-4
1.3777523258554626E-4
1.376773882505381E-4
1.3757967960153467E-4
1.3748210635925397E-4
1.3738466824518027E-4
1.3728736498155763E-4
1.3719019629138037E-4
1.370931618984014E-4
1.3699626152712503E-4
1.3689949490280367E-4
1.368028617514351E-4
1.3670636179976121E-4
1.3660999477526606E-4
1.3651376040616972E-4
1.3641765842143397E-4
1.3632168855074698E-4
1.3622585052453726E-4
1.3613014407394975E-4
1.36034568930868E-4
1.3593912482789296E-4
1.3584381149834852E-4
1.3574862867627598E-4
1.356535760964371E-4
1.3555865349430672E-4
1.3546386060606599E-4
1.3536919716861275E-4
1.3527466291954788E-4
1.3518025759717928E-4
1.350859809405144E-4
1.3499183268926403E-4
1.3489781258383714E-4
1.3480392036533144E-4
1.3471015577554428E-4
1.3461651855696308E-4
1.3452300845275984E-4
1.3442962520679604E-4
1.3433636856361678E-4
1.342432382684451E-4
1.3415023406719164E-4
1.3405735570643269E-4
1.3396460293342994E-4
1.3387197549611003E-4
1.3377947314307476E-4
1.3368709562359325E-4
1.3359484268759693E-4
1.3350271408568823E-4
1.3341070956912054E-4
1.3331882888981911E-4
1.3322707180035305E-4
1.3313543805395972E-4
1.3304392740451997E-4
1.3295253960656517E-4
1.3286127441528524E-4
1.3277013158650376E-4
1.326791108766959E-4
1.3258821204298115E-4
1.3249743484311201E-4
1.3240677903548286E-4
1.3231624437912536E-4
1.322258306337019E-4
1.3213553755950848E-4
1.3204536491747085E-4
1.3195531246913643E-4
1.3186537997669323E-4
1.317755672029349E-4
1.3168587391128848E-4
1.3159629986579319E-4
1.3150684483111477E-4
1.3141750857252529E-4
1.3132829085591298E-4
1.312391914477802E-4
1.3115021011523626E-4
1.3106134662599673E-4
1.3097260074838822E-4
1.3088397225133338E-4
1.3079546090436148E-4
1.3070706647760067E-4
1.3061878874177652E-4
1.3053062746820555E-4
1.3044258242880815E-4
1.3035465339608862E-4
1.3026684014314362E-4
1.3017914244365733E-4
1.3009156007189927E-4
1.300040928027292E-4
1.2991674041158138E-4
1.298295026744726E-4
1.2974237936800055E-4
1.2965537026934153E-4
1.295684751562415E-4
1.2948169380702206E-4
1.2939502600057507E-4
1.2930847151636584E-4
1.292220301344231E-4
1.2913570163534266E-4
1.2904948580028274E-4
1.2896338241096453E-4
1.2887739124967264E-4
1.2879151209924754E-4
1.2870574474308744E-4
1.2862008896514197E-4
1.2853454454992008E-4
1.2844911128247712E-4
1.2836378894842096E-4
1.282785773339084E-4
1.281934762256354E-4
1.281084854108551E-4
1.280236046773527E-4
1.2793883381345675E-4
1.2785417260803653E-4
1.277696208505006E-4
1.2768517833078907E-4
1.276008448393817E-4
1.275166201672834E-4
1.2743250410603884E-4
1.273484964477148E-4
1.272645969849091E-4
1.2718080551074254E-4
1.270971218188655E-4
1.270135457034437E-4
1.269300769591714E-4
1.2684671538125208E-4
1.2676346076542007E-4
1.2668031290791074E-4
1.2659727160548622E-4
1.2651433665541496E-4
1.2643150785547933E-4
1.2634878500397117E-4
1.2626616789968706E-4
1.2618365634192876E-4
1.2610125013051267E-4
1.2601894906574807E-4
1.259367529484532E-4
1.258546615799336E-4
1.257726747620091E-4
1.2569079229699125E-4
1.256090139876804E-4
1.2552733963737723E-4
1.2544576904987263E-4
1.253643020294507E-4
1.2528293838088086E-4
1.2520167790942068E-4
1.251205204208168E-4
1.2503946572129968E-4
1.2495851361758064E-4
1.248776639168561E-4
1.2479691642679886E-4
1.2471627095556027E-4
1.2463572731177624E-4
1.2455528530454804E-4
1.2447494474345931E-4
1.243947054385612E-4
1.2431456720038005E-4
1.2423452983991083E-4
1.241545931686118E-4
1.2407475699841738E-4
1.2399502114172136E-4
1.239153854113823E-4
1.238358496207226E-4
1.2375641358352595E-4
1.236770771140344E-4
1.2359784002695165E-4
1.2351870213743351E-4
1.234396632610966E-4
1.233607232140062E-4
1.232818818126857E-4
1.2320313887410666E-4
1.2312449421569044E-4
1.2304594765531122E-4
1.2296749901128103E-4
1.22889148102373E-4
1.2281089474778785E-4
1.2273273876718728E-4
1.226546799806539E-4
1.2257671820872987E-4
1.224988532723871E-4
1.22421084993034E-4
1.2234341319252156E-4
1.222658376931307E-4
1.2218835831758048E-4
1.2211097488901745E-4
1.2203368723102503E-4
1.2195649516761204E-4
1.2187939852321823E-4
1.2180239712270935E-4
1.2172549079137697E-4
1.2164867935493736E-4
1.2157196263953481E-4
1.2149534047172688E-4
1.2141881267850226E-4
1.2134237908726104E-4
1.2126603952582363E-4
1.2118979382242843E-4
1.2111364180573135E-4
1.2103758330479978E-4
1.2096161814911693E-4
1.2088574616857542E-4
1.2080996719348249E-4
1.2073428105455078E-4
1.206586875829033E-4
1.2058318661006725E-4
1.2050777796798551E-4
1.2043246148899276E-4
1.2035723700583568E-4
1.2028210435165728E-4
1.20207063360009E-4
1.2013211386483616E-4
1.200572557004855E-4
1.1998248870169888E-4
1.1990781270361845E-4
1.1983322754177533E-4
1.1975873305209968E-4
1.1968432907091464E-4
1.1961001543493111E-4
1.1953579198125373E-4
1.1946165854737397E-4
1.1938761497117666E-4
1.1931366109092357E-4
1.1923979674527302E-4
1.1916602177325994E-4
1.190923360143064E-4
1.1901873930821749E-4
1.1894523149517834E-4
1.188718124157559E-4
1.1879848191088976E-4
1.1872523982190735E-4
1.1865208599050515E-4
1.1857902025875812E-4
1.1850604246911513E-4
1.1843315246439587E-4
1.1836035008780357E-4
1.1828763518289459E-4
1.1821500759361183E-4
1.1814246716425645E-4
1.180700137395042E-4
1.1799764716439381E-4
1.1792536728433049E-4
1.1785317394508583E-4
1.1778106699279388E-4
1.1770904627395119E-4
1.1763711163541308E-4
1.1756526292440191E-4
1.1749349998849595E-4
1.1742182267563111E-4
1.1735023083409756E-4
1.1727872431254764E-4
1.1720730295998788E-4
1.1713596662577797E-4
1.1706471515962481E-4
1.1699354841159845E-4
1.1692246623211222E-4
1.1685146847193332E-4
1.1678055498217331E-4
1.1670972561429784E-4
1.1663898022011583E-4
1.1656831865178223E-4
1.1649774076179693E-4
1.1642724640300487E-4
1.1635683542859746E-4
1.1628650769209976E-4
1.1621626304738365E-4
1.1614610134865987E-4
1.1607602245047802E-4
1.1600602620772605E-4
1.1593611247562785E-4
1.15866281109746E-4
1.1579653196597661E-4
1.1572686490054429E-4
1.1565727977002099E-4
1.1558777643129448E-4
1.1551835474159752E-4
1.1544901455848307E-4
1.1537975573983926E-4
1.1531057814388072E-4
1.152414816291495E-4
1.1517246605451646E-4
1.1510353127917326E-4
1.1503467716264022E-4
1.1496590356476085E-4
1.1489721034570003E-4
1.1482859736594646E-4
1.1476006448630629E-4
1.1469161156791009E-4
1.1462323847220328E-4
1.1455494506095567E-4
1.144867311962455E-4
1.1441859674047431E-4
1.1435054155635885E-4
1.1428256550692555E-4
1.1421466845551963E-4
1.1414685026579809E-4
1.1407911080172574E-4
1.1401144992758449E-4
1.1394386750796096E-4
1.1387636340775385E-4
1.1380893749217129E-4
1.1374158962672748E-4
1.136743196772418E-4
1.1360712750984007E-4
1.1354001299095534E-4
1.1347297598732159E-4
1.1340601636597779E-4
1.133391339942653E-4
1.1327232873982885E-4
1.1320560047060736E-4
1.1313894905484202E-4
1.1307237436107825E-4
1.1300587625815556E-4
1.1293945461520693E-4
1.1287310930166906E-4
1.128068401872675E-4
1.127406471420281E-4
1.126745300362659E-4
1.1260848874059405E-4
1.1254252312591167E-4
1.1247663306341531E-4
1.1241081842458845E-4
1.1234507908120179E-4
1.1227941490532178E-4
1.1221382576929975E-4
1.1214831154577262E-4
1.1208287210766762E-4
1.120175073281949E-4
1.1195221708084594E-4
1.1188700123940714E-4
1.1182185967793627E-4
1.1175679227078257E-4
1.1169179889257115E-4
1.1162687941821114E-4
1.1156203372289178E-4
1.1149726168207897E-4
1.1143256317152047E-4
1.113679380672422E-4
1.113033862455429E-4
1.1123890758300278E-4
1.1117450195647095E-4
1.1111016924308138E-4
1.1104590932022878E-4
1.1098172206559575E-4
1.1091760735712773E-4
1.1085356507304E-4
1.107895950918272E-4
1.1072569729224838E-4
1.1066187155333478E-4
1.1059811775438624E-4
1.105344357749674E-4
1.1047082549491195E-4
1.1040728679432137E-4
1.1034381955356145E-4
1.102804236532655E-4
1.1021709897432626E-4
1.1015384539790794E-4
1.1009066280542624E-4
1.1002755107856922E-4
1.0996451009928142E-4
1.0990153974976889E-4
1.0983863991249836E-4
1.0977581047019505E-4
1.0971305130584526E-4
1.0965036230268675E-4
1.09587743344222E-4
1.0952519431420426E-4
1.094627150966458E-4
1.0940030557581344E-4
1.093379656362269E-4
1.0927569516265885E-4
1.0921349404013922E-4
1.0915136215394568E-4
1.0908929938960912E-4
1.0902730563291185E-4
1.0896538076988314E-4
1.0890352468680798E-4
1.088417372702154E-4
1.0878001840688349E-4
1.0871836798383845E-4
1.086567858883506E-4
1.085952720079406E-4
1.0853382623037393E-4
1.0847244844365683E-4
1.0841113853604422E-4
1.083498963960319E-4
1.0828872191235894E-4
1.0822761497400699E-4
1.0816657547019909E-4
1.0810560329040068E-4
1.0804469832431112E-4
1.0798386046187727E-4
1.0792308959328295E-4
1.0786238560894342E-4
1.0780174839952345E-4
1.0774117785591359E-4
1.0768067386924583E-4
1.0762023633088839E-4
1.0755986513244292E-4
1.0749956016574514E-4
1.0743932132286572E-4
1.0737914849611074E-4
1.0731904157801311E-4
1.0725900046133926E-4
1.0719902503909249E-4
1.0713911520449948E-4
1.070792708510217E-4
1.0701949187234807E-4
1.0695977816239536E-4
1.0690012961531265E-4
1.0684054612546846E-4
1.0678102758746909E-4
1.0672157389613917E-4
1.0666218494653137E-4
1.0660286063392375E-4
1.0654360085381822E-4
1.0648440550194315E-4
1.0642527447424616E-4
1.0636620766690191E-4
1.0630720497630403E-4
1.0624826629906807E-4
1.0618939153203163E-4
1.0613058057225276E-4
1.0607183331701046E-4
1.0601314966379835E-4
1.059545295103343E-4
1.0589597275455204E-4
1.0583747929459881E-4
1.0577904902884483E-4
1.0572068185587374E-4
1.0566237767448636E-4
1.0560413638369747E-4
1.0554595788273679E-4
1.054878420710455E-4
1.0542978884828354E-4
1.053717981143204E-4
1.0531386976923614E-4
1.052560037133289E-4
1.0519819984710153E-4
1.0514045807127239E-4
1.0508277828676279E-4
1.050251603947149E-4
1.0496760429646793E-4
1.049101098935798E-4
1.0485267708780865E-4
1.0479530578112349E-4
1.0473799587570041E-4
1.0468074727392123E-4
1.0462355987837228E-4
1.0456643359184558E-4
1.0450936831734266E-4
1.0445236395805832E-4
1.0439542041740256E-4
1.0433853759898265E-4
1.0428171540660826E-4
1.0422495374429124E-4
1.0416825251624554E-4
1.0411161162688707E-4
1.0405503098083124E-4
1.0399851048289298E-4
1.0394205003808579E-4
1.0388564955162601E-4
1.0382930892892366E-4
1.0377302807558866E-4
1.0371680689742637E-4
1.0366064530044204E-4
1.0360454319083516E-4
1.03548500475E-4
1.0349251705953225E-4
1.0343659285121395E-4
1.0338072775702344E-4
1.0332492168413947E-4
1.0326917453992576E-4
1.032134862319405E-4
1.0315785666794063E-4
1.0310228575586515E-4
1.0304677340385249E-4
1.0299131952022491E-4
1.0293592401350063E-4
1.0288058679238488E-4
1.0282530776576932E-4
1.02770086842744E-4
1.0271492393257806E-4
1.0265981894472923E-4
1.0260477178884702E-4
1.0254978237476484E-4
1.0249485061250311E-4
1.0243997641226914E-4
1.0238515968445127E-4
1.0233040033963149E-4
1.0227569828856604E-4
1.0222105344220229E-4
1.0216646571166807E-4
1.0211193500827488E-4
1.0205746124351787E-4
1.0200304432907237E-4
1.0194868417679587E-4
1.0189438069873141E-4
1.0184013380709091E-4
1.0178594341428004E-4
1.0173180943287864E-4
1.0167773177564566E-4
1.0162371035551753E-4
1.015697450856095E-4
1.0151583587921935E-4
1.0146198264981759E-4
1.0140818531105168E-4
1.0135444377674893E-4
1.0130075796091038E-4
1.0124712777771318E-4
1.0119355314151004E-4
1.0114003396682864E-4
1.0108657016837021E-4
1.0103316166101253E-4
1.0097980835979845E-4
1.0092651017995959E-4
1.0087326703688304E-4
1.0082007884613798E-4
1.007669455234657E-4
1.0071386698477378E-4
1.0066084314614275E-4
1.0060787392382204E-4
1.0055495923423828E-4
1.0050209899398016E-4
1.0044929311980503E-4
1.0039654152864347E-4
1.0034384413759285E-4
1.002912008639159E-4
1.0023861162504767E-4
1.0018607633858443E-4
1.001335949222966E-4
1.0008116729411044E-4
1.0002879337212652E-4
9.997647307460964E-5
The correct rate for BP: 100.00% 
