1.3327446604608117
1.128888522747757
0.5583543210222334
0.2191821176587722
0.08957609364054646
0.0510453847725393
0.035802444131156554
0.027478120629532247
0.022230016099831523
0.01862308901592245
0.01599524103453011
0.013998011476039752
0.012430453973010907
0.011168571008132285
0.010131730993780484
0.009265259659387041
0.00853079061552585
0.00790061942096653
0.007354249071852418
0.006876195285628784
0.006454546615795885
0.006079993164358794
0.005745155282936805
0.005444109565165993
0.005172047715923325
0.004925026831189743
0.004699783768986823
0.004493595233496945
0.00430417097485578
0.004129571320681047
0.003968142818372405
0.0038184675190564062
0.0036793226501673827
0.0035496482800068253
0.003428521188640181
0.0033151336008132187
0.003208775758965331
0.003108821552438467
0.003014716596452264
0.0029259682879722165
0.0028421374669810825
0.002762831389254785
0.002687697776585334
0.002616419756880522
0.0025487115429325352
0.0024843147272747674
0.0024229950932241635
0.002364539860274993
0.0023087552964881288
0.0022554646421813662
0.002204506298667072
0.0021557322434631763
0.002109006639679644
0.0020642046124337036
0.002021211169393378
0.0019799202460631547
0.0019402338593448396
0.0019020613553415641
0.001865318739410247
0.001829928078178748
0.0017958169646856155
0.0017629180390184287
0.0017311685578599784
0.0017005100072295177
0.0016708877534555053
0.0016422507280564294
0.0016145511427553144
0.0015877442313257896
0.0015617880153735199
0.0015366430915088013
0.0015122724376695489
0.0014886412366181363
0.0014657167148648237
0.0014434679954704755
0.0014218659633558348
0.0014008831418974308
0.0013804935797241188
0.0013606727467458828
0.0013413974385499039
0.0013226456883903585
0.001304396686078814
0.0012866307031533515
0.0012693290237677933
0.0012524738807982636
0.001236048396714241
0.0012200365288054635
0.0012044230183956934
0.0011891933437093868
0.0011743336760890635
0.0011598308392892283
0.0011456722715980536
0.00113184599056076
0.001118340560098896
0.0011051450598382636
0.0010922490564745952
0.0010796425770211136
0.001067316083795492
0.0010552604510160107
0.0010434669428875372
0.0010319271930682035
0.0010206331854163966
0.001009577235926188
9.987519757665923E-4
9.88150335346888E-4
9.77765529336548E-4
9.675910425736737E-4
9.576206168014034E-4
9.47848238175958E-4
9.382681254947379E-4
9.288747190964974E-4
9.196626703894145E-4
9.106268319659941E-4
9.017622482669446E-4
8.930641467588335E-4
8.845279295928899E-4
8.76149165714648E-4
8.679235833963729E-4
8.598470631660916E-4
8.519156311088858E-4
8.441254525178851E-4
8.364728258738181E-4
8.289541771335858E-4
8.215660543094284E-4
8.143051223217238E-4
8.071681581093849E-4
8.001520459829972E-4
7.932537732068133E-4
7.864704257965526E-4
7.797991845208017E-4
7.732373210946694E-4
7.667821945550357E-4
7.604312478073025E-4
7.541820043343226E-4
7.480320650587827E-4
7.419791053505732E-4
7.360208721716201E-4
7.301551813507595E-4
7.243799149818002E-4
7.186930189384339E-4
7.130925004998273E-4
7.075764260812521E-4
7.021429190643773E-4
6.967901577221286E-4
6.915163732334203E-4
6.863198477831695E-4
6.811989127434375E-4
6.761519469316339E-4
6.711773749420653E-4
6.66273665547194E-4
6.61439330165264E-4
6.566729213911597E-4
6.519730315873814E-4
6.473382915323682E-4
6.427673691234625E-4
6.382589681318836E-4
6.338118270074281E-4
6.294247177304888E-4
6.250964447092616E-4
6.208258437201045E-4
6.16611780889079E-4
6.124531517127848E-4
6.08348880116809E-4
6.042979175500635E-4
6.002992421134299E-4
5.963518577212228E-4
5.92454793294046E-4
5.886071019816968E-4
5.848078604147119E-4
5.81056167983538E-4
5.773511461439502E-4
5.736919377477008E-4
5.700777063973786E-4
5.665076358243355E-4
5.629809292888843E-4
5.594968090017081E-4
5.560545155656933E-4
5.526533074373379E-4
5.492924604069015E-4
5.459712670965978E-4
5.426890364760711E-4
5.394450933944542E-4
5.362387781284196E-4
5.330694459454718E-4
5.299364666820181E-4
5.268392243355474E-4
5.237771166703896E-4
5.20749554836586E-4
5.177559630012484E-4
5.147957779920984E-4
5.118684489525365E-4
5.08973437007957E-4
5.061102149428351E-4
5.032782668881207E-4
5.004770880186721E-4
4.97706184260265E-4
4.949650720058736E-4
4.922532778408474E-4
4.895703382766942E-4
4.8691579949317396E-4
4.8428921708830826E-4
4.8169015583614954E-4
4.791181894519256E-4
4.765729003643851E-4
4.7405387949502227E-4
4.7156072604395515E-4
4.6909304728225647E-4
4.666504583504945E-4
4.6423258206322875E-4
4.618390487193411E-4
4.5946949591789025E-4
4.5712356837944267E-4
4.5480091777253136E-4
4.525012025452173E-4
4.5022408776147435E-4
4.479692449423076E-4
4.45736351911387E-4
4.435250926451216E-4
4.413351571269404E-4
4.391662412056998E-4
4.370180464580923E-4
4.348902800548608E-4
4.327826546307663E-4
4.3069488815814373E-4
4.286267038239539E-4
4.265778299102073E-4
4.2454799967764535E-4
4.2253695125259925E-4
4.2054442751692493E-4
4.185701760008613E-4
4.166139487788152E-4
4.146755023679099E-4
4.127545976292268E-4
4.1085099967167285E-4
4.089644777583907E-4
4.070948052155946E-4
4.0524175934384874E-4
4.0340512133160103E-4
4.0158467617096587E-4
3.9978021257573135E-4
3.97991522901409E-4
3.962184030673659E-4
3.9446065248094575E-4
3.927180739634895E-4
3.909904736782566E-4
3.892776610601401E-4
3.8757944874715335E-4
3.858956525136272E-4
3.842260912050626E-4
3.8257058667459616E-4
3.809289637210573E-4
3.7930105002849086E-4
3.7768667610724166E-4
3.760856752363834E-4
3.744978834076264E-4
3.7292313927051547E-4
3.7136128407900496E-4
3.698121616392657E-4
3.682756182587651E-4
3.6675150269656196E-4
3.652396661147576E-4
3.637399620311226E-4
3.622522462728149E-4
3.6077637693119013E-4
3.593122143176619E-4
3.578596209205964E-4
3.564184613632027E-4
3.5498860236239194E-4
3.535699126885848E-4
3.5216226312643177E-4
3.507655264364504E-4
3.493795773174937E-4
3.480042923701344E-4
3.466395500607876E-4
3.4528523068671623E-4
3.439412163418071E-4
3.42607390883045E-4
3.4128363989782516E-4
3.3996985067193293E-4
3.3866591215823283E-4
3.373717149460743E-4
3.360871512313295E-4
3.348121147871235E-4
3.335465009351772E-4
3.322902065177709E-4
3.3104312987032044E-4
3.2980517079455717E-4
3.285762305322445E-4
3.273562117395008E-4
3.261450184616361E-4
3.249425561085409E-4
3.23748731430586E-4
3.225634524950249E-4
3.213866286629304E-4
3.202181705665355E-4
3.190579900871449E-4
3.179060003334097E-4
3.167621156201456E-4
3.156262514474891E-4
3.1449832448058213E-4
3.1337825252958297E-4
3.1226595453016026E-4
3.1116135052433564E-4
3.1006436164173124E-4
3.089749100811977E-4
3.0789291909281627E-4
3.068183129602492E-4
3.0575101698346026E-4
3.046909574617658E-4
3.0363806167723E-4
3.025922578783899E-4
3.015534752643018E-4
3.0052164396889697E-4
2.994966950456509E-4
2.9847856045255397E-4
2.9746717303736134E-4
2.964624665231506E-4
2.954643754941444E-4
2.944728353818125E-4
2.9348778245123845E-4
2.9250915378775433E-4
2.9153688728382325E-4
2.9057092162617623E-4
2.896111962831993E-4
2.886576514925474E-4
2.8771022824900265E-4
2.8676886829255533E-4
2.8583351409671684E-4
2.849041088570468E-4
2.8398059647988044E-4
2.830629215712926E-4
2.821510294262538E-4
2.812448660179769E-4
2.80344377987474E-4
2.794495126333127E-4
2.785602179015166E-4
2.7767644237572023E-4
2.7679813526743807E-4
2.7592524640655596E-4
2.7505772623196486E-4
2.741955257823782E-4
2.7333859668730425E-4
2.7248689115821916E-4
2.7164036197981425E-4
2.707989625015081E-4
2.6996264662901374E-4
2.691313688161141E-4
2.6830508405655863E-4
2.6748374787611385E-4
2.666673163247369E-4
2.6585574596891523E-4
2.6504899388410375E-4
2.642470176473353E-4
2.634497753299158E-4
2.6265722549028466E-4
2.618693271669613E-4
2.610860398716582E-4
2.6030732358247634E-4
2.595331387372219E-4
2.5876344622685095E-4
2.579982073890268E-4
2.5723738400176463E-4
2.5648093827720144E-4
2.5572883285547506E-4
2.549810307986991E-4
2.5423749558503176E-4
2.534981911028492E-4
2.5276308164504015E-4
2.520321319033512E-4
2.513053069628466E-4
2.5058257229650224E-4
2.498638937597937E-4
2.4914923758547207E-4
2.4843857037835535E-4
2.477318591102551E-4
2.4702907111494917E-4
2.4633017408325303E-4
2.456351360581762E-4
2.4494392543013423E-4
2.4425651093228524E-4
2.4357286163586856E-4
2.42892946945695E-4
2.4221673659566322E-4
2.415442006443507E-4
2.4087530947070632E-4
2.4021003376976255E-4
2.3954834454846007E-4
2.3889021312152277E-4
2.382356111073827E-4
2.3758451042419515E-4
2.3693688328589542E-4
2.3629270219833464E-4
2.356519399554572E-4
2.3501456963555473E-4
2.3438056459757238E-4
2.3374989847747057E-4
2.331225451846384E-4
2.3249847889837507E-4
2.3187767406442078E-4
2.3126010539152686E-4
2.306457478481003E-4
2.300345766588913E-4
2.2942656730172087E-4
2.2882169550427587E-4
2.282199372409342E-4
2.276212687296615E-4
2.2702566642891813E-4
2.2643310703466323E-4
2.2584356747736177E-4
2.252570249190394E-4
2.246734567504144E-4
2.2409284058804032E-4
2.2351515427149646E-4
2.2294037586063187E-4
2.223684836328398E-4
2.2179945608038327E-4
2.2123327190773698E-4
2.2066991002899953E-4
2.2010934956531928E-4
2.195515698423711E-4
2.1899655038785517E-4
2.1844427092906115E-4
2.178947113904293E-4
2.1734785189117696E-4
2.1680367274294225E-4
2.1626215444747943E-4
2.1572327769436855E-4
2.151870233587593E-4
2.1465337249916146E-4
2.1412230635527128E-4
2.13593806345783E-4
2.130678540662983E-4
2.125444312872165E-4
2.120235199516667E-4
2.1150510217348816E-4
2.1098916023520395E-4
2.1047567658605577E-4
2.0996463384005142E-4
2.0945601477403525E-4
2.0894980232579981E-4
2.0844597959220778E-4
2.0794452982734882E-4
2.0744543644073135E-4
2.069486829954748E-4
2.0645425320654607E-4
2.0596213093902128E-4
2.054723002063538E-4
2.0498474516868174E-4
2.0449945013116153E-4
2.0401639954230902E-4
2.035355779923649E-4
2.030569702117064E-4
2.025805610692447E-4
2.0210633557087327E-4
2.0163427885791767E-4
2.0116437620562336E-4
2.0069661302164198E-4
2.0023097484456648E-4
1.9976744734244748E-4
1.993060163113834E-4
1.988466676740627E-4
1.9838938747838812E-4
1.9793416189607817E-4
1.9748097722130188E-4
1.9702981986933143E-4
1.9658067637521527E-4
1.9613353339245718E-4
1.956883776917208E-4
1.9524519615956318E-4
1.948039757971533E-4
1.943647037190375E-4
1.9392736715190655E-4
1.93491953433387E-4
1.9305845001082843E-4
1.9262684444014042E-4
1.9219712438460677E-4
1.917692776137429E-4
1.9134329200216308E-4
1.9091915552843738E-4
1.9049685627400728E-4
1.900763824220756E-4
1.8965772225652177E-4
1.892408641608585E-4
1.8882579661714348E-4
1.8841250820497078E-4
1.880009876004274E-4
1.8759122357507756E-4
1.87183204994973E-4
1.86776920819654E-4
1.8637236010117034E-4
1.8596951198312795E-4
1.8556836569973636E-4
1.851689105748528E-4
1.8477113602106713E-4
1.843750315387809E-4
1.8398058671530263E-4
1.8358779122395073E-4
1.8319663482317105E-4
1.8280710735565995E-4
1.824191987475101E-4
1.820328990073525E-4
1.8164819822551664E-4
1.8126508657319887E-4
1.8088355430164287E-4
1.805035917413306E-4
1.8012518930117782E-4
1.7974833746773637E-4
1.7937302680442509E-4
1.7899924795075446E-4
1.7862699162155658E-4
1.7825624860623286E-4
1.7788700976801238E-4
1.775192660432144E-4
1.7715300844052705E-4
1.7678822804026648E-4
1.7642491599370152E-4
1.760630635223159E-4
1.757026619171438E-4
1.7534370253806638E-4
1.7498617681314038E-4
1.746300762379308E-4
1.7427539237484664E-4
1.739221168524927E-4
1.7357024136501403E-4
1.732197576714591E-4
1.7287065759516272E-4
1.7252293302310136E-4
1.7217657590529344E-4
1.7183157825417997E-4
1.714879321440301E-4
1.7114562971033646E-4
1.708046631492328E-4
1.704650247169133E-4
1.7012670672905447E-4
1.697897015602467E-4
1.6945400164343428E-4
1.691195994693557E-4
1.687864875859982E-4
1.6845465859805788E-4
1.6812410516639476E-4
1.6779482000750312E-4
1.6746679589299616E-4
1.671400256490771E-4
1.6681450215602623E-4
1.6649021834770465E-4
1.6616716721103603E-4
1.6584534178552859E-4
1.6552473516276853E-4
1.6520534048594315E-4
1.6488715094936635E-4
1.645701597979873E-4
1.642543603269463E-4
1.6393974588108624E-4
1.6362630985450674E-4
1.633140456901086E-4
1.6300294687915523E-4
1.6269300696080207E-4
1.6238421952168982E-4
1.6207657819548434E-4
1.6177007666246497E-4
1.6146470864909196E-4
1.6116046792758864E-4
1.608573483155173E-4
1.6055534367539028E-4
1.6025444791424083E-4
1.5995465498322997E-4
1.596559588772489E-4
1.5935835363453028E-4
1.5906183333624653E-4
1.5876639210613927E-4
1.5847202411012527E-4
1.581787235559323E-4
1.5788648469271444E-4
1.57595301810694E-4
1.5730516924078504E-4
1.5701608135424772E-4
1.5672803256231422E-4
1.564410173158459E-4
1.561550301049851E-4
1.558700654587974E-4
1.5558611794494486E-4
1.5530318216933628E-4
1.5502125277579103E-4
1.5474032444572118E-4
1.5446039189778555E-4
1.5418144988757634E-4
1.539034932072959E-4
1.5362651668543434E-4
1.5335051518645707E-4
1.530754836105044E-4
1.528014168930569E-4
1.5252831000465904E-4
1.5225615795060125E-4
1.5198495577062004E-4
1.517146985386139E-4
1.5144538136233873E-4
1.5117699938312632E-4
1.5090954777559126E-4
1.506430217473507E-4
1.503774165387448E-4
1.50112727422553E-4
1.4984894970372664E-4
1.4958607871911494E-4
1.4932410983717887E-4
1.4906303845775896E-4
1.4880286001177286E-4
1.485435699609798E-4
1.4828516379771262E-4
1.4802763704461707E-4
1.4777098525440598E-4
1.4751520400960573E-4
1.472602889223055E-4
1.4700623563390712E-4
1.467530398149002E-4
1.465006971645916E-4
1.462492034108904E-4
1.459985543100553E-4
1.4574874564647847E-4
1.4549977323243112E-4
1.4525163290784917E-4
1.4500432054011E-4
1.4475783202378984E-4
1.4451216328044956E-4
1.44267310258424E-4
1.4402326893258674E-4
1.4378003530413953E-4
1.4353760540040738E-4
1.4329597527460813E-4
1.4305514100566163E-4
1.428150986979648E-4
1.4257584448119546E-4
1.42337374510111E-4
1.4209968496433045E-4
1.418627720481517E-4
1.4162663199034667E-4
1.4139126104395773E-4
1.4115665548611764E-4
1.4092281161784157E-4
1.4068972576384943E-4
1.4045739427237002E-4
1.4022581351495365E-4
1.3999497988628862E-4
1.397648898040117E-4
1.3953553970854311E-4
1.393069260628832E-4
1.3907904535245529E-4
1.3885189408490917E-4
1.3862546878996306E-4
1.383997660192192E-4
1.38174782346001E-4
1.3795051436516997E-4
1.3772695869297406E-4
1.375041119668584E-4
1.3728197084532614E-4
1.370605320077522E-4
1.368397921542296E-4
1.3661974800542083E-4
1.3640039630236767E-4
1.3618173380636688E-4
1.3596375729878866E-4
1.3574646358093884E-4
1.3552984947389458E-4
1.35313911818355E-4
1.350986474744911E-4
1.3488405332180207E-4
1.3467012625895266E-4
1.3445686320364255E-4
1.3424426109244863E-4
1.3403231688068905E-4
1.338210275422763E-4
1.3361039006958196E-4
1.3340040147328392E-4
1.3319105878224497E-4
1.3298235904335453E-4
1.327742993214145E-4
1.3256687669898593E-4
1.323600882762653E-4
1.3215393117094692E-4
1.3194840251809845E-4
1.3174349947002293E-4
1.315392191961258E-4
1.3133555888281018E-4
1.311325157333158E-4
1.309300869676183E-4
1.3072826982229882E-4
1.3052706155041916E-4
1.3032645942139654E-4
1.3012646072088483E-4
1.2992706275066025E-4
1.2972826282848927E-4
1.2953005828802029E-4
1.2933244647866672E-4
1.2913542476548703E-4
1.289389905290679E-4
1.2874314116542078E-4
1.2854787408585658E-4
1.2835318671687682E-4
1.281590765000711E-4
1.2796554089199332E-4
1.277725773640649E-4
1.2758018340246056E-4
1.2738835650799967E-4
1.2719709419604648E-4
1.2700639399639945E-4
1.2681625345318466E-4
1.2662667012476142E-4
1.2643764158361045E-4
1.2624916541623655E-4
1.2606123922306593E-4
1.2587386061835052E-4
1.2568702723006323E-4
1.2550073669979949E-4
1.2531498668268948E-4
1.251297748472864E-4
1.2494509887548698E-4
1.2476095646241664E-4
1.2457734531635945E-4
1.2439426315864318E-4
1.2421170772356068E-4
1.2402967675827266E-4
1.2384816802271645E-4
1.236671792895147E-4
1.2348670834389012E-4
1.2330675298357233E-4
1.2312731101871705E-4
1.229483802718098E-4
1.2276995857758065E-4
1.225920437829264E-4
1.2241463374682295E-4
1.2223772634022806E-4
1.2206131944601648E-4
1.2188541095888483E-4
1.2170999878527603E-4
1.2153508084329425E-4
1.2136065506262307E-4
1.2118671938444671E-4
1.21013271761368E-4
1.2084031015734309E-4
1.2066783254757797E-4
1.2049583691847504E-4
1.2032432126754066E-4
1.2015328360331763E-4
1.1998272194530485E-4
1.1981263432388709E-4
1.1964301878025093E-4
1.1947387336632E-4
1.1930519614468221E-4
1.1913698518850816E-4
1.1896923858148776E-4
1.1880195441775596E-4
1.1863513080181959E-4
1.184687658484953E-4
1.1830285768281871E-4
1.1813740444001145E-4
1.1797240426537332E-4
1.1780785531423786E-4
1.1764375575190077E-4
1.174801037535539E-4
1.1731689750420743E-4
1.1715413519864298E-4
1.1699181504132843E-4
1.1682993524636878E-4
1.1666849403743645E-4
1.1650748964770108E-4
1.1634692031977652E-4
1.161867843056501E-4
1.1602707986662749E-4
1.158678052732665E-4
1.1570895880531234E-4
1.1555053875164275E-4
1.1539254341020794E-4
1.152349710879653E-4
1.1507782010082375E-4
1.1492108877358761E-4
1.1476477543988795E-4
1.146088784421382E-4
1.1445339613146752E-4
1.142983268676644E-4
1.1414366901912066E-4
1.1398942096278187E-4
1.1383558108407852E-4
1.1368214777688506E-4
1.1352911944345002E-4
1.1337649449435743E-4
1.132242713484629E-4
1.1307244843283431E-4
1.1292102418271902E-4
1.1276999704146594E-4
1.1261936546049567E-4
1.1246912789923199E-4
1.1231928282505673E-4
1.1216982871326254E-4
1.120207640469969E-4
1.1187208731720956E-4
1.1172379702260475E-4
1.1157589166959856E-4
1.1142836977226376E-4
1.1128122985227222E-4
1.111344704388634E-4
1.1098809006878673E-4
1.1084208728624989E-4
1.106964606428826E-4
1.1055120869768035E-4
1.1040633001696074E-4
1.1026182317432004E-4
1.10117686750579E-4
1.0997391933374852E-4
1.0983051951897451E-4
1.0968748590850044E-4
1.095448171116135E-4
1.0940251174461144E-4
1.0926056843075363E-4
1.0911898580021116E-4
1.0897776249003602E-4
1.0883689714410611E-4
1.0869638841309322E-4
1.0855623495440865E-4
1.08416435432177E-4
1.0827698851717888E-4
1.0813789288681583E-4
1.0799914722507747E-4
1.0786075022248192E-4
1.0772270057605405E-4
1.0758499698927455E-4
1.074476381720461E-4
1.0731062284064698E-4
1.0717394971769557E-4
1.070376175321131E-4
1.0690162501908626E-4
1.0676597092001915E-4
1.0663065398250613E-4
1.0649567296028671E-4
1.0636102661321533E-4
1.0622671370721562E-4
1.0609273301424747E-4
1.0595908331227E-4
1.0582576338520651E-4
1.0569277202290905E-4
1.0556010802111297E-4
1.0542777018141718E-4
1.0529575731123232E-4
1.0516406822375835E-4
1.0503270173794188E-4
1.0490165667844796E-4
1.0477093187561448E-4
1.0464052616543253E-4
1.0451043838950254E-4
1.0438066739500272E-4
1.0425121203465805E-4
1.0412207116670043E-4
1.0399324365484746E-4
1.0386472836825442E-4
1.0373652418150148E-4
1.0360862997453521E-4
1.0348104463266691E-4
1.0335376704651293E-4
1.0322679611198056E-4
1.0310013073023054E-4
1.0297376980764878E-4
1.0284771225580892E-4
1.0272195699145359E-4
1.025965029364486E-4
1.0247134901776514E-4
1.0234649416744352E-4
1.0222193732256476E-4
1.0209767742522501E-4
1.0197371342249723E-4
1.0185004426640728E-4
1.0172666891391121E-4
1.0160358632684886E-4
1.0148079547193929E-4
1.0135829532072638E-4
1.0123608484957438E-4
1.0111416303962344E-4
1.0099252887676578E-4
1.0087118135162983E-4
1.0075011945952984E-4
1.0062934220045854E-4
1.0050884857905157E-4
1.0038863760456257E-4
1.0026870829083783E-4
1.0014905965628326E-4
1.000296907238486E-4
9.991060052098848E-5
The correct rate for BP: 100.00% 
