1.3166900012302236
0.8495830296460609
0.2539831487703976
0.09049733423827226
0.044659840184842335
0.030336665178255756
0.022795834981506904
0.01815212251167998
0.01501502236976063
0.012760489523095771
0.011066381184539965
0.009749664354471946
0.008698752364341514
0.007841823065758322
0.007130607437094273
0.006531500279246871
0.006020407031383588
0.005579616308516457
0.00519582735274331
0.004858864386520828
0.0045608145658442905
0.004295435475224455
0.004057738903743755
0.003843692735035742
0.003650003701126332
0.003473956576998613
0.0033132934607978228
0.003166121976476886
0.0030308446463546126
0.002906103964005847
0.0027907392523811108
0.0026837524672478786
0.0025842808605487174
0.0024915749548405997
0.002404980666307526
0.002323924695203854
0.002247902509710396
0.002176468403187901
0.002109227220393785
0.002045827435738473
0.001985955333462352
0.0019293300910114266
0.001875699606723272
0.0018248369440207767
0.0017765372887308909
0.0017306153354479722
0.001686903034208779
0.0016452476410185064
0.0016055100256325986
0.0015675631979701259
0.0015312910210069292
0.001496587083275489
0.001463353708424723
0.0014315010828514585
0.001400946485356394
0.0013716136052160592
0.001343431937092803
0.0013163362429014854
0.0012902660721740334
0.0012651653336594856
0.001240981911907108
0.0012176673234350422
0.0011951764078127812
0.001173467049603828
0.0011524999276426233
0.0011322382885717564
0.001112647741953281
0.0010936960746016143
0.0010753530820736704
0.0010575904155005784
0.001040381442161144
0.0010237011183848001
0.0010075258735344624
9.918335039624466E-4
9.766030759565118E-4
9.618148368022886E-4
9.47450133183542E-4
9.334913362259948E-4
9.199217725640306E-4
9.067256608751251E-4
8.938880533841474E-4
8.813947818908761E-4
8.692324079192204E-4
8.57388176626624E-4
8.458499741481226E-4
8.346062880808441E-4
8.236461708435297E-4
8.129592056707205E-4
8.025354750238322E-4
7.923655312217607E-4
7.824403691118154E-4
7.727514006179233E-4
7.632904310179537E-4
7.540496368150092E-4
7.450215450795817E-4
7.361990141500306E-4
7.27575215588745E-4
7.191436172999785E-4
7.108979677232321E-4
7.028322810234276E-4
6.949408232054766E-4
6.872180990868755E-4
6.796588400672334E-4
6.722579926386984E-4
6.650107075855051E-4
6.579123298251614E-4
6.509583888472605E-4
6.441445897095373E-4
6.374668045536819E-4
6.309210646064183E-4
6.245035526337662E-4
6.182105958190661E-4
6.120386590371649E-4
6.059843384995436E-4
6.000443557466395E-4
5.942155519656528E-4
5.884948826134315E-4
5.828794123255301E-4
5.773663100939792E-4
5.71952844697309E-4
5.666363803676928E-4
5.614143726809628E-4
5.562843646563357E-4
5.51243983053452E-4
5.46290934855243E-4
5.414230039259092E-4
5.366380478338403E-4
5.319339948302291E-4
5.273088409744473E-4
5.227606473980703E-4
5.182875376997211E-4
5.138876954636398E-4
5.095593618950694E-4
5.053008335662338E-4
5.011104602668195E-4
4.969866429534852E-4
4.929278317930469E-4
4.889325242944184E-4
4.849992635246971E-4
4.811266364049744E-4
4.7731327208177E-4
4.7355784037024534E-4
4.698590502654668E-4
4.6621564851840534E-4
4.6262641827327815E-4
4.5909017776329806E-4
4.5560577906188384E-4
4.5217210688661255E-4
4.487880774533449E-4
4.4545263737809495E-4
4.421647626243633E-4
4.389234574936961E-4
4.357277536575206E-4
4.3257670922819175E-4
4.294694078675143E-4
4.2640495793094894E-4
4.233824916458411E-4
4.2040116432211466E-4
4.174601535939869E-4
4.1455865869125224E-4
4.1169589973880777E-4
4.0887111708317345E-4
4.060835706447898E-4
4.033325392949636E-4
4.006173202563725E-4
3.979372285260839E-4
3.952915963201379E-4
3.9267977253874245E-4
3.90101122251215E-4
3.875550261997892E-4
3.8504088032154034E-4
3.825580952876308E-4
3.801060960591491E-4
3.7768432145886694E-4
3.7529222375824706E-4
3.729292682790696E-4
3.7059493300908223E-4
3.682887082311225E-4
3.660100961651177E-4
3.6375861062248844E-4
3.615337766724564E-4
3.593351303197568E-4
3.5716221819332154E-4
3.5501459724548426E-4
3.5289183446135454E-4
3.507935065778683E-4
3.4871919981220714E-4
3.4666850959924286E-4
3.4464104033755293E-4
3.4263640514386236E-4
3.406542256153787E-4
3.386941315998976E-4
3.367557609733062E-4
3.348387594241999E-4
3.329427802454098E-4
3.310674841321027E-4
3.2921253898628063E-4
3.2737761972743485E-4
3.255624081090748E-4
3.237665925410064E-4
3.2198986791708776E-4
3.202319354482709E-4
3.184925025007949E-4
3.167712824392742E-4
3.150679944745741E-4
3.1338236351623747E-4
3.117141200293945E-4
3.100629998959006E-4
3.084287442796329E-4
3.0681109949576285E-4
3.0520981688386055E-4
3.036246526847631E-4
3.020553679209851E-4
3.005017282806281E-4
2.989635040046387E-4
2.9744046977731134E-4
2.9593240461991743E-4
2.9443909178737096E-4
2.929603186678131E-4
2.9149587668505757E-4
2.9004556120374185E-4
2.886091714371647E-4
2.871865103576621E-4
2.857773846094765E-4
2.8438160442403925E-4
2.829989835375706E-4
2.8162933911094027E-4
2.802724916516771E-4
2.78928264938158E-4
2.775964859457596E-4
2.7627698477508894E-4
2.749695945820211E-4
2.736741515097136E-4
2.7239049462233415E-4
2.711184658405979E-4
2.698579098789518E-4
2.686086741844431E-4
2.6737060887714966E-4
2.6614356669219576E-4
2.649274029232052E-4
2.6372197536727226E-4
2.6252714427130137E-4
2.613427722797393E-4
2.601687243836166E-4
2.5900486787089176E-4
2.578510722780465E-4
2.5670720934288754E-4
2.555731529585405E-4
2.5444877912857253E-4
2.5333396592323854E-4
2.5222859343681554E-4
2.511325437459613E-4
2.500457008691225E-4
2.489679507269105E-4
2.4789918110344874E-4
2.4683928160865523E-4
2.457881436414493E-4
2.447456603538016E-4
2.43711726615684E-4
2.426862389808512E-4
2.416690956533936E-4
2.406601964551386E-4
2.396594427937818E-4
2.3866673763176866E-4
2.3768198545592701E-4
2.3670509224776523E-4
2.35735965454515E-4
2.347745139607848E-4
2.3382064806091305E-4
2.3287427943192025E-4
2.3193532110711237E-4
2.3100368745024373E-4
2.3007929413031435E-4
2.2916205809688777E-4
2.2825189755600793E-4
2.2734873194663123E-4
2.2645248191757297E-4
2.2556306930501067E-4
2.246804171104517E-4
2.238044494791846E-4
2.2293509167922555E-4
2.220722700807265E-4
2.2121591213581314E-4
2.2036594635887308E-4
2.1952230230728222E-4
2.1868491056253712E-4
2.178537027117898E-4
2.170286113297932E-4
2.162095699612123E-4
2.153965131033454E-4
2.1458937618917383E-4
2.1378809557079698E-4
2.1299260850321782E-4
2.1220285312844437E-4
2.1141876845995843E-4
2.1064029436747295E-4
2.0986737156205445E-4
2.0909994158148872E-4
2.0833794677601805E-4
2.0758133029432084E-4
2.0683003606980767E-4
2.0608400880718636E-4
2.053431939693014E-4
2.046075377642446E-4
2.038769871327336E-4
2.0315148973571877E-4
2.0243099394227833E-4
2.017154488177247E-4
2.0100480411196252E-4
2.002990102480825E-4
1.99598018311166E-4
1.989017800373332E-4
1.982102478029847E-4
1.9752337461426952E-4
1.9684111409676552E-4
1.9616342048533583E-4
1.9549024861421563E-4
1.948215539072654E-4
1.9415729236842315E-4
1.9349742057234596E-4
1.928418956552216E-4
1.9219067530576927E-4
1.9154371775639026E-4
1.9090098177451797E-4
1.902624266541062E-4
1.8962801220728627E-4
1.8899769875619282E-4
1.883714471249258E-4
1.8774921863168285E-4
1.8713097508101642E-4
1.8651667875625548E-4
1.8590629241205584E-4
1.8529977926709735E-4
1.8469710299690148E-4
1.8409822772680532E-4
1.8350311802504127E-4
1.8291173889595482E-4
1.8232405577334518E-4
1.8174003451392693E-4
1.8115964139090774E-4
1.805828430876888E-4
1.8000960669167E-4
1.794398996881691E-4
1.7887368995446194E-4
1.7831094575391186E-4
1.7775163573021313E-4
1.77195728901739E-4
1.766431946559727E-4
1.760940027440732E-4
1.755481232754915E-4
1.7500552671271876E-4
1.7446618386610728E-4
1.739300658887818E-4
1.733971442716525E-4
1.72867390838502E-4
1.723407777411587E-4
1.7181727745477337E-4
1.712968627731287E-4
1.7077950680409934E-4
1.7026518296512136E-4
1.6975386497879006E-4
1.6924552686849165E-4
1.687401429541577E-4
1.6823768784803264E-4
1.6773813645057565E-4
1.6724146394636735E-4
1.6674764580014513E-4
1.6625665775286028E-4
1.6576847581782644E-4
1.6528307627692316E-4
1.648004356768618E-4
1.6432053082551635E-4
1.6384333878830857E-4
1.6336883688466817E-4
1.6289700268453384E-4
1.624278140049212E-4
1.6196124890653939E-4
1.6149728569047123E-4
1.610359028949139E-4
1.6057707929193873E-4
1.601207938843521E-4
1.596670259025737E-4
1.5921575480156247E-4
1.5876696025782314E-4
1.5832062216641736E-4
1.578767206380711E-4
1.5743523599628332E-4
1.5699614877450616E-4
1.5655943971336692E-4
1.5612508975793265E-4
1.5569308005500236E-4
1.5526339195047102E-4
1.548360069867111E-4
1.5441090690000226E-4
1.5398807361801482E-4
1.5356748925730146E-4
1.5314913612085525E-4
1.5273299669569805E-4
1.523190536505067E-4
1.5190728983326292E-4
1.5149768826895824E-4
1.5109023215732743E-4
1.5068490487060685E-4
1.5028168995134328E-4
1.4988057111022454E-4
1.494815322239483E-4
1.490845573331149E-4
1.4868963064016894E-4
1.482967365073553E-4
1.4790585945470775E-4
1.4751698415808005E-4
1.4713009544719654E-4
1.4674517830372863E-4
1.4636221785941327E-4
1.4598119939417928E-4
1.456021083343251E-4
1.4522493025070403E-4
1.4484965085695146E-4
1.444762560077146E-4
1.4410473169694396E-4
1.4373506405617484E-4
1.4336723935285685E-4
1.4300124398869434E-4
1.4263706449802295E-4
1.4227468754619902E-4
1.4191409992800964E-4
1.4155528856613404E-4
1.4119824050957318E-4
1.408429429321683E-4
1.4048938313107902E-4
1.4013754852532786E-4
1.3978742665433604E-4
1.3943900517650765E-4
1.3909227186780258E-4
1.3874721462035747E-4
1.3840382144110968E-4
1.3806208045044122E-4
1.3772197988085223E-4
1.373835080756481E-4
1.3704665348763937E-4
1.367114046778635E-4
1.363777503143243E-4
1.3604567917075826E-4
1.35715180125396E-4
1.3538624215976705E-4
1.3505885435749433E-4
1.3473300590313508E-4
1.3440868608100796E-4
1.3408588427405607E-4
1.3376458996272058E-4
1.3344479272382824E-4
1.3312648222948915E-4
1.3280964824602016E-4
1.3249428063287708E-4
1.321803693416014E-4
1.318679044147779E-4
1.3155687598501517E-4
1.3124727427393012E-4
1.3093908959115267E-4
1.3063231233334839E-4
1.3032693298322968E-4
1.3002294210861964E-4
1.2972033036148784E-4
1.2941908847703232E-4
1.2911920727274833E-4
1.288206776475246E-4
1.2852349058075334E-4
1.282276371314294E-4
1.2793310843729595E-4
1.2763989571397297E-4
1.273479902540986E-4
1.2705738342651648E-4
1.267680666754198E-4
1.264800315195475E-4
1.2619326955137515E-4
1.259077724363218E-4
1.256235319119499E-4
1.2534053978721565E-4
1.2505878794167048E-4
1.2477826832473751E-4
1.244989729549315E-4
1.2422089391915433E-4
1.2394402337193938E-4
1.2366835353475622E-4
1.2339387669528426E-4
1.231205852067208E-4
1.2284847148708549E-4
1.2257752801854758E-4
1.2230774734673294E-4
1.2203912208007608E-4
1.217716448891535E-4
1.2150530850603751E-4
1.2124010572365284E-4
1.2097602939515134E-4
1.207130724332709E-4
1.2045122780973653E-4
1.2019048855463593E-4
1.1993084775582534E-4
1.1967229855833374E-4
1.1941483416377037E-4
1.1915844782975098E-4
1.1890313286931513E-4
1.1864888265037647E-4
1.18395690595146E-4
1.1814355017958635E-4
1.1789245493286945E-4
1.1764239843683247E-4
1.1739337432544785E-4
1.1714537628429241E-4
1.1689839805003718E-4
1.1665243340992441E-4
1.1640747620126112E-4
1.1616352031092311E-4
1.1592055967485914E-4
1.1567858827758958E-4
1.1543760015174166E-4
1.151975893775561E-4
1.1495855008242193E-4
1.1472047644041044E-4
1.1448336267180576E-4
1.1424720304266805E-4
1.140119918643552E-4
1.1377772349310691E-4
1.135443923295839E-4
1.1331199281844044E-4
1.1308051944789966E-4
1.1284996674931698E-4
1.1262032929677831E-4
1.1239160170666454E-4
1.1216377863725719E-4
1.1193685478833139E-4
1.1171082490074202E-4
1.1148568375604203E-4
1.1126142617609427E-4
1.110380470226666E-4
1.1081554119706603E-4
1.1059390363975309E-4
1.103731293299665E-4
1.1015321328536688E-4
1.099341505616474E-4
1.0971593625219654E-4
1.094985654877337E-4
1.0928203343594217E-4
1.0906633530114316E-4
1.0885146632393713E-4
1.0863742178085823E-4
1.0842419698405155E-4
1.0821178728092867E-4
1.0800018805384368E-4
1.0778939471975907E-4
1.0757940272993067E-4
1.0737020756959019E-4
1.0716180475762051E-4
1.0695418984625256E-4
1.0674735842075325E-4
1.0654130609912347E-4
1.0633602853178859E-4
1.0613152140131159E-4
1.0592778042208717E-4
1.0572480134005894E-4
1.0552257993242149E-4
1.0532111200734608E-4
1.0512039340368898E-4
1.0492041999071288E-4
1.0472118766782089E-4
1.0452269236426806E-4
1.0432493003890238E-4
1.0412789667989554E-4
1.039315883044699E-4
1.0373600095865321E-4
1.0354113071700367E-4
1.0334697368235956E-4
1.0315352598559397E-4
1.0296078378534886E-4
1.0276874326780284E-4
1.0257740064641178E-4
1.0238675216167984E-4
1.0219679408090666E-4
1.0200752269795914E-4
1.0181893433303238E-4
1.0163102533241472E-4
1.0144379206826815E-4
1.012572309383835E-4
1.0107133836597204E-4
1.0088611079943383E-4
1.0070154471213859E-4
1.00517636602205E-4
1.0033438299229374E-4
1.0015178042937906E-4
9.99698254845553E-5
The correct rate for BP: 100.00% 
