2.288186846487372
1.8771416522894777
0.3228502848361648
0.03410388644761339
0.01355792544536169
0.00995777332363066
0.007860109409586423
0.006486602188408571
0.005516221224802939
0.0047938011245116
0.004235006401638838
0.003789952905023705
0.003427201803343841
0.0031259367352620753
0.0028718187873711114
0.002654645324577568
0.002466957337245212
0.0023031746878604043
0.0021590393756805077
0.0020312458505254228
0.0019171888754920103
0.0018147874915830247
0.0017223595520718374
0.0016385306436646325
0.0015621668751072528
0.0014923245395946497
0.0014282119063265236
0.001369159862938017
0.001314599105805628
0.001264042235670227
0.0012170695706946915
0.0011733178068558372
0.0011324708807881282
0.001094252551877104
0.001058420337859421
0.00102476052446944
9.930840337111022E-4
9.632229833243396E-4
9.350278063047291E-4
9.083648270102279E-4
8.831142116637305E-4
8.591682275373711E-4
8.364297579577248E-4
8.148110303639577E-4
7.94232522626837E-4
7.746220191783967E-4
7.559137935718553E-4
7.380478981682181E-4
7.209695449398968E-4
7.046285640571156E-4
6.889789291053421E-4
6.739783395715962E-4
6.595878527095968E-4
6.457715581113382E-4
6.32496289322593E-4
6.197313676812447E-4
6.074483742605929E-4
5.956209463900641E-4
5.842245957220848E-4
5.732365452336584E-4
5.626355829061501E-4
5.52401930128775E-4
5.425171231284809E-4
5.329639059486551E-4
5.237261336873444E-4
5.147886848674814E-4
5.0613738195083E-4
4.977589191276171E-4
4.896407966178617E-4
4.817712608106462E-4
4.74139249645961E-4
4.6673434271206414E-4
4.5954671559101734E-4
4.5256709803705847E-4
4.4578673561827874E-4
4.3919735449215487E-4
4.3279112902074317E-4
4.265606519625857E-4
4.204989070055485E-4
4.1459924342945854E-4
4.088553527085407E-4
4.032612468829729E-4
3.9781123854572883E-4
3.9249992230596135E-4
3.873221576035845E-4
3.822730527618304E-4
3.773479501750503E-4
3.725424125388957E-4
3.678522100383595E-4
3.632733084170379E-4
3.588018578578078E-4
3.5443418261142537E-4
3.5016677131507605E-4
3.459962679480627E-4
3.419194633763174E-4
3.3793328744159164E-4
3.340348015549125E-4
3.30221191757256E-4
3.264897622135248E-4
3.2283792910859906E-4
3.192632149168474E-4
3.157632430187966E-4
3.1233573264069053E-4
3.089784940945783E-4
3.056894242984523E-4
3.024665025573355E-4
2.993077865878772E-4
2.9621140877020795E-4
2.931755726120495E-4
2.901985494112953E-4
2.872786751041345E-4
2.8441434728685615E-4
2.816040224003029E-4
2.7884621306670015E-4
2.761394855693678E-4
2.734824574664692E-4
2.708737953305464E-4
2.6831221260622656E-4
2.657964675789573E-4
2.633253614481104E-4
2.6089773649827893E-4
2.585124743630183E-4
2.5616849437558136E-4
2.5386475200167476E-4
2.5160023734947E-4
2.493739737525224E-4
2.47185016421458E-4
2.450324511605605E-4
2.429153931456737E-4
2.4083298576003628E-4
2.387843994848567E-4
2.3676883084167177E-4
2.3478550138369413E-4
2.3283365673354062E-4
2.309125656648298E-4
2.2902151922542176E-4
2.27159829900021E-4
2.2532683081017847E-4
2.235218749497482E-4
2.217443344539177E-4
2.1999359990021108E-4
2.1826907963977586E-4
2.165701991574658E-4
2.1489640045927052E-4
2.132471414857494E-4
2.1162189555022957E-4
2.1002015080047435E-4
2.084414097027745E-4
2.0688518854734052E-4
2.0535101697398284E-4
2.0383843751713127E-4
2.023470051692538E-4
2.0087628696185912E-4
1.9942586156322778E-4
1.979953188920982E-4
1.9658425974660533E-4
1.9519229544776018E-4
1.9381904749679626E-4
1.9246414724577833E-4
1.9112723558087878E-4
1.8980796261775065E-4
1.885059874084722E-4
1.872209776595264E-4
1.8595260946039865E-4
1.8470056702223615E-4
1.8346454242624614E-4
1.8224423538130142E-4
1.8103935299047135E-4
1.7984960952599778E-4
1.786747262124626E-4
1.7751443101769076E-4
1.7636845845117965E-4
1.7523654936967248E-4
1.7411845078958406E-4
1.7301391570605186E-4
1.7192270291826298E-4
1.7084457686089216E-4
1.697793074413294E-4
1.6872666988250608E-4
1.6768644457109265E-4
1.666584169108476E-4
1.6564237718091196E-4
1.6463812039887521E-4
1.636454461884018E-4
1.626641586512777E-4
1.6169406624364323E-4
1.6073498165633543E-4
1.597867216991271E-4
1.5884910718871076E-4
1.5792196284032686E-4
1.5700511716288003E-4
1.56098402357393E-4
1.5520165421870554E-4
1.5431471204029303E-4
1.534374185220593E-4
1.5256961968105508E-4
1.5171116476493654E-4
1.508619061681567E-4
1.500216993507083E-4
1.4919040275937706E-4
1.4836787775139495E-4
1.4755398852042594E-4
1.4674860202477978E-4
1.4595158791779158E-4
1.4516281848028672E-4
1.4438216855506235E-4
1.436095154833096E-4
1.4284473904290537E-4
1.4208772138854883E-4
1.4133834699358927E-4
1.4059650259361716E-4
1.398620771316364E-4
1.3913496170484118E-4
1.384150495129156E-4
1.3770223580780532E-4
1.369964178449232E-4
1.3629749483573986E-4
1.3560536790168485E-4
1.349199400293803E-4
1.3424111602709118E-4
1.335688024823882E-4
1.329029077210076E-4
1.3224334176681183E-4
1.3159001630286968E-4
1.309428446335812E-4
1.3030174164785133E-4
1.2966662378324147E-4
1.2903740899108888E-4
1.2841401670257892E-4
1.2779636779569823E-4
1.2718438456307907E-4
1.2657799068070092E-4
1.2597711117739294E-4
1.253816724051688E-4
1.24791602010308E-4
1.242068289052022E-4
1.236272832409346E-4
1.2305289638055487E-4
1.224836008730516E-4
1.2191933042798225E-4
1.2136001989075074E-4
1.2080560521851932E-4
1.2025602345671782E-4
1.1971121271614986E-4
1.1917111215067217E-4
1.1863566193543785E-4
1.181048032456516E-4
1.1757847823589573E-4
1.1705663001993065E-4
1.1653920265099683E-4
1.1602614110261024E-4
1.1551739124982546E-4
1.1501289985092612E-4
1.1451261452960588E-4
1.1401648375751705E-4
1.1352445683730699E-4
1.1303648388599482E-4
1.1255251581878599E-4
1.1207250433325141E-4
1.1159640189388682E-4
1.1112416171703401E-4
1.106557377561536E-4
1.1019108468743937E-4
1.0973015789577399E-4
1.0927291346100053E-4
1.0881930814452113E-4
1.0836929937619109E-4
1.0792284524152873E-4
1.0747990446920409E-4
1.0704043641881278E-4
1.0660440106892956E-4
1.0617175900544321E-4
1.0574247141012578E-4
1.0531650004948306E-4
1.0489380726384647E-4
1.0447435595669782E-4
1.0405810958424385E-4
1.0364503214521601E-4
1.0323508817088628E-4
1.0282824271531665E-4
1.0242446134581192E-4
1.0202371013358259E-4
1.0162595564460648E-4
1.012311649306915E-4
1.0083930552073434E-4
1.0045034541215919E-4
1.0006425306254235E-4
9.968099738141588E-5
The correct rate for BP: 100.00% 
