1.5208935610118046
0.7163145206550937
0.09767377425481291
0.018803480360890384
0.01256248166148557
0.00946051626675576
0.007580539574479859
0.006316045715736278
0.005406974687899856
0.004722122500021827
0.004187883307612063
0.0037597030170921962
0.0034090148093789486
0.0031166537127308384
0.002869282071216905
0.0026573317195570066
0.0024737609848366005
0.0023132731652030906
0.0021718081668420652
0.0020462020181988686
0.0019339529532903788
0.0018330570821022127
0.0017418906425221232
0.0016591241288238003
0.0015836586677891748
0.0015145781997035282
0.0014511130686139493
0.001392611969593927
0.0013385200992835312
0.0012883619675344137
0.0012417277509220968
0.001198262365692509
0.0011576566488342623
0.001119640188036506
0.0010839754521025425
0.001050452955012945
0.0010188872475650835
9.891135761339405E-4
9.609850826680224E-4
9.343704464481136E-4
9.091518884786756E-4
8.852234751627393E-4
8.624896702399185E-4
8.408640936622421E-4
8.202684537544641E-4
8.006316251125207E-4
7.818888495822942E-4
7.63981041595707E-4
7.468541823234262E-4
7.304587896909643E-4
7.147494534176298E-4
6.996844259709791E-4
6.852252617571381E-4
6.713364980484207E-4
6.579853721302768E-4
6.451415699670135E-4
6.327770023695319E-4
6.208656052221829E-4
6.093831608093658E-4
5.98307137690693E-4
5.876165469199194E-4
5.772918126968318E-4
5.673146557922891E-4
5.576679883008088E-4
5.483358184590883E-4
5.393031644266009E-4
5.305559760604707E-4
5.220810638344401E-4
5.138660341532009E-4
5.058992304019037E-4
4.981696791470049E-4
4.906670409717311E-4
4.833815654876891E-4
4.763040501151161E-4
4.694258022692101E-4
4.6273860462905854E-4
4.5623468320046617E-4
4.49906677914287E-4
4.437476155288853E-4
4.3775088462910634E-4
4.3191021253524415E-4
4.2621964395411446E-4
4.2067352122115043E-4
4.1526646599698863E-4
4.0999336229544456E-4
4.048493407313126E-4
3.9982976388720245E-4
3.9493021270779993E-4
3.9014647383854903E-4
3.8547452783325504E-4
3.8091053816195015E-4
3.7645084095644225E-4
3.720919354365495E-4
3.6783047496496133E-4
3.6366325868315087E-4
3.595872236848782E-4
3.555994376874226E-4
3.5169709216410907E-4
3.4787749590461735E-4
3.4413806897238256E-4
3.404763370308374E-4
3.368899260125719E-4
3.3337655710743714E-4
3.299340420476821E-4
3.265602786697361E-4
3.2325324673396975E-4
3.2001100398509414E-4
3.1683168243723623E-4
3.137134848689296E-4
3.106546815142696E-4
3.0765360693764057E-4
3.0470865708018686E-4
3.0181828646720063E-4
2.989810055662611E-4
2.9619537828674467E-4
2.9346001961196857E-4
2.907735933558801E-4
2.881348100366429E-4
2.85542424860196E-4
2.8299523580712445E-4
2.804920818167834E-4
2.780318410629281E-4
2.7561342931557774E-4
2.732357983840577E-4
2.708979346366346E-4
2.685988575923604E-4
2.6633761858107493E-4
2.6411329946772103E-4
2.6192501143745394E-4
2.597718938381422E-4
2.576531130771914E-4
2.5556786156967335E-4
2.535153567350607E-4
2.514948400399362E-4
2.4950557608425595E-4
2.4754685172887695E-4
2.456179752621813E-4
2.4371827560379312E-4
2.4184710154345448E-4
2.4000382101327925E-4
2.3818782039170376E-4
2.363985038374977E-4
2.34635292652397E-4
2.3289762467086083E-4
2.311849536756896E-4
2.294967488381817E-4
2.2783249418165986E-4
2.2619168806726407E-4
2.245738427008738E-4
2.2297848366021776E-4
2.2140514944121706E-4
2.1985339102257592E-4
2.1832277144789202E-4
2.1681286542435515E-4
2.1532325893735326E-4
2.1385354888022958E-4
2.1240334269847385E-4
2.1097225804773924E-4
2.0955992246504814E-4
2.0816597305258624E-4
2.0679005617354617E-4
2.0543182715945508E-4
2.0409095002855006E-4
2.0276709721463306E-4
2.0145994930603281E-4
2.0016919479418115E-4
1.9889452983141482E-4
1.9763565799763404E-4
1.963922900753948E-4
1.9516414383311702E-4
1.9395094381606287E-4
1.9275242114475346E-4
1.915683133205325E-4
1.9039836403795995E-4
1.8924232300378689E-4
1.8809994576222218E-4
1.8697099352624888E-4
1.85855233014734E-4
1.8475243629513397E-4
1.836623806315261E-4
1.825848483377872E-4
1.8151962663572708E-4
1.8046650751795009E-4
1.794252876152917E-4
1.7839576806862652E-4
1.773777544049193E-4
1.7637105641731115E-4
1.7537548804912273E-4
1.743908672816027E-4
1.7341701602531195E-4
1.72453760014965E-4
1.715009287076373E-4
1.7055835518419747E-4
1.6962587605385095E-4
1.6870333136167112E-4
1.6779056449902838E-4
1.668874221167862E-4
1.6599375404119891E-4
1.6510941319237534E-4
1.6423425550525874E-4
1.6336813985297932E-4
1.6251092797257168E-4
1.6166248439288472E-4
1.608226763646928E-4
1.5999137379285656E-4
1.5916844917053397E-4
1.5835377751530232E-4
1.575472363071843E-4
1.567487054284679E-4
1.5595806710529204E-4
1.551752058509178E-4
1.5440000841064144E-4
1.5363236370828572E-4
1.528721627942107E-4
1.5211929879482998E-4
1.5137366686352564E-4
1.5063516413295818E-4
1.499036896687242E-4
1.4917914442428797E-4
1.4846143119718718E-4
1.4775045458642342E-4
1.470461209510547E-4
1.4634833836989978E-4
1.456570166023553E-4
1.449720670502767E-4
1.44293402720875E-4
1.4362093819063836E-4
1.429545895701999E-4
1.422942744701469E-4
1.4163991196774654E-4
1.4099142257454226E-4
1.4034872820481168E-4
1.397117521448492E-4
1.3908041902303665E-4
1.3845465478073065E-4
1.3783438664384412E-4
1.3721954309522312E-4
1.366100538476953E-4
1.3600584981780187E-4
1.3540686310023475E-4
1.348130269428808E-4
1.342242757225264E-4
1.336405449211521E-4
1.3306177110283332E-4
1.3248789189121546E-4
1.3191884594754194E-4
1.3135457294922743E-4
1.3079501356896484E-4
1.3024010945434123E-4
1.2968980320794598E-4
1.291440383679738E-4
1.286027593892874E-4
1.280659116249466E-4
1.2753344130817115E-4
1.270052955347448E-4
1.2648142224583726E-4
1.259617702112241E-4
1.2544628901292802E-4
1.2493492902920753E-4
1.2442764141896631E-4
1.2392437810648902E-4
1.2342509176655714E-4
1.2292973580990137E-4
1.2243826436898192E-4
1.2195063228412021E-4
1.2146679508992258E-4
1.2098670900202968E-4
1.2051033090416401E-4
1.2003761833547165E-4
1.1956852947814837E-4
1.191030231453496E-4
1.1864105876935695E-4
1.1818259639003966E-4
1.1772759664353057E-4
1.1727602075119936E-4
1.1682783050882612E-4
1.163829882760457E-4
1.1594145696601819E-4
1.1550320003530116E-4
1.1506818147397435E-4
1.1463636579596544E-4
1.1420771802957228E-4
1.1378220370822476E-4
1.1335978886139581E-4
1.1294044000575876E-4
1.1252412413648814E-4
1.1211080871877753E-4
1.1170046167952419E-4
1.1129305139918354E-4
1.1088854670381339E-4
1.1048691685725986E-4
1.1008813155352973E-4
1.096921609093067E-4
1.0929897545663563E-4
1.0890854613574032E-4
1.0852084428800397E-4
1.0813584164909475E-4
1.0775351034221972E-4
1.0737382287152441E-4
1.0699675211562823E-4
1.0662227132128828E-4
1.0625035409718798E-4
1.0588097440785912E-4
1.0551410656771476E-4
1.0514972523520821E-4
1.0478780540711547E-4
1.0442832241291222E-4
1.0407125190927935E-4
1.0371656987471086E-4
1.0336425260422602E-4
1.0301427670418716E-4
1.0266661908722254E-4
1.0232125696723929E-4
1.0197816785453495E-4
1.0163732955101755E-4
1.0129872014550352E-4
1.009623180090995E-4
1.0062810179069539E-4
1.0029605041252907E-4
9.996614306582854E-5
The correct rate for BP: 100.00% 
