1.7959938886860605
1.6218132380845554
0.6984768459905093
0.19744613521879792
0.05867199013460698
0.028283028195849498
0.020340558000843546
0.01580923744859146
0.012902596243854198
0.010879542323743451
0.009390867346588288
0.008250276324846316
0.007349115997137125
0.006619674741746942
0.006017537961087067
0.005512357733724804
0.00508269338381016
0.004712969207597264
0.004391599720796714
0.004109790768619731
0.003860748228339102
0.0036391412773009967
0.003440729546939328
0.003262098621954669
0.003100468864965146
0.002953554912023794
0.0028194608443686034
0.002696600905880433
0.0025836387939089174
0.002479440643329986
0.0023830382352764165
0.0022935999303736825
0.0022104075009007447
0.002132837512879692
0.0020603462502017974
0.0019924574199936605
0.0019287520594379285
0.001868860198254177
0.0018124539312015496
0.0017592416305157073
0.001708963085673682
0.0016613854019661416
0.0016162995234266866
0.0015735172721866785
0.0015328688171053575
0.001494200500914987
0.0014573729681258273
0.0014222595463148657
0.0013887448417515688
0.0013567235170321595
0.0013260992238413208
0.0012967836683968064
0.00126869579076308
0.0012417610422037555
0.0012159107472050005
0.0011910815388421036
0.0011672148578581688
0.0011442565072406574
0.0011221562552676304
0.0011008674809935145
0.0010803468569848046
0.0010605540648280808
0.0010414515395363406
0.0010230042394934389
0.0010051794390149877
9.879465409793114E-4
9.712769073039077E-4
9.551437053198918E-4
9.39521768335674E-4
9.243874688873064E-4
9.097186033521129E-4
8.954942867570391E-4
8.816948567485822E-4
8.683017858086479E-4
8.552976009038797E-4
8.42665809845854E-4
8.303908337186802E-4
8.184579448000176E-4
8.068532094625325E-4
7.955634355968715E-4
7.845761241447564E-4
7.738794243730403E-4
7.634620925568331E-4
7.533134537730491E-4
7.434233665351724E-4
7.337821900262802E-4
7.24380753710866E-4
7.152103291267576E-4
7.06262603677251E-4
6.975296562603257E-4
6.890039345866989E-4
6.806782340521118E-4
6.725456780411941E-4
6.645996995513299E-4
6.56834024034625E-4
6.49242653365049E-4
6.418198508457504E-4
6.34560127178881E-4
6.274582273266667E-4
6.205091181986276E-4
6.137079771050339E-4
6.070501809216051E-4
6.005312959151486E-4
5.941470681834588E-4
5.878934146668753E-4
5.817664146920986E-4
5.757623020118271E-4
5.698774573068316E-4
5.641084011193934E-4
5.584517871895142E-4
5.529043961674957E-4
5.474631296782407E-4
5.421250047147289E-4
5.368871483394449E-4
5.31746792674453E-4
5.267012701617552E-4
5.217480090772767E-4
5.168845292827523E-4
5.121084382009163E-4
5.07417427000557E-4
5.028092669786904E-4
4.982818061281707E-4
4.938329658797374E-4
4.894607380082584E-4
4.851631816936674E-4
4.809384207275807E-4
4.767846408573117E-4
4.7270008725948013E-4
4.686830621359152E-4
4.6473192242494374E-4
4.60845077621787E-4
4.5702098770197835E-4
4.532581611421523E-4
4.4955515303305376E-4
4.459105632796511E-4
4.423230348838179E-4
4.3879125230513616E-4
4.3531393989581054E-4
4.318898604056752E-4
4.28517813553801E-4
4.251966346632247E-4
4.219251933555212E-4
4.187023923023208E-4
4.1552716603073827E-4
4.123984797801592E-4
4.0931532840773264E-4
4.0627673534026205E-4
4.0328175157010765E-4
4.0032945469309524E-4
3.97418947986291E-4
3.945493595237701E-4
3.9171984132860575E-4
3.8892956855927143E-4
3.8617773872898843E-4
3.834635709562813E-4
3.807863052454868E-4
3.7814520179570144E-4
3.7553954033693344E-4
3.7296861949220623E-4
3.704317561644087E-4
3.679282849468371E-4
3.6545755755631554E-4
3.63018942287947E-4
3.606118234904792E-4
3.5823560106144133E-4
3.558896899611553E-4
3.5357351974481385E-4
3.5128653411184576E-4
3.490281904718464E-4
3.4679795952631965E-4
3.445953248656581E-4
3.424197825805894E-4
3.402708408876235E-4
3.3814801976780363E-4
3.3605085061828903E-4
3.339788759162108E-4
3.3193164889430005E-4
3.2990873322781165E-4
3.279097027323042E-4
3.2593414107182355E-4
3.239816414770876E-4
3.220518064732377E-4
3.201442476168544E-4
3.1825858524180237E-4
3.163944482135951E-4
3.145514736919433E-4
3.127293069011551E-4
3.1092760090813793E-4
3.091460164076288E-4
3.073842215144608E-4
3.0564189156255853E-4
3.039187089103882E-4
3.022143627526905E-4
3.005285489382003E-4
2.988609697931499E-4
2.972113339503506E-4
2.955793561836454E-4
2.939647572475441E-4
2.923672637218231E-4
2.9078660786095245E-4
2.892225274481611E-4
2.8767476565395395E-4
2.861430708989492E-4
2.846271967208724E-4
2.831269016455785E-4
2.8164194906192595E-4
2.8017210710038675E-4
2.787171485152973E-4
2.772768505705501E-4
2.7585099492868583E-4
2.7443936754321187E-4
2.7304175855407835E-4
2.7165796218616485E-4
2.702877766507277E-4
2.689310040496593E-4
2.675874502824862E-4
2.662569249560325E-4
2.649392412966366E-4
2.636342160648199E-4
2.6234166947239525E-4
2.610614251018585E-4
2.5979330982804486E-4
2.585371537419297E-4
2.572927900765535E-4
2.56060055134987E-4
2.5483878822021806E-4
2.536288315670081E-4
2.524300302755485E-4
2.512422322469219E-4
2.5006528812029314E-4
2.4889905121178694E-4
2.477433774549821E-4
2.465981253429819E-4
2.4546315587201984E-4
2.443383324865408E-4
2.43223521025719E-4
2.4211858967136904E-4
2.4102340889721016E-4
2.3993785141944023E-4
2.3886179214856578E-4
2.3779510814249508E-4
2.3673767856079273E-4
2.3568938462012438E-4
2.346501095508011E-4
2.3361973855445464E-4
2.325981587627222E-4
2.3158525919701696E-4
2.3058093072926794E-4
2.2958506604361676E-4
2.2859755959911293E-4
2.276183075932687E-4
2.2664720792654308E-4
2.2568416016766605E-4
2.2472906551982642E-4
2.2378182678766333E-4
2.2284234834505978E-4
2.2191053610369458E-4
2.2098629748235833E-4
2.2006954137701357E-4
2.1916017813152167E-4
2.1825811950910756E-4
2.1736327866446763E-4
2.1647557011653625E-4
2.1559490972189015E-4
2.1472121464878176E-4
2.1385440335175052E-4
2.1299439554683505E-4
2.1214111218735804E-4
2.1129447544025693E-4
2.1045440866295965E-4
2.096208363807822E-4
2.087936842648417E-4
2.0797287911046523E-4
2.0715834881608006E-4
2.0635002236259303E-4
2.0554782979320788E-4
2.0475170219370325E-4
2.039615716731543E-4
2.0317737134504474E-4
2.0239903530886515E-4
2.0162649863202892E-4
2.0085969733224017E-4
2.0009856836023185E-4
1.9934304958287122E-4
1.985930797666264E-4
1.9784859856141154E-4
1.971095464847556E-4
1.9637586490630794E-4
1.9564749603269855E-4
1.9492438289269503E-4
1.9420646932267923E-4
1.9349369995244506E-4
1.9278602019126963E-4
1.9208337621429044E-4
1.9138571494917308E-4
1.9069298406304086E-4
1.9000513194968345E-4
1.8932210771702742E-4
1.8864386117486444E-4
1.8797034282283748E-4
1.8730150383866357E-4
1.8663729606659075E-4
1.859776720061174E-4
1.8532258480090095E-4
1.846719882279289E-4
1.8402583668686504E-4
1.8338408518965964E-4
1.8274668935031646E-4
1.821136053748999E-4
1.8148479005172937E-4
1.8086020074174834E-4
1.80239795369123E-4
1.796235324119859E-4
1.790113708933871E-4
1.7840327037240244E-4
1.7779919093544172E-4
1.771990931876852E-4
1.766029382447359E-4
1.7601068772437963E-4
1.754223037385502E-4
1.748377488854129E-4
1.7425698624162555E-4
1.7367997935472315E-4
1.731066922356735E-4
1.7253708935154418E-4
1.7197113561833073E-4
1.7140879639390905E-4
1.7085003747112644E-4
1.7029482507101E-4
1.6974312583611445E-4
1.691949068239861E-4
1.6865013550074643E-4
1.6810877973480427E-4
1.6757080779066972E-4
1.6703618832289194E-4
1.6650489037010055E-4
1.6597688334916275E-4
1.6545213704944505E-4
1.6493062162716213E-4
1.6441230759986838E-4
1.6389716584099773E-4
1.633851675745388E-4
1.6287628436979416E-4
1.6237048813622548E-4
1.6186775111840608E-4
1.6136804589104468E-4
1.6087134535410825E-4
1.6037762272804164E-4
1.598868515490364E-4
1.593990056644252E-4
1.5891405922813148E-4
1.5843198669619085E-4
1.5795276282238867E-4
1.5747636265392095E-4
1.570027615271729E-4
1.5653193506355277E-4
1.560638591653927E-4
1.555985100119322E-4
1.5513586405536847E-4
1.546758980169525E-4
1.5421858888319215E-4
1.537639139020766E-4
1.5331185057939595E-4
1.5286237667510607E-4
1.5241547019976458E-4
1.5197110941101696E-4
1.5152927281014954E-4
1.5108993913869205E-4
1.5065308737509012E-4
1.502186967314126E-4
1.497867466501331E-4
1.4935721680096013E-4
1.4893008707770244E-4
1.4850533759521117E-4
1.4808294868634778E-4
1.476629008990293E-4
1.4724517499329669E-4
1.4682975193843352E-4
1.4641661291015177E-4
1.4600573928779997E-4
1.455971126516279E-4
1.4519071478008732E-4
1.447865276471956E-4
1.443845334199116E-4
1.4398471445557223E-4
1.4358705329937723E-4
1.4319153268188572E-4
1.427981355165868E-4
1.424068448974738E-4
1.420176440966951E-4
1.4163051656219673E-4
1.4124544591544443E-4
1.4086241594915439E-4
1.4048141062507347E-4
1.4010241407177513E-4
1.3972541058252064E-4
1.3935038461312124E-4
1.389773207798484E-4
1.3860620385738214E-4
1.3823701877678052E-4
1.37869750623478E-4
1.3750438463532168E-4
1.3714090620064258E-4
1.3677930085633945E-4
1.3641955428599979E-4
1.3606165231806676E-4
1.3570558092399344E-4
1.3535132621646598E-4
1.349988744476325E-4
1.3464821200735963E-4
1.342993254215134E-4
1.3395220135027657E-4
1.3360682658649235E-4
1.3326318805399545E-4
1.3292127280603214E-4
1.3258106802364303E-4
1.3224256101410472E-4
1.3190573920938097E-4
1.3157059016461085E-4
1.3123710155658755E-4
1.3090526118229534E-4
1.3057505695745277E-4
1.3024647691505892E-4
1.2991950920401209E-4
1.295941420876717E-4
1.2927036394251815E-4
1.2894816325678072E-4
1.2862752862910251E-4
1.2830844876722942E-4
1.2799091248671404E-4
1.2767490870962354E-4
1.2736042646329063E-4
1.2704745487906335E-4
1.2673598319108283E-4
1.2642600073507488E-4
1.2611749694714985E-4
1.2581046136264136E-4
1.2550488361493518E-4
1.252007534343323E-4
1.2489806064692606E-4
1.2459679517348263E-4
1.2429694702835334E-4
1.239985063183862E-4
1.237014632418696E-4
1.2340580808747496E-4
1.2311153123322388E-4
1.2281862314546152E-4
1.225270743778566E-4
1.2223687557039598E-4
1.2194801744841182E-4
1.216604908216122E-4
1.2137428658312447E-4
1.2108939570855997E-4
1.20805809255068E-4
1.2052351836044829E-4
1.2024251424221781E-4
1.1996278819673646E-4
1.1968433159831928E-4
1.1940713589837474E-4
1.191311926245417E-4
1.1885649337984099E-4
1.1858302984185693E-4
1.1831079376189752E-4
1.180397769641848E-4
1.1776997134506493E-4
1.1750136887220014E-4
1.1723396158380776E-4
1.1696774158786798E-4
1.167027010613802E-4
1.1643883224960398E-4
1.1617612746532231E-4
1.1591457908811061E-4
1.1565417956360535E-4
1.1539492140281272E-4
1.1513679718137888E-4
1.14879799538919E-4
1.1462392117831767E-4
1.1436915486505264E-4
1.141154934265418E-4
1.1386292975146793E-4
1.1361145678913074E-4
1.1336106754880939E-4
1.1311175509912358E-4
1.1286351256740933E-4
1.1261633313910192E-4
1.1237021005711783E-4
1.1212513662126237E-4
1.1188110618762303E-4
1.1163811216798595E-4
1.1139614802926607E-4
1.1115520729290799E-4
1.1091528353434638E-4
1.1067637038242901E-4
1.1043846151887542E-4
1.102015506777199E-4
1.0996563164478421E-4
1.0973069825713407E-4
1.0949674440256709E-4
1.0926376401908044E-4
1.0903175109436155E-4
1.0880069966528915E-4
1.0857060381742068E-4
1.0834145768450999E-4
1.0811325544800342E-4
1.0788599133657955E-4
1.0765965962565012E-4
1.0743425463689718E-4
1.0720977073781876E-4
1.0698620234125288E-4
1.0676354390493173E-4
1.065417899310331E-4
1.0632093496573236E-4
1.0610097359877313E-4
1.058819004630216E-4
1.056637102340519E-4
1.0544639762971832E-4
1.0522995740972908E-4
1.0501438437525192E-4
1.0479967336848934E-4
1.0458581927228368E-4
1.0437281700972037E-4
1.0416066154372321E-4
1.0394934787668361E-4
1.0373887105006101E-4
1.03529226144003E-4
1.0332040827698311E-4
1.0311241260541371E-4
1.0290523432329334E-4
1.0269886866182762E-4
1.0249331088909005E-4
1.0228855630964941E-4
1.0208460026422975E-4
1.0188143812936559E-4
1.0167906531705596E-4
1.0147747727441407E-4
1.0127666948336321E-4
1.0107663746027004E-4
1.0087737675564889E-4
1.006788829538138E-4
1.004811516725772E-4
1.0028417856292323E-4
1.0008795930869873E-4
9.989248962629957E-5
The correct rate for BP: 100.00% 
