0.8549246462980684
0.9480584698535064
0.16921131098411712
0.006462691538886118
0.005515801301172562
0.0047851146622922905
0.004219780179575187
0.0037702915051278352
0.00340491430503981
0.0031023766628267475
0.002847936065963116
0.0026310823126711224
0.0024441354543167544
0.0022813607514422848
0.0021383933930735344
0.002011854593146589
0.0018990892334121447
0.0017979826726336361
0.0017068303202557465
0.0016242431252647624
0.0015490779854957187
0.0014803857545872532
0.0014173718767149337
0.0013593662171905948
0.001305799680923314
0.001256185904108016
0.0012101067815037973
0.0011672009246376609
0.0011271543818846758
0.0010896931202171048
0.001054576890840168
0.0010215941906819874
9.90558098180867E-4
9.613028115268529E-4
9.336807550306657E-4
9.07560147846169E-4
8.828229511789838E-4
8.593631270479496E-4
8.370851548508389E-4
8.159027623203513E-4
7.957378356094549E-4
7.765194797159408E-4
7.581832056218845E-4
7.406702246700043E-4
7.23926834044691E-4
7.079038799385441E-4
6.925562871960289E-4
6.778426460351283E-4
6.637248479355846E-4
6.501677640099963E-4
6.371389601921258E-4
6.246084444231646E-4
6.125484417240412E-4
6.00933193634242E-4
5.897387789959246E-4
5.789429534823814E-4
5.685250056256611E-4
5.584656273999181E-4
5.487467976743682E-4
5.393516770688591E-4
5.302645129331261E-4
5.214705533319569E-4
5.129559690571527E-4
5.047077828069495E-4
4.9671380477702E-4
4.889625739967047E-4
4.8144330482228104E-4
4.7414583806659055E-4
4.6706059630368096E-4
4.601785429387388E-4
4.534911446788649E-4
4.469903370799629E-4
4.4066849287996657E-4
4.3451839285936483E-4
4.2853319899710047E-4
4.227064297139232E-4
4.1703193701653023E-4
4.1150388537459186E-4
4.061167321795142E-4
4.008652096486515E-4
3.957443080519206E-4
3.9074926014961693E-4
3.8587552674069635E-4
3.811187832303381E-4
3.7647490713401505E-4
3.719399664428306E-4
3.675102087818241E-4
3.631820512989124E-4
3.589520712278104E-4
3.548169970731336E-4
3.507737003704122E-4
3.4681918797781913E-4
3.4295059486006525E-4
3.391651773282301E-4
3.3546030670232585E-4
3.318334633661247E-4
3.2828223118622007E-4
3.2480429226962684E-4
3.213974220362309E-4
3.1805948458426815E-4
3.147884283287078E-4
3.1158228189405684E-4
3.0843915024442175E-4
3.053572110350378E-4
3.023347111706068E-4
2.9936996355695635E-4
2.964613440334618E-4
2.9360728847463153E-4
2.908062900500727E-4
2.880568966328763E-4
2.8535770834710366E-4
2.827073752457743E-4
2.8010459511134555E-4
2.7754811137119625E-4
2.750367111211935E-4
2.7256922325086074E-4
2.701445166641088E-4
2.6776149858990475E-4
2.6541911297765986E-4
2.6311633897236594E-4
2.608521894649529E-4
2.5862570971355557E-4
2.564359760317002E-4
2.542820945396214E-4
2.5216319997526456E-4
2.5007845456157966E-4
2.480270469271404E-4
2.460081910770749E-4
2.4402112541168215E-4
2.4206511179015848E-4
2.4013943463697436E-4
2.3824340008876986E-4
2.3637633517954571E-4
2.34537587062205E-4
2.3272652226456476E-4
2.3094252597807998E-4
2.2918500137760283E-4
2.2745336897060414E-4
2.2574706597442887E-4
2.2406554572009858E-4
2.224082770814755E-4
2.207747439284101E-4
2.1916444460279842E-4
2.175768914164282E-4
2.1601161016948512E-4
2.1446813968886038E-4
2.1294603138522416E-4
2.1144484882800867E-4
2.0996416733748077E-4
2.0850357359307386E-4
2.0706266525728198E-4
2.0564105061433966E-4
2.0423834822304283E-4
2.0285418658310092E-4
2.0148820381433823E-4
2.0014004734825197E-4
1.9880937363131454E-4
1.9749584783951643E-4
1.961991436037096E-4
1.9491894274516896E-4
1.9365493502106483E-4
1.924068178792898E-4
1.9117429622234484E-4
1.899570821798297E-4
1.8875489488920258E-4
1.8756746028445365E-4
1.8639451089238037E-4
1.852357856361086E-4
1.840910296456022E-4
1.829599940748433E-4
1.81842435925431E-4
1.8073811787633568E-4
1.7964680811953735E-4
1.785682802013399E-4
1.775023128691322E-4
1.764486899233511E-4
1.7540720007447612E-4
1.7437763680485486E-4
1.7335979823511442E-4
1.7235348699508408E-4
1.7135851009895687E-4
1.70374678824584E-4
1.6940180859670764E-4
1.6843971887403757E-4
1.6748823303995095E-4
1.6654717829675395E-4
1.6561638556330478E-4
1.6469568937594017E-4
1.6378492779250994E-4
1.6288394229947527E-4
1.6199257772192349E-4
1.6111068213636376E-4
1.6023810678628564E-4
1.5937470600029487E-4
1.5852033711277386E-4
1.576748603869981E-4
1.5683813894055933E-4
1.5601003867308155E-4
1.5519042819610215E-4
1.543791787650665E-4
1.5357616421334664E-4
1.5278126088822704E-4
1.519943475887933E-4
1.5121530550562105E-4
1.5044401816227955E-4
1.496803713584923E-4
1.4892425311497455E-4
1.481755536198628E-4
1.474341651766759E-4
1.466999821537686E-4
1.4597290093523632E-4
1.4525281987318568E-4
1.445396392413749E-4
1.4383326119014775E-4
1.4313358970262352E-4
1.4244053055212206E-4
1.417539912607399E-4
1.4107388105909642E-4
1.4040011084716808E-4
1.3973259315620053E-4
1.3907124211165123E-4
1.384159733971435E-4
1.3776670421938733E-4
1.3712335327403693E-4
1.3648584071246432E-4
1.3585408810943373E-4
1.3522801843159554E-4
1.3460755600684727E-4
1.3399262649448169E-4
1.3338315685611376E-4
1.3277907532737148E-4
1.3218031139031864E-4
1.315867957465862E-4
1.3099846029120503E-4
1.304152380870873E-4
1.2983706334017636E-4
1.2926387137522963E-4
1.286955986121967E-4
1.2813218254320065E-4
1.275735617101052E-4
1.2701967568262825E-4
1.2647046503700538E-4
1.259258713351797E-4
1.253858371045075E-4
1.2485030581796592E-4
1.2431922187482907E-4
1.2379253058184025E-4
1.2327017813480696E-4
1.227521116006832E-4
1.2223827890003722E-4
1.2172862878998187E-4
1.2122311084748034E-4
1.2072167545306385E-4
1.2022427377494136E-4
1.1973085775346151E-4
1.1924138008596968E-4
1.1875579421199575E-4
1.1827405429879109E-4
1.1779611522722183E-4
1.1732193257796229E-4
1.1685146261801602E-4
1.1638466228756113E-4
1.1592148918706641E-4
1.1546190156473615E-4
1.1500585830421647E-4
1.1455331891257648E-4
1.1410424350859089E-4
1.1365859281124417E-4
1.1321632812853003E-4
1.127774113464756E-4
1.1234180491841481E-4
1.1190947185451106E-4
1.1148037571149667E-4
1.1105448058264253E-4
1.1063175108794659E-4
1.1021215236454751E-4
1.097956500573284E-4
1.0938221030972693E-4
1.0897179975476831E-4
1.0856438550625592E-4
1.0815993515017524E-4
1.0775841673626878E-4
1.0735979876979812E-4
1.0696405020348165E-4
1.0657114042958909E-4
1.0618103927221847E-4
1.0579371697972174E-4
1.0540914421731284E-4
1.0502729205979152E-4
1.0464813198444994E-4
1.0427163586412011E-4
1.0389777596034982E-4
1.0352652491673426E-4
1.0315785575238423E-4
1.0279174185551818E-4
1.0242815697718559E-4
1.0206707522513028E-4
1.0170847105776001E-4
1.0135231927825667E-4
1.0099859502878682E-4
1.0064727378483485E-4
1.0029833134966046E-4
9.995174384884426E-5
The correct rate for BP: 100.00% 
