1.3191420778177911
1.701645591402001
0.19993887704026503
0.003981310875785669
0.0032356572710016546
0.0027205907112915415
0.002348708850899274
0.002067521388935994
0.001847314305638759
0.0016700760726400844
0.0015242665244037984
0.001402150864338448
0.0012983490937538856
0.0012090017337383387
0.0011312669407647763
0.0010630050296980725
0.0010025736689206863
9.486909246474312E-4
9.003412784843576E-4
8.567096512282383E-4
8.171341448395918E-4
7.810715784490874E-4
7.480719462978733E-4
7.177592106256638E-4
6.898166665900067E-4
6.639756561419999E-4
6.400067683587447E-4
6.177129088689483E-4
5.969237903859218E-4
5.77491515148649E-4
5.592870045294393E-4
5.421970918835436E-4
5.261221390284879E-4
5.109740693830266E-4
4.966747350881656E-4
4.8315455368481E-4
4.703513637593528E-4
4.5820945954677824E-4
4.466787726317416E-4
4.3571417521595613E-4
4.252748843670168E-4
4.1532395055730604E-4
4.0582781688459376E-4
3.967559378228291E-4
3.880804483196737E-4
3.797758756429729E-4
3.7181888766222974E-4
3.6418807229586525E-4
3.5686374370890654E-4
3.4982777154731745E-4
3.430634300730941E-4
3.365552645436262E-4
3.302889725763895E-4
3.242512985726114E-4
3.184299395515306E-4
3.128134609805812E-4
3.0739122138410176E-4
3.0215330467967395E-4
2.9709045933274433E-4
2.9219404354061E-4
2.8745597575934734E-4
2.8286868997544053E-4
2.7842509519907736E-4
2.7411853872116393E-4
2.6994277273189086E-4
2.6589192394718344E-4
2.61960465931331E-4
2.581431938403518E-4
2.544352013425349E-4
2.5083185950007167E-4
2.4732879741997955E-4
2.439218845036693E-4
2.4060721414297966E-4
2.3738108872698038E-4
2.3424000583807135E-4
2.311806455287662E-4
2.2819985858158615E-4
2.2529465566452171E-4
2.224621973033728E-4
2.1969978459992457E-4
2.170048506320661E-4
2.1437495247806547E-4
2.1180776381267142E-4
2.0930106802787859E-4
2.0685275183535105E-4
2.044607993116192E-4
2.0212328635072752E-4
1.998383754921037E-4
1.9760431109437033E-4
1.95419414828397E-4
1.9328208146519646E-4
1.9119077493640098E-4
1.8914402464694527E-4
1.8714042202131096E-4
1.8517861726621794E-4
1.832573163341603E-4
1.8137527807328725E-4
1.7953131155053033E-4
1.777242735357025E-4
1.7595306613547255E-4
1.742166345668188E-4
1.7251396506052282E-4
1.7084408288586762E-4
1.6920605048849121E-4
1.6759896573386276E-4
1.660219602494581E-4
1.6447419785925894E-4
1.62954873104571E-4
1.6146320984570243E-4
1.599984599393716E-4
1.5855990198711047E-4
1.5714684015023558E-4
1.5575860302729648E-4
1.5439454259022373E-4
1.530540331755714E-4
1.5173647052758727E-4
1.5044127089002506E-4
1.4916787014381702E-4
1.4791572298792477E-4
1.466843021608851E-4
1.454730977006814E-4
1.442816162407874E-4
1.4310938034031262E-4
1.419559278463412E-4
1.408208112866872E-4
1.3970359729137914E-4
1.3860386604127542E-4
1.3752121074238902E-4
1.364552371244744E-4
1.3540556296263377E-4
1.343718176206691E-4
1.3335364161508534E-4
1.32350686198606E-4
1.3136261296225503E-4
1.3038909345498639E-4
1.2942980881998603E-4
1.2848444944683928E-4
1.2755271463867816E-4
1.2663431229365375E-4
1.2572895859992966E-4
1.24836377743629E-4
1.239563016289856E-4
1.2308846961022572E-4
1.222326282345097E-4
1.2138853099545683E-4
1.2055593809676528E-4
1.1973461622537305E-4
1.1892433833381954E-4
1.1812488343126084E-4
1.1733603638284085E-4
1.1655758771695936E-4
1.1578933344012288E-4
1.1503107485900302E-4
1.1428261840937666E-4
1.1354377549168607E-4
1.1281436231284214E-4
1.1209419973407265E-4
1.113831131245032E-4
1.1068093222022598E-4
1.0998749098863952E-4
1.093026274977945E-4
1.0862618379058002E-4
1.0795800576348084E-4
1.0729794304977636E-4
1.0664584890694531E-4
1.0600158010812658E-4
1.0536499683745025E-4
1.0473596258909866E-4
1.0411434406991301E-4
1.0350001110544334E-4
1.0289283654925802E-4
1.0229269619539928E-4
1.0169946869387847E-4
1.0111303546904605E-4
1.0053328064076153E-4
9.996009094823086E-5
The correct rate for BP: 100.00% 
