1.0406170630542826
1.1388710037345287
0.23459914874115664
0.04241212274771058
0.01666846919691542
0.01144404326177967
0.00874447336656608
0.007084085796799887
0.005954549020427234
0.005134787101544342
0.0045121998917418355
0.004023102448370136
0.003628663858008135
0.003303821768075318
0.0030316606826677793
0.00280034331188053
0.0026013346265924718
0.002428323793557216
0.0022765431887724384
0.002142323485065502
0.00202279443184566
0.0019156784872054404
0.0018191453083591495
0.0017317071260577613
0.0016521421915715857
0.0015794378796720654
0.0015127477983353614
0.001451359039332992
0.001394666877596327
0.0013421550145112865
0.0012933799975800347
0.0012479588214152548
0.001205558977117226
0.0011658904039596122
0.0011286989322242366
0.0010937609045559265
0.00106087873594268
0.0010298772266590817
0.0010006004833273874
9.729093342422262E-4
9.466791488292936E-4
9.217979894131971E-4
8.981650376950374E-4
8.75689249472868E-4
8.542881999072448E-4
8.338870885847022E-4
8.144178791729311E-4
7.958185529044685E-4
7.780324587063636E-4
7.610077456941466E-4
7.446968661098579E-4
7.290561387149194E-4
7.140453642348241E-4
6.996274857610783E-4
6.857682880993365E-4
6.724361309537965E-4
6.596017115896609E-4
6.472378532451499E-4
6.353193160938761E-4
6.238226280043251E-4
6.127259327208504E-4
6.020088534105292E-4
5.916523697928924E-4
5.816387073019286E-4
5.719512369286808E-4
5.625743845636676E-4
5.534935488048507E-4
5.44695026323877E-4
5.36165943992386E-4
5.278941970652876E-4
5.198683928000881E-4
5.120777989630084E-4
5.045122967352201E-4
4.971623375869668E-4
4.90018903735308E-4
4.83073471843056E-4
4.763179796533859E-4
4.6974479528700034E-4
4.633466889575171E-4
4.5711680688583E-4
4.5104864721676077E-4
4.451360377610724E-4
4.3937311540363913E-4
4.3375430703408095E-4
4.2827431187035617E-4
4.229280850580333E-4
4.177108224392707E-4
4.126179463953487E-4
4.076450926756187E-4
4.027880981336486E-4
3.980429892985658E-4
3.9340597171599585E-4
3.888734199989783E-4
3.8444186853417764E-4
3.8010800279376184E-4
3.758686512073618E-4
3.7172077755249014E-4
3.676614738253036E-4
3.6368795355668084E-4
3.597975455415678E-4
3.55987687952109E-4
3.522559228074224E-4
3.4859989077516365E-4
3.450173262818019E-4
3.4150605291054025E-4
3.380639790672943E-4
3.3468909389673E-4
3.313794634316955E-4
3.281332269606463E-4
3.2494859359880616E-4
3.21823839049889E-4
3.187573025461379E-4
3.1574738395532154E-4
3.127925410442231E-4
3.098912868887532E-4
3.0704218742170646E-4
3.0424385910965055E-4
3.014949667510961E-4
2.9879422138866414E-4
2.9614037832837977E-4
2.935322352597883E-4
2.9096863047094505E-4
2.8844844115271935E-4
2.8597058178729274E-4
2.835340026159701E-4
2.811376881818556E-4
2.7878065594307314E-4
2.7646195495267594E-4
2.74180664601488E-4
2.719358934203851E-4
2.697267779388474E-4
2.675524815966329E-4
2.654121937057727E-4
2.633051284601728E-4
2.612305239903204E-4
2.591876414606646E-4
2.5717576420751655E-4
2.551941969153039E-4
2.5324226482923844E-4
2.51319313002538E-4
2.4942470557639857E-4
2.4755782509113206E-4
2.4571807182689217E-4
2.4390486317246688E-4
2.4211763302083375E-4
2.4035583119010103E-4
2.3861892286862634E-4
2.3690638808317226E-4
2.3521772118891102E-4
2.3355243038033726E-4
2.319100372220233E-4
2.3029007619833637E-4
2.286920942811588E-4
2.2711565051489457E-4
2.2556031561782233E-4
2.240256715991688E-4
2.2251131139112211E-4
2.2101683849509891E-4
2.195418666416841E-4
2.180860194635944E-4
2.16648930181056E-4
2.1523024129913292E-4
2.1382960431640187E-4
2.1244667944451026E-4
2.1108113533818197E-4
2.0973264883514473E-4
2.0840090470562603E-4
2.0708559541097264E-4
2.0578642087100765E-4
2.045030882398013E-4
2.0323531168944063E-4
2.0198281220149607E-4
2.0074531736589903E-4
1.9952256118686832E-4
1.9831428389563974E-4
1.97120231769695E-4
1.9594015695826645E-4
1.9477381731382182E-4
1.93620976229309E-4
1.924814024809541E-4
1.913548700763637E-4
1.9024115810771985E-4
1.8914005060991106E-4
1.880513364233516E-4
1.8697480906137672E-4
1.8591026658194422E-4
1.8485751146358779E-4
1.8381635048536995E-4
1.827865946107326E-4
1.8176805887508996E-4
1.8076056227701783E-4
1.7976392767289574E-4
1.7877798167490638E-4
1.7780255455224512E-4
1.7683748013541933E-4
1.7588259572353442E-4
1.749377419944623E-4
1.740027629177848E-4
1.7307750567040406E-4
1.7216182055472933E-4
1.7125556091936942E-4
1.7035858308220474E-4
1.6947074625578006E-4
1.6859191247494326E-4
1.6772194652663335E-4
1.6686071588173953E-4
1.6600809062899507E-4
1.6516394341079628E-4
1.6432814936089956E-4
1.63500586043937E-4
1.6268113339668153E-4
1.6186967367099283E-4
1.610660913784233E-4
1.6027027323637402E-4
1.594821081158127E-4
1.5870148699044897E-4
1.5792830288733438E-4
1.5716245083887597E-4
1.564038278361587E-4
1.556523327835621E-4
1.5490786645467258E-4
1.541703314493529E-4
1.5343963215201173E-4
1.5271567469103193E-4
1.5199836689925545E-4
1.5128761827557565E-4
1.5058333994753958E-4
1.4988544463494826E-4
1.4919384661446188E-4
1.4850846168507965E-4
1.4782920713461245E-4
1.4715600170697566E-4
1.4648876557034614E-4
1.4582742028619263E-4
1.4517188877905443E-4
1.445220953071396E-4
1.4387796543366492E-4
1.43239425998936E-4
1.4260640509312957E-4
1.4197883202978073E-4
1.4135663731994842E-4
1.4073975264699E-4
1.4012811084202842E-4
1.395216458599916E-4
1.389202927562587E-4
1.3832398766388382E-4
1.3773266777140285E-4
1.3714627130114436E-4
1.3656473748810988E-4
1.3598800655935386E-4
1.3541601971387213E-4
1.3484871910295358E-4
1.3428604781103948E-4
1.337279498370219E-4
1.3317437007598446E-4
1.3262525430140089E-4
1.3208054914773387E-4
1.3154020209345146E-4
1.3100416144444705E-4
1.3047237631784794E-4
1.299447966262012E-4
1.2942137306202065E-4
1.2890205708270208E-4
1.2838680089578326E-4
1.27875557444536E-4
1.2736828039390562E-4
1.2686492411675087E-4
1.2636544368041088E-4
1.2586979483357133E-4
1.2537793399342267E-4
1.2488981823312862E-4
1.2440540526953615E-4
1.2392465345119916E-4
1.2344752174664589E-4
1.2297396973291703E-4
1.2250395758434292E-4
1.2203744606159098E-4
1.2157439650092705E-4
1.2111477080373024E-4
1.206585314262255E-4
1.2020564136944892E-4
1.1975606416941812E-4
1.1930976388751141E-4
1.1886670510108598E-4
1.1842685289424775E-4
1.1799017284885482E-4
1.1755663103569424E-4
1.1712619400585612E-4
1.1669882878227717E-4
1.1627450285147562E-4
1.1585318415544579E-4
1.1543484108373175E-4
1.1501944246566654E-4
1.1460695756275091E-4
1.1419735606123543E-4
1.1379060806479226E-4
1.1338668408739565E-4
1.1298555504632104E-4
1.1258719225527187E-4
1.1219156741768216E-4
1.1179865262012697E-4
1.1140842032587387E-4
1.1102084336856676E-4
1.1063589494603354E-4
1.1025354861421962E-4
1.0987377828123253E-4
1.0949655820152523E-4
1.0912186297016595E-4
1.0874966751725437E-4
1.0837994710241166E-4
1.0801267730940802E-4
1.0764783404088274E-4
1.0728539351316146E-4
1.0692533225118579E-4
1.0656762708353543E-4
1.0621225513754067E-4
1.0585919383449722E-4
1.0550842088497278E-4
1.051599142841927E-4
1.0481365230752867E-4
1.0446961350605913E-4
1.0412777670222135E-4
1.03788120985537E-4
1.0345062570844345E-4
1.031152704821627E-4
1.027820351726787E-4
1.0245089989677641E-4
1.0212184501816623E-4
1.0179485114366084E-4
1.0146989911944125E-4
1.011469700273732E-4
1.0082604518141624E-4
1.0050710612407034E-4
1.0019013462290942E-4
9.987511266716373E-5
The correct rate for BP: 100.00% 
