2.5110870111931867
0.6466652031015436
1.7570687161971101
0.01674654337073459
0.007005635882930103
0.005267633912401793
0.0042827196276227835
0.003626251482740154
0.003151986529161662
0.0027913426184030506
0.0025069702000747743
0.002276531909361066
0.0020857567684843996
0.0019250620146443727
0.0017877559093904469
0.0016690146644752317
0.0015652680806031343
0.0014738142167944489
0.001392568787565998
0.0013198970918440742
0.0012544982704996337
0.0011953237420064197
0.0011415185467792946
0.001092378400751215
0.0010473177417179684
0.0010058456087195331
9.675471947938585E-4
9.320695700682872E-4
8.991105118650401E-4
8.684096782610191E-4
8.397415692583119E-4
8.129098658220972E-4
7.87742841224736E-4
7.640896143743818E-4
7.418170697848325E-4
7.208073094581223E-4
7.009555322601283E-4
6.821682592045529E-4
6.643618404168223E-4
6.474611928528179E-4
6.313987281235903E-4
6.161134377746019E-4
6.015501096346123E-4
5.876586537929608E-4
5.743935206874129E-4
5.617131969177932E-4
5.495797669158773E-4
5.37958530632583E-4
5.268176690507388E-4
5.16127950674887E-4
5.058624732493731E-4
4.959964358609817E-4
4.8650693732973205E-4
4.7737279741174763E-4
4.685743978541454E-4
4.600935407735535E-4
4.5191332219171436E-4
4.440180188663139E-4
4.363929868121758E-4
4.2902457012614965E-4
4.2190001891378667E-4
4.1500741527389156E-4
4.083356064317075E-4
4.0187414422704424E-4
3.956132302629373E-4
3.8954366610580816E-4
3.8365680800206154E-4
3.779445256397472E-4
3.723991645396109E-4
3.670135117077154E-4
3.6178076422414964E-4
3.5669450047873345E-4
3.51748653796869E-4
3.469374882268359E-4
3.422555762843315E-4
3.376977784720679E-4
3.33259224411273E-4
3.28935295438758E-4
3.24721608538486E-4
3.2061400148953543E-4
3.1660851912436677E-4
3.1270140060157185E-4
3.0888906760682874E-4
3.0516811340389796E-4
3.0153529266503177E-4
2.979875120167653E-4
2.945218212430735E-4
2.911354050930066E-4
2.878255756450199E-4
2.8458976518422406E-4
2.81425519552799E-4
2.7833049193730044E-4
2.753024370596634E-4
2.7233920574166965E-4
2.694387398151041E-4
2.6659906735218206E-4
2.6381829819305887E-4
2.610946197489124E-4
2.584262930610982E-4
2.5581164909825187E-4
2.532490852747307E-4
2.507370621751812E-4
2.4827410047101116E-4
2.4585877801585926E-4
2.4348972710801347E-4
2.41165631908695E-4
2.3888522600591525E-4
2.3664729011446063E-4
2.3445064990319195E-4
2.322941739414611E-4
2.3017677175718286E-4
2.2809739199945814E-4
2.2605502069926838E-4
2.2404867962220483E-4
2.2207742470754365E-4
2.2014034458850003E-4
2.182365591887185E-4
2.1636521839047687E-4
2.145255007703701E-4
2.127166123985084E-4
2.1093778569752133E-4
2.0918827835796137E-4
2.0746737230683697E-4
2.0577437272627463E-4
2.0410860711951638E-4
2.0246942442156635E-4
2.0085619415204507E-4
1.992683056079267E-4
1.9770516709395744E-4
1.9616620518879464E-4
1.9465086404481819E-4
1.931586047199783E-4
1.9168890453984534E-4
1.9024125648837084E-4
1.8881516862581538E-4
1.8741016353247564E-4
1.8602577777683104E-4
1.8466156140695556E-4
1.8331707746390395E-4
1.8199190151607896E-4
1.8068562121346097E-4
1.7939783586074336E-4
1.7812815600846109E-4
1.7687620306117472E-4
1.7564160890197876E-4
1.7442401553244193E-4
1.7322307472733586E-4
1.7203844770339002E-4
1.7086980480142248E-4
1.697168251812393E-4
1.685791965287087E-4
1.6745661477440534E-4
1.6634878382334924E-4
1.6525541529530103E-4
1.6417622827513895E-4
1.6311094907286557E-4
1.6205931099282499E-4
1.610210541116943E-4
1.59995925064902E-4
1.5898367684105599E-4
1.579840685840629E-4
1.5699686540261818E-4
1.560218381866936E-4
1.550587634307809E-4
1.5410742306359935E-4
1.5316760428391675E-4
1.5223909940235855E-4
1.5132170568882565E-4
1.504152252253835E-4
1.4951946476433008E-4
1.486342355912688E-4
1.4775935339297435E-4
1.468946381298619E-4
1.4603991391282467E-4
1.4519500888436957E-4
1.4435975510375366E-4
1.4353398843607046E-4
1.427175484450588E-4
1.4191027828952275E-4
1.4111202462321163E-4
1.4032263749803116E-4
1.395419702704444E-4
1.3876987951096543E-4
1.3800622491658693E-4
1.3725086922608323E-4
1.365036781380334E-4
1.3576452023148617E-4
1.350332668891603E-4
1.343097922231027E-4
1.3359397300267056E-4
1.3288568858481895E-4
1.321848208465391E-4
1.3149125411942862E-4
1.3080487512626444E-4
1.3012557291954859E-4
1.2945323882194252E-4
1.2878776636850907E-4
1.2812905125070322E-4
1.274769912620814E-4
1.2683148624561137E-4
1.2619243804259136E-4
1.255597504430525E-4
1.249333291376625E-4
1.243130816710351E-4
1.236989173963991E-4
1.2309074743161602E-4
1.2248848461644484E-4
1.2189204347106E-4
1.2130134015577163E-4
1.2071629243187201E-4
1.2013681962362181E-4
1.1956284258130532E-4
1.1899428364532326E-4
1.1843106661130616E-4
1.1787311669619885E-4
1.1732036050527938E-4
1.1677272600011068E-4
1.1623014246735586E-4
1.1569254048846459E-4
1.1515985191018148E-4
1.1463200981585612E-4
1.1410894849753609E-4
1.1359060342880378E-4
1.1307691123834465E-4
1.1256780968423495E-4
1.1206323762888638E-4
1.1156313501468069E-4
1.1106744284023457E-4
1.1057610313728575E-4
1.1008905894819291E-4
1.0960625430400619E-4
1.0912763420312037E-4
1.0865314459047428E-4
1.0818273233728142E-4
1.07716345221279E-4
1.0725393190748415E-4
1.0679544192943953E-4
1.063408256709255E-4
1.0589003434813273E-4
1.0544301999229754E-4
1.0499973543274003E-4
1.0456013428035944E-4
1.041241709115017E-4
1.0369180045225569E-4
1.0326297876312213E-4
1.0283766242403779E-4
1.0241580871980747E-4
1.0199737562584368E-4
1.015823217942912E-4
1.0117060654043732E-4
1.0076218982951019E-4
1.003570322637283E-4
9.995509506969833E-5
The correct rate for BP: 100.00% 
