1.8384734171697004
0.7394099059257465
0.1213088658594068
0.002703277382208516
0.002315391533888935
0.0020722199645080955
0.0018951421711384483
0.0017545126618338546
0.0016371966117371616
0.001536402810812603
0.0014481575062415624
0.0013698940334767413
0.001299823154576169
0.0012366244646990104
0.0011792820098610749
0.0011269898574854758
0.0010790940621769238
0.0010350548389734737
9.944206513106757E-4
9.568097186192287E-4
9.218963738439805E-4
8.894007270117555E-4
8.59080664009378E-4
8.307255445212288E-4
8.041511670889726E-4
7.791956985150308E-4
7.557163496755675E-4
7.335866372853788E-4
7.126941111909776E-4
6.929384553341356E-4
6.742298913418983E-4
6.564878291391064E-4
6.396397206128574E-4
6.23620081241341E-4
6.08369651462704E-4
5.938346749166327E-4
5.79966274910751E-4
5.66719913814595E-4
5.540549227637836E-4
5.419340912150985E-4
5.303233076409103E-4
5.191912440754918E-4
5.085090783915345E-4
4.98250249144481E-4
4.883902386150616E-4
4.789063803383821E-4
4.697776879564072E-4
4.609847026892362E-4
4.5250935710572685E-4
4.4433485319852453E-4
4.364455530426407E-4
4.288268805493553E-4
4.2146523302489337E-4
4.143479014119883E-4
4.0746299823677935E-4
4.007993924071393E-4
3.943466501149213E-4
3.880949811864138E-4
3.8203519030439266E-4
3.7615863259394454E-4
3.704571731237138E-4
3.6492314992609385E-4
3.5954934018513096E-4
3.543289292802545E-4
3.492554824087267E-4
3.44322918539743E-4
3.395254864800105E-4
3.3485774285394143E-4
3.30314531822246E-4
3.258909663811382E-4
3.21582411100329E-4
3.173844661725065E-4
3.1329295265956176E-4
3.0930389883220607E-4
3.054135275097511E-4
3.016182443156249E-4
2.979146267724534E-4
2.9429941416749146E-4
2.907694981257622E-4
2.873219138339446E-4
2.839538318632809E-4
2.8066255054432686E-4
2.7744548885066765E-4
2.7430017975241814E-4
2.712242640037789E-4
2.682154843319174E-4
2.652716799973226E-4
2.6239078169822735E-4
2.5957080679400496E-4
2.5680985482449546E-4
2.541061033041348E-4
2.514578037713964E-4
2.488632780757301E-4
2.4632091488544655E-4
2.4382916640143035E-4
2.4138654526265356E-4
2.3899162163059092E-4
2.366430204405231E-4
2.3433941880883233E-4
2.3207954358593473E-4
2.2986216904547695E-4
2.2768611470103047E-4
2.2555024324210534E-4
2.234534585820446E-4
2.2139470401069957E-4
2.1937296044544752E-4
2.1738724477448547E-4
2.1543660828676823E-4
2.135201351833627E-4
2.1163694116536422E-4
2.0978617209374984E-4
2.079670027170356E-4
2.0617863546267318E-4
2.0442029928858174E-4
2.026912485912933E-4
2.0099076216750588E-4
1.9931814222603719E-4
1.9767271344734184E-4
1.960538220879243E-4
1.9446083512721817E-4
1.9289313945453147E-4
1.9135014109397013E-4
1.8983126446519603E-4
1.8833595167818158E-4
1.8686366186010313E-4
1.8541387051269103E-4
1.8398606889846747E-4
1.8257976345432088E-4
1.811944752310539E-4
1.7982973935754836E-4
1.7848510452830911E-4
1.7716013251319252E-4
1.7585439768822035E-4
1.74567486586437E-4
1.7329899746778744E-4
1.7204853990711435E-4
1.7081573439938733E-4
1.6960021198130973E-4
1.6840161386854127E-4
1.6721959110778075E-4
1.6605380424297757E-4
1.6490392299508037E-4
1.6376962595459298E-4
1.6265060028641855E-4
1.6154654144638972E-4
1.604571529089499E-4
1.5938214590549993E-4
1.5832123917288484E-4
1.572741587116164E-4
1.5624063755334644E-4
1.552204155372288E-4
1.542132390947259E-4
1.5321886104253797E-4
1.5223704038325807E-4
1.5126754211346435E-4
1.5031013703886988E-4
1.4936460159629494E-4
1.4843071768212238E-4
1.4750827248697013E-4
1.465970583363422E-4
1.456968725369814E-4
1.448075172287131E-4
1.4392879924152274E-4
1.4306052995767188E-4
1.422025251786584E-4
1.4135460499678328E-4
1.405165936711926E-4
1.3968831950816177E-4
1.388696147454955E-4
1.380603154408509E-4
1.3726026136385105E-4
1.3646929589182085E-4
1.3568726590901695E-4
1.3491402170920605E-4
1.3414941690148685E-4
1.333933083191842E-4
1.3264555593175536E-4
1.3190602275954001E-4
1.3117457479129224E-4
1.3045108090436235E-4
1.2973541278742684E-4
1.2902744486570567E-4
1.283270542285221E-4
1.276341205591789E-4
1.2694852606699942E-4
1.2627015542153187E-4
1.2559889568876172E-4
1.2493463626931625E-4
1.2427726883855835E-4
1.2362668728852462E-4
1.2298278767161307E-4
1.2234546814599576E-4
1.2171462892266175E-4
1.210901722140594E-4
1.2047200218425367E-4
1.1986002490058698E-4
1.1925414828674742E-4
1.1865428207722694E-4
1.1806033777311792E-4
1.1747222859916917E-4
1.1688986946212962E-4
1.1631317691025521E-4
1.1574206909399614E-4
1.1517646572780587E-4
1.1461628805303156E-4
1.1406145880185591E-4
1.1351190216226052E-4
1.1296754374396015E-4
1.1242831054529929E-4
1.1189413092105928E-4
1.1136493455116605E-4
1.1084065241024049E-4
1.103212167380124E-4
1.0980656101050693E-4
1.0929661991204476E-4
1.0879132930797584E-4
1.082906262181596E-4
1.0779444879115634E-4
1.0730273627909662E-4
1.0681542901322908E-4
1.063324683801105E-4
1.0585379679841638E-4
1.0537935769637688E-4
1.0490909548977826E-4
1.0444295556056046E-4
1.0398088423593941E-4
1.0352282876810302E-4
1.0306873731439454E-4
1.0261855891802319E-4
1.0217224348925848E-4
1.017297417870968E-4
1.0129100540140071E-4
1.0085598673547976E-4
1.0042463898910932E-4
9.999691614196414E-5
The correct rate for BP: 100.00% 
