1.2392244054039454
1.335908142295814
0.28264338278500106
0.08678322009986159
0.02625365067116597
0.017789086368027656
0.01347636347709405
0.010851299719223866
0.009077653564458209
0.007796944958929323
0.006828233517626797
0.0060698295393892395
0.005460026508563872
0.004959150248433566
0.00454050856029383
0.004185473564799193
0.0038806462383991257
0.0036161405375616366
0.003384502415260229
0.003180005224207023
0.002998176831348484
0.0028354740843023135
0.0026890536685892493
0.002556607604982762
0.00243624305984182
0.002326393136688358
0.002225749714371831
0.002133212226443168
0.002047848135638402
0.0019688621027845847
0.0018955716983101874
0.0018273880924179191
0.0017638005731041523
0.0017043640354727813
0.0016486887980222845
0.0015964322564330816
0.0015472919995865942
0.001501000097626163
0.001457318335849588
0.0014160342167612262
0.0013769575897414703
0.0013399177964159817
0.001304761242037233
0.0012713493205754399
0.0012395566349004265
0.001209269464274683
0.0011803844400141282
0.0011528073970924998
0.001126452375038778
0.0011012407459898947
0.0010771004514318842
0.001053965332163214
0.0010317745384773762
0.0010104720095922926
9.900060130352314E-4
9.703287360886781E-4
9.513959225677378E-4
9.331665491748669E-4
9.15602536496864E-4
8.986684903995778E-4
8.823314701591626E-4
8.665607801638754E-4
8.513277824413134E-4
8.366057276249248E-4
8.22369602280996E-4
8.085959907804284E-4
7.952629501262431E-4
7.823498963428338E-4
7.698375012017493E-4
7.577075982047203E-4
7.459430968713471E-4
7.345279044894662E-4
7.234468545818313E-4
7.126856414271885E-4
7.022307600469941E-4
6.920694511335829E-4
6.821896504522742E-4
6.725799422995793E-4
6.632295166438268E-4
6.541281296131012E-4
6.452660670299463E-4
6.366341107226362E-4
6.282235073697264E-4
6.200259396588363E-4
6.120334995617807E-4
6.042386635473863E-4
5.966342695702346E-4
5.89213495688933E-4
5.819698401809858E-4
5.748971030336984E-4
5.679893687014422E-4
5.612409900294973E-4
5.546465732535368E-4
5.482009639918758E-4
5.418992341547741E-4
5.357366697015944E-4
5.297087591825423E-4
5.238111830070885E-4
5.180398033858186E-4
5.123906548971775E-4
5.068599356341861E-4
5.014439988901288E-4
4.961393453452815E-4
4.909426157199693E-4
4.8585058386173334E-4
4.8086015023711827E-4
4.7596833580070404E-4
4.711722762161768E-4
4.664692164061022E-4
4.618565054088495E-4
4.5733159152267595E-4
4.5289201771845766E-4
4.4853541730393437E-4
4.44259509823557E-4
4.400620971791155E-4
4.359410599574699E-4
4.318943539525968E-4
4.279200068700919E-4
4.240161152030419E-4
4.201808412690475E-4
4.164124103986918E-4
4.1270910826662265E-4
4.0906927835682226E-4
4.054913195542938E-4
4.0197368385587733E-4
3.985148741933899E-4
3.951134423627452E-4
3.9176798705302737E-4
3.8847715197002557E-4
3.8523962404891677E-4
3.8205413175129623E-4
3.7891944344184755E-4
3.7583436584043604E-4
3.727977425455311E-4
3.698084526251699E-4
3.6686540927188414E-4
3.639675585182644E-4
3.6111387800992554E-4
3.5830337583300505E-4
3.555350893933293E-4
3.528080843446237E-4
3.501214535633002E-4
3.4747431616746565E-4
3.448658165779726E-4
3.4229512361936805E-4
3.3976142965888047E-4
3.372639497814632E-4
3.3480192099924326E-4
3.323746014936721E-4
3.299812698888276E-4
3.2762122455435693E-4
3.25293782936727E-4
3.2299828091736035E-4
3.2073407219649887E-4
3.1850052770152147E-4
3.162970350186839E-4
3.141229978470812E-4
3.1197783547395744E-4
3.0986098227033003E-4
3.077718872060122E-4
3.0571001338317526E-4
3.036748375876934E-4
3.0166584985737057E-4
2.9968255306642383E-4
2.977244625254433E-4
2.957911055961967E-4
2.938820213206309E-4
2.919967600634632E-4
2.901348831677769E-4
2.882959626231096E-4
2.864795807454522E-4
2.8468532986872713E-4
2.8291281204719567E-4
2.811616387684525E-4
2.7943143067642173E-4
2.7772181730411597E-4
2.760324368156225E-4
2.743629357570467E-4
2.727129688159684E-4
2.7108219858915555E-4
2.6947029535814176E-4
2.678769368724008E-4
2.6630180813979557E-4
2.6474460122402296E-4
2.632050150488179E-4
2.616827552085775E-4
2.601775337852662E-4
2.586890691712582E-4
2.5721708589797283E-4
2.5576131447002887E-4
2.543214912047506E-4
2.528973580767975E-4
2.5148866256776266E-4
2.500951575204941E-4
2.4871660099803444E-4
2.473527561469922E-4
2.4600339106513314E-4
2.446682786731101E-4
2.433471965901427E-4
2.4203992701352187E-4
2.407462566017717E-4
2.394659763613975E-4
2.381988815370181E-4
2.369447715048599E-4
2.3570344966937295E-4
2.3447472336299348E-4
2.3325840374882812E-4
2.320543057262454E-4
2.3086224783921597E-4
2.2968205218734173E-4
2.285135443394847E-4
2.273565532498595E-4
2.262109111765961E-4
2.2507645360259065E-4
2.2395301915863718E-4
2.2284044954874028E-4
2.2173858947754753E-4
2.2064728657979533E-4
2.1956639135177974E-4
2.184957570846733E-4
2.1743523979977434E-4
2.163846981854575E-4
2.1534399353592373E-4
2.1431298969161117E-4
2.1329155298119735E-4
2.122795521652358E-4
2.1127685838125408E-4
2.102833450903682E-4
2.0929888802531869E-4
2.083233651398771E-4
2.0735665655961417E-4
2.0639864453395583E-4
2.0544921338950837E-4
2.045082494846041E-4
2.0357564116503816E-4
2.0265127872093658E-4
2.0173505434476055E-4
2.0082686209039276E-4
1.9992659783324754E-4
1.9903415923143674E-4
1.9814944568788748E-4
1.97272358313437E-4
1.964027998908759E-4
1.9554067483984992E-4
1.9468588918268015E-4
1.9383835051101013E-4
1.9299796795330728E-4
1.9216465214312266E-4
1.913383151881847E-4
1.905188706402062E-4
1.897062334654645E-4
1.8890032001605327E-4
1.8810104800188288E-4
1.873083364633109E-4
1.8652210574446253E-4
1.857422774671547E-4
1.8496877450549043E-4
1.8420152096100282E-4
1.8344044213842444E-4
1.8268546452201526E-4
1.8193651575244368E-4
1.8119352460421056E-4
1.8045642096359578E-4
1.7972513580712384E-4
1.7899960118052382E-4
1.782797501781644E-4
1.7756551692297808E-4
1.768568365468212E-4
1.7615364517131768E-4
1.7545587988908264E-4
1.747634787454276E-4
1.7407638072043687E-4
1.7339452571146376E-4
1.7271785451601504E-4
1.72046308815019E-4
1.7137983115644606E-4
1.7071836493933406E-4
1.700618543981041E-4
1.6941024458728396E-4
1.687634813665168E-4
1.6812151138592351E-4
1.6748428207176517E-4
1.6685174161244063E-4
1.6622383894475504E-4
1.6560052374050551E-4
1.649817463933414E-4
1.6436745800591928E-4
1.637576103773088E-4
1.6315215599069086E-4
1.6255104800128815E-4
1.6195424022457373E-4
1.6136168712471176E-4
1.6077334380325007E-4
1.6018916598803607E-4
1.59609110022371E-4
1.5903313285438054E-4
1.5846119202662573E-4
1.5789324566589416E-4
1.5732925247322695E-4
1.5676917171413015E-4
1.5621296320901084E-4
1.5566058732377128E-4
1.5511200496062406E-4
1.5456717754908068E-4
1.540260670371059E-4
1.5348863588248712E-4
1.5295484704432467E-4
1.5242466397474537E-4
1.5189805061072373E-4
1.5137497136611901E-4
1.5085539112383585E-4
1.5033927522813495E-4
1.4982658947711993E-4
1.4931730011534855E-4
1.4881137382659766E-4
1.483087777267604E-4
1.4780947935688586E-4
1.4731344667636502E-4
1.4682064805621224E-4
1.463310522725105E-4
1.4584462849996562E-4
1.4536134630559007E-4
1.448811756424889E-4
1.4440408684378417E-4
1.4393005061664929E-4
1.4345903803643777E-4
1.4299102054094514E-4
1.4252596992476714E-4
1.4206385833375907E-4
1.4160465825960148E-4
1.4114834253447185E-4
1.4069488432580393E-4
1.4024425713114898E-4
1.3979643477313473E-4
1.3935139139450677E-4
1.3890910145326625E-4
1.3846953971790503E-4
1.3803268126269958E-4
1.3759850146311762E-4
1.3716697599129384E-4
1.3673808081159685E-4
1.3631179217625796E-4
1.3588808662109015E-4
1.3546694096128642E-4
1.3504833228727978E-4
1.3463223796069174E-4
1.3421863561033454E-4
1.33807503128306E-4
1.333988186661213E-4
1.3299256063095002E-4
1.3258870768188935E-4
1.321872387263105E-4
1.3178813291627776E-4
1.3139136964501288E-4
1.3099692854343385E-4
1.3060478947674864E-4
1.3021493254110857E-4
1.2982733806030618E-4
1.2944198658255344E-4
1.2905885887729904E-4
1.286779359320879E-4
1.2829919894951218E-4
1.2792262934416393E-4
1.2754820873967963E-4
1.2717591896581484E-4
1.2680574205556835E-4
1.2643766024236167E-4
1.2607165595725754E-4
1.2570771182622665E-4
1.2534581066746942E-4
1.2498593548875654E-4
1.2462806948484846E-4
1.242721960349273E-4
1.2391829870008115E-4
1.2356636122083477E-4
1.2321636751471535E-4
1.2286830167385386E-4
1.2252214796263568E-4
1.221778908153699E-4
1.218355148340272E-4
1.2149500478598049E-4
1.2115634560180762E-4
1.2081952237310469E-4
1.2048452035036362E-4
1.2015132494085513E-4
1.1981992170656526E-4
1.1949029636214959E-4
1.1916243477293798E-4
1.1883632295294763E-4
1.1851194706294452E-4
1.1818929340852819E-4
1.1786834843825216E-4
1.1754909874176221E-4
1.1723153104797914E-4
1.1691563222329017E-4
1.1660138926978723E-4
1.1628878932352373E-4
1.159778196527955E-4
1.1566846765644824E-4
1.1536072086223001E-4
1.1505456692512163E-4
1.1474999362575902E-4
1.1444698886881676E-4
1.1414554068145249E-4
1.1384563721176758E-4
1.1354726672728477E-4
1.1325041761345588E-4
1.1295507837218312E-4
1.1266123762037418E-4
1.1236888408850521E-4
1.1207800661921846E-4
1.117885941659349E-4
1.1150063579147821E-4
1.112141206667393E-4
1.1092903806934323E-4
1.1064537738233774E-4
1.1036312809291456E-4
1.1008227979113078E-4
1.0980282216866349E-4
1.0952474501756959E-4
1.092480382290783E-4
1.0897269179239207E-4
1.0869869579349607E-4
1.0842604041401585E-4
1.0815471593004525E-4
1.0788471271103651E-4
1.0761602121867555E-4
1.0734863200578874E-4
1.07082535715256E-4
1.0681772307894429E-4
1.065541849166613E-4
1.0629191213511191E-4
1.0603089572687344E-4
1.0577112676940087E-4
1.0551259642401166E-4
1.0525529593492473E-4
1.0499921662828728E-4
1.0474434991121422E-4
1.044906872708582E-4
1.0423822027348276E-4
1.0398694056353993E-4
1.0373683986277679E-4
1.0348790996934066E-4
1.0324014275690978E-4
1.0299353017382137E-4
1.0274806424222534E-4
1.0250373705723571E-4
1.0226054078610371E-4
1.0201846766740324E-4
1.0177751001021859E-4
1.0153766019334882E-4
1.0129891066452741E-4
1.010612539396373E-4
1.0082468260195269E-4
1.0058918930138497E-4
1.0035476675373437E-4
1.001214077399579E-4
9.98891051054486E-5
The correct rate for BP: 100.00% 
