1.1877338769017718
1.0178599213741144
0.8590855949525164
0.6940288893434869
0.5505256352656736
0.4336920966549323
0.3418969349730733
0.271710861309755
0.21894899264263892
0.17943413804405142
0.14962717440467654
0.1268351299034538
0.10912007821003711
0.09511743876651027
0.08386871158131985
0.07469548361324754
0.06711153565883787
0.060763272258423665
0.05538962089561109
0.05079492572343733
0.046830447870937916
0.043381583530062794
0.04035891328220819
0.03769184782519204
0.035324055595224765
0.03321012936253448
0.03131312558439226
0.029602726401534597
0.028053851307713568
0.02664559739098428
0.02536042234191201
0.024183508730685088
0.023102264989529706
0.022105930468283738
0.021185260428864903
0.020332272959728996
0.019540044235950148
0.018802541811369866
0.018114488043196545
0.017471247551797894
0.016868733975161074
0.01630333230673354
0.015771833891946543
0.015271381764114888
0.014799424469482729
0.014353676896974584
0.013932086915207
0.013532806845811391
0.013154168981867883
0.01279466450366568
0.012452925259018886
0.012127707968055824
0.011817880487449655
0.011522409830100291
0.011240351686141155
0.010970841232047973
0.010713085048311904
0.010466353993989761
0.010229976909554565
0.010003335038713822
0.00978585707594642
0.009577014759991578
0.009376318944864627
0.009183316089542435
0.008997585115558428
0.00881873458861764
0.008646400186191415
0.008480242418039475
0.008319944570878266
0.008165210852074143
0.008015764710390106
0.007871347314527122
0.00773171617254559
0.007596643877281871
0.007465916964635093
0.007339334873131486
0.007216708994506013
0.007097861806206797
0.006982626077745249
0.0068708441437084974
0.006762367237032978
0.006657054876828698
0.006554774305649288
0.006455399971640129
0.006358813051469507
0.006264901010367609
0.006173557195969596
0.006084680462989565
0.005998174826045891
0.005913949138219486
0.005831916793160674
0.0057519954487682485
0.005674106770650511
0.005598176193745724
0.005524132700628424
0.005451908615162577
0.005381439410283901
0.005312663528801371
0.005245522216207074
0.0051799593645710865
0.005115921366678291
0.005053356979636124
0.004992217197247561
0.004932455130502869
0.004874025895597216
0.004816886508930162
0.004760995788587177
0.004706314261843688
0.004652804078268868
0.004600428928039701
0.0045491539651066285
0.004498945734879529
0.004449772106128652
0.004401602206818015
0.004354406363610503
0.004308156044802973
0.004262823806467923
0.004218383241594786
0.004174808932038146
0.0041320764030956655
0.004090162080549338
0.004049043250017035
0.004008698018471156
0.003969105277791627
0.003930244670229375
0.0038920965556651895
0.0038546419805565203
0.0038178626484721904
0.0037817408921213738
0.0037462596467897455
0.0037114024251014587
0.003677153293030422
0.00364349684709017
0.0036104181926351194
0.0035779029232113377
0.0035459371008980892
0.0035145072375854895
0.0034836002771370615
0.003453203578388788
0.003423304898939561
0.0033938923796908477
0.003364954530095201
0.003336480214076661
0.0033084586365873785
0.0032808793307676884
0.0032537321456780803
0.0032270072345741106
0.003200695043696097
0.003174786301547959
0.0031492720086404038
0.003124143427675236
0.003099392074149107
0.0030750097073558684
0.003050988321768058
0.0030273201387792754
0.00300399759878967
0.0029810133536186073
0.0029583602592283447
0.0029360313687445258
0.0029140199257591125
0.002892319357902967
0.002870923270675156
0.002849825441517522
0.002829019814123008
0.0028085004929672345
0.002788261738053186
0.002768297959859426
0.002748603714482742
0.002729173698966635
0.0027100027468073477
0.0026910858236297483
0.0026724180230256085
0.002653994562547256
0.002635810779849875
0.0026178621289761348
0.002600144176777102
0.00258265259946353
0.0025653831792822467
0.002548331801312202
0.0025314944503754236
0.0025148672080578605
0.002498446249835827
0.002482227842303622
0.002466208340498205
0.002450384185317018
0.002434751901025296
0.002419308092849079
0.0024040494446507703
0.002388972716683777
0.00237407474342322
0.002359352431469733
0.002344802757523463
0.002330422766425624
0.002316209569264916
0.002302160341546387
0.0022882723214203878
0.0022745428079692363
0.002260969159549556
0.002247548792188021
0.002234279178028758
0.002221157843830239
0.0022081823695099946
0.0021953503867353816
0.0021826595775585995
0.0021701076730945433
0.0021576924522397722
0.002145411740431172
0.002133263408442933
0.0021212453712204345
0.002109355586749699
0.002097592054961233
0.002085952816667013
0.0020744359525293895
0.002063039582060978
0.0020517618626542497
0.002040600988639928
0.0020295551903732343
0.0020186227333468774
0.002007801917330028
0.001997091075532382
0.001986488573792349
0.001975992809788723
0.0019656022122749132
0.001955315240335101
0.0019451303826614748
0.0019350461568520005
0.0019250611087279145
0.001915173811670377
0.0019053828659756375
0.0018956868982281307
0.0018860845606909378
0.0018765745307129525
0.0018671555101524321
0.001857826224816159
0.0018485854239139532
0.0018394318795278666
0.0018303643860957189
0.0018213817599084846
0.0018124828386211242
0.0018036664807763395
0.0017949315653410978
0.0017862769912552106
0.0017777016769918764
0.0017692045601296737
0.0017607845969356925
0.0017524407619595118
0.0017441720476376007
0.0017359774639079454
0.001727856037834513
0.0017198068132413256
0.0017118288503557536
0.0017039212254609257
0.0016960830305568387
0.001688313373029967
0.0016806113753311193
0.0016729761746613996
0.001665406922665816
0.0016579027851345185
0.0016504629417114362
0.0016430865856099717
0.001635772923335622
0.001628521174415413
0.001621330571133845
0.0016142003582751809
0.0016071297928719375
0.0016001181439594197
0.001593164692336088
0.0015862687303295772
0.0015794295615682932
0.0015726465007584044
0.0015659188734660004
0.001559246015904401
0.0015526272747264022
0.0015460620068213212
0.0015395495791167757
0.0015330893683849845
0.0015266807610535475
0.0015203231530205176
0.0015140159494737037
0.0015077585647141063
0.0015015504219832514
0.0014953909532945124
0.0014892795992681909
0.0014832158089702183
0.0014771990397545458
0.0014712287571090157
0.0014653044345045404
0.001459425553247774
0.0014535916023368778
0.0014478020783205026
0.0014420564851598515
0.0014363543340937303
0.001430695143506504
0.0014250784387989212
0.0014195037522617415
0.001413970622951988
0.0014084785965719463
0.0014030272253506783
0.001397616067928014
0.0013922446892411238
0.0013869126604133366
0.0013816195586453608
0.0013763649671088055
0.0013711484748418486
0.0013659696766471438
0.0013608281729917953
0.001355723569909434
0.001350655478904262
0.001345623516857115
0.001340627305933411
0.0013356664734929836
0.0013307406520017546
0.001325849478945165
0.001320992596743403
0.0013161696526682739
0.001311380298761792
0.001306624191756373
0.0013019009929965983
0.0012972103683625634
0.0012925519881947247
0.001287925527220252
0.0012833306644807656
0.0012787670832615796
0.0012742344710222663
0.0012697325193285743
0.0012652609237856752
0.0012608193839727423
0.0012564076033787243
0.001252025289339373
0.0012476721529755559
0.0012433479091326037
0.0012390522763209323
0.0012347849766577502
0.0012305457358098568
0.0012263342829375416
0.0012221503506395328
0.0012179936748989732
0.001213863995030427
0.0012097610536278187
0.0012056845965134249
0.0012016343726877223
0.0011976101342802523
0.0011936116365012996
0.0011896386375945358
0.0011856908987904755
0.0011817681842608244
0.0011778702610736
0.0011739968991491664
0.0011701478712169433
0.001166322952772976
0.001162521922038272
0.001158744559917843
0.001154990649960483
0.0011512599783192975
0.001147552333712925
0.0011438675073874142
0.0011402052930788234
0.0011365654869764355
0.0011329478876866354
0.0011293522961974452
0.0011257785158436443
0.001122226352272515
0.0011186956134101682
0.001115186109428485
0.0011116976527125936
0.0011082300578289367
0.0011047831414938462
0.001101356722542717
0.0010979506218996632
0.0010945646625476798
0.0010911986694993755
0.0010878524697681255
0.0010845258923397679
0.0010812187681447502
0.001077930930030743
0.0010746622127357362
0.001071412452861557
0.0010681814888478442
0.0010649691609464708
0.0010617753111963376
0.001058599783398639
0.001055442423092538
0.00105230307753118
0.0010491815956581653
0.0010460778280843817
0.001042991627065205
0.0010399228464780979
0.001036871341800534
0.0010338369700883222
0.0010308195899542416
0.0010278190615470668
0.0010248352465308682
0.0010218680080647097
0.0010189172107826071
0.0010159827207738802
0.001013064405563737
0.001010162134094239
0.0010072757767054926
0.0010044052051172102
0.0010015502924105323
9.987109130100964E-4
9.958869426664732E-4
9.930782584387696E-4
9.902847386776194E-4
9.87506263008318E-4
9.847427123143267E-4
9.81993968720953E-4
9.792599155793512E-4
9.765404374506727E-4
9.73835420090571E-4
9.711447504338807E-4
9.684683165795192E-4
9.658060077756615E-4
9.631577144051084E-4
9.605233279708966E-4
9.579027410821072E-4
9.552958474399086E-4
9.527025418237955E-4
9.501227200780127E-4
9.475562790982585E-4
9.45003116818492E-4
9.424631321979966E-4
9.399362252086262E-4
9.374222968222079E-4
9.349212489981961E-4
9.324329846714379E-4
9.299574077401568E-4
9.274944230541265E-4
9.250439364029742E-4
9.226058545046899E-4
9.201800849942876E-4
9.177665364126327E-4
9.153651181954621E-4
9.129757406624868E-4
9.105983150067508E-4
9.082327532840581E-4
9.05878968402614E-4
9.035368741127563E-4
9.012063849968977E-4
8.988874164595703E-4
8.965798847176046E-4
8.942837067904862E-4
8.919988004908231E-4
8.897250844149349E-4
8.874624779336159E-4
8.85210901182989E-4
8.829702750555158E-4
8.80740521191119E-4
8.785215619684049E-4
8.763133204960655E-4
8.741157206043824E-4
8.719286868367778E-4
8.697521444415918E-4
8.675860193639012E-4
8.654302382374802E-4
8.63284728376846E-4
8.611494177694513E-4
8.590242350679636E-4
8.569091095826232E-4
8.548039712737577E-4
8.527087507443731E-4
8.506233792328248E-4
8.485477886056359E-4
8.464819113503642E-4
8.444256805685914E-4
8.423790299690009E-4
8.403418938605651E-4
8.383142071457856E-4
8.362959053140553E-4
8.342869244351145E-4
8.322872011525484E-4
8.302966726774373E-4
8.283152767820394E-4
8.26342951793569E-4
8.243796365880736E-4
8.224252705843631E-4
8.204797937380842E-4
8.185431465357461E-4
8.166152699889591E-4
8.146961056286961E-4
8.127855954995913E-4
8.108836821543435E-4
8.089903086482557E-4
8.071054185337024E-4
8.052289558548175E-4
8.033608651421377E-4
8.015010914073934E-4
7.996495801383212E-4
7.978062772935546E-4
7.959711292975767E-4
7.941440830357614E-4
7.923250858494326E-4
7.905140855310395E-4
7.887110303193343E-4
7.869158688946841E-4
7.851285503743579E-4
7.833490243079261E-4
7.81577240672736E-4
7.79813149869388E-4
7.78056702717292E-4
7.763078504503018E-4
7.745665447123715E-4
7.728327375532918E-4
7.711063814244523E-4
7.693874291746919E-4
7.676758340461442E-4
7.659715496702241E-4
7.642745300635603E-4
7.625847296240509E-4
7.609021031269438E-4
7.592266057209579E-4
7.575581929244628E-4
7.558968206217111E-4
7.542424450590802E-4
7.525950228414154E-4
7.50954510928378E-4
7.493208666308532E-4
7.476940476073806E-4
7.460740118606429E-4
7.444607177340454E-4
7.428541239082135E-4
7.41254189397678E-4
7.396608735474725E-4
7.380741360298682E-4
7.364939368410963E-4
7.349202362981018E-4
7.333529950353942E-4
7.317921740018587E-4
7.302377344576662E-4
7.286896379711907E-4
7.271478464159547E-4
7.256123219676468E-4
7.240830271011502E-4
7.225599245875845E-4
7.210429774914325E-4
7.195321491676507E-4
7.180274032588642E-4
7.165287036925486E-4
7.15036014678249E-4
7.135493007048763E-4
7.120685265379811E-4
7.105936572170847E-4
7.091246580530521E-4
7.076614946254462E-4
7.062041327799953E-4
7.047525386259906E-4
7.033066785338042E-4
7.018665191323627E-4
7.004320273067145E-4
6.990031701955615E-4
6.975799151888639E-4
6.961622299254651E-4
6.947500822907208E-4
6.933434404141759E-4
6.919422726672696E-4
6.905465476610382E-4
6.891562342438936E-4
6.877713014993698E-4
6.863917187439273E-4
6.850174555248096E-4
6.836484816178295E-4
6.822847670252905E-4
6.809262819738682E-4
6.795729969125173E-4
6.782248825104413E-4
6.768819096550149E-4
6.755440494498031E-4
6.742112732125721E-4
6.728835524732934E-4
6.71560858972217E-4
6.70243164657941E-4
6.689304416855151E-4
6.676226624145238E-4
6.663197994072702E-4
6.650218254268872E-4
6.637287134355483E-4
6.624404365926452E-4
6.611569682529988E-4
6.598782819651173E-4
6.586043514694241E-4
6.573351506965423E-4
6.5607065376559E-4
6.548108349824978E-4
6.535556688382982E-4
6.523051300075109E-4
6.510591933464863E-4
6.498178338918014E-4
6.485810268586401E-4
6.473487476392162E-4
6.461209718012018E-4
6.44897675086177E-4
6.436788334081023E-4
6.42464422851784E-4
6.41254419671385E-4
6.400488002889255E-4
6.388475412928194E-4
6.376506194364065E-4
6.36458011636536E-4
6.35269694972108E-4
6.340856466826801E-4
6.329058441670676E-4
6.31730264981964E-4
6.305588868405703E-4
6.293916876112379E-4
6.28228645316134E-4
6.270697381299037E-4
6.259149443783811E-4
6.247642425372627E-4
6.236176112308426E-4
6.224750292307328E-4
6.213364754545968E-4
6.202019289649125E-4
6.190713689677293E-4
6.17944774811461E-4
6.168221259856573E-4
6.157034021198305E-4
6.145885829822457E-4
6.134776484787638E-4
6.123705786516815E-4
6.112673536785651E-4
6.101679538711352E-4
6.090723596741273E-4
6.079805516641776E-4
6.068925105487279E-4
6.058082171649158E-4
6.047276524785133E-4
6.036507975828323E-4
6.025776336976854E-4
6.015081421683411E-4
6.004423044644439E-4
5.993801021790261E-4
5.983215170274726E-4
5.972665308465136E-4
5.962151255932241E-4
5.951672833440424E-4
5.941229862937641E-4
5.930822167546217E-4
5.920449571552648E-4
5.910111900398556E-4
5.899808980671076E-4
5.889540640093428E-4
5.879306707515953E-4
5.869107012906694E-4
5.858941387342469E-4
5.84880966300002E-4
5.838711673146791E-4
5.82864725213244E-4
5.818616235380033E-4
5.808618459377272E-4
5.798653761668244E-4
5.78872198084465E-4
5.778822956537549E-4
5.768956529409219E-4
5.759122541144509E-4
5.749320834443142E-4
5.73955125301139E-4
5.729813641554165E-4
5.720107845767044E-4
5.710433712328403E-4
5.700791088891925E-4
5.691179824078461E-4
5.681599767468714E-4
5.672050769595608E-4
5.662532681936823E-4
5.653045356907292E-4
5.643588647852011E-4
5.634162409038705E-4
5.624766495650512E-4
5.615400763779051E-4
5.606065070417197E-4
5.596759273452066E-4
5.587483231658232E-4
5.57823680469072E-4
5.569019853078076E-4
5.559832238216058E-4
5.550673822360371E-4
5.54154446862052E-4
5.532444040952911E-4
5.523372404154569E-4
5.514329423856596E-4
5.505314966517783E-4
5.496328899418292E-4
5.487371090653411E-4
5.478441409127377E-4
5.469539724547022E-4
5.460665907415902E-4
5.451819829028285E-4
5.443001361462704E-4
5.434210377576763E-4
5.42544675100059E-4
5.416710356131303E-4
5.408001068127238E-4
5.399318762902194E-4
5.390663317119752E-4
5.382034608187588E-4
5.373432514251974E-4
5.36485691419227E-4
5.356307687615455E-4
5.347784714850569E-4
5.339287876943554E-4
5.33081705565168E-4
5.322372133438557E-4
5.313952993468542E-4
5.305559519601923E-4
5.297191596389498E-4
5.288849109067556E-4
5.280531943552915E-4
5.272239986437783E-4
5.263973124984975E-4
5.255731247122721E-4
5.247514241440023E-4
5.239321997181667E-4
5.231154404243679E-4
5.223011353168263E-4
5.214892735139144E-4
5.206798441977225E-4
5.198728366135497E-4
5.19068240069477E-4
5.182660439358973E-4
5.174662376450866E-4
5.166688106907195E-4
5.158737526274531E-4
5.150810530704912E-4
5.142907016951262E-4
5.135026882363334E-4
5.12717002488319E-4
5.119336343041058E-4
5.11152573595124E-4
5.103738103307818E-4
5.095973345380444E-4
5.088231363010351E-4
5.080512057606298E-4
5.072815331140533E-4
5.065141086144743E-4
5.057489225705995E-4
5.049859653463112E-4
5.042252273602451E-4
5.034666990854344E-4
5.027103710488888E-4
5.019562338312439E-4
5.012042780663841E-4
5.004544944410531E-4
4.997068736944995E-4
4.989614066180862E-4
4.982180840549601E-4
4.974768968996589E-4
4.967378360977717E-4
4.960008926455768E-4
4.952660575896948E-4
4.945333220267244E-4
4.938026771029206E-4
4.930741140138304E-4
4.92347624003957E-4
4.91623198366431E-4
4.909008284426573E-4
4.901805056220037E-4
4.894622213414562E-4
4.887459670852962E-4
4.88031734384774E-4
4.8731951481779923E-4
4.866093000086026E-4
4.859010816274345E-4
4.8519485139024584E-4
4.8449060105837377E-4
4.837883224382372E-4
4.830880073810341E-4
4.8238964778242417E-4
4.8169323558224723E-4
4.80998762764203E-4
4.803062213555703E-4
4.7961560342690954E-4
4.789269010917674E-4
4.7824010650638314E-4
4.775552118694284E-4
4.768722094216739E-4
4.7619109144575553E-4
4.755118502658646E-4
4.7483447824748343E-4
4.741589677971041E-4
4.7348531136195445E-4
4.7281350142972737E-4
4.7214353052831904E-4
4.714753912255495E-4
4.7080907612890324E-4
4.701445778852694E-4
4.694818891806803E-4
4.6882100274004416E-4
4.6816191132691045E-4
4.675046077431751E-4
4.6684908482887274E-4
4.661953354618989E-4
4.65543352557778E-4
4.6489312906939067E-4
4.6424465798675395E-4
4.6359793233677235E-4
4.6295294518299E-4
4.62309689625363E-4
4.6166815880000313E-4
4.6102834587896495E-4
4.6039024406999737E-4
4.5975384661632503E-4
4.5911914679639185E-4
4.584861379236645E-4
4.5785481334638823E-4
4.5722516644736475E-4
4.565971906437372E-4
4.5597087938675654E-4
4.553462261615638E-4
4.5472322448698887E-4
4.5410186791530673E-4
4.534821500320562E-4
4.528640644557842E-4
4.52247604837891E-4
4.5163276486236045E-4
4.5101953824559603E-4
4.504079187361912E-4
4.4979790011473957E-4
4.491894761936145E-4
4.485826408167893E-4
4.479773878596152E-4
4.473737112286344E-4
4.467716048613838E-4
4.461710627261831E-4
4.4557207882197757E-4
4.4497464717810033E-4
4.443787618541089E-4
4.4378441693959143E-4
4.431916065539712E-4
4.426003248463207E-4
4.4201056599518676E-4
4.4142232420839073E-4
4.4083559372285613E-4
4.402503688044247E-4
4.3966664374767237E-4
4.390844128757416E-4
4.385036705401471E-4
4.37924411120607E-4
4.3734662902488114E-4
4.367703186885729E-4
4.3619547457497877E-4
4.356220911749014E-4
4.350501630064917E-4
4.3447968461507387E-4
4.339106505729782E-4
4.3334305547937775E-4
4.327768939601205E-4
4.322121606675722E-4
4.3164885028043306E-4
4.310869575036159E-4
4.305264770680513E-4
4.299674037305344E-4
4.2940973227357837E-4
4.2885345750525713E-4
4.2829857425903293E-4
4.277450773936318E-4
4.2719296179285235E-4
4.266422223654487E-4
4.260928540449558E-4
4.2554485178955597E-4
4.2499821058192424E-4
4.244529254290592E-4
4.2390899136219055E-4
4.2336640343655814E-4
4.228251567313451E-4
4.2228524634947825E-4
4.2174666741751044E-4
4.2120941508546017E-4
4.2067348452671E-4
4.201388709378211E-4
4.196055695384199E-4
4.190735755710574E-4
4.1854288430107057E-4
4.1801349101645304E-4
4.1748539102770234E-4
4.169585796677073E-4
4.1643305229160807E-4
4.1590880427665823E-4
4.1538583102209954E-4
4.148641279490329E-4
4.143436905002886E-4
4.138245141402935E-4
4.1330659435495637E-4
4.127899266515216E-4
4.1227450655846403E-4
4.1176032962535273E-4
4.1124739142273125E-4
4.107356875419943E-4
4.102252135952613E-4
4.097159652152621E-4
4.092079380552204E-4
4.087011277887207E-4
4.081955301096012E-4
4.0769114073182556E-4
4.071879553893807E-4
4.066859698361499E-4
4.0618517984579764E-4
4.05685581211661E-4
4.051871697466377E-4
4.0468994128305423E-4
4.0419389167257433E-4
4.0369901678608607E-4
4.0320531251358154E-4
4.0271277476405126E-4
4.0222139946538283E-4
4.0173118256422844E-4
4.012421200259315E-4
4.0075420783438823E-4
4.0026744199197237E-4
3.9978181851939884E-4
3.992973334556308E-4
3.9881398285779887E-4
3.9833176280105087E-4
3.978506693784936E-4
3.97370698701069E-4
3.96891846897453E-4
3.964141101139603E-4
3.959374845144432E-4
3.9546196628019556E-4
3.949875516098511E-4
3.945142367192769E-4
3.9404201784150046E-4
3.935708912265787E-4
3.931008531415416E-4
3.926318998702591E-4
3.9216402771337773E-4
3.9169723298820234E-4
3.912315120286221E-4
3.9076686118499925E-4
3.9030327682410253E-4
3.898407553289793E-4
3.8937929309890786E-4
3.8891888654926806E-4
3.884595321114773E-4
3.880012262328866E-4
3.875439653767075E-4
3.8708774602190684E-4
3.8663256466313486E-4
3.8617841781062295E-4
3.8572530199011077E-4
3.8527321374275694E-4
3.848221496250507E-4
3.843721062087262E-4
3.8392308008069494E-4
3.834750678429383E-4
3.8302806611243616E-4
3.825820715210884E-4
3.8213708071563107E-4
3.8169309035754936E-4
3.812500971230051E-4
3.808080977027499E-4
3.803670888020506E-4
3.799270671406041E-4
3.794880294524665E-4
3.79049972485975E-4
3.7861289300365324E-4
3.7817678778216175E-4
3.7774165361220403E-4
3.773074872984452E-4
3.7687428565946063E-4
3.764420455276332E-4
3.7601076374909096E-4
3.7558043718364067E-4
3.751510627046835E-4
3.747226371991352E-4
3.7429515756737914E-4
3.7386862072317037E-4
3.734430235935692E-4
3.7301836311887684E-4
3.725946362525543E-4
3.721718399611617E-4
3.717499712242883E-4
3.7132902703447405E-4
3.7090900439714204E-4
3.704899003305433E-4
3.7007171186566963E-4
3.6965443604620356E-4
3.69238069928432E-4
3.688226105811976E-4
3.6840805508582666E-4
3.679944005360532E-4
3.675816440379635E-4
3.6716978270993396E-4
3.6675881368255576E-4
3.663487340985807E-4
3.659395411128444E-4
3.655312318922123E-4
3.651238036155258E-4
3.647172534735106E-4
3.643115786687519E-4
3.639067764155901E-4
3.6350284394010235E-4
3.6309977848001155E-4
3.6269757728463154E-4
3.6229623761481754E-4
3.618957567428918E-4
3.6149613195259246E-4
3.6109736053901683E-4
3.6069943980854524E-4
3.6030236707881034E-4
3.5990613967861547E-4
3.5951075494788286E-4
3.591162102376033E-4
3.587225029097665E-4
3.5832963033732856E-4
3.5793758990411163E-4
3.575463790047952E-4
3.5715599504483847E-4
3.5676643544041154E-4
3.5637769761836776E-4
3.559897790161798E-4
3.5560267708187223E-4
3.552163892739684E-4
3.548309130614737E-4
3.5444624592376406E-4
3.5406238535057896E-4
3.536793288419478E-4
3.5329707390814125E-4
3.5291561806961825E-4
3.525349588569802E-4
3.5215509381090625E-4
3.5177602048212363E-4
3.513977364313291E-4
3.510202392291627E-4
3.506435264561478E-4
3.50267595702638E-4
3.498924445687698E-4
3.4951807066441545E-4
3.4914447160913696E-4
3.487716450321245E-4
3.483995885721642E-4
3.4802829987758165E-4
3.476577766061864E-4
3.4728801642523337E-4
3.4691901701139165E-4
3.4655077605065716E-4
3.4618329123834774E-4
3.4581656027902596E-4
3.4545058088646596E-4
3.4508535078361545E-4
3.447208677025367E-4
3.443571293843656E-4
3.439941335792572E-4
3.436318780463685E-4
3.4327036055378443E-4
3.4290957887848504E-4
3.4254953080630575E-4
3.4219021413188304E-4
3.4183162665861976E-4
3.414737661986464E-4
3.4111663057275865E-4
3.4076021761038995E-4
3.4040452514957204E-4
3.400495510368795E-4
3.396952931274031E-4
3.3934174928468524E-4
3.389889173807083E-4
3.3863679529582433E-4
3.382853809187417E-4
3.379346721464598E-4
3.3758466688423516E-4
3.3723536304556276E-4
3.3688675855210107E-4
3.365388513336534E-4
3.3619163932812295E-4
3.3584512048147726E-4
3.354992927477106E-4
3.351541540887956E-4
3.3480970247463986E-4
3.34465935883077E-4
3.341228522997968E-4
3.33780449718317E-4
3.334387261399584E-4
3.330976795737755E-4
3.327573080365692E-4
3.3241760955279816E-4
3.3207858215456585E-4
3.3174022388159725E-4
3.314025327811678E-4
3.3106550690810194E-4
3.307291443247071E-4
3.303934431007662E-4
3.3005840131348206E-4
3.2972401704743995E-4
3.2939028839459633E-4
3.2905721345420787E-4
3.2872479033283896E-4
3.2839301714428004E-4
3.28061892009554E-4
3.2773141305686567E-4
3.274015784215532E-4
3.270723862460795E-4
3.26743834679985E-4
3.264159218798563E-4
3.2608864600928994E-4
3.2576200523886794E-4
3.2543599774611327E-4
3.251106217154643E-4
3.2478587533824196E-4
3.244617568126137E-4
3.241382643435698E-4
3.238153961428803E-4
3.2349315042906433E-4
3.231715254273673E-4
3.228505193697265E-4
3.2253013049473006E-4
3.222103570476007E-4
3.2189119728015346E-4
3.2157264945077056E-4
3.212547118243608E-4
3.2093738267234805E-4
3.2062066027262887E-4
3.203045429095355E-4
3.199890288738201E-4
3.1967411646261943E-4
3.193598039794226E-4
3.190460897340367E-4
3.187329720425789E-4
3.18420449227431E-4
3.181085196171928E-4
3.1779718154669687E-4
3.1748643335694225E-4
3.1717627339507943E-4
3.1686670001439276E-4
3.165577115742498E-4
3.1624930644008343E-4
3.1594148298338585E-4
3.156342395816338E-4
3.153275746183038E-4
3.150214864828257E-4
3.1471597357055867E-4
3.1441103428276365E-4
3.1410666702657165E-4
3.138028702149705E-4
3.1349964226675916E-4
3.131969816065445E-4
3.128948866646862E-4
3.1259335587730094E-4
3.1229238768621303E-4
3.119919805389382E-4
3.116921328886602E-4
3.113928431941942E-4
3.110941099199758E-4
3.107959315360208E-4
3.1049830651792257E-4
3.10201233346789E-4
3.099047105092598E-4
3.0960873649745466E-4
3.09313309808951E-4
3.0901842894677663E-4
3.0872409241935767E-4
3.084302987405251E-4
3.081370464294686E-4
3.078443340107108E-4
3.075521600141043E-4
3.0726052297478724E-4
3.0696942143317106E-4
3.066788539349099E-4
3.063888190308815E-4
3.0609931527716754E-4
3.058103412350246E-4
3.0552189547084993E-4
3.0523397655618723E-4
3.0494658306768545E-4
3.046597135870664E-4
3.0437336670112463E-4
3.040875410016886E-4
3.0380223508560977E-4
3.035174475547294E-4
3.0323317701586684E-4
3.029494220807865E-4
3.026661813661834E-4
3.023834534936632E-4
3.021012370897133E-4
3.0181953078569143E-4
3.0153833321779186E-4
3.01257643027027E-4
3.009774588592213E-4
3.006977793649713E-4
3.0041860319963054E-4
3.0013992902329346E-4
2.9986175550076824E-4
2.995840813015642E-4
2.993069050998591E-4
2.990302255744889E-4
2.987540414089231E-4
2.9847835129125165E-4
2.9820315391415137E-4
2.979284479748798E-4
2.976542321752411E-4
2.9738050522158394E-4
2.971072658247675E-4
2.9683451270013994E-4
2.96562244567538E-4
2.962904601512427E-4
2.9601915817998675E-4
2.957483373869021E-4
2.9547799650953975E-4
2.952081342898145E-4
2.9493874947401905E-4
2.9466984081276247E-4
2.9440140706101035E-4
2.9413344697800666E-4
2.938659593272963E-4
2.9359894287668716E-4
2.93332396398237E-4
2.930663186682358E-4
2.9280070846719134E-4
2.925355645798031E-4
2.9227088579494257E-4
2.9200667090564916E-4
2.9174291870910873E-4
2.914796280066187E-4
2.9121679760358535E-4
2.9095442630951157E-4
2.906925129379728E-4
2.904310563065869E-4
2.901700552370226E-4
2.899095085549595E-4
2.8964941509008676E-4
2.8938977367607457E-4
2.891305831505639E-4
2.8887184235514875E-4
2.8861355013536143E-4
2.8835570534065216E-4
2.8809830682437074E-4
2.8784135344375267E-4
2.875848440599068E-4
2.8732877753779944E-4
2.870731527462222E-4
2.868179685578038E-4
2.865632238489591E-4
2.8630891749990665E-4
2.8605504839464074E-4
2.85801615420892E-4
2.855486174701575E-4
2.852960534376499E-4
2.850439222222875E-4
2.847922227266931E-4
2.8454095385716194E-4
2.8429011452365865E-4
2.8403970363979344E-4
2.8378972012281273E-4
2.835401628935817E-4
2.8329103087656375E-4
2.8304232299982123E-4
2.827940381949819E-4
2.8254617539723466E-4
2.82298733545316E-4
2.8205171158148597E-4
2.818051084515292E-4
2.815589231047207E-4
2.813131544938204E-4
2.810678015750799E-4
2.80822863308182E-4
2.805783386562665E-4
2.803342265859044E-4
2.8009052606707015E-4
2.7984723607315447E-4
2.7960435558092124E-4
2.7936188357051796E-4
2.791198190254404E-4
2.7887816093254516E-4
2.7863690828200096E-4
2.7839606006731325E-4
2.7815561528528126E-4
2.779155729359957E-4
2.7767593202283067E-4
2.774366915524186E-4
2.771978505346461E-4
2.769594079826461E-4
2.767213629127548E-4
2.764837143445385E-4
2.7624646130075444E-4
2.760096028073465E-4
2.7577313789343657E-4
2.7553706559130015E-4
2.7530138493635627E-4
2.750660949671675E-4
2.748311947254145E-4
2.745966832558852E-4
2.743625596064647E-4
2.7412882282812037E-4
2.738954719748997E-4
2.7366250610390145E-4
2.7342992427526586E-4
2.7319772555218786E-4
2.729659090008607E-4
2.727344736905035E-4
2.7250341869333044E-4
2.7227274308454675E-4
2.7204244594232E-4
2.7181252634778325E-4
2.71582983385035E-4
2.713538161410979E-4
2.711250237059179E-4
2.70896605172375E-4
2.706685596362341E-4
2.7044088619616717E-4
2.702135839537164E-4
2.699866520132956E-4
2.6976008948218595E-4
2.6953389547049823E-4
2.693080690911959E-4
2.6908260946005124E-4
2.6885751569566516E-4
2.686327869194268E-4
2.6840842225552436E-4
2.6818442083092206E-4
2.6796078177535325E-4
2.677375042213121E-4
2.675145873040335E-4
2.672920301614969E-4
2.6706983193439945E-4
2.6684799176615777E-4
2.666265088028889E-4
2.664053821934133E-4
2.6618461108921654E-4
2.659641946444702E-4
2.6574413201600327E-4
2.655244223633023E-4
2.6530506484848636E-4
2.650860586363099E-4
2.6486740289414476E-4
2.6464909679197325E-4
2.644311395023846E-4
2.642135302005522E-4
2.639962680642277E-4
2.637793522737356E-4
2.6356278201196127E-4
2.633465564643412E-4
2.6313067481884835E-4
2.629151362659834E-4
2.626999399987774E-4
2.62485085212759E-4
2.622705711059692E-4
2.620563968789366E-4
2.618425617346709E-4
2.6162906487865E-4
2.614159055188208E-4
2.612030828655825E-4
2.6099059613177194E-4
2.607784445326675E-4
2.605666272859713E-4
2.6035514361179307E-4
2.6014399273266154E-4
2.599331738734895E-4
2.5972268626158867E-4
2.5951252912664445E-4
2.593027017007102E-4
2.590932032182024E-4
2.5888403291588933E-4
2.586751900328799E-4
2.5846667381061776E-4
2.5825848349287457E-4
2.580506183257332E-4
2.5784307755758124E-4
2.5763586043911344E-4
2.5742896622330544E-4
2.572223941654231E-4
2.570161435229894E-4
2.5681021355580894E-4
2.5660460352592516E-4
2.563993126976412E-4
2.56194340337491E-4
2.559896857142371E-4
2.55785348098867E-4
2.555813267645785E-4
2.553776209867758E-4
2.551742300430568E-4
2.5497115321320525E-4
2.547683897791905E-4
2.5456593902515066E-4
2.5436380023738446E-4
2.541619727043482E-4
2.5396045571664103E-4
2.537592485670084E-4
2.535583505503205E-4
2.5335776096357075E-4
2.531574791058733E-4
2.5295750427844485E-4
2.527578357845959E-4
2.525584729297377E-4
2.523594150213612E-4
2.521606613690349E-4
2.5196221128438777E-4
2.5176406408111967E-4
2.51566219074977E-4
2.51368675583751E-4
2.5117143292726913E-4
2.509744904273965E-4
2.507778474080114E-4
2.5058150319501424E-4
2.503854571163041E-4
2.5018970850178865E-4
2.4999425668336414E-4
2.497991009949105E-4
2.4960424077228715E-4
2.4940967535332743E-4
2.492154040778207E-4
2.4902142628751596E-4
2.488277413261143E-4
2.486343485392535E-4
2.484412472745073E-4
2.4824843688137793E-4
2.4805591671128415E-4
2.4786368611756345E-4
2.4767174445546085E-4
2.4748009108211213E-4
2.472887253565497E-4
2.4709764663969063E-4
2.4690685429433425E-4
2.467163476851499E-4
2.4652612617866897E-4
2.4633618914327547E-4
2.4614653594922135E-4
2.4595716596858885E-4
2.4576807857530403E-4
2.455792731451164E-4
2.4539074905561214E-4
2.452025056861838E-4
2.4501454241804087E-4
2.4482685863420076E-4
2.4463945371946613E-4
2.444523270604462E-4
2.442654780455246E-4
2.4407890606487068E-4
2.4389261051042076E-4
2.437065907758777E-4
2.435208462567078E-4
2.4333537635012802E-4
2.431501804550954E-4
2.429652579723173E-4
2.4278060830423368E-4
2.4259623085500575E-4
2.4241212503051774E-4
2.422282902383836E-4
2.420447258879046E-4
2.418614313901007E-4
2.4167840615768065E-4
2.414956496050537E-4
2.413131611483008E-4
2.4113094020519472E-4
2.4094898619517576E-4
2.407672985393424E-4
2.4058587666047528E-4
2.404047199829858E-4
2.4022382793295702E-4
2.4004319993809397E-4
2.398628354277577E-4
2.3968273383292575E-4
2.3950289458621869E-4
2.3932331712185547E-4
2.3914400087568952E-4
2.3896494528517155E-4
2.3878614978935597E-4
2.3860761382889925E-4
2.3842933684604272E-4
2.3825131828462246E-4
2.380735575900474E-4
2.3789605420929845E-4
2.3771880759093365E-4
2.3754181718507877E-4
2.3736508244340127E-4
2.3718860281913312E-4
2.3701237776705374E-4
2.3683640674347777E-4
2.3666068920626189E-4
2.3648522461478964E-4
2.3631001242997444E-4
2.3613505211424646E-4
2.3596034313155188E-4
2.3578588494734464E-4
2.3561167702858374E-4
2.354377188437332E-4
2.3526400986273883E-4
2.3509054955704546E-4
2.3491733739957414E-4
2.3474437286473188E-4
2.3457165542838972E-4
2.3439918456789405E-4
2.3422695976204575E-4
2.3405498049111178E-4
2.3388324623680983E-4
2.3371175648230307E-4
2.335405107121976E-4
2.3336950841253357E-4
2.3319874907079058E-4
2.3302823217587104E-4
2.3285795721810323E-4
2.3268792368922862E-4
2.325181310824057E-4
2.3234857889219758E-4
2.321792666145723E-4
2.3201019374689488E-4
2.3184135978793061E-4
2.316727642378222E-4
2.3150440659809845E-4
2.313362863716764E-4
2.3116840306283503E-4
2.31000756177237E-4
2.3083334522189182E-4
2.3066616970518472E-4
2.3049922913684925E-4
2.3033252302797009E-4
2.3016605089098285E-4
2.2999981223965722E-4
2.2983380658910698E-4
2.296680334557735E-4
2.2950249235742593E-4
2.2933718281316026E-4
2.2917210434339122E-4
2.2900725646984445E-4
2.2884263871555987E-4
2.2867825060487621E-4
2.2851409166343875E-4
2.2835016141818957E-4
2.2818645939735863E-4
2.280229851304672E-4
2.2785973814831912E-4
2.276967179829934E-4
2.2753392416785374E-4
2.2737135623752296E-4
2.2720901372789707E-4
2.270468961761298E-4
2.2688500312063284E-4
2.2672333410107506E-4
2.2656188865837238E-4
2.2640066633468207E-4
2.2623966667340419E-4
2.2607888921917946E-4
2.259183335178738E-4
2.2575799911659012E-4
2.255978855636418E-4
2.254379924085747E-4
2.252783192021488E-4
2.2511886549632588E-4
2.249596308442872E-4
2.248006148004132E-4
2.2464181692028417E-4
2.2448323676066968E-4
2.2432487387954309E-4
2.241667278360568E-4
2.2400879819054772E-4
2.238510845045344E-4
2.2369358634070986E-4
2.2353630326293677E-4
2.2337923483625234E-4
2.2322238062684935E-4
2.230657402020914E-4
2.2290931313048506E-4
2.2275309898169915E-4
2.2259709732654659E-4
2.2244130773699052E-4
2.222857297861254E-4
2.2213036304819387E-4
2.2197520709856634E-4
2.2182026151373757E-4
2.2166552587134217E-4
2.215109997501225E-4
2.2135668272994726E-4
2.2120257439179827E-4
2.2104867431777336E-4
2.2089498209106636E-4
2.20741497295984E-4
2.2058821951793334E-4
2.2043514834341494E-4
2.2028228336002135E-4
2.201296241564385E-4
2.1997717032243037E-4
2.1982492144885605E-4
2.1967287712764335E-4
2.195210369517956E-4
2.1936940051539222E-4
2.1921796741357488E-4
2.190667372425562E-4
2.1891570959960732E-4
2.187648840830551E-4
2.1861426029228635E-4
2.1846383782773247E-4
2.1831361629087205E-4
2.1816359528423212E-4
2.180137744113777E-4
2.1786415327691293E-4
2.1771473148647378E-4
2.175655086467214E-4
2.1741648436535794E-4
2.1726765825109975E-4
2.171190299136775E-4
2.1697059896385402E-4
2.1682236501339479E-4
2.1667432767507837E-4
2.1652648656269287E-4
2.163788412910308E-4
2.162313914758776E-4
2.160841367340301E-4
2.1593707668326591E-4
2.1579021094236117E-4
2.15643539131076E-4
2.154970608701603E-4
2.153507757813386E-4
2.1520468348731943E-4
2.1505878361178694E-4
2.149130757793926E-4
2.1476755961575902E-4
2.1462223474747822E-4
2.144771008020964E-4
2.1433215740812657E-4
2.1418740419504258E-4
2.140428407932585E-4
2.1389846683414728E-4
2.1375428195003054E-4
2.136102857741714E-4
2.1346647794077373E-4
2.1332285808498003E-4
2.131794258428753E-4
2.1303618085146266E-4
2.1289312274868936E-4
2.127502511734188E-4
2.1260756576543848E-4
2.124650661654684E-4
2.1232275201513032E-4
2.121806229569741E-4
2.120386786344459E-4
2.1189691869192103E-4
2.117553427746616E-4
2.1161395052884602E-4
2.1147274160154605E-4
2.1133171564073638E-4
2.1119087229528032E-4
2.1105021121493859E-4
2.1090973205035622E-4
2.1076943445306594E-4
2.106293180754847E-4
2.104893825709141E-4
2.1034962759352557E-4
2.1021005279836706E-4
2.100706578413664E-4
2.0993144237931255E-4
2.097924060698663E-4
2.096535485715491E-4
2.0951486954374763E-4
2.0937636864670027E-4
2.09238045541516E-4
2.0909989989013626E-4
2.0896193135537406E-4
2.0882413960087413E-4
2.086865242911338E-4
2.0854908509149625E-4
2.0841182166814092E-4
2.0827473368807933E-4
2.0813782081916974E-4
2.0800108273009123E-4
2.0786451909036134E-4
2.0772812957032017E-4
2.075919138411271E-4
2.0745587157477714E-4
2.073200024440735E-4
2.0718430612263908E-4
2.0704878228491424E-4
2.069134306061426E-4
2.0677825076239042E-4
2.0664324243051767E-4
2.065084052881961E-4
2.0637373901389528E-4
2.062392432868883E-4
2.0610491778723998E-4
2.0597076219581412E-4
2.0583677619426556E-4
2.0570295946503367E-4
2.055693116913516E-4
2.0543583255723142E-4
2.0530252174747225E-4
2.0516937894765171E-4
2.0503640384411857E-4
2.0490359612400613E-4
2.0477095547521474E-4
2.046384815864177E-4
2.0450617414705352E-4
2.043740328473234E-4
2.0424205737820135E-4
2.0411024743141221E-4
2.0397860269944336E-4
2.038471228755445E-4
2.0371580765370722E-4
2.0358465672868015E-4
2.034536697959639E-4
2.0332284655180313E-4
2.031921866931863E-4
2.0306168991784842E-4
2.0293135592426136E-4
2.0280118441162975E-4
2.0267117507990858E-4
2.02541327629772E-4
2.0241164176263134E-4
2.022821171806258E-4
2.021527535866202E-4
2.020235506842109E-4
2.018945081776999E-4
2.0176562577213378E-4
2.0163690317325205E-4
2.01508340087533E-4
2.0137993622214556E-4
2.0125169128498846E-4
2.0112360498466614E-4
2.0099567703047908E-4
2.008679071324469E-4
2.0074029500128388E-4
2.0061284034840785E-4
2.00485542885935E-4
2.0035840232667434E-4
2.0023141838414226E-4
2.001045907725269E-4
1.9997791920672612E-4
1.9985140340231163E-4
1.9972504307555548E-4
1.9959883794339986E-4
1.994727877234765E-4
1.993468921340986E-4
1.9922115089425065E-4
1.9909556372359685E-4
1.9897013034247924E-4
1.9884485047190522E-4
1.9871972383355533E-4
1.9859475014977885E-4
1.9846992914359035E-4
1.983452605386633E-4
1.9822074405934144E-4
1.9809637943062508E-4
1.979721663781668E-4
1.978481046282833E-4
1.977241939079476E-4
1.9760043394477161E-4
1.9747682446703054E-4
1.9735336520364144E-4
1.9723005588417295E-4
1.971068962388248E-4
1.9698388599845973E-4
1.9686102489456823E-4
1.9673831265927592E-4
1.9661574902535262E-4
1.9649333372620588E-4
1.9637106649586928E-4
1.9624894706900996E-4
1.9612697518092513E-4
1.960051505675394E-4
1.9588347296540007E-4
1.9576194211168556E-4
1.9564055774418663E-4
1.955193196013223E-4
1.9539822742212744E-4
1.9527728094625126E-4
1.9515647991395768E-4
1.9503582406612657E-4
1.9491531314424492E-4
1.9479494689041556E-4
1.946747250473435E-4
1.9455464735833693E-4
1.9443471356731524E-4
1.943149234187969E-4
1.9419527665789576E-4
1.9407577303033082E-4
1.9395641228241915E-4
1.9383719416106443E-4
1.9371811841377602E-4
1.9359918478864275E-4
1.9348039303434988E-4
1.9336174290016846E-4
1.93243234135959E-4
1.931248664921685E-4
1.9300663971981913E-4
1.9288855357052015E-4
1.9277060779646432E-4
1.9265280215041345E-4
1.9253513638570915E-4
1.9241761025627266E-4
1.9230022351659056E-4
1.921829759217271E-4
1.9206586722731584E-4
1.9194889718955423E-4
1.9183206556520506E-4
1.9171537211160422E-4
1.91598816586643E-4
1.9148239874877888E-4
1.9136611835702492E-4
1.9124997517095684E-4
1.9113396895070636E-4
1.910180994569604E-4
1.9090236645095168E-4
1.9078676969447615E-4
1.9067130894987895E-4
1.9055598398004235E-4
1.9044079454840916E-4
1.9032574041895898E-4
1.902108213562234E-4
1.9009603712526679E-4
1.8998138749170483E-4
1.8986687222168248E-4
1.89752491081893E-4
1.8963824383955315E-4
1.895241302624296E-4
1.8941015011881212E-4
1.8929630317751883E-4
1.8918258920790827E-4
1.8906900797986318E-4
1.8895555926379303E-4
1.8884224283063412E-4
1.8872905845184233E-4
1.8861600589940337E-4
1.8850308494582023E-4
1.883902953641162E-4
1.8827763692782953E-4
1.8816510941102103E-4
1.880527125882652E-4
1.8794044623464892E-4
1.878283101257708E-4
1.8771630403774167E-4
1.876044277471821E-4
1.8749268103122007E-4
1.8738106366748987E-4
1.87269575434131E-4
1.8715821610978907E-4
1.870469854736086E-4
1.8693588330523652E-4
1.8682490938481982E-4
1.8671406349300002E-4
1.8660334541092407E-4
1.8649275492022384E-4
1.8638229180302846E-4
1.862719558419647E-4
1.8616174682014455E-4
1.8605166452117082E-4
1.859417087291368E-4
1.8583187922862062E-4
1.8572217580468725E-4
1.8561259824288254E-4
1.855031463292469E-4
1.8539381985028193E-4
1.8528461859298749E-4
1.8517554234483705E-4
1.850665908937748E-4
1.84957764028231E-4
1.8484906153710577E-4
1.8474048320977297E-4
1.8463202883607912E-4
1.8452369820634145E-4
1.8441549111134766E-4
1.8430740734235365E-4
1.8419944669107924E-4
1.8409160894971248E-4
1.8398389391090792E-4
1.838763013677789E-4
1.8376883111390278E-4
1.836614829433181E-4
1.8355425665051963E-4
1.834471520304652E-4
1.8334016887856311E-4
1.8323330699068213E-4
1.831265661631425E-4
1.8301994619271316E-4
1.8291344687663136E-4
1.8280706801256468E-4
1.8270080939863952E-4
1.82594670833431E-4
1.8248865211595682E-4
1.8238275304568058E-4
1.8227697342251378E-4
1.8217131304680957E-4
1.8206577171935972E-4
1.8196034924140283E-4
1.8185504541460721E-4
1.8174986004108965E-4
1.8164479292339685E-4
1.81539843864515E-4
1.8143501266786307E-4
1.8133029913729328E-4
1.812257030770926E-4
1.8112122429197135E-4
1.8101686258708226E-4
1.8091261776799586E-4
1.8080848964071227E-4
1.807044780116635E-4
1.8060058268769985E-4
1.8049680347609898E-4
1.8039314018456076E-4
1.802895926212048E-4
1.801861605945763E-4
1.800828439136359E-4
1.799796423877613E-4
1.7987655582675253E-4
1.7977358404081602E-4
1.796707268405839E-4
1.7956798403709402E-4
1.7946535544180407E-4
1.7936284086657217E-4
1.7926044012367802E-4
1.7915815302580953E-4
1.7905597938605065E-4
1.789539190179088E-4
1.7885197173528276E-4
1.787501373524875E-4
1.7864841568423318E-4
1.7854680654563848E-4
1.7844530975221935E-4
1.7834392511989372E-4
1.7824265246498287E-4
1.78141491604196E-4
1.780404423546556E-4
1.779395045338621E-4
1.778386779597221E-4
1.7773796245053574E-4
1.776373578249908E-4
1.7753686390217335E-4
1.7743648050155705E-4
1.77336207443001E-4
1.772360445467618E-4
1.771359916334785E-4
1.7703604852417685E-4
1.7693621504026775E-4
1.7683649100354835E-4
1.7673687623620085E-4
1.7663737056078588E-4
1.7653797380024698E-4
1.7643868577791103E-4
1.7633950631747917E-4
1.7624043524303997E-4
1.7614147237904164E-4
1.7604261755033114E-4
1.7594387058211393E-4
1.7584523129998196E-4
1.7574669952988994E-4
1.7564827509817152E-4
1.7554995783152625E-4
1.7545174755703228E-4
1.75353644102133E-4
1.7525564729463583E-4
1.751577569627233E-4
1.750599729349407E-4
1.749622950401994E-4
1.748647231077745E-4
1.7476725696730083E-4
1.7466989644878905E-4
1.7457264138259656E-4
1.7447549159944605E-4
1.7437844693042902E-4
1.7428150720698394E-4
1.7418467226091235E-4
1.7408794192436835E-4
1.7399131602986896E-4
1.7389479441028475E-4
1.7379837689883597E-4
1.7370206332909942E-4
1.7360585353500208E-4
1.7350974735082448E-4
1.734137446111961E-4
1.7331784515109744E-4
1.7322204880585644E-4
1.7312635541114397E-4
1.7303076480298848E-4
1.729352768177558E-4
1.728398912921601E-4
1.727446080632563E-4
1.7264942696844468E-4
1.725543478454664E-4
1.72459370532411E-4
1.7236449486769388E-4
1.7226972069008214E-4
1.7217504783868264E-4
1.7208047615292822E-4
1.7198600547260114E-4
1.7189163563780685E-4
1.717973664890021E-4
1.7170319786696234E-4
1.7160912961280923E-4
1.7151516156798004E-4
1.7142129357426426E-4
1.713275254737704E-4
1.7123385710893482E-4
1.7114028832252896E-4
1.7104681895765096E-4
1.7095344885772546E-4
1.7086017786650218E-4
1.7076700582806142E-4
1.7067393258679832E-4
1.7058095798744516E-4
1.7048808187504903E-4
1.7039530409497896E-4
1.703026244929298E-4
1.7021004291491252E-4
1.7011755920725896E-4
1.7002517321662892E-4
1.699328847899816E-4
1.6984069377461012E-4
1.6974860001811964E-4
1.6965660336842653E-4
1.6956470367376604E-4
1.6947290078268528E-4
1.6938119454404943E-4
1.692895848070288E-4
1.6919807142111256E-4
1.691066542360934E-4
1.6901533310208152E-4
1.6892410786949167E-4
1.6883297838904824E-4
1.687419445117819E-4
1.6865100608903417E-4
1.6856016297244476E-4
1.6846941501397076E-4
1.683787620658611E-4
1.6828820398067607E-4
1.6819774061128002E-4
1.681073718108362E-4
1.680170974328048E-4
1.6792691733095557E-4
1.6783683135935103E-4
1.677468393723598E-4
1.6765694122464512E-4
1.6756713677116192E-4
1.6747742586717347E-4
1.673878083682303E-4
1.6729828413018273E-4
1.6720885300917045E-4
1.6711951486163634E-4
1.670302695443088E-4
1.6694111691420652E-4
1.6685205682864812E-4
1.6676308914523604E-4
1.6667421372187024E-4
1.6658543041672973E-4
1.6649673908828845E-4
1.664081395953111E-4
1.663196317968436E-4
1.6623121555222074E-4
1.661428907210643E-4
1.6605465716327666E-4
1.6596651473905176E-4
1.658784633088601E-4
1.6579050273345862E-4
1.6570263287388524E-4
1.6561485359146028E-4
1.6552716474778367E-4
1.6543956620473802E-4
1.6535205782448046E-4
1.6526463946945233E-4
1.651773110023657E-4
1.650900722862187E-4
1.6500292318427873E-4
1.6491586356009384E-4
1.6482889327748107E-4
1.6474201220053792E-4
1.6465522019363689E-4
1.6456851712141383E-4
1.6448190284878926E-4
1.6439537724094835E-4
1.643089401633453E-4
1.642225914817106E-4
1.6413633106204028E-4
1.6405015877060265E-4
1.6396407447392998E-4
1.6387807803882476E-4
1.6379216933235958E-4
1.637063482218667E-4
1.6362061457494812E-4
1.6353496825946795E-4
1.6344940914356156E-4
1.6336393709561899E-4
1.6327855198430109E-4
1.6319325367852435E-4
1.6310804204747165E-4
1.6302291696058502E-4
1.629378782875669E-4
1.628529258983807E-4
1.6276805966324753E-4
1.626832794526466E-4
1.6259858513732013E-4
1.6251397658825458E-4
1.6242945367671207E-4
1.623450162741927E-4
1.6226066425246538E-4
1.6217639748354194E-4
1.620922158396979E-4
1.6200811919345412E-4
1.6192410741759351E-4
1.618401803851444E-4
1.6175633796938798E-4
1.6167258004385574E-4
1.6158890648233133E-4
1.615053171588464E-4
1.614218119476848E-4
1.6133839072337197E-4
1.6125505336069107E-4
1.6117179973466645E-4
1.610886297205628E-4
1.610055431939072E-4
1.6092254003045834E-4
1.608396201062218E-4
1.607567832974534E-4
1.6067402948064785E-4
1.6059135853254414E-4
1.6050877033012384E-4
1.6042626475060493E-4
1.603438416714602E-4
1.6026150097038822E-4
1.6017924252533682E-4
1.6009706621448859E-4
1.6001497191626838E-4
1.5993295950933673E-4
1.5985102887259396E-4
1.5976917988517726E-4
1.5968741242645488E-4
1.59605726376041E-4
1.595241216137813E-4
1.594425980197498E-4
1.5936115547426417E-4
1.5927979385786976E-4
1.5919851305134852E-4
1.5911731293571203E-4
1.5903619339220512E-4
1.5895515430230494E-4
1.5887419554771833E-4
1.5879331701038388E-4
1.587125185724699E-4
1.586318001163725E-4
1.5855116152471547E-4
1.584706026803512E-4
1.5839012346636423E-4
1.5830972376606008E-4
1.582294034629738E-4
1.581491624408666E-4
1.5806900058372225E-4
1.5798891777575233E-4
1.5790891390139402E-4
1.5782898884529983E-4
1.577491424923568E-4
1.5766937472766636E-4
1.5758968543655636E-4
1.5751007450457506E-4
1.5743054181749258E-4
1.5735108726129538E-4
1.572717107221925E-4
1.5719241208661847E-4
1.5711319124121797E-4
1.57034048072857E-4
1.569549824686198E-4
1.568759943158108E-4
1.5679708350194247E-4
1.567182499147576E-4
1.5663949344220084E-4
1.565608139724398E-4
1.5648221139385847E-4
1.564036855950465E-4
1.5632523646481666E-4
1.562468638921885E-4
1.561685677663984E-4
1.560903479768915E-4
1.5601220441333014E-4
1.559341369655789E-4
1.5585614552372578E-4
1.5577822997805266E-4
1.5570039021906807E-4
1.5562262613747567E-4
1.5554493762419763E-4
1.5546732457035945E-4
1.5538978686729666E-4
1.5531232440654967E-4
1.5523493707986786E-4
1.5515762477920152E-4
1.5508038739671837E-4
1.550032248247803E-4
1.5492613695595705E-4
1.5484912368302436E-4
1.5477218489896147E-4
1.5469532049694598E-4
1.54618530370372E-4
1.5454181441281706E-4
1.5446517251807682E-4
1.5438860458013616E-4
1.5431211049319238E-4
1.542356901516301E-4
1.541593434500505E-4
1.5408307028323868E-4
1.5400687054618583E-4
1.5393074413408203E-4
1.5385469094231428E-4
1.5377871086646606E-4
1.537028038023244E-4
1.5362696964586097E-4
1.5355120829325475E-4
1.5347551964087807E-4
1.5339990358529236E-4
1.5332436002326336E-4
1.5324888885174642E-4
1.53173489967886E-4
1.5309816326903133E-4
1.530229086527142E-4
1.5294772601666672E-4
1.5287261525880497E-4
1.5279757627724682E-4
1.5272260897029405E-4
1.5264771323643904E-4
1.5257288897437132E-4
1.5249813608296273E-4
1.5242345446127734E-4
1.523488440085722E-4
1.5227430462428447E-4
1.521998362080481E-4
1.5212543865967976E-4
1.5205111187918707E-4
1.5197685576675868E-4
1.5190267022277583E-4
1.5182855514780412E-4
1.5175451044258852E-4
1.5168053600806577E-4
1.5160663174536328E-4
1.5153279755577697E-4
1.5145903334079895E-4
1.5138533900209563E-4
1.5131171444152667E-4
1.512381595611285E-4
1.5116467426312086E-4
1.5109125844990092E-4
1.5101791202405633E-4
1.5094463488834464E-4
1.5087142694571263E-4
1.50798288099285E-4
1.5072521825236038E-4
1.5065221730842815E-4
1.5057928517114378E-4
1.5050642174434817E-4
1.5043362693206055E-4
1.5036090063847186E-4
1.5028824276796295E-4
1.502156532250736E-4
1.5014313191453468E-4
1.5007067874124824E-4
1.4999829361029063E-4
1.499259764269101E-4
1.4985372709653568E-4
1.4978154552477323E-4
1.497094316173892E-4
1.496373852803385E-4
1.4956540641974142E-4
1.494934949418935E-4
1.4942165075325882E-4
1.4934987376047858E-4
1.4927816387036268E-4
1.492065209898918E-4
1.4913494502621872E-4
1.4906343588666802E-4
1.4899199347872855E-4
1.4892061771006518E-4
1.488493084885079E-4
1.4877806572205995E-4
1.4870688931888697E-4
1.4863577918732774E-4
1.4856473523588664E-4
1.4849375737323344E-4
1.484228455082086E-4
1.483519995498212E-4
1.4828121940723565E-4
1.4821050498979116E-4
1.481398562069929E-4
1.480692729685072E-4
1.4799875518416744E-4
1.479283027639672E-4
1.4785791561807123E-4
1.477875936568023E-4
1.477173367906442E-4
1.4764714493025122E-4
1.4757701798643144E-4
1.4750695587016538E-4
1.4743695849258432E-4
1.473670257649889E-4
1.4729715759883566E-4
1.4722735390574452E-4
1.471576145974947E-4
1.4708793958602485E-4
1.4701832878343565E-4
1.469487821019829E-4
1.4687929945408554E-4
1.4680988075231897E-4
1.4674052590941448E-4
1.4667123483826208E-4
1.466020074519121E-4
1.4653284366356853E-4
1.464637433865969E-4
1.463947065345112E-4
1.4632573302098903E-4
1.4625682275985714E-4
1.4618797566510604E-4
1.4611919165086944E-4
1.460504706314454E-4
1.4598181252128552E-4
1.4591321723499004E-4
1.458446846873124E-4
1.45776214793167E-4
1.4570780746761208E-4
1.4563946262586755E-4
1.4557118018329658E-4
1.455029600554185E-4
1.4543480215790377E-4
1.4536670640657583E-4
1.4529867271740766E-4
1.4523070100651894E-4
1.4516279119018347E-4
1.4509494318482567E-4
1.4502715690701534E-4
1.4495943227347836E-4
1.448917692010786E-4
1.4482416760684149E-4
1.4475662740792838E-4
1.4468914852165776E-4
1.4462173086548968E-4
1.445543743570347E-4
1.444870789140482E-4
1.444198444544314E-4
1.4435267089623846E-4
1.4428555815765694E-4
1.4421850615703246E-4
1.4415151481284922E-4
1.4408458404373636E-4
1.44017713768472E-4
1.4395090390597175E-4
1.4388415437529759E-4
1.4381746509566426E-4
1.43750835986413E-4
1.4368426696703964E-4
1.4361775795718366E-4
1.4355130887661773E-4
1.4348491964526606E-4
1.4341859018318775E-4
1.4335232041058854E-4
1.432861102478106E-4
1.4321995961534117E-4
1.4315386843380358E-4
1.4308783662396804E-4
1.4302186410673618E-4
1.42955950803152E-4
1.4289009663440578E-4
1.428243015218147E-4
1.4275856538684492E-4
1.4269288815109697E-4
1.426272697363072E-4
1.425617100643553E-4
1.424962090572498E-4
1.4243076663714702E-4
1.42365382726331E-4
1.423000572472271E-4
1.4223479012239596E-4
1.42169581274532E-4
1.421044306264704E-4
1.4203933810117946E-4
1.419743036217553E-4
1.4190932711143962E-4
1.4184440849360382E-4
1.4177954769175314E-4
1.417147446295267E-4
1.4164999923070007E-4
1.4158531141917634E-4
1.415206811189976E-4
1.4145610825433508E-4
1.4139159274949515E-4
1.4132713452890943E-4
1.412627335171534E-4
1.411983896389249E-4
1.4113410281905113E-4
1.4106987298249994E-4
1.410057000543634E-4
1.409415839598626E-4
1.40877524624355E-4
1.408135219733202E-4
1.407495759323761E-4
1.4068568642726088E-4
1.406218533838482E-4
1.4055807672814043E-4
1.4049435638626348E-4
1.404306922844712E-4
1.4036708434915398E-4
1.4030353250682253E-4
1.402400366841167E-4
1.4017659680780147E-4
1.4011321280477378E-4
1.4004988460205098E-4
1.3998661212678213E-4
1.3992339530623517E-4
1.3986023406781738E-4
1.3979712833904305E-4
1.3973407804756464E-4
1.396710831211565E-4
1.3960814348771536E-4
1.3954525907526423E-4
1.3948242981195276E-4
1.3941965562604917E-4
1.3935693644594811E-4
1.3929427220016934E-4
1.392316628173474E-4
1.391691082262519E-4
1.3910660835576746E-4
1.3904416313490045E-4
1.3898177249278175E-4
1.3891943635866572E-4
1.3885715466192266E-4
1.3879492733204858E-4
1.3873275429865758E-4
1.3867063549148677E-4
1.3860857084039573E-4
1.385465602753568E-4
1.3848460372646864E-4
1.3842270112395037E-4
1.3836085239813482E-4
1.3829905747947665E-4
1.382373162985512E-4
1.3817562878605194E-4
1.3811399487278762E-4
1.3805241448968937E-4
1.379908875678051E-4
1.3792941403829552E-4
1.3786799383244658E-4
1.3780662688165832E-4
1.3774531311744174E-4
1.3768405247143709E-4
1.3762284487538575E-4
1.375616902611586E-4
1.375005885607337E-4
1.3743953970621006E-4
1.3737854362980286E-4
1.3731760026383395E-4
1.3725670954074798E-4
1.3719587139310283E-4
1.371350857535717E-4
1.3707435255493804E-4
1.370136717301053E-4
1.3695304321208077E-4
1.3689246693399714E-4
1.3683194282908983E-4
1.3677147083071707E-4
1.3671105087234624E-4
1.3665068288754956E-4
1.3659036681002045E-4
1.3653010257356463E-4
1.3646989011209296E-4
1.3640972935963504E-4
1.3634962025032803E-4
1.362895627184188E-4
1.3622955669827258E-4
1.3616960212435453E-4
1.3610969893124373E-4
1.3604984705363688E-4
1.3599004642633427E-4
1.3593029698424303E-4
1.3587059866238574E-4
1.358109513958929E-4
1.3575135511999944E-4
1.3569180977005728E-4
1.3563231528152046E-4
1.355728715899525E-4
1.3551347863102617E-4
1.3545413634052274E-4
1.3539484465432977E-4
1.3533560350844308E-4
1.3527641283896577E-4
1.352172725821077E-4
1.351581826741821E-4
1.3509914305161587E-4
1.3504015365093842E-4
1.3498121440878432E-4
1.349223252618949E-4
1.348634861471168E-4
1.3480469700140397E-4
1.3474595776181297E-4
1.3468726836550867E-4
1.3462862874975736E-4
1.3457003885193098E-4
1.3451149860950842E-4
1.3445300796006661E-4
1.3439456684129393E-4
1.3433617519097748E-4
1.342778329470094E-4
1.342195400473835E-4
1.3416129643020286E-4
1.3410310203366312E-4
1.3404495679606972E-4
1.3398686065583203E-4
1.3392881355145335E-4
1.338708154215485E-4
1.3381286620482783E-4
1.3375496584010858E-4
1.336971142663036E-4
1.336393114224258E-4
1.3358155724759992E-4
1.335238516810394E-4
1.3346619466206457E-4
1.3340858613009304E-4
1.3335102602464707E-4
1.332935142853451E-4
1.3323605085190386E-4
1.3317863566414347E-4
1.331212686619828E-4
1.3306394978543633E-4
1.3300667897462362E-4
1.3294945616975458E-4
1.3289228131114635E-4
1.3283515433920796E-4
1.3277807519444993E-4
1.3272104381748098E-4
1.3266406014900267E-4
1.3260712412981951E-4
1.325502357008322E-4
1.3249339480303715E-4
1.3243660137752806E-4
1.3237985536549492E-4
1.3232315670822856E-4
1.3226650534710566E-4
1.322099012236116E-4
1.321533442793219E-4
1.3209683445590368E-4
1.3204037169512364E-4
1.3198395593884968E-4
1.319275871290348E-4
1.3187126520772903E-4
1.3181499011708455E-4
1.317587617993402E-4
1.3170258019683194E-4
1.3164644525198965E-4
1.3159035690733692E-4
1.3153431510549274E-4
1.3147831978916618E-4
1.3142237090116586E-4
1.3136646838438716E-4
1.3131061218181995E-4
1.3125480223655266E-4
1.311990384917571E-4
1.3114332089070638E-4
1.310876493767587E-4
1.3103202389336895E-4
1.3097644438408046E-4
1.3092091079253368E-4
1.3086542306245549E-4
1.3080998113766584E-4
1.307545849620744E-4
1.306992344796861E-4
1.30643929634593E-4
1.305886703709776E-4
1.3053345663311316E-4
1.3047828836536396E-4
1.304231655121867E-4
1.3036808801812565E-4
1.3031305582781227E-4
1.3025806888597387E-4
1.3020312713741378E-4
1.3014823052704658E-4
1.3009337899985406E-4
1.3003857250091963E-4
1.2998381097541092E-4
1.2992909436858454E-4
1.2987442262578448E-4
1.2981979569244714E-4
1.2976521351409193E-4
1.2971067603632583E-4
1.2965618320484837E-4
1.296017349654397E-4
1.2954733126397552E-4
1.2949297204641085E-4
1.2943865725879012E-4
1.2938438684724648E-4
1.2933016075799598E-4
1.2927597893734748E-4
1.2922184133168593E-4
1.291677478874931E-4
1.291136985513261E-4
1.2905969326984046E-4
1.2900573198976385E-4
1.2895181465791744E-4
1.2889794122120563E-4
1.2884411162661607E-4
1.2879032582122378E-4
1.2873658375218698E-4
1.2868288536674872E-4
1.2862923061223767E-4
1.2857561943606496E-4
1.2852205178572266E-4
1.2846852760879426E-4
1.284150468529402E-4
1.283616094659062E-4
1.283082153955284E-4
1.2825486458971038E-4
1.2820155699645334E-4
1.2814829256383613E-4
1.2809507124001738E-4
1.2804189297324232E-4
1.279887577118347E-4
1.2793566540420925E-4
1.278826159988488E-4
1.278296094443283E-4
1.2777664568930223E-4
1.2772372468250543E-4
1.2767084637275425E-4
1.276180107089448E-4
1.2756521764005802E-4
1.2751246711515472E-4
1.2745975908336963E-4
1.2740709349393073E-4
1.2735447029613568E-4
1.2730188943936525E-4
1.2724935087308332E-4
1.2719685454683072E-4
1.271444004102267E-4
1.2709198841297394E-4
1.2703961850485436E-4
1.2698729063572426E-4
1.2693500475552473E-4
1.26882760814272E-4
1.2683055876206424E-4
1.26778398549073E-4
1.2672628012555672E-4
1.2667420344184414E-4
1.266221684483487E-4
1.2657017509555655E-4
1.2651822333403366E-4
1.2646631311442473E-4
1.264144443874527E-4
1.263626171039145E-4
1.2631083121468598E-4
1.2625908667072234E-4
1.2620738342305376E-4
1.2615572142278593E-4
1.2610410062110526E-4
1.260525209692722E-4
1.260009824186199E-4
1.2594948492056573E-4
1.258980284265964E-4
1.2584661288827777E-4
1.2579523825725184E-4
1.2574390448523497E-4
1.2569261152401939E-4
1.2564135932547214E-4
1.255901478415324E-4
1.255389770242233E-4
1.2548784682563522E-4
1.2543675719793847E-4
1.2538570809336933E-4
1.2533469946424898E-4
1.2528373126296447E-4
1.2523280344198755E-4
1.251819159538506E-4
1.2513106875116855E-4
1.2508026178662912E-4
1.2502949501299107E-4
1.2497876838309303E-4
1.2492808184983573E-4
1.2487743536620358E-4
1.2482682888524852E-4
1.2477626236009735E-4
1.2472573574395037E-4
1.2467524899007743E-4
1.246248020518205E-4
1.2457439488260263E-4
1.245240274359096E-4
1.2447369966530036E-4
1.244234115244074E-4
1.2437316296693798E-4
1.243229539466682E-4
1.24272784417446E-4
1.242226543331873E-4
1.2417256364788564E-4
1.241225123155994E-4
1.2407250029046558E-4
1.2402252752668287E-4
1.2397259397852812E-4
1.2392269960034285E-4
1.238728443465443E-4
1.2382302817162092E-4
1.2377325103012E-4
1.2372351287667403E-4
1.2367381366597464E-4
1.2362415335278912E-4
1.235745318919486E-4
1.2352494923835894E-4
1.234754053469936E-4
1.2342590017289557E-4
1.2337643367117874E-4
1.2332700579702053E-4
1.232776165056722E-4
1.2322826575244869E-4
1.2317895349274092E-4
1.2312967968200133E-4
1.2308044427575485E-4
1.2303124722959512E-4
1.2298208849917503E-4
1.2293296804022938E-4
1.2288388580854715E-4
1.2283484175999818E-4
1.2278583585050918E-4
1.2273686803607656E-4
1.226879382727655E-4
1.226390465167136E-4
1.2259019272411624E-4
1.2254137685123776E-4
1.2249259885441534E-4
1.224438586900437E-4
1.2239515631459372E-4
1.2234649168459496E-4
1.2229786475664633E-4
1.2224927548741562E-4
1.222007238336263E-4
1.2215220975207968E-4
1.221037331996401E-4
1.2205529413323414E-4
1.2200689250985381E-4
1.2195852828655719E-4
1.2191020142047107E-4
1.2186191186878617E-4
1.2181365958874939E-4
1.2176544453768743E-4
1.217172666729787E-4
1.2166912595207598E-4
1.2162102233248957E-4
1.2157295577179814E-4
1.2152492622764147E-4
1.2147693365772977E-4
1.2142897801982789E-4
1.2138105927176947E-4
1.2133317737145778E-4
1.2128533227684913E-4
1.212375239459681E-4
1.2118975233690455E-4
1.2114201740780935E-4
1.2109431911689722E-4
1.2104665742244567E-4
1.2099903228279766E-4
1.2095144365635121E-4
1.2090389150157931E-4
1.2085637577700518E-4
1.2080889644122279E-4
1.2076145345288604E-4
1.2071404677070891E-4
1.2066667635347007E-4
1.2061934216001097E-4
1.2057204414923078E-4
1.2052478228009788E-4
1.2047755651163206E-4
1.2043036680292255E-4
1.2038321311311922E-4
1.203360954014296E-4
1.2028901362712754E-4
1.2024196774953783E-4
1.201949577280619E-4
1.2014798352215006E-4
1.2010104509131612E-4
1.2005414239513605E-4
1.2000727539324501E-4
1.199604440453406E-4
1.1991364831117413E-4
1.198668881505686E-4
1.1982016352339898E-4
1.1977347438960015E-4
1.1972682070917099E-4
1.1968020244216247E-4
1.19633619548698E-4
1.1958707198894686E-4
1.1954055972314706E-4
1.1949408271159155E-4
1.1944764091463134E-4
1.1940123429268254E-4
1.1935486280621307E-4
1.1930852641575519E-4
1.1926222508189881E-4
1.1921595876528953E-4
1.1916972742663165E-4
1.1912353102669253E-4
1.1907736952629547E-4
1.1903124288631945E-4
1.189851510677033E-4
1.1893909403144406E-4
1.1889307173859987E-4
1.1884708415027917E-4
1.1880113122765652E-4
1.1875521293195534E-4
1.1870932922446536E-4
1.1866348006652593E-4
1.1861766541953773E-4
1.1857188524495868E-4
1.1852613950430588E-4
1.1848042815914512E-4
1.1843475117110611E-4
1.1838910850187298E-4
1.183435001131901E-4
1.1829792596685261E-4
1.1825238602471574E-4
1.1820688024868896E-4
1.1816140860073895E-4
1.1811597104289028E-4
1.180705675372203E-4
1.1802519804586288E-4
1.1797986253100787E-4
1.1793456095490602E-4
1.1788929327985397E-4
1.1784405946821257E-4
1.1779885948239082E-4
1.1775369328486042E-4
1.1770856083813962E-4
1.1766346210481366E-4
1.1761839704750783E-4
1.1757336562891684E-4
1.1752836781177827E-4
1.1748340355889172E-4
1.1743847283311055E-4
1.173935755973382E-4
1.1734871181453764E-4
1.1730388144772439E-4
1.17259084459966E-4
1.1721432081438598E-4
1.1716959047416438E-4
1.1712489340252888E-4
1.1708022956276723E-4
1.1703559891821554E-4
1.1699100143226855E-4
1.1694643706836893E-4
1.1690190579002194E-4
1.1685740756077409E-4
1.1681294234423364E-4
1.1676851010406008E-4
1.1672411080396247E-4
1.1667974440770762E-4
1.1663541087911255E-4
1.1659111018205052E-4
1.1654684228043899E-4
1.1650260713825435E-4
1.1645840471952635E-4
1.1641423498833788E-4
1.1637009790881488E-4
1.163259934451464E-4
1.1628192156156936E-4
1.1623788222237098E-4
1.1619387539188932E-4
1.16149901034519E-4
1.1610595911470563E-4
1.160620495969416E-4
1.1601817244577641E-4
1.1597432762580711E-4
1.1593051510168357E-4
1.1588673483810578E-4
1.1584298679982807E-4
1.1579927095165015E-4
1.1575558725842756E-4
1.1571193568506684E-4
1.1566831619652249E-4
1.156247287577977E-4
1.1558117333395601E-4
1.1553764989009858E-4
1.1549415839138555E-4
1.1545069880302505E-4
1.154072710902715E-4
1.1536387521843807E-4
1.1532051115288446E-4
1.152771788590141E-4
1.1523387830228692E-4
1.1519060944821067E-4
1.1514737226234373E-4
1.1510416671029296E-4
1.1506099275771428E-4
1.1501785037031357E-4
1.1497473951384728E-4
1.149316601541194E-4
1.148886122569828E-4
1.1484559578834246E-4
1.1480261071414941E-4
1.1475965700040135E-4
1.147167346131517E-4
1.1467384351849646E-4
1.1463098368258327E-4
1.1458815507160525E-4
1.1454535765181007E-4
1.1450259138948436E-4
1.1445985625097282E-4
1.1441715220266205E-4
1.143744792109907E-4
1.1433183724244187E-4
1.1428922626354783E-4
1.1424664624088805E-4
1.1420409714109089E-4
1.1416157893083485E-4
1.1411909157683956E-4
1.140766350458791E-4
1.1403420930477006E-4
1.1399181432037749E-4
1.1394945005961817E-4
1.1390711648944452E-4
1.1386481357687211E-4
1.1382254128894818E-4
1.1378029959277898E-4
1.1373808845550936E-4
1.136959078443348E-4
1.1365375772649731E-4
1.1361163806928268E-4
1.1356954884002781E-4
1.1352749000611125E-4
1.1348546153496094E-4
1.1344346339405103E-4
1.1340149555089837E-4
1.1335955797307212E-4
1.1331765062818192E-4
1.1327577348388668E-4
1.1323392650788688E-4
1.1319210966793667E-4
1.131503229318255E-4
1.1310856626739601E-4
1.1306683964253491E-4
1.1302514302517457E-4
1.1298347638328797E-4
1.1294183968489884E-4
1.1290023289807713E-4
1.12858655990933E-4
1.1281710893162441E-4
1.127755916883532E-4
1.1273410422936563E-4
1.1269264652295458E-4
1.1265121853745746E-4
1.1260982024125902E-4
1.1256845160277907E-4
1.1252711259049213E-4
1.1248580317291086E-4
1.1244452331859643E-4
1.1240327299615135E-4
1.1236205217422537E-4
1.1232086082150732E-4
1.1227969890673441E-4
1.1223856639868638E-4
1.1219746326618843E-4
1.1215638947810515E-4
1.121153450033499E-4
1.1207432981087749E-4
1.1203334386968624E-4
1.1199238714881734E-4
1.1195145961735595E-4
1.1191056124443041E-4
1.1186969199921628E-4
1.1182885185092334E-4
1.1178804076881298E-4
1.1174725872218682E-4
1.1170650568038793E-4
1.1166578161280364E-4
1.116250864888629E-4
1.1158442027804123E-4
1.1154378294985146E-4
1.1150317447385319E-4
1.1146259481964476E-4
1.1142204395687242E-4
1.1138152185521708E-4
1.1134102848440759E-4
1.1130056381421856E-4
1.1126012781445782E-4
1.1121972045497653E-4
1.1117934170567691E-4
1.1113899153649235E-4
1.1109866991740566E-4
1.1105837681843616E-4
1.1101811220964883E-4
1.1097787606114686E-4
1.1093766834307683E-4
1.108974890256299E-4
1.1085733807903275E-4
1.1081721547355612E-4
1.1077712117951259E-4
1.107370551672566E-4
1.1069701740717871E-4
1.1065700786971952E-4
1.1061702652535312E-4
1.1057707334459588E-4
1.1053714829800871E-4
1.1049725135618651E-4
1.104573824897744E-4
1.1041754166944957E-4
1.1037772886593136E-4
1.1033794404998511E-4
1.1029818719240977E-4
1.1025845826405122E-4
1.1021875723578588E-4
1.1017908407854254E-4
1.1013943876328216E-4
1.1009982126100701E-4
1.1006023154275933E-4
1.1002066957962484E-4
1.0998113534272659E-4
1.099416288032237E-4
1.0990214993232165E-4
1.0986269870125984E-4
1.0982327508132474E-4
1.0978387904383255E-4
1.0974451056014645E-4
1.0970516960166684E-4
1.0966585613983274E-4
1.0962657014612265E-4
1.0958731159205486E-4
1.0954808044918752E-4
1.0950887668911369E-4
1.0946970028347032E-4
1.0943055120393395E-4
1.093914294222139E-4
1.0935233491006318E-4
1.0931326763927333E-4
1.092742275816712E-4
1.0923521470912925E-4
1.091962289935476E-4
1.0915727040687625E-4
1.0911833892109584E-4
1.0907943450822759E-4
1.0904055714033292E-4
1.0900170678950694E-4
1.0896288342789146E-4
1.0892408702765588E-4
1.0888531756101391E-4
1.0884657500021496E-4
1.088078593175482E-4
1.0876917048534043E-4
1.087305084759539E-4
1.0869187326179055E-4
1.0865326481528716E-4
1.0861468310892416E-4
1.0857612811521463E-4
1.0853759980670792E-4
1.0849909815599518E-4
1.0846062313570183E-4
1.0842217471849296E-4
1.0838375287706476E-4
1.0834535758415928E-4
1.0830698881254935E-4
1.082686465350495E-4
1.0823033072450547E-4
1.0819204135380467E-4
1.0815377839586635E-4
1.0811554182365395E-4
1.0807733161016142E-4
1.0803914772842296E-4
1.0800099015150394E-4
1.0796285885251184E-4
1.0792475380459225E-4
1.0788667498091707E-4
1.0784862235470449E-4
1.078105958992054E-4
1.0777259558770909E-4
1.0773462139353432E-4
1.0769667329004464E-4
1.0765875125063209E-4
1.0762085524872773E-4
1.0758298525780263E-4
1.0754514125135899E-4
1.075073232029328E-4
1.0746953108610016E-4
1.0743176487447063E-4
1.0739402454169182E-4
1.0735631006144426E-4
1.0731862140744248E-4
1.0728095855344033E-4
1.0724332147322489E-4
1.072057101406223E-4
1.071681245294867E-4
1.0713056461371169E-4
1.0709303036722574E-4
1.0705552176399412E-4
1.0701803877801302E-4
1.0698058138331674E-4
1.0694314955397503E-4
1.069057432640881E-4
1.0686836248779393E-4
1.0683100719926833E-4
1.0679367737271593E-4
1.0675637298237723E-4
1.0671909400253058E-4
1.0668184040748635E-4
1.0664461217159058E-4
1.0660740926922183E-4
1.0657023167479152E-4
1.0653307936275059E-4
1.0649595230758166E-4
1.0645885048380128E-4
1.0642177386595887E-4
1.0638472242863734E-4
1.0634769614645618E-4
1.0631069499406927E-4
1.0627371894616264E-4
1.0623676797745491E-4
1.0619984206270058E-4
1.061629411766866E-4
1.0612606529423496E-4
1.060892143901978E-4
1.0605238843946663E-4
1.0601558741696055E-4
1.0597881129763379E-4
1.0594206005647775E-4
1.0590533366851445E-4
1.0586863210879426E-4
1.058319553524071E-4
1.0579530337447905E-4
1.0575867615015477E-4
1.0572207365462855E-4
1.0568549586311937E-4
1.0564894275087922E-4
1.0561241429319456E-4
1.0557591046538504E-4
1.0553943124279926E-4
1.0550297660082332E-4
1.0546654651487662E-4
1.0543014096040471E-4
1.0539375991289137E-4
1.0535740334785106E-4
1.05321071240828E-4
1.0528476356740407E-4
1.0524848030319024E-4
1.0521222142383007E-4
1.051759869050003E-4
1.0513977672240805E-4
1.051035908517929E-4
1.0506742926892866E-4
1.0503129194961802E-4
1.0499517886970042E-4
1.049590900050402E-4
1.0492302533153815E-4
1.0488698482512757E-4
1.0485096846177204E-4
1.0481497621746554E-4
1.0477900806823498E-4
1.0474306399013715E-4
1.0470714395926492E-4
1.0467124795173659E-4
1.0463537594370923E-4
1.0459952791136206E-4
1.0456370383091579E-4
1.0452790367861216E-4
1.0449212743073146E-4
1.0445637506358181E-4
1.0442064655350496E-4
1.0438494187687228E-4
1.0434926101008499E-4
1.0431360392957466E-4
1.0427797061181068E-4
1.0424236103328445E-4
1.0420677517052182E-4
1.0417121300007907E-4
1.041356744985462E-4
1.0410015964253965E-4
1.0406466840870535E-4
1.0402920077372854E-4
1.0399375671431242E-4
1.0395833620719956E-4
1.0392293922916288E-4
1.0388756575700223E-4
1.0385221576754738E-4
1.0381688923765936E-4
1.037815861442332E-4
1.0374630646418708E-4
1.0371105017447629E-4
1.0367581725208171E-4
1.0364060767401234E-4
1.0360542141731312E-4
1.0357025845905826E-4
1.0353511877634654E-4
1.0350000234630964E-4
1.0346490914610842E-4
1.0342983915293833E-4
1.0339479234401555E-4
1.0335976869659212E-4
1.0332476818794941E-4
1.0328979079539497E-4
1.0325483649627063E-4
1.0321990526794012E-4
1.0318499708780633E-4
1.03150111933294E-4
1.0311524978186116E-4
1.0308041061099248E-4
1.0304559439820528E-4
1.0301080112103968E-4
1.029760307570704E-4
1.029412832839043E-4
1.0290655867916713E-4
1.028718569205203E-4
1.028371779856532E-4
1.0280252185228736E-4
1.0276788849816492E-4
1.0273327790106609E-4
1.026986900387925E-4
1.026641248891774E-4
1.0262958243008345E-4
1.0259506263940178E-4
1.0256056549504961E-4
1.0252609097497426E-4
1.0249163905715384E-4
1.0245720971959182E-4
1.0242280294031912E-4
1.0238841869739988E-4
1.023540569689241E-4
1.02319717733005E-4
1.0228540096778933E-4
1.0225110665145283E-4
1.0221683476219653E-4
1.0218258527825099E-4
1.0214835817787423E-4
1.0211415343935407E-4
1.0207997104099976E-4
1.0204581096115666E-4
1.020116731781923E-4
1.0197755767050628E-4
1.0194346441652135E-4
1.0190939339469313E-4
1.0187534458350127E-4
1.0184131796145177E-4
1.0180731350708208E-4
1.0177333119895481E-4
1.0173937101565981E-4
1.0170543293581865E-4
1.016715169380738E-4
1.016376230010981E-4
1.0160375110359105E-4
1.0156990122428185E-4
1.0153607334192383E-4
1.0150226743530118E-4
1.014684834832197E-4
1.0143472146451589E-4
1.0140098135805362E-4
1.0136726314272329E-4
1.0133356679744036E-4
1.0129989230115078E-4
1.0126623963282207E-4
1.012326087714542E-4
1.0119899969607103E-4
1.0116541238572329E-4
1.0113184681948876E-4
1.0109830297647282E-4
1.0106478083580391E-4
1.010312803766429E-4
1.0099780157817276E-4
1.0096434441960383E-4
1.0093090888017107E-4
1.0089749493914213E-4
1.0086410257580374E-4
1.00830731769473E-4
1.0079738249949244E-4
1.0076405474522993E-4
1.0073074848608315E-4
1.0069746370146793E-4
1.0066420037083511E-4
1.0063095847365964E-4
1.0059773798943393E-4
1.0056453889769171E-4
1.0053136117797775E-4
1.0049820480987002E-4
1.0046506977297321E-4
1.0043195604691618E-4
1.0039886361135351E-4
1.0036579244596289E-4
1.0033274253045256E-4
1.0029971384455347E-4
1.0026670636802607E-4
1.0023372008064621E-4
1.0020075496222825E-4
1.0016781099260515E-4
1.0013488815163298E-4
1.0010198641919862E-4
1.0006910577521311E-4
1.0003624619961117E-4
1.0000340767235399E-4
9.997059017342603E-5
The correct rate for BP: 100.00% 
