0.7685526104755004
1.5714173125295292
0.024227549584148574
0.005322621042309311
0.004156517661831021
0.0033949900658364765
0.0028672231868599016
0.0024812226224571916
0.0021867983484589373
0.0019547978767359793
0.0017672344345238808
0.0016124290249524983
0.0014824713976541505
0.00137181298234329
0.0012764458895747786
0.0011934021711434185
0.001120436580871372
0.0010558188967156126
9.981940434782512E-4
9.464855072267503E-4
8.998271635745582E-4
8.575142148489456E-4
8.189672602142726E-4
7.837055688112722E-4
7.513269158756242E-4
7.214921739103643E-4
6.939133990494028E-4
6.683445206106526E-4
6.445739930412437E-4
6.224189437310922E-4
6.017204728445605E-4
5.823398488365511E-4
5.641554065355188E-4
5.470600008670506E-4
5.309589034082554E-4
5.157680544136873E-4
5.014126021191389E-4
4.878256756884053E-4
4.749473493199369E-4
4.6272376363834836E-4
4.511063771892647E-4
4.400513260970648E-4
4.2951887407528854E-4
4.194729382552172E-4
4.098806789106895E-4
4.007121432532705E-4
3.9193995516194477E-4
3.8353904408135474E-4
3.754864074384239E-4
3.677609018398837E-4
3.6034305906356876E-4
3.532149234753377E-4
3.463599080165152E-4
3.397626663335165E-4
3.3340897897754437E-4
3.2728565190076104E-4
3.213804257264106E-4
3.156818944820245E-4
3.1017943266398607E-4
3.048631296538861E-4
2.9972373063648496E-4
2.947525832796866E-4
2.8994158953147403E-4
2.8528316197008356E-4
2.8077018421344274E-4
2.763959749543116E-4
2.721542552396358E-4
2.680391186578278E-4
2.640450041369175E-4
2.6016667109076026E-4
2.563991766802188E-4
2.5273785498231704E-4
2.49178297883266E-4
2.457163375312008E-4
2.4234803020209465E-4
2.390696414479616E-4
2.3587763240991144E-4
2.3276864719098562E-4
2.297395011942247E-4
2.2678717034103015E-4
2.2390878109324218E-4
2.2110160120997926E-4
2.1836303117685147E-4
2.156905962511762E-4
2.1308193907224938E-4
2.1053481279031545E-4
2.0804707467233477E-4
2.0561668014635917E-4
2.0324167724985017E-4
2.0092020145035314E-4
1.9865047080967014E-4
1.9643078146533495E-4
1.942595034052986E-4
1.9213507651392404E-4
1.9005600686915018E-4
1.8802086327245803E-4
1.8602827399470025E-4
1.8407692372232373E-4
1.8216555068973145E-4
1.802929439846962E-4
1.7845794101474383E-4
1.7665942512341902E-4
1.7489632334622053E-4
1.7316760429668342E-4
1.7147227617397517E-4
1.6980938488386738E-4
1.6817801226568318E-4
1.66577274418279E-4
1.6500632011867474E-4
1.63464329327437E-4
1.6195051177527988E-4
1.6046410562578598E-4
1.5900437620954835E-4
1.5757061482528188E-4
1.5616213760380495E-4
1.5477828443113823E-4
1.5341841792708714E-4
1.5208192247606093E-4
1.507682033070132E-4
1.4947668561962754E-4
1.4820681375407482E-4
1.4695805040178776E-4
1.4572987585498493E-4
1.445217872926488E-4
1.4333329810100278E-4
1.4216393722647625E-4
1.4101324855942754E-4
1.3988079034689258E-4
1.3876613463279148E-4
1.3766886672410188E-4
1.3658858468161686E-4
1.355248988339651E-4
1.3447743131367104E-4
1.3344581561409313E-4
1.32429696166148E-4
1.314287279338284E-4
1.3044257602748703E-4
1.2947091533406158E-4
1.285134301633149E-4
1.2756981390932293E-4
1.2663976872643738E-4
1.2572300521902395E-4
1.248192421442542E-4
1.2392820612737703E-4
1.2304963138880582E-4
1.2218325948249917E-4
1.2132883904504959E-4
1.2048612555501758E-4
1.1965488110199901E-4
1.1883487416496555E-4
1.1802587939946496E-4
1.1722767743326912E-4
1.1644005467006718E-4
1.1566280310084404E-4
1.1489572012261195E-4
1.1413860836411468E-4
1.1339127551827227E-4
1.1265353418098273E-4
1.119252016960488E-4
1.1120610000595736E-4
1.1049605550823677E-4
1.0979489891715542E-4
1.0910246513055144E-4
1.0841859310156037E-4
1.077431257150001E-4
1.0707590966828212E-4
1.0641679535660303E-4
1.0576563676225729E-4
1.0512229134790811E-4
1.0448661995362818E-4
1.0385848669759132E-4
1.0323775888022152E-4
1.026243068917072E-4
1.0201800412269891E-4
1.0141872687809135E-4
1.0082635429377056E-4
1.0024076825617834E-4
9.966185332460475E-5
The correct rate for BP: 100.00% 
