0.7314198181315837
1.3806475012938464
0.08929124043883294
0.020429088567791104
0.005952554322899379
0.0047362200800447046
0.003924085056687107
0.0033508496646620575
0.002925414404896542
0.002596996075795596
0.0023355951341991117
0.002122441612527919
0.0019452023569506707
0.001795437657582897
0.0016671737379605651
0.0015560606603350587
0.0014588537595600739
0.0013730822836817997
0.0012968307904714072
0.0012285908729784433
0.0011671581138708769
0.0011115589205032048
0.001060997577490628
0.0010148172725137777
9.7247096544819E-4
9.334993116441286E-4
8.975137197525078E-4
8.641832001243703E-4
8.332240480142478E-4
8.043916721020235E-4
7.774740643686077E-4
7.522865384765326E-4
7.286674577052271E-4
7.064747415635634E-4
6.855829901163577E-4
6.658811020499276E-4
6.472702901833923E-4
6.296624190412606E-4
6.129786050332231E-4
5.97148032023411E-4
5.821069445424758E-4
5.677977882799449E-4
5.541684732902658E-4
5.411717399249788E-4
5.287646111435066E-4
5.169079177648605E-4
5.055658855620813E-4
4.94705774991796E-4
4.842975658868114E-4
4.7431368069268285E-4
4.6472874085650757E-4
4.55519351821914E-4
4.4666391278356464E-4
4.381424479349438E-4
4.2993645642680446E-4
4.2202877865834024E-4
4.144034768623671E-4
4.0704572823200766E-4
3.9994172907758976E-4
3.9307860870739254E-4
3.8644435189980595E-4
3.80027728982745E-4
3.738182326630917E-4
3.678060208576108E-4
3.6198186487015774E-4
3.563371023406823E-4
3.5086359446084186E-4
3.455536870114937E-4
3.4040017482936803E-4
3.3539626935584764E-4
3.3053556896027204E-4
3.2581203176480994E-4
3.212199507282216E-4
3.1675393077242167E-4
3.1240886775896367E-4
3.0817992914324173E-4
3.040625361521751E-4
3.0005234734719206E-4
2.9614524344851356E-4
2.923373133091646E-4
2.8862484093840834E-4
2.850042934840288E-4
2.8147231009187194E-4
2.780256915687887E-4
2.74661390782192E-4
2.713765037356752E-4
2.681682612658106E-4
2.6503402131027953E-4
2.61971261701931E-4
2.5897757344754013E-4
2.56050654453637E-4
2.531883036650824E-4
2.503884155850888E-4
2.476489751479752E-4
2.4496805291850706E-4
2.4234380059376756E-4
2.3977444678559731E-4
2.3725829306331484E-4
2.3479371023824887E-4
2.3237913487298697E-4
2.3001306599961844E-4
2.2769406203257327E-4
2.2542073786267663E-4
2.2319176212014897E-4
2.210058545952142E-4
2.188617838058176E-4
2.1675836470274766E-4
2.1469445650322276E-4
2.1266896064458987E-4
2.106808188504795E-4
2.0872901130224286E-4
2.068125549090488E-4
2.0493050167051476E-4
2.0308193712609984E-4
2.012659788860009E-4
1.9948177523852967E-4
1.9772850382945598E-4
1.9600537040891574E-4
1.943116076419669E-4
1.9264647397901124E-4
1.910092525826E-4
1.8939925030740236E-4
1.878157967302172E-4
1.8625824322728542E-4
1.8472596209614652E-4
1.832183457195872E-4
1.817348057693743E-4
1.802747724475269E-4
1.788376937631017E-4
1.7742303484260608E-4
1.760302772721637E-4
1.7465891846978672E-4
1.733084710861212E-4
1.7197846243224594E-4
1.7066843393299445E-4
1.6937794060460057E-4
1.6810655055532567E-4
1.668538445079543E-4
1.6561941534300276E-4
1.6440286766165936E-4
1.6320381736738932E-4
1.6202189126538087E-4
1.608567266788397E-4
1.5970797108140914E-4
1.5857528174487585E-4
1.574583254014377E-4
1.5635677791983875E-4
1.5527032399471408E-4
1.5419865684851566E-4
1.5314147794543443E-4
1.5209849671674248E-4
1.510694302970571E-4
1.500540032709943E-4
1.490519474297563E-4
1.4806300153718884E-4
1.4708691110489874E-4
1.461234281760063E-4
1.4517231111714076E-4
1.4423332441837176E-4
1.43306238500635E-4
1.4239082953041842E-4
1.41486879241319E-4
1.405941747622084E-4
1.397125084517544E-4
1.3884167773893163E-4
1.3798148496939477E-4
1.3713173725734534E-4
1.362922463427614E-4
1.3546282845368997E-4
1.346433041734455E-4
1.3383349831249893E-4
1.3303323978483572E-4
1.3224236148864352E-4
1.3146070019113464E-4
1.3068809641733333E-4
1.2992439434268016E-4
1.2916944168928497E-4
1.2842308962571534E-4
1.2768519267013947E-4
1.2695560859673656E-4
1.2623419834520492E-4
1.2552082593328802E-4
1.2481535837216435E-4
1.2411766558463426E-4
1.2342762032594765E-4
1.2274509810722195E-4
1.2206997712131982E-4
1.2140213817109707E-4
1.2074146459995805E-4
1.2008784222460224E-4
1.1944115926989225E-4
1.1880130630579035E-4
1.1816817618622418E-4
1.1754166398990018E-4
1.1692166696290922E-4
1.1630808446312402E-4
1.1570081790628191E-4
1.1509977071371578E-4
1.1450484826167715E-4
1.13915957832169E-4
1.1333300856527319E-4
1.1275591141288558E-4
1.1218457909383447E-4
1.1161892605032837E-4
1.1105886840566952E-4
1.1050432392322173E-4
1.0995521196656888E-4
1.0941145346082474E-4
1.0887297085505417E-4
1.0833968808579664E-4
1.0781153054159965E-4
1.0728842502858434E-4
1.0677029973698053E-4
1.0625708420859879E-4
1.0574870930522273E-4
1.0524510717787344E-4
1.0474621123693673E-4
1.0425195612312387E-4
1.0376227767920592E-4
1.0327711292255264E-4
1.02796400018393E-4
1.0232007825383273E-4
1.018480880125412E-4
1.0138037075014789E-4
1.0091686897027853E-4
1.0045752620124225E-4
1.0000228697333173E-4
9.95510967967284E-5
The correct rate for BP: 100.00% 
