2.413361361227928
0.2955207380367359
0.015039884432562281
0.0060295008631711545
0.004501757943426427
0.003606342338961602
0.0030124828391358723
0.002588135489832615
0.0022691606583956784
0.0020203756655541917
0.0018207827549742788
0.0016570413120534492
0.0015202548098215518
0.0014042558793553532
0.0013046310239638779
0.0012181368060964102
0.0011423352504246666
0.0010753578821874898
0.0010157482900457267
9.623542743319781E-4
9.142522398406354E-4
8.706931033359515E-4
8.31062886840088E-4
7.948535406068595E-4
7.616410225421233E-4
7.31068610138768E-4
7.028340420656574E-4
6.766795009365722E-4
6.523837302510561E-4
6.297557728258316E-4
6.086299542235465E-4
5.888618314539236E-4
5.703248968617497E-4
5.529078778279E-4
5.36512510245034E-4
5.210516915000946E-4
5.064479395499238E-4
4.926321004773536E-4
4.79542258988779E-4
4.671228156128525E-4
4.5532370157461583E-4
4.440997079571505E-4
4.334099101971682E-4
4.232171724712524E-4
4.134877193244815E-4
4.041907641318131E-4
3.9529818578461174E-4
3.867842464535647E-4
3.786253444653182E-4
3.7079979729937545E-4
3.6328765050744E-4
3.560705090129557E-4
3.491313877911953E-4
3.424545793812901E-4
3.360255360574564E-4
3.298307648015088E-4
3.238577334830042E-4
3.180947868762687E-4
3.1253107133175296E-4
3.0715646707893694E-4
3.0196152727391046E-4
2.969374230205068E-4
2.920758936930946E-4
2.873692019740973E-4
2.828100930924292E-4
2.7839175781197914E-4
2.7410779877389186E-4
2.6995219984332934E-4
2.659192981525243E-4
2.6200375856748136E-4
2.582005503367402E-4
2.5450492570772474E-4
2.5091240032001054E-4
2.4741873520561824E-4
2.4401992024480917E-4
2.4071215894188078E-4
2.3749185439976594E-4
2.343555963847862E-4
2.3130014938393056E-4
2.283224415670323E-4
2.254195545747991E-4
2.225887140615888E-4
2.1982728092860887E-4
2.171327431894829E-4
2.1450270841562324E-4
2.1193489671374603E-4
2.094271341923805E-4
2.069773468780328E-4
2.045835550453897E-4
2.0224386792904836E-4
1.9995647878712965E-4
1.9771966028985215E-4
1.9553176020824844E-4
1.9339119738067464E-4
1.912964579362513E-4
1.8924609175653692E-4
1.8723870915795716E-4
1.852729777791611E-4
1.8334761965868208E-4
1.8146140848943737E-4
1.796131670377655E-4
1.778017647155646E-4
1.7602611529508866E-4
1.742851747566769E-4
1.7257793926053427E-4
1.7090344323423818E-4
1.69260757568423E-4
1.6764898791351196E-4
1.660672730709801E-4
1.6451478347309078E-4
1.6299071974546712E-4
1.614943113473027E-4
1.600248152843542E-4
1.585815148902124E-4
1.571637186716504E-4
1.5577075921419448E-4
1.544019921442539E-4
1.530567951444205E-4
1.517345670188298E-4
1.504347268056019E-4
1.491567129336417E-4
1.478999824212243E-4
1.4666401011396966E-4
1.4544828795997578E-4
1.4425232432002183E-4
1.4307564331083363E-4
1.419177841796463E-4
1.4077830070828226E-4
1.3965676064516577E-4
1.3855274516374265E-4
1.3746584834587095E-4
1.3639567668890997E-4
1.3534184863516486E-4
1.3430399412258208E-4
1.3328175415555513E-4
1.3227478039478397E-4
1.3128273476527053E-4
1.3030528908142023E-4
1.2934212468850096E-4
1.2839293211954023E-4
1.2745741076693922E-4
1.265352685680715E-4
1.2562622170413738E-4
1.2472999431169284E-4
1.238463182061654E-4
1.229749326168403E-4
1.221155839327072E-4
1.2126802545872818E-4
1.2043201718193032E-4
1.1960732554697152E-4
1.1879372324065924E-4
1.1799098898503764E-4
1.1719890733864905E-4
1.1641726850557988E-4
1.1564586815197871E-4
1.1488450722963475E-4
1.1413299180638153E-4
1.1339113290296532E-4
1.1265874633612631E-4
1.1193565256757717E-4
1.1122167655868616E-4
1.1051664763053631E-4
1.0982039932920424E-4
1.0913276929598855E-4
1.0845359914237269E-4
1.077827343295755E-4
1.0712002405240383E-4
1.0646532112733882E-4
1.0581848188458159E-4
1.0517936606394287E-4
1.045478367144239E-4
1.039237600973006E-4
1.0330700559261158E-4
1.0269744560887625E-4
1.020949554959448E-4
1.0149941346081188E-4
1.0091070048633993E-4
1.0032870025269992E-4
9.975329906149184E-5
The correct rate for BP: 100.00% 
