2.4957722035348913
0.2920785751877126
0.4146103445270536
0.0182643098431757
0.00569027617405008
0.004566448928926697
0.0038123895218271533
0.0032743819790559013
0.002871428286834068
0.002558114863670276
0.0023073002979229085
0.0021018195436859266
0.0019302920230542821
0.001784871667557155
0.0016599702957276036
0.001551497347551701
0.0014563878923757017
0.0013722989286970376
0.0012974078275096988
0.0012302749098645992
0.0011697475085155975
0.0011148915756942768
0.0010649420125172621
0.0010192659894993454
9.773354513428225E-4
9.387062248594358E-4
9.030019472617217E-4
8.699015626226015E-4
8.391294933714438E-4
8.104478407876848E-4
7.83650141109017E-4
7.585563262261375E-4
7.350086257786547E-4
7.128682112975481E-4
6.920124299436871E-4
6.72332510219867E-4
6.537316481475515E-4
6.361234021592029E-4
6.194303400365623E-4
6.035828928266667E-4
5.885183796600021E-4
5.741801744163622E-4
5.605169907022465E-4
5.474822659690762E-4
5.350336290756524E-4
5.231324383789486E-4
5.117433796753673E-4
5.008341151252113E-4
4.903749757649081E-4
4.8033869141410183E-4
4.707001527713191E-4
4.614362013049418E-4
4.525254432191957E-4
4.4394808433368424E-4
4.35685783181254E-4
4.277215200192002E-4
4.2003947977625175E-4
4.1262494723435915E-4
4.054642129773374E-4
3.985444888367526E-4
3.9185383173372844E-4
3.853810749590642E-4
3.791157660569769E-4
3.7304811058324754E-4
3.671689210991267E-4
3.6146957084070636E-4
3.5594195157084173E-4
3.5057843517935836E-4
3.453718386480599E-4
3.4031539204127656E-4
3.3540270922126684E-4
3.306277610214676E-4
3.2598485064005875E-4
3.2146859104234245E-4
3.1707388418294785E-4
3.127959018791285E-4
3.0863006818400744E-4
3.045720431241588E-4
3.0061770767991433E-4
2.967631498989115E-4
2.930046520442772E-4
2.893386786886707E-4
2.8576186567380146E-4
2.822710098629755E-4
2.7886305962089114E-4
2.755351059612034E-4
2.722843743078008E-4
2.691082168206801E-4
2.660041052418471E-4
2.629696242204631E-4
2.6000246508032376E-4
2.5710041999565725E-4
2.5426137654456255E-4
2.5148331261164235E-4
2.487642916140858E-4
2.461024580274413E-4
2.4349603318940183E-4
2.4094331136161122E-4
2.3844265603116367E-4
2.3599249643499752E-4
2.335913242915732E-4
2.312376907256378E-4
2.2893020337284677E-4
2.266675236520918E-4
2.2444836419433086E-4
2.2227148641750858E-4
2.20135698237996E-4
2.1803985190966443E-4
2.1598284198234342E-4
2.1396360337206884E-4
2.1198110953600755E-4
2.1003437074553237E-4
2.0812243245129774E-4
2.0624437373468723E-4
2.0439930584033856E-4
2.0258637078482942E-4
2.0080474003697724E-4
1.9905361326543608E-4
1.9733221714970386E-4
1.9563980425072944E-4
1.939756519377389E-4
1.9233906136800172E-4
1.9072935651654613E-4
1.8914588325294346E-4
1.8758800846257077E-4
1.8605511920984235E-4
1.8454662194111965E-4
1.8306194172505621E-4
1.8160052152844057E-4
1.8016182152551434E-4
1.7874531843905788E-4
1.7735050491149353E-4
1.7597688890446888E-4
1.746239931253683E-4
1.7329135447943935E-4
1.7197852354611077E-4
1.706850640783418E-4
1.6941055252380705E-4
1.6815457756677655E-4
1.669167396897246E-4
1.6569665075362596E-4
1.6449393359603938E-4
1.6330822164609934E-4
1.6213915855560216E-4
1.60986397845405E-4
1.5984960256637046E-4
1.5872844497422342E-4
1.5762260621760303E-4
1.5653177603871857E-4
1.5545565248600455E-4
1.5439394163823582E-4
1.5334635733955913E-4
1.5231262094493684E-4
1.5129246107553203E-4
1.5028561338361148E-4
1.4929182032648574E-4
1.4831083094913157E-4
1.473424006750747E-4
1.463862911052043E-4
1.4544226982414094E-4
1.445101102138225E-4
1.4358959127405794E-4
1.4268049744964217E-4
1.4178261846387307E-4
1.408957491581011E-4
1.400196893370933E-4
1.3915424361999161E-4
1.3829922129658087E-4
1.3745443618869488E-4
1.3661970651650206E-4
1.3579485476953026E-4
1.3497970758215668E-4
1.341740956134741E-4
1.3337785343126517E-4
1.3259081940000981E-4
1.3181283557267342E-4
1.3104374758622002E-4
1.3028340456061762E-4
1.2953165900125082E-4
1.28788366704609E-4
1.2805338666708235E-4
1.2732658099679186E-4
1.266078148283135E-4
1.2589695624017698E-4
1.2519387617508114E-4
1.2449844836262284E-4
1.2381054924460845E-4
1.231300579026548E-4
1.2245685598816173E-4
1.2179082765448427E-4
1.2113185949121749E-4
1.2047984046057784E-4
1.1983466183573577E-4
1.1919621714107987E-4
1.185644020943109E-4
1.1793911455032755E-4
1.1732025444680264E-4
1.1670772375144015E-4
1.161014264108026E-4
1.1550126830068933E-4
1.149071571780089E-4
1.1431900263405178E-4
1.1373671604918427E-4
1.1316021054886527E-4
1.1258940096094331E-4
1.1202420377420761E-4
1.1146453709814607E-4
1.1091032062387828E-4
1.1036147558617371E-4
1.0981792472660819E-4
1.0927959225772937E-4
1.0874640382826845E-4
1.0821828648931483E-4
1.076951686614414E-4
1.071769801027764E-4
1.0666365187792057E-4
1.0615511632776794E-4
1.0565130704013307E-4
1.0515215882118442E-4
1.0465760766769051E-4
1.0416759073997593E-4
1.0368204633563891E-4
1.032009138639749E-4
1.027241338210824E-4
1.0225164776562991E-4
1.0178339829527569E-4
1.0131932902371368E-4
1.0085938455830965E-4
1.0040351047835535E-4
9.995165331384963E-5
The correct rate for BP: 100.00% 
