1.2947392151983907
1.9374684175834962
1.6615948541208665
0.8163838706095609
0.030802779084527745
0.006663244726834742
0.0049618088102670495
0.0039821542853446515
0.0033310791698469297
0.0028639439286580705
0.002511561969459027
0.00223597808492074
0.0020144481121900323
0.0018324534640933564
0.0016802690532222305
0.001551126939852895
0.0014401678529767873
0.0013438108585258652
0.0012593580671445713
0.0011847378209505382
0.0011183327487400956
0.001058861611703631
0.0010052962474741485
9.56802005439102E-4
9.12694261627408E-4
8.724061621066249E-4
8.35464349125553E-4
8.014704549784849E-4
7.700868247618006E-4
7.410253814947809E-4
7.140388550044831E-4
6.889138090204576E-4
6.654650505202676E-4
6.435311118494546E-4
6.229705728934738E-4
6.036590465542527E-4
5.854866920501156E-4
5.683561512896288E-4
5.521808266739628E-4
5.368834362063542E-4
5.223947951896406E-4
5.08652784124117E-4
4.956014704398094E-4
4.831903579705664E-4
4.713737430148054E-4
4.6011015973840193E-4
4.493619007911653E-4
4.3909460150486833E-4
4.2927687805163246E-4
4.198800115699111E-4
4.108776715897275E-4
4.022456731717742E-4
3.9396176306376193E-4
3.8600543091034254E-4
3.783577421597052E-4
3.710011898140471E-4
3.639195625918684E-4
3.570978274220497E-4
3.5052202448553727E-4
3.4417917326974107E-4
3.380571883115578E-4
3.3214480348376063E-4
3.264315038315444E-4
3.209074640957307E-4
3.1556349317026064E-4
3.103909838366349E-4
3.053818671999195E-4
3.0052857132150475E-4
2.9582398360474135E-4
2.9126141654248926E-4
2.8683457648134126E-4
2.8253753509730525E-4
2.783647033124321E-4
2.743108074123239E-4
2.7037086715097616E-4
2.665401756528441E-4
2.628142809424719E-4
2.5918896895002166E-4
2.55660247857091E-4
2.5222433366115464E-4
2.488776368494545E-4
2.4561675008419917E-4
2.424384368107205E-4
2.3933962070894473E-4
2.3631737591627456E-4
2.3336891795693032E-4
2.3049159531892693E-4
2.2768288162544376E-4
2.2494036835223115E-4
2.222617580471893E-4
2.1964485801217784E-4
2.1708757441079324E-4
2.1458790676893882E-4
2.1214394283805031E-4
2.0975385379337947E-4
2.0741588974213535E-4
2.0512837551842945E-4
2.0288970674387397E-4
2.0069834613454225E-4
1.9855282003642077E-4
1.9645171517311227E-4
1.9439367559077227E-4
1.9237739978645717E-4
1.9040163800717545E-4
1.8846518970795512E-4
1.8656690115810258E-4
1.8470566318566146E-4
1.8288040905091053E-4
1.8109011244029738E-4
1.7933378557304024E-4
1.7761047741295945E-4
1.759192719789051E-4
1.7425928674742318E-4
1.726296711418688E-4
1.7102960510256742E-4
1.6945829773299417E-4
1.6791498601730323E-4
1.6639893360484778E-4
1.6490942965768435E-4
1.6344578775724127E-4
1.6200734486667505E-4
1.6059346034563298E-4
1.5920351501434556E-4
1.5783691026420316E-4
1.5649306721215095E-4
1.551714258964083E-4
1.538714445111697E-4
1.525925986780956E-4
1.5133438075256707E-4
1.5009629916279359E-4
1.4887787777990814E-4
1.4767865531748175E-4
1.4649818475875585E-4
1.4533603281018814E-4
1.441917793798729E-4
1.4306501707955535E-4
1.4195535074897363E-4
1.4086239700139956E-4
1.397857837892695E-4
1.3872514998886917E-4
1.3768014500314157E-4
1.3665042838164433E-4
1.3563566945686069E-4
1.3463554699601353E-4
1.3364974886761997E-4
1.326779717220762E-4
1.3171992068557843E-4
1.3077530906675244E-4
1.298438580753475E-4
1.2892529655247027E-4
1.2801936071175327E-4
1.271257938909862E-4
1.2624434631371397E-4
1.2537477486032378E-4
1.245168428481892E-4
1.2367031982046383E-4
1.2283498134313511E-4
1.2201060880994041E-4
1.2119698925480346E-4
1.2039391517148102E-4
1.196011843400611E-4
1.1881859966002202E-4
1.1804596898958989E-4
1.1728310499107446E-4
1.1652982498197426E-4
1.1578595079156083E-4
1.15051308622727E-4
1.1432572891889477E-4
1.1360904623571058E-4
1.1290109911739746E-4
1.1220172997752644E-4
1.1151078498401883E-4
1.108281139482453E-4
1.1015357021800866E-4
1.0948701057427886E-4
1.0882829513152226E-4
1.0817728724147437E-4
1.0753385340022234E-4
1.0689786315846987E-4
1.0626918903485208E-4
1.0564770643217658E-4
1.050332935564872E-4
1.0442583133883582E-4
1.0382520335964803E-4
1.0323129577559137E-4
1.026439972488681E-4
1.0206319887878806E-4
1.0148879413560558E-4
1.0092067879645684E-4
1.0035875088340011E-4
9.98029106034165E-5
The correct rate for BP: 100.00% 
