0.7121372233041301
0.5392280795282937
0.07435529238411166
0.02008615042781565
0.01281824092604799
0.009451453163964889
0.007474510843616859
0.006170567021655759
0.005245824212020075
0.0045562283837564796
0.004022571628332125
0.003597626052901843
0.0032514663294307775
0.0029642074836892076
0.0027221204915068727
0.0025154226487042524
0.0023369561127854323
0.002181364050304281
0.002044558631931373
0.0019233669732800214
0.0018152892559377873
0.0017183296524993484
0.0016308757214701204
0.0015516108088870948
0.0014794493845562062
0.0014134886056740407
0.0013529715516115324
0.0012972589786141501
0.0012458073789424397
0.0011981517634072985
0.0011538920234280344
0.0011126820345178535
0.0010742208799340014
0.0010382457289579705
0.001004526017441629
9.728586614045556E-4
9.430640961895591E-4
9.149829799383209E-4
8.884734351264068E-4
8.63408728569055E-4
8.396753108103232E-4
8.171711516840414E-4
7.958043212159277E-4
7.754917747567966E-4
7.561583089159082E-4
7.37735660967928E-4
7.201617292854843E-4
7.033798962711162E-4
6.873384384298465E-4
6.719900107956638E-4
6.57291195022611E-4
6.432021021700014E-4
6.296860226253854E-4
6.167091167774149E-4
6.042401410199596E-4
5.922502044758994E-4
5.80712552503344E-4
5.696023736127722E-4
5.588966268992301E-4
5.485738874955609E-4
5.386142078928039E-4
5.289989932625922E-4
5.1971088916271E-4
5.107336802168673E-4
5.020521985399651E-4
4.936522408344605E-4
4.855204932167951E-4
4.7764446294728147E-4
4.700124163365248E-4
4.6261332218725567E-4
4.5543680020550346E-4
4.484730738799312E-4
4.417129273852587E-4
4.351476661151341E-4
4.2876908049351177E-4
4.225694127518044E-4
4.1654132639248583E-4
4.106778780897301E-4
4.049724918034398E-4
3.9941893490640567E-4
3.940112961445649E-4
3.8874396526856185E-4
3.836116141908766E-4
3.7860917953711463E-4
3.7373184647283776E-4
3.6897503369861607E-4
3.643343795162846E-4
3.598057288783575E-4
3.553851213407641E-4
3.5106877984644676E-4
3.4685310027376715E-4
3.4273464168976147E-4
3.387101172534574E-4
3.3477638571935306E-4
3.309304434954591E-4
3.2716941721418154E-4
3.2349055677792146E-4
3.1989122884444317E-4
3.163689107199695E-4
3.129211846305579E-4
3.095457323448291E-4
3.062403301231384E-4
3.030028439703867E-4
2.9983122517141024E-4
2.96723506089558E-4
2.936777962105882E-4
2.9069227841532275E-4
2.877652054658452E-4
2.8489489669112955E-4
2.8207973485898873E-4
2.793181632223491E-4
2.766086827285726E-4
2.7394984938145867E-4
2.713402717463221E-4
2.6877860858912507E-4
2.6626356664143205E-4
2.63793898483364E-4
2.613684005374511E-4
2.589859111665875E-4
2.5664530886990763E-4
2.5434551057078E-4
2.5208546999141E-4
2.4986417610908286E-4
2.4768065168925303E-4
2.4553395189108156E-4
2.4342316294129326E-4
2.413474008724678E-4
2.3930581032219136E-4
2.372975633896104E-4
2.3532185854629952E-4
2.3337791959837748E-4
2.314649946971709E-4
2.2958235539571607E-4
2.277292957487294E-4
2.2590513145365304E-4
2.2410919903067143E-4
2.2234085503962273E-4
2.205994753319053E-4
2.1888445433552935E-4
2.1719520437170136E-4
2.1553115500120797E-4
2.138917523992546E-4
2.1227645875717164E-4
2.1068475170974967E-4
2.0911612378692022E-4
2.0757008188855477E-4
2.0604614678127844E-4
2.045438526162263E-4
2.0306274646674272E-4
2.0160238788504103E-4
2.0016234847697144E-4
1.9874221149398513E-4
1.9734157144155813E-4
1.9596003370322298E-4
1.9459721417957064E-4
1.9325273894147549E-4
1.919262438969441E-4
1.9061737447089534E-4
1.8932578529738122E-4
1.8805113992362003E-4
1.8679311052535524E-4
1.855513776330024E-4
1.8432562986817397E-4
1.8311556369003955E-4
1.8192088315119285E-4
1.8074129966251195E-4
1.795765317667312E-4
1.784263049202643E-4
1.772903512829978E-4
1.7616840951565748E-4
1.750602245844895E-4
1.7396554757291517E-4
1.7288413549986268E-4
1.7181575114454868E-4
1.7076016287739424E-4
1.6971714449684784E-4
1.6868647507188762E-4
1.6766793878994976E-4
1.6666132481008619E-4
1.656664271211278E-4
1.646830444046786E-4
1.6371097990271956E-4
1.6275004128966534E-4
1.6180004054870174E-4
1.6086079385221018E-4
1.5993212144616633E-4
1.5901384753831124E-4
1.581058001900097E-4
1.5720781121157936E-4
1.563197160610431E-4
1.5544135374612737E-4
1.545725667293704E-4
1.5371320083629118E-4
1.5286310516643366E-4
1.5202213200722964E-4
1.5119013675054613E-4
1.5036697781184557E-4
1.4955251655185753E-4
1.4874661720064243E-4
1.479491467840194E-4
1.4715997505221297E-4
1.4637897441068263E-4
1.4560601985304835E-4
1.4484098889601822E-4
1.4408376151627464E-4
1.43334220089251E-4
1.42592249329698E-4
1.4185773623402625E-4
1.4113057002433562E-4
1.404106420940657E-4
1.39697845955264E-4
1.3899207718732663E-4
1.3829323338727457E-4
1.3760121412139672E-4
1.369159208783273E-4
1.3623725702341347E-4
1.3556512775440466E-4
1.3489944005836297E-4
1.3424010266979475E-4
1.3358702602995218E-4
1.3294012224725684E-4
1.3229930505881933E-4
1.3166448979301266E-4
1.310355933330762E-4
1.3041253408172174E-4
1.2979523192666975E-4
1.2918360820714852E-4
1.2857758568127662E-4
1.2797708849432603E-4
1.2738204214782624E-4
1.2679237346948445E-4
1.262080105839304E-4
1.256288828841732E-4
1.2505492100387062E-4
1.244860567902718E-4
1.2392222327789628E-4
1.2336335466287183E-4
1.228093862779437E-4
1.22260254568122E-4
1.2171589706695862E-4
1.2117625237340492E-4
1.2064126012928724E-4
1.2011086099733047E-4
1.1958499663973051E-4
1.1906360969727507E-4
1.1854664376897693E-4
1.1803404339222207E-4
1.175257540233913E-4
1.1702172201897366E-4
1.1652189461713621E-4
1.16026219919747E-4
1.1553464687482913E-4
1.1504712525945317E-4
1.1456360566301815E-4
1.1408403947095827E-4
1.1360837884883292E-4
1.1313657672678415E-4
1.1266858678438483E-4
1.1220436343580982E-4
1.1174386181541485E-4
1.1128703776357507E-4
1.108338478129371E-4
1.1038424917492706E-4
1.0993819972660161E-4
1.0949565799781149E-4
1.0905658315862109E-4
1.0862093500706502E-4
1.0818867395715768E-4
1.0775976102716222E-4
1.0733415782817055E-4
1.0691182655288914E-4
1.0649272996472118E-4
1.0607683138705813E-4
1.0566409469284018E-4
1.0525448429433554E-4
1.0484796513313249E-4
1.0444450267037911E-4
1.0404406287722922E-4
1.0364661222548445E-4
1.0325211767844969E-4
1.028605466820083E-4
1.0247186715584578E-4
1.0208604748490994E-4
1.0170305651101696E-4
1.0132286352467547E-4
1.0094543825705053E-4
1.0057075087211348E-4
1.001987719589659E-4
9.982947252432297E-5
The correct rate for BP: 100.00% 
