0.786024072622732
0.8937880828275342
0.11969852991806583
0.0323152011546042
0.014738738350514867
0.010935211037074486
0.008729639832676493
0.007268447521760243
0.006224279019722319
0.005439448378668548
0.00482756265618516
0.004337015139678824
0.003934971295275427
0.0035995028040710685
0.003315388743700145
0.003071725233091009
0.002860492547566642
0.002675658934744058
0.002512599776737595
0.0023677095249902908
0.002238135535033668
0.0021215912768889032
0.002016222573672558
0.0019205100779606725
0.0018331970161349985
0.0017532348729404675
0.001679742022839314
0.0016119718436992155
0.0015492878695721804
0.0014911442336540592
0.0014370701323253034
0.0013866573777160318
0.001339550345549679
0.0012954377973602724
0.00125404618175475
0.0012151341118975718
0.0011784877852352889
0.00114391716319713
0.001111252767810078
0.0010803429821311973
0.00105105176448404
0.0010232567044014304
9.968473621787184E-4
9.717238449573773E-4
9.477955809792563E-4
9.249802605969374E-4
9.03202918187617E-4
8.823951335964878E-4
8.624943353600608E-4
8.43443190907515E-4
8.251890713465088E-4
8.076835804163942E-4
7.908821388206833E-4
7.747436164987861E-4
7.592300065167733E-4
7.443061351908769E-4
7.299394038389296E-4
7.160995582112342E-4
7.027584822054033E-4
6.898900129368999E-4
6.774697746336218E-4
6.654750291595473E-4
6.538845412600711E-4
6.426784568673224E-4
6.318381930144842E-4
6.213463380893776E-4
6.111865613136141E-4
6.013435304684659E-4
5.918028370055493E-4
5.825509277814806E-4
5.735750427441583E-4
5.648631579748341E-4
5.56403933557526E-4
5.48186665805705E-4
5.402012434281317E-4
5.32438107260465E-4
5.248882132294977E-4
5.175429982516406E-4
5.103943487985439E-4
5.034345718899355E-4
4.966563682982675E-4
4.900528077711474E-4
4.8361730609682886E-4
4.773436038550352E-4
4.7122574671065693E-4
4.6525806712136676E-4
4.5943516734247875E-4
4.5375190362307265E-4
4.482033714973623E-4
4.427848920838413E-4
4.374919993127503E-4
4.323204280094002E-4
4.2726610276735445E-4
4.223251275511182E-4
4.1749377597322714E-4
4.1276848219543065E-4
4.081458324076964E-4
4.0362255684284177E-4
3.9919552228792697E-4
3.948617250568411E-4
3.906182843913202E-4
3.86462436260273E-4
3.823915275297182E-4
3.784030104777864E-4
3.744944376312357E-4
3.706634569017446E-4
3.669078070019063E-4
3.6322531312238464E-4
3.596138828530546E-4
3.560715023322414E-4
3.5259623260935354E-4
3.4918620620726326E-4
3.4583962387175235E-4
3.4255475149630763E-4
3.393299172113529E-4
3.361635086277025E-4
3.330539702249314E-4
3.299998008757052E-4
3.269995514980628E-4
3.2405182282788233E-4
3.21155263304514E-4
3.1830856706289995E-4
3.1551047202599286E-4
3.12759758091716E-4
3.100552454089885E-4
3.0739579273785504E-4
3.0478029588888744E-4
3.0220768623750294E-4
2.996769293089919E-4
2.9718702343040456E-4
2.947369984456363E-4
2.923259144902814E-4
2.8995286082302403E-4
2.876169547106126E-4
2.8531734036351455E-4
2.8305318791962427E-4
2.8082369247349264E-4
2.786280731487524E-4
2.764655722114944E-4
2.7433545422250955E-4
2.7223700522642594E-4
2.701695319759065E-4
2.681323611890954E-4
2.6612483883875157E-4
2.641463294714481E-4
2.621962155553412E-4
2.6027389685521796E-4
2.583787898334118E-4
2.565103270753803E-4
2.546679567387975E-4
2.528511420249885E-4
2.510593606717315E-4
2.49292104466348E-4
2.475488787782136E-4
2.4582920210975334E-4
2.441326056650834E-4
2.424586329355034E-4
2.4080683930107068E-4
2.3917679164754454E-4
2.375680679979936E-4
2.3598025715844992E-4
2.3441295837695072E-4
2.3286578101542542E-4
2.3133834423382616E-4
2.298302766859925E-4
2.283412162267713E-4
2.2687080962984632E-4
2.2541871231588836E-4
2.2398458809056167E-4
2.2256810889196023E-4
2.2116895454709934E-4
2.197868125370981E-4
2.1842137777065292E-4
2.1707235236550113E-4
2.1573944543754877E-4
2.1442237289730253E-4
2.131208572533854E-4
2.118346274227915E-4
2.105634185476462E-4
2.0930697181818585E-4
2.0806503430175605E-4
2.0683735877752995E-4
2.0562370357679136E-4
2.0442383242850424E-4
2.032375143100267E-4
2.020645233027067E-4
2.0090463845222442E-4
1.9975764363350587E-4
1.986233274199503E-4
1.97501482956942E-4
1.963919078393784E-4
1.9529440399309998E-4
1.9420877756011078E-4
1.9313483878738942E-4
1.9207240191921842E-4
1.9102128509284954E-4
1.8998131023743287E-4
1.8895230297606632E-4
1.8793409253085053E-4
1.8692651163084941E-4
1.859293964228659E-4
1.8494258638491426E-4
1.839659242422919E-4
1.829992558861896E-4
1.8204243029470803E-4
1.8109529945624283E-4
1.8015771829511744E-4
1.792295445994185E-4
1.7831063895092962E-4
1.774008646571145E-4
1.765000876850827E-4
1.7560817659743625E-4
1.747250024899852E-4
1.738504389312269E-4
1.729843619035557E-4
1.7212664974613405E-4
1.7127718309937651E-4
1.7043584485098754E-4
1.696025200835244E-4
1.687770960233848E-4
1.679594619912339E-4
1.6714950935379458E-4
1.6634713147694872E-4
1.65552223680126E-4
1.6476468319193125E-4
1.6398440910697835E-4
1.632113023438803E-4
1.6244526560436068E-4
1.6168620333347766E-4
1.6093402168088238E-4
1.6018862846312065E-4
1.5944993312691963E-4
1.5871784671343106E-4
1.5799228182343246E-4
1.5727315258340838E-4
1.5656037461252953E-4
1.5585386499046135E-4
1.551535422260319E-4
1.5445932622667257E-4
1.5377113826864943E-4
1.5308890096805557E-4
1.5241253825250858E-4
1.5174197533361644E-4
1.5107713868005995E-4
1.504179559914146E-4
1.4976435617257555E-4
1.4911626930883836E-4
1.4847362664158957E-4
1.4783636054459666E-4
1.4720440450086922E-4
1.4657769308008676E-4
1.459561619165865E-4
1.4533974768786615E-4
1.4472838809361207E-4
1.441220218352218E-4
1.4352058859583823E-4
1.4292402902082738E-4
1.423322846987443E-4
1.4174529814273167E-4
1.4116301277236702E-4
1.4058537289592628E-4
1.4001232369306913E-4
1.3944381119791437E-4
1.388797822825272E-4
1.3832018464075924E-4
1.3776496677249462E-4
1.3721407796822606E-4
1.3666746829399197E-4
1.3612508857666476E-4
1.3558689038956445E-4
1.350528260384015E-4
1.3452284854751354E-4
1.3399691164645778E-4
1.334749697568455E-4
1.3295697797951594E-4
1.3244289208195806E-4
1.3193266848603828E-4
1.3142626425598583E-4
1.309236370866344E-4
1.3042474529193374E-4
1.2992954779369675E-4
1.294380041106085E-4
1.289500743474525E-4
1.2846571918458653E-4
1.279848998676319E-4
1.2750757819738354E-4
1.270337165199481E-4
1.2656327771707232E-4
1.2609622519668624E-4
1.256325228836477E-4
1.2517213521067946E-4
1.2471502710948942E-4
1.2426116400207702E-4
1.238105117922381E-4
1.2336303685721504E-4
1.229187060395485E-4
1.2247748663907397E-4
1.220393464051009E-4
1.2160425352873526E-4
1.2117217663537755E-4
1.2074308477734247E-4
1.2031694742666661E-4
1.1989373446802698E-4
1.1947341619182922E-4
1.1905596328741028E-4
1.1864134683639124E-4
1.1822953830615827E-4
1.1782050954347762E-4
1.1741423276823059E-4
1.1701068056726596E-4
1.166098258883921E-4
1.162116420344725E-4
1.1581610265763229E-4
1.154231817535999E-4
1.1503285365612424E-4
1.1464509303153474E-4
1.1425987487337995E-4
1.1387717449718514E-4
1.1349696753530312E-4
1.1311922993186113E-4
1.1274393793781594E-4
1.1237106810607815E-4
1.120005972867654E-4
1.1163250262250254E-4
1.1126676154384678E-4
1.1090335176478598E-4
1.1054225127830319E-4
1.101834383520474E-4
1.0982689152408148E-4
1.094725895986896E-4
1.0912051164229313E-4
1.087706369794119E-4
1.084229451887159E-4
1.0807741609914744E-4
1.0773402978610283E-4
1.0739276656770417E-4
1.0705360700112304E-4
1.0671653187896939E-4
1.0638152222575553E-4
1.060485592944143E-4
1.0571762456289071E-4
1.0538869973078283E-4
1.0506176671604494E-4
1.0473680765175535E-4
1.0441380488293057E-4
1.0409274096342016E-4
1.0377359865281692E-4
1.0345636091345027E-4
1.0314101090743406E-4
1.0282753199374537E-4
1.0251590772536974E-4
1.0220612184648881E-4
1.0189815828972577E-4
1.0159200117342529E-4
1.012876347989862E-4
1.0098504364824921E-4
1.006842123809075E-4
1.0038512583198681E-4
1.0008776900934698E-4
9.979212709124026E-5
The correct rate for BP: 100.00% 
