1.1275353378881297
0.7582470896276622
0.13913876053849036
0.019515007388456285
0.00793610882357115
0.006195256331043447
0.005082355848133317
0.004309977150773482
0.0037418497991100483
0.0033059829099283903
0.0029607887000741113
0.0026805330252404934
0.002448416306152287
0.0022529937064478256
0.0020861926859807776
0.0019421526647104724
0.0018165140577571977
0.0017059655777860027
0.0016079463951052717
0.0015204445762937399
0.0014418572864048484
0.001370891712374433
0.0013064934895654994
0.0012477941060921528
0.0011940716554601238
0.0011447211411541806
0.001099231723931424
0.0010571690873779885
0.0010181616259003982
9.818895214994904E-4
9.480760277210451E-4
9.164804571156848E-4
8.868924958336108E-4
8.59127561164661E-4
8.330229853560985E-4
8.08434859025135E-4
7.852354048511555E-4
7.633107804287007E-4
7.425592306223027E-4
7.228895262307442E-4
7.042196385008569E-4
6.864756089470126E-4
6.695905817083881E-4
6.535039718129222E-4
6.381607475901893E-4
6.235108093674378E-4
6.095084497091644E-4
5.961118829839762E-4
5.832828340905147E-4
5.709861778433452E-4
5.591896218872236E-4
5.478634271326285E-4
5.369801606345808E-4
5.265144766071387E-4
5.164429219073428E-4
5.067437628582509E-4
4.973968307301507E-4
4.88383383577053E-4
4.7968598244469134E-4
4.7128838023655984E-4
4.631754217539732E-4
4.5533295362164885E-4
4.477477429773613E-4
4.40407403947188E-4
4.333003310507746E-4
4.2641563878675074E-4
4.197431067397853E-4
4.132731296296686E-4
4.069966717912966E-4
4.0090522563399875E-4
3.949907736804137E-4
3.892457538303655E-4
3.8366302753476095E-4
3.7823585059922906E-4
3.7295784636752586E-4
3.6782298106165484E-4
3.628255410791076E-4
3.579601120685279E-4
3.5322155962343383E-4
3.486050114500412E-4
3.441058408795184E-4
3.397196516080934E-4
3.3544226355959324E-4
3.3126969977542167E-4
3.2719817424591415E-4
3.2322408060521304E-4
3.1934398161908396E-4
3.1555459940151254E-4
3.11852806301958E-4
3.0823561641016246E-4
3.047001776303686E-4
3.0124376428086145E-4
2.978637701787518E-4
2.945577021732724E-4
2.913231740940503E-4
2.8815790108363873E-4
2.850596942861586E-4
2.8202645586625046E-4
2.7905617433460233E-4
2.7614692015833533E-4
2.7329684163613895E-4
2.705041610198085E-4
2.677671708651208E-4
2.6508423059645736E-4
2.6245376327067757E-4
2.598742525268987E-4
2.573442397098998E-4
2.5486232115566425E-4
2.5242714562858244E-4
2.5003741190045357E-4
2.476918664622873E-4
2.453893013604525E-4
2.4312855214937994E-4
2.409084959535686E-4
2.387280496321284E-4
2.3658616803964958E-4
2.3448184237746534E-4
2.324140986299793E-4
2.303819960809036E-4
2.2838462590472734E-4
2.2642110982900755E-4
2.2449059886334708E-4
2.2259227209122742E-4
2.2072533552110825E-4
2.1888902099341358E-4
2.170825851402777E-4
2.153053083951089E-4
2.1355649404919056E-4
2.1183546735275798E-4
2.1014157465809724E-4
2.0847418260246448E-4
2.0683267732856279E-4
2.0521646374070587E-4
2.0362496479471088E-4
2.0205762081974352E-4
2.0051388887049238E-4
1.9899324210808598E-4
1.9749516920824567E-4
1.9601917379535763E-4
1.9456477390106502E-4
1.93131501446237E-4
1.9171890174504708E-4
1.9032653303020176E-4
1.8895396599812714E-4
1.8760078337325055E-4
1.8626657949041305E-4
1.8495095989452234E-4
1.8365354095665486E-4
1.8237394950579782E-4
1.811118224755094E-4
1.798668065647884E-4
1.7863855791250507E-4
1.774267417847353E-4
1.7623103227444977E-4
1.7505111201295803E-4
1.7388667189256968E-4
1.7273741080001912E-4
1.716030353601042E-4
1.7048325968912977E-4
1.6937780515769888E-4
1.68286400162466E-4
1.6720877990641496E-4
1.6614468618736584E-4
1.6509386719426125E-4
1.6405607731097716E-4
1.6303107692732308E-4
1.6201863225685255E-4
1.6101851516133934E-4
1.6003050298148017E-4
1.5905437837369864E-4
1.5808992915270712E-4
1.5713694813965142E-4
1.561952330155515E-4
1.552645861798837E-4
1.543448146140508E-4
1.5343572974956202E-4
1.5253714734074175E-4
1.5164888734176273E-4
1.5077077378786386E-4
1.4990263468055344E-4
1.490443018766807E-4
1.4819561098119592E-4
1.4735640124346593E-4
1.465265154570022E-4
1.4570579986249881E-4
1.448941040540131E-4
1.4409128088818194E-4
1.4329718639641238E-4
1.4251167969983055E-4
1.4173462292699077E-4
1.409658811341823E-4
1.402053222282514E-4
1.3945281689185194E-4
1.387082385110431E-4
1.37971463105114E-4
1.3724236925860884E-4
1.365208380554328E-4
1.3580675301496384E-4
1.351000000301308E-4
1.344004673073657E-4
1.3370804530835287E-4
1.3302262669355556E-4
1.3234410626739135E-4
1.316723809250728E-4
1.3100734960100175E-4
1.303489132186835E-4
1.2969697464212216E-4
1.2905143862860662E-4
1.2841221178290025E-4
1.2777920251271418E-4
1.271523209855065E-4
1.2653147908646905E-4
1.2591659037774756E-4
1.2530757005879418E-4
1.247043349278506E-4
1.241068033445053E-4
1.23514895193304E-4
1.2292853184836405E-4
1.2234763613897082E-4
1.2177213231612698E-4
1.2120194602001298E-4
1.2063700424834418E-4
1.2007723532557002E-4
1.1952256887293717E-4
1.189729357793252E-4
1.1842826817289466E-4
1.1788849939346614E-4
1.1735356396565079E-4
1.1682339757269033E-4
1.1629793703098208E-4
1.1577712026526681E-4
1.1526088628447945E-4
1.147491751582168E-4
1.1424192799382158E-4
1.1373908691404465E-4
1.1324059503529788E-4
1.1274639644645835E-4
1.12256436188198E-4
1.1177066023285868E-4
1.1128901546482027E-4
1.1081144966137021E-4
1.1033791147404987E-4
1.0986835041045976E-4
1.0940271681652729E-4
1.0894096185921493E-4
1.0848303750962984E-4
1.0802889652658371E-4
1.0757849244052582E-4
1.0713177953788056E-4
1.0668871284576098E-4
1.062492481170528E-4
1.0581334181585786E-4
1.0538095110327762E-4
1.0495203382355021E-4
1.045265484905012E-4
1.041044542743381E-4
1.0368571098872052E-4
1.0327027907816722E-4
1.0285811960574768E-4
1.0244919424104697E-4
1.0204346524842946E-4
1.016408954755597E-4
1.0124144834219944E-4
1.0084508782925118E-4
1.004517784680575E-4
1.0006148532993998E-4
9.967417401598703E-5
The correct rate for BP: 100.00% 
