0.561990137858554
0.9283467215778144
0.12221304327886798
0.016262933883827893
0.0041831281051086374
0.003245302918432655
0.002766195869077136
0.002454098811431197
0.002224064052083224
0.0020422682400852944
0.0018923953947516297
0.001765407343992897
0.0016557481819617996
0.0015597235956683576
0.0014747278795135734
0.001398839805132893
0.0013305942885914427
0.0012688446405825866
0.0012126747656282365
0.0011613405778490185
0.001114229401616125
0.001070830939754596
0.0010307159658878918
9.935203416778253E-4
9.589328059445941E-4
9.266854981635734E-4
8.965465039462043E-4
8.68313921542437E-4
8.418110896926477E-4
8.168827138690569E-4
7.933916955655148E-4
7.7121651746722E-4
7.502490722276726E-4
7.303928482362535E-4
7.115614048746332E-4
6.936770841733656E-4
6.766699167650703E-4
6.604766884867338E-4
6.450401405505388E-4
6.303082813453944E-4
6.162337919891021E-4
6.027735109754103E-4
5.898879858394429E-4
5.775410818399904E-4
5.6569963933731E-4
5.543331729115703E-4
5.43413606385062E-4
5.329150388298828E-4
5.228135374009867E-4
5.130869534632718E-4
5.037147590045738E-4
4.946779007637584E-4
4.859586698699962E-4
4.775405850979738E-4
4.694082881045773E-4
4.6154744923367167E-4
4.53944682663317E-4
4.4658746982999107E-4
4.3946409020122147E-4
4.325635585855406E-4
4.258755682695188E-4
4.193904393586335E-4
4.130990717739035E-4
4.0699290242131943E-4
4.0106386610757244E-4
3.953043598248062E-4
3.897072100699406E-4
3.842656429015955E-4
3.789732564704456E-4
3.738239957875955E-4
3.6881212952088663E-4
3.63932228631258E-4
3.5917914668098707E-4
3.545480016629823E-4
3.500341592156827E-4
3.456332171016485E-4
3.413409908402321E-4
3.371535003952423E-4
3.3306695782833577E-4
3.2907775583721974E-4
3.251824571055744E-4
3.2137778439828924E-4
3.1766061134187615E-4
3.140279538352982E-4
3.1047696204149336E-4
3.07004912914227E-4
3.036092032190048E-4
3.002873430102408E-4
2.9703694953035905E-4
2.9385574149917243E-4
2.907415337648098E-4
2.8769223228964545E-4
2.8470582944709695E-4
2.8178039960693904E-4
2.789140949886982E-4
2.76105141764359E-4
2.7335183639298663E-4
2.7065254217137856E-4
2.680056859859879E-4
2.6540975525254045E-4
2.6286329503083413E-4
2.6036490530309325E-4
2.5791323840519E-4
2.555069966007475E-4
2.531449297890069E-4
2.508258333378763E-4
2.4854854603426025E-4
2.463119481443266E-4
2.44114959576924E-4
2.4195653814374583E-4
2.3983567791038298E-4
2.3775140763276646E-4
2.357027892738622E-4
2.3368891659588653E-4
2.31708913823547E-4
2.2976193437421316E-4
2.2784715965107967E-4
2.2596379789576598E-4
2.2411108309690662E-4
2.2228827395161347E-4
2.204946528768092E-4
2.1872952506770053E-4
2.1699221760074217E-4
2.1528207857867963E-4
2.135984763153935E-4
2.1194079855839612E-4
2.1030845174693847E-4
2.0870086030388036E-4
2.071174659594985E-4
2.0555772710562404E-4
2.0402111817847103E-4
2.0250712906870932E-4
2.0101526455739788E-4
1.995450437764405E-4
1.9809599969235472E-4
1.96667678612151E-4
1.9525963971027342E-4
1.938714545755126E-4
1.9250270677695092E-4
1.9115299144799238E-4
1.8982191488760677E-4
1.8850909417796833E-4
1.8721415681772103E-4
1.8593674037007315E-4
1.8467649212512016E-4
1.8343306877562622E-4
1.8220613610573397E-4
1.8099536869192097E-4
1.7980044961573956E-4
1.7862107018768749E-4
1.7745692968181736E-4
1.7630773508053938E-4
1.7517320082917408E-4
1.7405304859981053E-4
1.7294700706412067E-4
1.7185481167465401E-4
1.7077620445429188E-4
1.697109337935153E-4
1.6865875425510588E-4
1.6761942638604006E-4
1.665927165361589E-4
1.6557839668345311E-4
1.6457624426558374E-4
1.635860420174428E-4
1.6260757781446955E-4
1.6164064452149355E-4
1.6068503984689776E-4
1.5974056620184578E-4
1.588070305644147E-4
1.5788424434839575E-4
1.5697202327658773E-4
1.5607018725843853E-4
1.5517856027180222E-4
1.5429697024869042E-4
1.534252489648744E-4
1.5256323193311842E-4
1.517107583000119E-4
1.5086767074615887E-4
1.500338153896439E-4
1.4920904169267172E-4
1.4839320237120465E-4
1.4758615330752036E-4
1.4678775346559794E-4
1.4599786480917247E-4
1.4521635222241065E-4
1.4444308343307177E-4
1.4367792893811888E-4
1.4292076193160453E-4
1.421714582348425E-4
1.414298962287055E-4
1.4069595678803103E-4
1.3996952321800453E-4
1.3925048119252736E-4
1.385387186943903E-4
1.3783412595730883E-4
1.3713659540965802E-4
1.3644602161989747E-4
1.3576230124362569E-4
1.3508533297218632E-4
1.3441501748280037E-4
1.3375125739013377E-4
1.3309395719930144E-4
1.3244302326021512E-4
1.31798363723261E-4
1.3115988849623315E-4
1.305275092025157E-4
1.299011391404324E-4
1.292806932437679E-4
1.2866608804339502E-4
1.2805724162996045E-4
1.2745407361763612E-4
1.2685650510885145E-4
1.2626445866003487E-4
1.2567785824826337E-4
1.250966292388415E-4
1.2452069835376664E-4
1.239499936410423E-4
1.2338444444482264E-4
1.2282398137637495E-4
1.2226853628578756E-4
1.2171804223445868E-4
1.211724334683137E-4
1.2063164539171462E-4
1.2009561454206594E-4
1.195642785650963E-4
1.1903757619075577E-4
1.1851544720977079E-4
1.1799783245077998E-4
1.1748467375807933E-4
1.1697591396991978E-4
1.1647149689737413E-4
1.1597136730372353E-4
1.1547547088438884E-4
1.1498375424734619E-4
1.1449616489403912E-4
1.1401265120078595E-4
1.1353316240061636E-4
1.1305764856558966E-4
1.1258606058954023E-4
1.121183501712231E-4
1.1165446979791616E-4
1.1119437272938576E-4
1.1073801298225673E-4
1.1028534531475992E-4
1.0983632521184408E-4
1.0939090887064648E-4
1.0894905318630776E-4
1.0851071573814047E-4
1.0807585477608651E-4
1.076444292075487E-4
1.0721639858448349E-4
1.0679172309081989E-4
1.0637036353017974E-4
1.0595228131385646E-4
1.0553743844909233E-4
1.0512579752762854E-4
1.0471732171450557E-4
1.0431197473711989E-4
1.0390972087454975E-4
1.0351052494709438E-4
1.0311435230608145E-4
1.0272116882387084E-4
1.0233094088411617E-4
1.019436353722155E-4
1.0155921966599927E-4
1.0117766162660139E-4
1.0079892958956063E-4
1.0042299235608356E-4
1.0004981918453209E-4
9.967937978208079E-5
The correct rate for BP: 100.00% 
