0.8508385877282674
0.34911522012301294
0.12485673223279992
0.06193527439389152
0.04229523784465688
0.032063564746262645
0.02574943069054667
0.021463651673460538
0.01836712267853855
0.016027852444206642
0.014200314454106919
0.012734563700794189
0.011533855265945348
0.010532990924265788
0.009686446919998048
0.008961486402363376
0.00833397406043028
0.007785732125375246
0.007302813996183337
0.006874344453738651
0.006491720924083639
0.006148051241965368
0.005837750141114081
0.005556244599830544
0.005299755297482745
0.0050651322222106
0.004849729418533833
0.004651308433910286
0.004467963086500413
0.004298060264971875
0.0041401929177757564
0.003993142405859326
0.00385584811669762
0.003727382759466393
0.0036069321418395386
0.003493778509497487
0.0033872867383560323
0.0032868928265360926
0.0031920942521324195
0.003102441853832826
0.0030175329615370985
0.002937005558522305
0.00286053329920724
0.002787821240000994
0.0027186021671801058
0.002652633426802809
0.0025896941785319297
0.002529583008811046
0.0024721158498168688
0.0024171241595362042
0.002364453325603681
0.0023139612615148755
0.002265517168753706
0.0022190004424464914
0.0021742997015361705
0.002131311927289367
0.0020899416963059496
0.0020501004961793333
0.0020117061136220053
0.001974682086278177
0.0019389572106379436
0.0019044650994812441
0.0018711437831435702
0.0018389353496340896
0.0018077856192691465
0.0017776438500283387
0.0017484624703081241
0.001720196836152549
0.0016928050103904128
0.0016662475614117676
0.0016404873795802881
0.001615489509508209
0.001591220996620703
0.0015676507466124198
0.0015447493965524332
0.0015224891965291189
0.0015008439008448648
0.0014797886678757123
0.001459299967802889
0.0014393554975053284
0.0014199341019742802
0.0014010157016756063
0.0013825812253421173
0.0013646125477292576
0.0013470924319126257
0.0013300044757460206
0.00131333306213505
0.0012970633128133785
0.0012811810453377316
0.0012656727330437232
0.0012505254677278874
0.0012357269248421464
0.001221265331006219
0.0012071294336599115
0.0011933084726932555
0.0011797921539058232
0.0011665706241594913
0.001153634448100197
0.0011409745863344045
0.0011285823749556676
0.001116449506325007
0.0011045680110165562
0.0010929302408470953
0.001081528852914472
0.0010703567945757207
0.0010594072893011152
0.001048673823345273
0.0010381501331808976
0.0010278301936448013
0.0010177082067496315
0.0010077785911182893
9.980359720008804E-4
9.88475171837303E-4
9.79091201330982E-4
9.698792510018458E-4
9.608346831887827E-4
9.519530244740841E-4
9.432299585040802E-4
9.346613191821101E-4
9.262430842114706E-4
9.179713689676962E-4
9.098424206805878E-4
9.018526129081446E-4
8.939984402852366E-4
8.862765135314811E-4
8.786835547033626E-4
8.712163926769236E-4
8.638719588480001E-4
8.566472830379847E-4
8.495394895936706E-4
8.425457936706589E-4
8.356634976902781E-4
8.288899879606248E-4
8.222227314530717E-4
8.156592727258177E-4
8.091972309868459E-4
8.028342972889286E-4
7.965682318498911E-4
7.903968614914985E-4
7.843180771911548E-4
7.783298317404299E-4
7.724301375051695E-4
7.666170642820335E-4
7.608887372466906E-4
7.552433349891095E-4
7.496790876317161E-4
7.441942750263156E-4
7.387872250260259E-4
7.334563118285888E-4
7.281999543876088E-4
7.230166148885961E-4
7.179047972866565E-4
7.128630459030156E-4
7.078899440775678E-4
7.029841128749527E-4
6.981442098416227E-4
6.933689278116257E-4
6.886569937588292E-4
6.840071676936216E-4
6.7941824160193E-4
6.748890384248323E-4
6.704184110768401E-4
6.660052415012659E-4
6.616484397609653E-4
6.573469431629645E-4
6.530997154155228E-4
6.48905745816195E-4
6.447640484696168E-4
6.406736615337233E-4
6.366336464932556E-4
6.326430874593101E-4
6.287010904939731E-4
6.248067829589017E-4
6.209593128869514E-4
6.171578483758161E-4
6.134015770028707E-4
6.09689705260292E-4
6.060214580097181E-4
6.023960779555689E-4
5.988128251363774E-4
5.952709764333561E-4
5.917698250955907E-4
5.883086802810966E-4
5.848868666132481E-4
5.815037237519292E-4
5.781586059787974E-4
5.748508817962255E-4
5.715799335392762E-4
5.683451570003468E-4
5.651459610658843E-4
5.619817673648213E-4
5.588520099282067E-4
5.557561348597143E-4
5.526936000165251E-4
5.496638747003013E-4
5.466664393577767E-4
5.437007852907414E-4
5.40766414374963E-4
5.378628387878031E-4
5.349895807441765E-4
5.321461722405782E-4
5.293321548068984E-4
5.265470792656943E-4
5.237905054987444E-4
5.210620022205787E-4
5.183611467587445E-4
5.156875248405858E-4
5.130407303863064E-4
5.104203653081323E-4
5.078260393152918E-4
5.05257369724712E-4
5.027139812771626E-4
5.001955059587013E-4
4.977015828272399E-4
4.952318578440517E-4
4.927859837100615E-4
4.903636197067716E-4
4.879644315416284E-4
4.8558809119777997E-4
4.8323427678795435E-4
4.8090267241243954E-4
4.7859296802094293E-4
4.76304859278292E-4
4.7403804743379943E-4
4.717922391941274E-4
4.6956714659971555E-4
4.673624869044263E-4
4.651779824585032E-4
4.6301336059463344E-4
4.608683535170597E-4
4.5874269819359077E-4
4.566361362505402E-4
4.5454841387035746E-4
4.524792816919711E-4
4.5042849471373846E-4
4.4839581219889476E-4
4.4638099758346285E-4
4.443838183864985E-4
4.4240404612271527E-4
4.404414562172406E-4
4.38495827922601E-4
4.365669442378188E-4
4.346545918294768E-4
4.3275856095485515E-4
4.30878645386916E-4
4.2901464234121475E-4
4.2716635240455853E-4
4.2533357946549606E-4
4.235161306464631E-4
4.217138162376232E-4
4.1992644963230463E-4
4.1815384726400916E-4
4.163958285449579E-4
4.146522158061021E-4
4.129228342385822E-4
4.1120751183658074E-4
4.095060793415675E-4
4.078183701878014E-4
4.0614422044920164E-4
4.044834687874026E-4
4.0283595640107275E-4
4.012015269763851E-4
3.9958002663867024E-4
3.979713039051594E-4
3.9637520963884467E-4
3.947915970033993E-4
3.932203214191023E-4
3.9166124051980987E-4
3.9011421411087513E-4
3.8857910412804447E-4
3.8705577459725697E-4
3.855440915953765E-4
3.8404392321178733E-4
3.825551395108446E-4
3.8107761249516197E-4
3.796112160697343E-4
3.7815582600682774E-4
3.7671131991164243E-4
3.752775771887508E-4
3.7385447900924206E-4
3.724419082786074E-4
3.710397496053007E-4
3.696478892699988E-4
3.6826621519550287E-4
3.6689461691729285E-4
3.655329855547337E-4
3.6418121378286396E-4
3.628391958047883E-4
3.6150682732468477E-4
3.60184005521344E-4
3.588706290222747E-4
3.575665978783867E-4
3.562718135391266E-4
3.5498617882821044E-4
3.537095979198325E-4
3.524419763153199E-4
3.5118322082034847E-4
3.4993323952256104E-4
3.4869194176967325E-4
3.474592381480213E-4
3.4623504046154066E-4
3.450192617111794E-4
3.43811816074723E-4
3.4261261888701E-4
3.414215866205621E-4
3.4023863686662045E-4
3.390636883165038E-4
3.378966607433787E-4
3.367374749843951E-4
3.355860529231418E-4
3.344423174724741E-4
3.3330619255767197E-4
3.3217760309991513E-4
3.310564750000882E-4
3.299427351229215E-4
3.2883631128138044E-4
3.2773713222143734E-4
3.266451276070561E-4
3.2556022800551304E-4
3.244823648730005E-4
3.234114705404621E-4
3.223474781997515E-4
3.212903218899983E-4
3.202399364842917E-4
3.1919625767655116E-4
3.181592219686956E-4
3.1712876665801796E-4
3.16104829824817E-4
3.150873503202424E-4
3.1407626775437503E-4
3.130715224845251E-4
3.120730556037471E-4
3.1108080892955267E-4
3.100947249928667E-4
3.091147470271277E-4
3.0814081895763043E-4
3.071728853910624E-4
3.062108916051938E-4
3.052547835387901E-4
3.043045077816871E-4
3.0336001156505525E-4
3.024212427518151E-4
3.0148814982725156E-4
3.00560681889784E-4
2.996387886418878E-4
2.987224203811984E-4
2.978115279917587E-4
2.9690606293540433E-4
2.96005977243346E-4
2.951112235078465E-4
2.942217548740788E-4
2.933375250321042E-4
2.924584882090053E-4
2.915845991611471E-4
2.9071581316655453E-4
2.8985208601747147E-4
2.889933740129746E-4
2.8813963395178264E-4
2.8729082312513527E-4
2.86446899309832E-4
2.85607820761361E-4
2.847735462071514E-4
2.8394403483995807E-4
2.831192463113244E-4
2.822991407251821E-4
2.814836786315368E-4
2.806728210202898E-4
2.7986652931510936E-4
2.7906476536747283E-4
2.7826749145073916E-4
2.7747467025436123E-4
2.766862648781954E-4
2.7590223882686726E-4
2.75122556004269E-4
2.7434718070812114E-4
2.7357607762463213E-4
2.728092118232568E-4
2.720465487515127E-4
2.7128805422989256E-4
2.7053369444686963E-4
2.6978343595397155E-4
2.690372456609268E-4
2.6829509083090074E-4
2.6755693907581305E-4
2.6682275835169064E-4
2.660925169541628E-4
2.6536618351396006E-4
2.646437269925054E-4
2.6392511667760603E-4
2.6321032217917445E-4
2.6249931342502E-4
2.61792060656724E-4
2.61088534425576E-4
2.603887055885529E-4
2.596925453043833E-4
2.5900002502966444E-4
2.5831111651502365E-4
2.57625791801373E-4
2.5694402321618434E-4
2.562657833698562E-4
2.5559104515208747E-4
2.549197817283685E-4
2.542519665364838E-4
2.535875732830574E-4
2.529265759401948E-4
2.522689487421342E-4
2.5161466618198495E-4
2.509637030084634E-4
2.503160342227285E-4
2.496716350752431E-4
2.4903048106267604E-4
2.483925479248642E-4
2.477578116418046E-4
2.471262484307014E-4
2.464978347430566E-4
2.4587254726179286E-4
2.4525036289843165E-4
2.446312587903104E-4
2.4401521229782267E-4
2.434022010017219E-4
2.4279220270045676E-4
2.4218519540753552E-4
2.4158115734893815E-4
2.409800669605676E-4
2.4038190288572285E-4
2.3978664397263587E-4
2.3919426927200373E-4
2.3860475803460016E-4
2.380180897088818E-4
2.3743424393865987E-4
2.3685320056078372E-4
2.3627493960286548E-4
2.3569944128103452E-4
2.3512668599773168E-4
2.3455665433951795E-4
2.3398932707492968E-4
2.3342468515235004E-4
2.3286270969792813E-4
2.323033820135113E-4
2.3174668357460394E-4
2.3119259602837728E-4
2.3064110119167184E-4
2.3009218104906855E-4
2.2954581775093928E-4
2.290019936115735E-4
2.2846069110729335E-4
2.2792189287460188E-4
2.273855817083808E-4
2.2685174056007453E-4
2.2632035253592928E-4
2.2579140089524762E-4
2.2526486904864558E-4
2.2474074055637547E-4
2.2421899912663143E-4
2.2369962861390117E-4
2.2318261301732458E-4
2.2266793647909372E-4
2.221555832828495E-4
2.2164553785211427E-4
2.2113778474876098E-4
2.206323086714575E-4
2.2012909445417387E-4
2.1962812706470203E-4
2.191293916031653E-4
2.186328733005938E-4
2.1813855751747133E-4
2.176464297423427E-4
2.1715647559040439E-4
2.1666868080214816E-4
2.1618303124198293E-4
2.156995128969105E-4
2.1521811187519602E-4
2.147388144050686E-4
2.1426160683342348E-4
2.137864756245574E-4
2.1331340735891136E-4
2.128423887318311E-4
2.1237340655234249E-4
2.1190644774193827E-4
2.1144149933340157E-4
2.1097854846960536E-4
2.1051758240236588E-4
2.1005858849129053E-4
2.096015542026434E-4
2.091464671082235E-4
2.0869331488426287E-4
2.0824208531033015E-4
2.0779276626826379E-4
2.0734534574109266E-4
2.068998118119925E-4
2.064561526632501E-4
2.0601435657523665E-4
2.055744119253828E-4
2.0513630718720148E-4
2.047000309292797E-4
2.0426557181431627E-4
2.0383291859814458E-4
2.0340206012879378E-4
2.0297298534554772E-4
2.0254568327799743E-4
2.0212014304514937E-4
2.0169635385450582E-4
2.0127430500116672E-4
2.0085398586695437E-4
2.004353859195254E-4
2.0001849471153071E-4
1.9960330187972832E-4
1.9918979714417573E-4
1.9877797030737646E-4
1.9836781125346335E-4
1.9795930994738787E-4
1.9755245643410577E-4
1.971472408377937E-4
1.9674365336107107E-4
1.9634168428420598E-4
1.9594132396436823E-4
1.9554256283485348E-4
1.951453914043604E-4
1.9474980025622153E-4
1.943557800477009E-4
1.9396332150925491E-4
1.9357241544381925E-4
1.9318305272611377E-4
1.9279522430194068E-4
1.9240892118748765E-4
1.920241344686628E-4
1.91640855300401E-4
1.9125907490602178E-4
1.9087878457655082E-4
1.9049997567009006E-4
1.9012263961115346E-4
1.897467678900445E-4
1.8937235206223244E-4
1.88999383747721E-4
1.8862785463044074E-4
1.8825775645763476E-4
1.8788908103927225E-4
1.875218202474471E-4
1.8715596601578412E-4
1.8679151033887604E-4
1.8642844527169694E-4
1.8606676292904167E-4
1.8570645548496295E-4
1.853475151722192E-4
1.8498993428172562E-4
1.8463370516200875E-4
1.8427882021867793E-4
1.839252719138926E-4
1.8357305276583153E-4
1.8322215534818552E-4
1.8287257228964088E-4
1.8252429627336453E-4
1.821773200365192E-4
1.8183163636974897E-4
1.8148723811670778E-4
1.8114411817355877E-4
1.8080226948850352E-4
1.8046168506130896E-4
1.8012235794282537E-4
1.7978428123454276E-4
1.794474480881132E-4
1.7911185170490327E-4
1.7877748533555525E-4
1.7844434227952516E-4
1.7811241588465372E-4
1.7778169954673362E-4
1.774521867090639E-4
1.7712387086204839E-4
1.767967455427594E-4
1.7647080433451842E-4
1.761460408665003E-4
1.7582244881330275E-4
1.7550002189456408E-4
1.7517875387455448E-4
1.748586385617777E-4
1.745396698085967E-4
1.7422184151081994E-4
1.7390514760735036E-4
1.735895820797803E-4
1.73275138952033E-4
1.729618122899915E-4
1.7264959620111529E-4
1.723384848341042E-4
1.7202847237851826E-4
1.7171955306443006E-4
1.714117211620784E-4
1.7110497098150366E-4
1.7079929687222818E-4
1.7049469322289248E-4
1.701911544609284E-4
1.698886750522295E-4
1.6958724950081236E-4
1.6928687234849557E-4
1.6898753817456616E-4
1.6868924159547854E-4
1.6839197726451925E-4
1.680957398714978E-4
1.6780052414244398E-4
1.675063248392883E-4
1.672131367595678E-4
1.6692095473612667E-4
1.6662977363679913E-4
1.6633958836414088E-4
1.6605039385511334E-4
1.657621850808151E-4
1.6547495704617368E-4
1.6518870478968875E-4
1.6490342338311922E-4
1.646191079312392E-4
1.6433575357153207E-4
1.6405335547394785E-4
1.6377190884060203E-4
1.6349140890553916E-4
1.6321185093444733E-4
1.6293323022440763E-4
1.626555421036249E-4
1.623787819311857E-4
1.6210294509679183E-4
1.6182802702051368E-4
1.615540231525403E-4
1.6128092897293685E-4
1.6100873999139086E-4
1.6073745174698323E-4
1.6046705980793965E-4
1.6019755977139585E-4
1.5992894726316246E-4
1.5966121793749546E-4
1.5939436747686378E-4
1.5912839159171616E-4
1.588632860202652E-4
1.5859904652826075E-4
1.5833566890875982E-4
1.580731489819235E-4
1.5781148259478295E-4
1.5755066562103136E-4
1.572906939608174E-4
1.57031563540523E-4
1.5677327031256543E-4
1.5651581025517226E-4
1.562591793722002E-4
1.5600337369291325E-4
1.5574838927179125E-4
1.554942221883296E-4
1.552408685468304E-4
1.5498832447622922E-4
1.547365861298764E-4
1.5448564968536868E-4
1.5423551134433752E-4
1.5398616733227667E-4
1.5373761389835387E-4
1.534898473152095E-4
1.5324286387879843E-4
1.5299665990819E-4
1.5275123174540026E-4
1.5250657575520228E-4
1.5226268832495862E-4
1.520195658644477E-4
1.5177720480567607E-4
1.515356016027355E-4
1.5129475273159784E-4
1.510546546899767E-4
1.5081530399714102E-4
1.5057669719376087E-4
1.5033883084173953E-4
1.501017015240467E-4
1.4986530584457292E-4
1.496296404279489E-4
1.4939470191940206E-4
1.4916048698460267E-4
1.489269923095004E-4
1.4869421460016316E-4
1.4846215058264943E-4
1.4823079700283724E-4
1.4800015062627775E-4
1.477702082380519E-4
1.4754096664262482E-4
1.4731242266369216E-4
1.4708457314404307E-4
1.4685741494542044E-4
1.4663094494836413E-4
1.4640516005208436E-4
1.4618005717432638E-4
1.4595563325121394E-4
1.4573188523713004E-4
1.4550881010457598E-4
1.452864048440331E-4
1.450646664638373E-4
1.44843591990041E-4
1.4462317846628247E-4
1.4440342295366366E-4
1.4418432253061327E-4
1.4396587429276665E-4
1.4374807535282735E-4
1.4353092284046236E-4
1.4331441390215668E-4
1.4309854570110814E-4
1.428833154170946E-4
1.4266872024635654E-4
1.4245475740147653E-4
1.422414241112615E-4
1.4202871762062706E-4
1.418166351904795E-4
1.416051740975968E-4
1.4139433163452156E-4
1.4118410510943915E-4
1.4097449184607072E-4
1.407654891835589E-4
1.405570944763567E-4
1.4034930509412329E-4
1.4014211842160792E-4
1.3993553185854835E-4
1.3972954281955567E-4
1.3952414873402128E-4
1.3931934704599494E-4
1.3911513521409476E-4
1.3891151071140014E-4
1.3870847102534728E-4
1.3850601365762185E-4
1.3830413612407407E-4
1.3810283595460366E-4
1.379021106930699E-4
1.3770195789718695E-4
1.3750237513843162E-4
1.3730336000194638E-4
1.371049100864389E-4
1.369070230040922E-4
1.367096963804725E-4
1.3651292785442132E-4
1.3631671507798658E-4
1.361210557163104E-4
1.3592594744754705E-4
1.3573138796276932E-4
1.355373749658893E-4
1.3534390617354802E-4
1.3515097931505223E-4
1.349585921322674E-4
1.3476674237954424E-4
1.345754278236276E-4
1.343846462435677E-4
1.341943954306419E-4
1.3400467318826898E-4
1.3381547733192214E-4
1.3362680568905562E-4
1.3343865609901E-4
1.332510264129444E-4
1.33063914493746E-4
1.3287731821596068E-4
1.3269123546569763E-4
1.325056641405676E-4
1.323206021495969E-4
1.3213604741315582E-4
1.319519978628647E-4
1.3176845144154427E-4
1.3158540610312293E-4
1.3140285981256476E-4
1.3122081054579455E-4
1.310392562896362E-4
1.308581950417185E-4
1.306776248104179E-4
1.3049754361479145E-4
1.303179494844822E-4
1.3013884045967784E-4
1.29960214591014E-4
1.2978206993953013E-4
1.2960440457657544E-4
1.2942721658375909E-4
1.2925050405287943E-4
1.2907426508584308E-4
1.2889849779461175E-4
1.2872320030113678E-4
1.285483707372849E-4
1.283740072447797E-4
1.282001079751286E-4
1.2802667108957022E-4
1.2785369475899988E-4
1.276811771639147E-4
1.2750911649434587E-4
1.273375109497984E-4
1.2716635873918832E-4
1.269956580807793E-4
1.2682540720213093E-4
1.26655604340026E-4
1.2648624774041863E-4
1.263173356583723E-4
1.2614886635800544E-4
1.259808381124204E-4
1.2581324920366553E-4
1.2564609792265418E-4
1.2547938256912816E-4
1.2531310145159048E-4
1.2514725288724802E-4
1.2498183520196133E-4
1.2481684673018903E-4
1.2465228581492227E-4
1.2448815080764834E-4
1.243244400682807E-4
1.2416115196511255E-4
1.239982848747611E-4
1.2383583718211693E-4
1.236738072802918E-4
1.2351219357056305E-4
1.2335099446232275E-4
1.231902083730295E-4
1.2302983372815602E-4
1.228698689611347E-4
1.227103125133152E-4
1.2255116283390764E-4
1.2239241837993872E-4
1.22234077616194E-4
1.2207613901518328E-4
1.2191860105707684E-4
1.2176146222966824E-4
1.216047210283231E-4
1.2144837595593108E-4
1.2129242552286219E-4
1.2113686824691727E-4
1.2098170265327848E-4
1.2082692727447449E-4
1.2067254065032122E-4
1.2051854132788963E-4
1.2036492786145266E-4
1.202116988124408E-4
1.2005885274940381E-4
1.1990638824796005E-4
1.1975430389075561E-4
1.1960259826742621E-4
1.1945126997454259E-4
1.1930031761558302E-4
1.1914973980087683E-4
1.1899953514757185E-4
1.1884970227958671E-4
1.1870023982757639E-4
1.1855114642888678E-4
1.1840242072750857E-4
1.1825406137405243E-4
1.1810606702569121E-4
1.179584363461299E-4
1.1781116800556675E-4
1.1766426068064855E-4
1.1751771305443746E-4
1.1737152381636612E-4
1.1722569166220359E-4
1.1708021529401733E-4
1.1693509342013391E-4
1.1679032475510063E-4
1.1664590801965086E-4
1.1650184194066085E-4
1.1635812525112365E-4
1.1621475669010097E-4
1.1607173500269904E-4
1.1592905894001827E-4
1.1578672725912793E-4
1.1564473872302961E-4
1.1550309210062005E-4
1.1536178616665269E-4
1.152208197017082E-4
1.1508019149216077E-4
1.1493990033013808E-4
1.1479994501349325E-4
1.1466032434576555E-4
1.1452103713615422E-4
1.1438208219947095E-4
1.1424345835613068E-4
1.1410516443209277E-4
1.1396719925884704E-4
1.138295616733705E-4
1.1369225051810197E-4
1.1355526464090559E-4
1.1341860289504296E-4
1.1328226413913886E-4
1.1314624723714908E-4
1.1301055105833601E-4
1.1287517447722636E-4
1.1274011637359238E-4
1.1260537563241564E-4
1.1247095114385423E-4
1.123368418032241E-4
1.1220304651094663E-4
1.1206956417254944E-4
1.1193639369861354E-4
1.1180353400474895E-4
1.1167098401157827E-4
1.1153874264468808E-4
1.114068088346148E-4
1.1127518151681827E-4
1.1114385963163678E-4
1.1101284212427652E-4
1.1088212794477828E-4
1.1075171604798409E-4
1.1062160539351589E-4
1.1049179494574567E-4
1.1036228367377665E-4
1.1023307055139951E-4
1.1010415455708566E-4
1.0997553467393875E-4
1.0984720988969438E-4
1.0971917919666725E-4
1.0959144159174673E-4
1.0946399607635552E-4
1.0933684165644049E-4
1.0920997734242417E-4
1.0908340214920414E-4
1.0895711509611246E-4
1.0883111520689555E-4
1.0870540150968776E-4
1.0857997303699074E-4
1.0845482882564163E-4
1.0832996791679778E-4
1.082053893559082E-4
1.0808109219268764E-4
1.0795707548109256E-4
1.0783333827930502E-4
1.0770987964970308E-4
1.0758669865883454E-4
1.074637943774055E-4
1.0734116588023847E-4
1.0721881224627096E-4
1.0709673255851875E-4
1.0697492590405595E-4
1.0685339137399135E-4
1.0673212806345678E-4
1.066111350715699E-4
1.0649041150142172E-4
1.0636995646005085E-4
1.0624976905842672E-4
1.061298484114209E-4
1.060101936377905E-4
1.0589080386015722E-4
1.0577167820498192E-4
1.0565281580255272E-4
1.0553421578694808E-4
1.0541587729603499E-4
1.0529779947144058E-4
1.0517998145852117E-4
1.0506242240635862E-4
1.049451214677332E-4
1.0482807779910102E-4
1.047112905605766E-4
1.0459475891591436E-4
1.0447848203248687E-4
1.0436245908126519E-4
1.042466892368068E-4
1.0413117167721774E-4
1.0401590558415987E-4
1.0390089014280524E-4
1.0378612454183756E-4
1.0367160797342232E-4
1.035573396331938E-4
1.0344331872022864E-4
1.0332954443704043E-4
1.0321601598954889E-4
1.0310273258706693E-4
1.029896934422862E-4
1.028768977712482E-4
1.0276434479334208E-4
1.0265203373127188E-4
1.0253996381104725E-4
1.0242813426196723E-4
1.0231654431659303E-4
1.0220519321074562E-4
1.0209408018347275E-4
1.0198320447704573E-4
1.0187256533693177E-4
1.017621620117852E-4
1.0165199375342615E-4
1.0154205981682315E-4
1.0143235946008141E-4
1.0132289194442163E-4
1.0121365653416543E-4
1.0110465249672031E-4
1.0099587910256148E-4
1.0088733562521825E-4
1.00779021341254E-4
1.0067093553025387E-4
1.0056307747481212E-4
1.0045544646050936E-4
1.0034804177589536E-4
1.0024086271248817E-4
1.0013390856474575E-4
1.0002717863004982E-4
9.992067220869965E-5
The correct rate for BP: 100.00% 
