2.5871018426774426
2.4999385099071616
2.4999570737791745
2.499958737903589
2.4999586549329496
2.499958340363357
2.49995798973527
2.4999576290287386
2.4999572615944015
2.4999568877434384
2.499956507374349
2.499956120325253
2.4999557264209655
2.4999553254790783
2.4999549173105353
2.4999545017194578
2.4999540785028467
2.4999536474502646
2.4999532083434897
2.499952760956154
2.4999523050533625
2.499951840391286
2.4999513667167386
2.4999508837667186
2.4999503912679373
2.499949888936306
2.499949376476404
2.4999488535809054
2.4999483199299792
2.4999477751906447
2.4999472190160934
2.499946651044966
2.499946070900581
2.49994547819012
2.4999448725037534
2.4999442534137173
2.4999436204733185
2.499942973215885
2.4999423111536365
2.499941633776482
2.4999409405507365
2.4999402309177388
2.4999395042923864
2.499938760061552
2.4999379975823937
2.4999372161805375
2.4999364151481283
2.499935593741732
2.4999347511800813
2.4999338866416445
2.4999329992620103
2.4999320881310596
2.4999311522899186
2.4999301907276608
2.4999292023777393
2.499928186114122
2.499927140747105
2.4999260650187627
2.499924957598006
2.4999238170752065
2.499922641956341
2.499921430656604
2.4999201814934366
2.4999188926789
2.4999175623113326
2.4999161883661967
2.4999147686860397
2.499913300969445
2.4999117827588795
2.4999102114272853
2.4999085841632693
2.499906897954726
2.4999051495706794
2.499903335541135
2.4999014521346616
2.499899495333422
2.49989746080529
2.499895343872665
2.499893139477505
2.499890842142051
2.4998884459245985
2.4998859443695807
2.499883330451094
2.499880596508844
2.499877734175294
2.499874734292588
2.49987158681754
2.4998682807126373
2.499864803820625
2.499861142719697
2.499857282555754
2.4998532068473502
2.499848897258064
2.4998443333297593
2.4998394921687237
2.4998343480747143
2.4998288721004807
2.499823031526152
2.49981678922875
2.4998101029217104
2.4998029242322124
2.499795197574696
2.499786858766359
2.4997778333133787
2.499768034273304
2.499757359566903
2.499745688567772
2.499732877734349
2.499718754957619
2.4997031121647506
2.499685695522015
2.499666192283897
2.4996442128802907
2.4996192661206784
2.499590724250787
2.4995577727161677
2.4995193363033525
2.499473967765254
2.499419674956538
2.499353643471394
2.4992717740949453
2.4991678755407514
2.4990321768657724
2.498848398586105
2.4985874900045384
2.4981927410085847
2.497538997752938
2.496296030818963
2.493301372949807
2.4813120803066004
2.049711175637362
0.32592672245513216
0.031232502866726547
4.636447913828181E-5
The correct rate for BP: 100.00% 
