2.0981497901334483
0.29841929263204015
0.07393617797041238
0.0336298035369643
0.023907983833791936
0.018821687077318065
0.015416706269216235
0.01301970773982744
0.011255449923221764
0.0099031560141815
0.008832966043473344
0.007964873969417178
0.007246800911628821
0.006643233603031004
0.006129056675337498
0.005685986184543144
0.0053003901507090116
0.00496189749448174
0.004662479051992111
0.00439582300528263
0.004156900041729611
0.003941654181625129
0.0037467788391454936
0.00356955191122851
0.003407712513589827
0.0032593675966502774
0.0031229203261107213
0.002997014537082941
0.0028804912094510843
0.0027723540385072303
0.00267174196094707
0.0025779070525781263
0.002490196612863257
0.002408038540726631
0.0023309293182809604
0.002258424076445574
0.0021901283341601435
0.002125691091816366
0.0020647990272551126
0.0020071715946757477
0.001952556867029203
0.0019007279938061564
0.0018514801707128158
0.0018046280371300984
0.0017600034326611378
0.0017174534563788066
0.0016768387822685958
0.0016380321923403867
0.0016009172953550135
0.0015653874043870895
0.0015313445507650913
0.0014986986154816129
0.00146736656209976
0.0014372717576130057
0.0014083433697390762
0.0013805158308185846
0.001353728359905013
0.0013279245358241419
0.0013030519149856816
0.0012790616885802793
0.0012559083745173221
0.0012335495400731754
0.001211945551744581
0.0011910593492509085
0.0011708562410146397
0.0011513037187810538
0.0011323712893244358
0.0011140303214353339
0.0010962539065979143
0.0010790167319526902
0.0010622949643018646
0.0010460661440560813
0.0010303090881446588
0.0010150038010199192
0.0010001313929808616
9.856740051249785E-4
9.716147403105583E-4
9.57937599576487E-4
9.446274235239878E-4
9.316698382153476E-4
9.190512051895616E-4
9.067585752349182E-4
8.947796455938701E-4
8.831027203071613E-4
8.71716673432464E-4
8.606109148978872E-4
8.497753587732487E-4
8.392003937621235E-4
8.288768557359585E-4
8.187960021474908E-4
8.089494881756141E-4
7.993293444667615E-4
7.899279563498467E-4
7.807380444124197E-4
7.717526463354638E-4
7.629650998928482E-4
7.543690270294709E-4
7.459583189392704E-4
7.377271220707644E-4
7.296698249937051E-4
7.217810460657719E-4
7.140556218432319E-4
7.064885961837233E-4
6.990752099936547E-4
6.91810891576156E-4
6.846912475391479E-4
6.777120542259438E-4
6.708692496338183E-4
6.641589257885754E-4
6.575773215452156E-4
6.511208157875863E-4
6.447859210011621E-4
6.385692771956318E-4
6.324676461551037E-4
6.264779059957175E-4
6.205970460116301E-4
6.148221617917469E-4
6.091504505907793E-4
6.035792069394011E-4
5.981058184791572E-4
5.927277620089536E-4
5.874425997306283E-4
5.822479756820746E-4
5.771416123471044E-4
5.72121307431935E-4
5.671849307988266E-4
5.62330421548064E-4
5.575557852399395E-4
5.528590912490577E-4
5.482384702435948E-4
5.436921117827604E-4
5.392182620260509E-4
5.348152215482553E-4
5.304813432546122E-4
5.262150303907736E-4
5.220147346426566E-4
5.178789543214045E-4
5.138062326291652E-4
5.097951560013821E-4
5.058443525218826E-4
5.019524904068763E-4
4.98118276554552E-4
4.94340455156906E-4
4.906178063707469E-4
4.8694914504497666E-4
4.833333195013452E-4
4.7976921036612676E-4
4.762557294502472E-4
4.7279181867553163E-4
4.693764490448554E-4
4.6600861965421196E-4
4.62687356744583E-4
4.594117127918813E-4
4.5618076563317024E-4
4.52993617627391E-4
4.498493948491921E-4
4.4674724631421387E-4
4.4368634323442503E-4
4.4066587830227306E-4
4.376850650021744E-4
4.347431369483487E-4
4.31839347247629E-4
4.2897296788630914E-4
4.261432891398984E-4
4.233496190048158E-4
4.2059128265110424E-4
4.1786762189520205E-4
4.151779946920113E-4
4.1252177464534353E-4
4.098983505360608E-4
4.0730712586715544E-4
4.047475184249677E-4
4.0221895985605686E-4
3.9972089525891247E-4
3.9725278278998475E-4
3.9481409328347063E-4
3.92404309884222E-4
3.900229276933377E-4
3.8766945342586656E-4
3.8534340508018485E-4
3.830443116185553E-4
3.8077171265847083E-4
3.7852515817431425E-4
3.763042082089521E-4
3.741084325949106E-4
3.719374106847202E-4
3.697907310901014E-4
3.676679914296548E-4
3.6556879808473174E-4
3.6349276596317855E-4
3.614395182706774E-4
3.5940868628934867E-4
3.5739990916342033E-4
3.5541283369165016E-4
3.534471141262705E-4
3.515024119782169E-4
3.4957839582843456E-4
3.476747411449953E-4
3.4579113010586556E-4
3.439272514270906E-4
3.4208280019622754E-4
3.4025747771083167E-4
3.384509913217888E-4
3.366630542813971E-4
3.348933855959624E-4
3.3314170988276104E-4
3.314077572312867E-4
3.2969126306852715E-4
3.2799196802821924E-4
3.2630961782392163E-4
3.246439631257568E-4
3.2299475944072066E-4
3.213617669964361E-4
3.1974475062822424E-4
3.181434796694173E-4
3.1655772784474045E-4
3.149872731667521E-4
3.134318978351395E-4
3.118913881388825E-4
3.103655343611012E-4
3.088541306865692E-4
3.073569751117556E-4
3.0587386935733316E-4
3.0440461878313577E-4
3.02949032305331E-4
3.015069223159246E-4
3.000781046043972E-4
2.9866239828144433E-4
2.9725962570477295E-4
2.958696124068511E-4
2.944921870245957E-4
2.931271812308971E-4
2.9177442966794366E-4
2.90433769882319E-4
2.891050422617366E-4
2.8778808997347976E-4
2.864827589043732E-4
2.851888976023384E-4
2.839063572194248E-4
2.826349914563066E-4
2.8137465650817614E-4
2.801252110120226E-4
2.7888651599522403E-4
2.7765843482542585E-4
2.764408331617037E-4
2.752335789068883E-4
2.740365421611271E-4
2.728495951765423E-4
2.71672612313052E-4
2.7050546999522046E-4
2.6934804667021737E-4
2.682002227667358E-4
2.6706188065497025E-4
2.6593290460749154E-4
2.6481318076112365E-4
2.637025970796883E-4
2.62601043317651E-4
2.615084109846252E-4
2.6042459331073305E-4
2.593494852127549E-4
2.582829832610845E-4
2.572249856474677E-4
2.561753921534697E-4
2.5513410411968397E-4
2.541010244156529E-4
2.5307605741049376E-4
2.520591089441519E-4
2.51050086299368E-4
2.5004889817424505E-4
2.4905545465545844E-4
2.4806966719204343E-4
2.470914485698004E-4
2.4612071288626473E-4
2.451573755262259E-4
2.442013531378022E-4
2.4325256360904047E-4
2.4231092604504048E-4
2.4137636074556478E-4
2.404487891831626E-4
2.395281339817546E-4
2.3861431889568292E-4
2.3770726878924052E-4
2.368069096166038E-4
2.3591316840222796E-4
2.3502597322165434E-4
2.341452531827209E-4
2.3327093840719269E-4
2.3240296001274434E-4
2.3154125009537788E-4
2.3068574171215616E-4
2.2983636886433876E-4
2.2899306648086252E-4
2.281557704021425E-4
2.2732441736424578E-4
2.264989449833676E-4
2.2567929174064497E-4
2.248653969672672E-4
2.2405720082989975E-4
2.2325464431642174E-4
2.2245766922191154E-4
2.2166621813497073E-4
2.2088023442428097E-4
2.2009966222545784E-4
2.193244464281627E-4
2.185545326634583E-4
2.17789867291448E-4
2.1703039738913327E-4
2.162760707385206E-4
2.155268358149674E-4
2.1478264177575315E-4
2.1404343844888557E-4
2.133091763221121E-4
2.1257980653214642E-4
2.118552808541272E-4
2.1113555169124468E-4
2.1042057206460397E-4
2.0971029560325444E-4
2.0900467653443434E-4
2.0830366967398723E-4
2.07607230416973E-4
2.069153147284405E-4
2.062278791343854E-4
2.0554488071290145E-4
2.0486627708544663E-4
2.0419202640832175E-4
2.035220873642919E-4
2.0285641915435148E-4
2.0219498148966786E-4
2.0153773458365568E-4
2.008846391442023E-4
2.0023565636603644E-4
1.995907479232517E-4
1.9894987596194143E-4
1.9831300309298527E-4
1.9768009238496507E-4
1.970511073572158E-4
1.9642601197297836E-4
1.958047706327091E-4
1.9518734816748512E-4
1.9457370983253414E-4
1.9396382130089672E-4
1.9335764865717467E-4
1.927551583914063E-4
1.9215631739304988E-4
1.9156109294508596E-4
1.9096945271817697E-4
1.903813647649996E-4
1.8979679751461332E-4
1.892157197669651E-4
1.8863810068748367E-4
1.8806390980175014E-4
1.8749311699028443E-4
1.86925692483407E-4
1.863616068561963E-4
1.8580083102353435E-4
1.852433362352202E-4
1.846890940712002E-4
1.841380764368389E-4
1.8359025555831138E-4
1.8304560397803784E-4
1.8250409455022724E-4
1.8196570043646287E-4
1.8143039510138908E-4
1.8089815230846887E-4
1.803689461157918E-4
1.7984275087196721E-4
1.7931954121208824E-4
1.7879929205376138E-4
1.782819785931829E-4
1.777675763013119E-4
1.7725606092008618E-4
1.7674740845869882E-4
1.7624159518994E-4
1.757385976466102E-4
1.7523839261797064E-4
1.7474095714627538E-4
1.7424626852332204E-4
1.7375430428710707E-4
1.7326504221850658E-4
1.7277846033799375E-4
1.7229453690245498E-4
1.7181325040202197E-4
1.713345795569526E-4
1.708585033145944E-4
1.7038500084635253E-4
1.6991405154474353E-4
1.6944563502047167E-4
1.6897973109956393E-4
1.6851631982053403E-4
1.6805538143161884E-4
1.6759689638803213E-4
1.6714084534926916E-4
1.666872091764568E-4
1.662359689297437E-4
1.6578710586572214E-4
1.6534060143490404E-4
1.6489643727923237E-4
1.6445459522961123E-4
1.640150573035082E-4
1.635778057025597E-4
1.631428228102316E-4
1.6271009118952145E-4
1.6227959358066906E-4
1.6185131289893E-4
1.614252322323702E-4
1.6100133483968075E-4
1.6057960414806317E-4
1.601600237511012E-4
1.597425774066894E-4
1.5932724903499923E-4
1.5891402271645308E-4
1.5850288268974506E-4
1.5809381334988903E-4
1.5768679924628193E-4
1.572818250808147E-4
1.568788757060077E-4
1.56477936123143E-4
1.5607899148048415E-4
1.5568202707146029E-4
1.5528702833291017E-4
1.5489398084335393E-4
1.5450287032126186E-4
1.5411368262338424E-4
1.5372640374308147E-4
1.5334101980867817E-4
1.529575170818543E-4
1.525758819560559E-4
1.5219610095491094E-4
1.518181607306996E-4
1.514420480628124E-4
1.51067749856252E-4
1.5069525314015031E-4
1.5032454506631133E-4
1.499556129077609E-4
1.4958844405732198E-4
1.492230260262379E-4
1.4885934644275165E-4
1.484973930507812E-4
1.4813715370855105E-4
1.4777861638727284E-4
1.4742176916984916E-4
1.4706660024957157E-4
1.4671309792885117E-4
1.4636125061797835E-4
1.4601104683386874E-4
1.4566247519885785E-4
1.4531552443948685E-4
1.449701833853289E-4
1.4462644096780824E-4
1.4428428621905025E-4
1.4394370827074758E-4
1.4360469635302478E-4
1.4326723979334394E-4
1.4293132801539783E-4
1.4259695053804805E-4
1.422640969742397E-4
1.419327570299733E-4
1.416029205032574E-4
1.4127457728307878E-4
1.4094771734840988E-4
1.4062233076721234E-4
1.402984076954329E-4
1.3997593837606817E-4
1.396549131381774E-4
1.3933532239595868E-4
1.3901715664780908E-4
1.387004064754062E-4
1.383850625428011E-4
1.3807111559552485E-4
1.3775855645970292E-4
1.3744737604117857E-4
1.3713756532466375E-4
1.368291153728771E-4
1.365220173257066E-4
1.3621626239938882E-4
1.3591184188568427E-4
1.356087471510685E-4
1.3530696963594472E-4
1.3500650085384745E-4
1.347073323906732E-4
1.3440945590390352E-4
1.3411286312186102E-4
1.3381754584295105E-4
1.335234959349252E-4
1.3323070533415973E-4
1.3293916604492572E-4
1.3264887013868758E-4
1.3235980975339349E-4
1.320719770927873E-4
1.317853644257241E-4
1.314999640854855E-4
1.3121576846912615E-4
1.309327700368043E-4
1.3065096131113562E-4
1.3037033487654765E-4
1.3009088337864207E-4
1.2981259952357237E-4
1.2953547607742522E-4
1.2925950586559857E-4
1.2898468177220982E-4
1.2871099673948788E-4
1.2843844376718983E-4
1.2816701591201028E-4
1.2789670628702123E-4
1.2762750806108163E-4
1.273594144582942E-4
1.270924187574379E-4
1.2682651429142522E-4
1.2656169444676121E-4
1.2629795266299936E-4
1.2603528243222586E-4
1.2577367729852386E-4
1.2551313085746346E-4
1.2525363675559495E-4
1.249951886899332E-4
1.2473778040746912E-4
1.2448140570467286E-4
1.2422605842700739E-4
1.2397173246844517E-4
1.237184217710024E-4
1.2346612032425238E-4
1.2321482216488388E-4
1.2296452137621405E-4
1.227152120877571E-4
1.2246688847476953E-4
1.222195447578075E-4
1.2197317520228416E-4
1.2172777411803745E-4
1.2148333585891014E-4
1.2123985482232033E-4
1.2099732544884206E-4
1.2075574222179437E-4
1.2051509966683552E-4
1.2027539235155004E-4
1.2003661488506199E-4
1.1979876191762802E-4
1.1956182814025868E-4
1.193258082843174E-4
1.1909069712115379E-4
1.1885648946171882E-4
1.1862318015619372E-4
1.1839076409362149E-4
1.1815923620153814E-4
1.1792859144561998E-4
1.1769882482932074E-4
1.1746993139351949E-4
1.1724190621617652E-4
1.1701474441198365E-4
1.1678844113202499E-4
1.1656299156344185E-4
1.1633839092909592E-4
1.1611463448724094E-4
1.1589171753120011E-4
1.1566963538903562E-4
1.1544838342324095E-4
1.1522795703040916E-4
1.1500835164094257E-4
1.1478956271872456E-4
1.1457158576082374E-4
1.1435441629719108E-4
1.1413804989036271E-4
1.1392248213515661E-4
1.137077086583959E-4
1.1349372511860093E-4
1.1328052720571765E-4
1.1306811064082736E-4
1.128564711758776E-4
1.1264560459338724E-4
1.1243550670618465E-4
1.122261733571394E-4
1.120176004188895E-4
1.1180978379357139E-4
1.116027194125714E-4
1.1139640323624935E-4
1.1119083125369633E-4
1.1098599948246765E-4
1.1078190396834928E-4
1.1057854078508777E-4
1.1037590603416321E-4
1.1017399584452906E-4
1.099728063723859E-4
1.0977233380093162E-4
1.0957257434013734E-4
1.0937352422649842E-4
1.0917517972281996E-4
1.0897753711797505E-4
1.0878059272668571E-4
1.085843428892984E-4
1.0838878397155576E-4
1.0819391236438973E-4
1.0799972448369372E-4
1.0780621677011293E-4
1.0761338568882954E-4
1.0742122772935007E-4
1.0722973940530823E-4
1.070389172542445E-4
1.0684875783740828E-4
1.0665925773956043E-4
1.0647041356876482E-4
1.0628222195619994E-4
1.0609467955595039E-4
1.0590778304482824E-4
1.0572152912216926E-4
1.0553591450964687E-4
1.0535093595108686E-4
1.0516659021227821E-4
1.0498287408078817E-4
1.0479978436578058E-4
1.0461731789783898E-4
1.0443547152877891E-4
1.0425424213148584E-4
1.040736265997194E-4
1.0389362184796207E-4
1.037142248112272E-4
1.0353543244490399E-4
1.0335724172458053E-4
1.031796496458815E-4
1.0300265322430025E-4
1.0282624949503777E-4
1.0265043551284019E-4
1.024752083518334E-4
1.0230056510537338E-4
1.0212650288588478E-4
1.019530188247018E-4
1.0178011007191961E-4
1.0160777379623903E-4
1.0143600718481654E-4
1.012648074431136E-4
1.0109417179474577E-4
1.0092409748134652E-4
1.007545817624093E-4
1.0058562191514545E-4
1.0041721523435405E-4
1.0024935903226446E-4
1.0008205063840244E-4
9.99152873994621E-5
The correct rate for BP: 100.00% 
