2.60014965793625
1.393580194341762
0.3671741677706547
0.0019327530782858877
0.0016691207447775635
9.424964706678665E-4
6.320221658559315E-4
4.811776483951214E-4
3.921760018931913E-4
3.325364843978272E-4
2.893422747157675E-4
2.5643280297089807E-4
2.3044505849958343E-4
2.0936319930118112E-4
1.918959466794077E-4
1.7717408081346236E-4
1.6458933574376691E-4
1.537024759151787E-4
1.4418795171685858E-4
1.3579910139310317E-4
1.283454700665552E-4
1.2167756926014252E-4
1.1567636419742918E-4
1.1024585492266422E-4
1.0530773460686263E-4
1.0079747434619143E-4
9.666140745773658E-5
The correct rate for BP: 100.00% 
