2.9064904967977667
2.4998599515392397
2.49990394652608
2.499906846089084
2.4999054815260706
2.4999034892152285
2.4999013330319406
2.4998990695665113
2.499896700607651
2.4998942200664738
2.499891620206081
2.4998888924075655
2.499886027192961
2.4998830141367523
2.4998798417486596
2.499876497336314
2.4998729668460298
2.499869234677818
2.499865283469737
2.4998610938455426
2.4998566441182204
2.4998519099402152
2.4998468638889637
2.499841474973466
2.4998357080439786
2.4998295230821364
2.499822874342607
2.499815709309177
2.4998079674173197
2.499799578480736
2.499790460739705
2.4997805184222543
2.4997696386721784
2.4997576876463503
2.499744505511003
2.49972989996264
2.4997136377484677
2.4996954334395607
2.499674934378494
2.4996517002190846
2.4996251746943123
2.4995946460113823
2.499559190269489
2.499517588968822
2.4994682059979767
2.4994087994791174
2.4993362255965255
2.499245956905381
2.499131268917958
2.4989818052846626
2.498780913803349
2.498500389042711
2.4980893009475365
2.4974479831044643
2.4963599876401816
2.4942843576326443
2.489565747634935
2.47511593297021
2.374242502184315
0.23361009294894003
0.12001479157359037
0.014581481664653366
0.0015553581611493002
8.430635538974784E-4
6.655649024520487E-4
5.705003693043637E-4
5.027947983389477E-4
4.501349191337612E-4
4.076415816813056E-4
3.725525840450111E-4
3.43063352637309E-4
3.179210196377374E-4
2.962238305974636E-4
2.7730495785920143E-4
2.606601868324206E-4
2.4590094470475573E-4
2.3272279905860497E-4
2.2088376298748762E-4
2.1018900754435978E-4
2.0047987023811436E-4
1.9162581000156106E-4
1.835184240633836E-4
1.7606693391337432E-4
1.6919473509219497E-4
1.628367287321961E-4
1.5693723530148148E-4
1.514483472756406E-4
1.4632861645906217E-4
1.41541999107693E-4
1.370570015638652E-4
1.3284598323710852E-4
1.2888458408292892E-4
1.2515125135196818E-4
1.2162684606705469E-4
1.1829431396733633E-4
1.1513840891203629E-4
1.1214545922867918E-4
1.0930316941539521E-4
1.0660045110375995E-4
1.0402727836125797E-4
1.0157456333691675E-4
9.923404898698171E-5
The correct rate for BP: 100.00% 
