2.7498741693030073
2.499996934487186
2.4999983051698127
2.4999984301964178
2.49999844509073
2.4999984459829174
2.499998445007541
2.499998443779926
2.4999984425166315
2.499998441246717
2.4999984399740764
2.4999984386992287
2.499998437422238
2.499998436143109
2.499998434861837
2.4999984335784173
2.4999984322928444
2.499998431005113
2.4999984297152165
2.499998428423151
2.49999842712891
2.499998425832489
2.4999984245338807
2.499998423233081
2.4999984219300844
2.499998420624884
2.499998419317475
2.4999984180078525
2.4999984166960094
2.499998415381941
2.499998414065641
2.499998412747104
2.499998411426325
2.499998410103297
2.4999984087780147
2.4999984074504726
2.4999984061206644
2.4999984047885846
2.499998403454227
2.4999984021175865
2.499998400778656
2.4999983994374313
2.4999983980939047
2.4999983967480714
2.499998395399925
2.4999983940494594
2.4999983926966687
2.499998391341547
2.499998389984088
2.4999983886242854
2.499998387262134
2.499998385897627
2.499998384530758
2.499998383161522
2.4999983817899114
2.4999983804159207
2.499998379039544
2.4999983776607744
2.4999983762796054
2.4999983748960317
2.4999983735100466
2.499998372121644
2.4999983707308164
2.4999983693375585
2.4999983679418634
2.499998366543725
2.499998365143137
2.4999983637400924
2.4999983623345847
2.4999983609266083
2.4999983595161552
2.4999983581032206
2.499998356687796
2.499998355269876
2.499998353849454
2.499998352426523
2.499998351001076
2.4999983495731066
2.4999983481426087
2.4999983467095745
2.499998345273998
2.499998343835872
2.4999983423951893
2.4999983409519437
2.4999983395061287
2.499998338057736
2.49999833660676
2.499998335153194
2.499998333697029
2.4999983322382597
2.499998330776879
2.49999832931288
2.4999983278462543
2.499998326376996
2.499998324905097
2.4999983234305514
2.4999983219533513
2.4999983204734892
2.4999983189909587
2.499998317505752
2.499998316017862
2.499998314527281
2.499998313034002
2.499998311538018
2.499998310039321
2.499998308537904
2.499998307033759
2.499998305526879
2.499998304017257
2.499998302504884
2.4999983009897537
2.499998299471858
2.4999982979511897
2.4999982964277407
2.499998294901504
2.499998293372471
2.499998291840634
2.4999982903059865
2.4999982887685195
2.499998287228226
2.499998285685097
2.4999982841391257
2.499998282590304
2.499998281038624
2.4999982794840774
2.4999982779266565
2.4999982763663535
2.4999982748031595
2.499998273237068
2.499998271668069
2.499998270096156
2.499998268521319
2.499998266943552
2.499998265362845
2.499998263779191
2.4999982621925807
2.499998260603007
2.49999825901046
2.499998257414932
2.4999982558164158
2.499998254214901
2.4999982526103803
2.499998251002845
2.499998249392286
2.499998247778696
2.4999982461620647
2.499998244542385
2.4999982429196472
2.4999982412938433
2.499998239664964
2.4999982380330006
2.499998236397945
2.4999982347597873
2.4999982331185193
2.4999982314741325
2.4999982298266175
2.4999982281759645
2.4999982265221656
2.4999982248652115
2.4999982232050932
2.4999982215418015
2.4999982198753266
2.4999982182056604
2.4999982165327936
2.499998214856716
2.499998213177419
2.499998211494893
2.4999982098091293
2.4999982081201177
2.499998206427849
2.4999982047323144
2.499998203033503
2.499998201331407
2.499998199626015
2.4999981979173187
2.499998196205308
2.499998194489973
2.499998192771305
2.4999981910492926
2.4999981893239274
2.4999981875951987
2.499998185863097
2.4999981841276124
2.499998182388735
2.499998180646455
2.499998178900761
2.4999981771516446
2.499998175399095
2.4999981736431023
2.4999981718836555
2.4999981701207457
2.499998168354361
2.4999981665844926
2.4999981648111294
2.4999981630342614
2.4999981612538766
2.499998159469967
2.499998157682521
2.4999981558915274
2.4999981540969762
2.4999981522988564
2.499998150497158
2.499998148691869
2.49999814688298
2.49999814507048
2.4999981432543574
2.4999981414346015
2.499998139611202
2.4999981377841465
2.4999981359534256
2.4999981341190267
2.49999813228094
2.499998130439154
2.499998128593657
2.4999981267444378
2.4999981248914858
2.4999981230347883
2.499998121174335
2.4999981193101144
2.499998117442115
2.499998115570324
2.4999981136947316
2.4999981118153256
2.499998109932094
2.4999981080450246
2.499998106154107
2.499998104259328
2.499998102360676
2.49999810045814
2.4999980985517074
2.499998096641366
2.4999980947271037
2.4999980928089087
2.499998090886769
2.4999980889606714
2.4999980870306047
2.499998085096556
2.4999980831585136
2.499998081216464
2.4999980792703957
2.4999980773202957
2.499998075366151
2.4999980734079497
2.4999980714456784
2.4999980694793256
2.4999980675088773
2.4999980655343212
2.4999980635556445
2.499998061572833
2.4999980595858764
2.4999980575947585
2.499998055599468
2.4999980535999913
2.499998051596315
2.499998049588426
2.4999980475763115
2.499998045559957
2.49999804353935
2.499998041514476
2.499998039485323
2.499998037451876
2.499998035414121
2.499998033372046
2.4999980313256356
2.4999980292748765
2.499998027219755
2.4999980251602567
2.499998023096368
2.499998021028074
2.4999980189553614
2.499998016878216
2.4999980147966228
2.4999980127105683
2.499998010620037
2.4999980085250155
2.4999980064254888
2.499998004321442
2.4999980022128616
2.4999980000997315
2.499997997982037
2.4999979958597645
2.4999979937328978
2.499997991601423
2.4999979894653244
2.4999979873245866
2.4999979851791947
2.499997983029134
2.499997980874389
2.4999979787149433
2.499997976550783
2.4999979743818916
2.499997972208254
2.4999979700298542
2.499997967846676
2.499997965658705
2.4999979634659244
2.4999979612683183
2.4999979590658707
2.499997956858566
2.499997954646388
2.49999795242932
2.499997950207346
2.4999979479804497
2.4999979457486146
2.499997943511824
2.4999979412700615
2.4999979390233102
2.499997936771554
2.499997934514776
2.4999979322529593
2.499997929986086
2.4999979277141406
2.4999979254371048
2.499997923154962
2.4999979208676946
2.4999979185752856
2.4999979162777177
2.499997913974973
2.4999979116670343
2.4999979093538838
2.4999979070355036
2.499997904711876
2.499997902382983
2.4999979000488075
2.49999789770933
2.499997895364533
2.4999978930143993
2.499997890658909
2.499997888298045
2.499997885931788
2.4999978835601193
2.4999978811830212
2.499997878800474
2.4999978764124595
2.499997874018959
2.499997871619953
2.4999978692154228
2.4999978668053484
2.499997864389712
2.499997861968493
2.4999978595416725
2.4999978571092307
2.4999978546711485
2.499997852227406
2.499997849777983
2.4999978473228603
2.4999978448620173
2.4999978423954343
2.499997839923091
2.4999978374449676
2.499997834961043
2.4999978324712973
2.49999782997571
2.4999978274742594
2.499997824966926
2.4999978224536887
2.499997819934526
2.499997817409418
2.499997814878342
2.4999978123412783
2.4999978097982045
2.4999978072490996
2.499997804693942
2.4999978021327105
2.4999977995653824
2.499997796991937
2.499997794412351
2.4999977918266034
2.499997789234672
2.499997786636534
2.499997784032167
2.4999977814215497
2.4999977788046577
2.49999777618147
2.499997773551962
2.4999977709161123
2.4999977682738974
2.4999977656252943
2.4999977629702794
2.4999977603088297
2.499997757640921
2.49999775496653
2.499997752285634
2.499997749598208
2.4999977469042283
2.4999977442036716
2.4999977414965127
2.4999977387827275
2.499997736062292
2.499997733335181
2.4999977306013714
2.499997727860836
2.4999977251135523
2.4999977223594936
2.4999977195986354
2.499997716830953
2.4999977140564194
2.4999977112750105
2.4999977084867004
2.499997705691463
2.4999977028892726
2.499997700080103
2.499997697263928
2.4999976944407214
2.499997691610457
2.4999976887731084
2.4999976859286477
2.4999976830770496
2.499997680218286
2.4999976773523307
2.4999976744791557
2.4999976715987344
2.4999976687110386
2.499997665816041
2.4999976629137133
2.4999976600040283
2.4999976570869573
2.4999976541624727
2.4999976512305455
2.4999976482911475
2.4999976453442505
2.4999976423898254
2.4999976394278427
2.4999976364582737
2.499997633481089
2.4999976304962597
2.4999976275037556
2.4999976245035476
2.4999976214956057
2.4999976184798998
2.499997615456399
2.4999976124250747
2.499997609385895
2.49999760633883
2.4999976032838482
2.4999976002209188
2.4999975971500117
2.499997594071094
2.499997590984136
2.499997587889105
2.499997584785969
2.4999975816746964
2.4999975785552557
2.4999975754276145
2.499997572291739
2.499997569147598
2.4999975659951583
2.4999975628343867
2.4999975596652506
2.4999975564877164
2.4999975533017507
2.4999975501073193
2.499997546904389
2.4999975436929254
2.4999975404728945
2.4999975372442615
2.4999975340069924
2.4999975307610525
2.499997527506406
2.4999975242430192
2.499997520970855
2.4999975176898794
2.4999975144000555
2.499997511101348
2.4999975077937213
2.4999975044771383
2.499997501151563
2.499997497816958
2.499997494473287
2.4999974911205127
2.4999974877585984
2.499997484387506
2.4999974810071985
2.4999974776176366
2.4999974742187834
2.4999974708106003
2.4999974673930487
2.499997463966089
2.499997460529684
2.4999974570837935
2.499997453628378
2.4999974501633986
2.4999974466888144
2.499997443204586
2.4999974397106732
2.4999974362070354
2.499997432693631
2.499997429170421
2.4999974256373623
2.499997422094415
2.499997418541536
2.499997414978685
2.4999974114058188
2.499997407822895
2.4999974042298714
2.4999974006267056
2.4999973970133533
2.4999973933897723
2.4999973897559182
2.499997386111748
2.4999973824572175
2.499997378792282
2.499997375116897
2.499997371431018
2.4999973677345997
2.4999973640275965
2.4999973603099637
2.499997356581654
2.4999973528426227
2.4999973490928227
2.4999973453322077
2.4999973415607304
2.499997337778344
2.4999973339850006
2.499997330180653
2.4999973263652526
2.4999973225387513
2.4999973187011006
2.499997314852252
2.499997310992156
2.499997307120763
2.499997303238023
2.499997299343887
2.4999972954383045
2.4999972915212236
2.4999972875925947
2.4999972836523665
2.499997279700487
2.4999972757369044
2.4999972717615666
2.4999972677744213
2.499997263775416
2.499997259764498
2.4999972557416124
2.4999972517067075
2.4999972476597274
2.4999972436006184
2.499997239529327
2.4999972354457967
2.499997231349973
2.4999972272418
2.4999972231212215
2.4999972189881814
2.4999972148426233
2.499997210684489
2.499997206513723
2.4999972023302663
2.4999971981340607
2.499997193925049
2.499997189703171
2.4999971854683687
2.499997181220582
2.499997176959751
2.499997172685816
2.4999971683987154
2.4999971640983896
2.4999971597847757
2.4999971554578138
2.49999715111744
2.499997146763593
2.4999971423962095
2.499997138015226
2.4999971336205786
2.499997129212204
2.499997124790038
2.499997120354015
2.4999971159040695
2.499997111440136
2.499997106962149
2.4999971024700414
2.4999970979637465
2.4999970934431968
2.4999970889083243
2.499997084359061
2.499997079795339
2.4999970752170877
2.4999970706242385
2.4999970660167214
2.499997061394466
2.4999970567574015
2.499997052105456
2.499997047438558
2.499997042756636
2.4999970380596164
2.4999970333474257
2.4999970286199913
2.4999970238772384
2.4999970191190926
2.4999970143454786
2.4999970095563215
2.499997004751544
2.4999969999310707
2.499996995094824
2.4999969902427264
2.4999969853747
2.499996980490666
2.4999969755905447
2.4999969706742573
2.499996965741724
2.499996960792863
2.499996955827594
2.499996950845834
2.499996945847502
2.4999969408325144
2.4999969358007883
2.499996930752239
2.499996925686783
2.4999969206043344
2.4999969155048083
2.499996910388117
2.4999969052541755
2.499996900102895
2.499996894934188
2.499996889747966
2.49999688454414
2.49999687932262
2.499996874083315
2.4999968688261345
2.4999968635509875
2.4999968582577807
2.4999968529464214
2.4999968476168166
2.499996842268872
2.4999968369024916
2.499996831517582
2.499996826114045
2.4999968206917846
2.4999968152507037
2.4999968097907037
2.499996804311686
2.499996798813551
2.499996793296199
2.499996787759528
2.499996782203437
2.4999967766278237
2.499996771032585
2.4999967654176167
2.4999967597828148
2.499996754128074
2.4999967484532877
2.49999674275835
2.4999967370431526
2.4999967313075877
2.4999967255515467
2.4999967197749187
2.4999967139775943
2.4999967081594607
2.4999967023204066
2.4999966964603186
2.499996690579084
2.499996684676587
2.499996678752712
2.499996672807343
2.4999966668403633
2.4999966608516546
2.499996654841098
2.499996648808574
2.4999966427539615
2.49999663667714
2.499996630577985
2.499996624456376
2.4999966183121867
2.499996612145293
2.4999966059555687
2.4999965997428872
2.49999659350712
2.4999965872481384
2.4999965809658127
2.499996574660013
2.4999965683306056
2.4999965619774596
2.4999965556004398
2.499996549199413
2.4999965427742428
2.4999965363247916
2.499996529850923
2.4999965233524972
2.499996516829375
2.4999965102814152
2.4999965037084753
2.499996497110413
2.4999964904870833
2.4999964838383413
2.4999964771640406
2.4999964704640343
2.4999964637381726
2.499996456986306
2.4999964502082843
2.499996443403954
2.499996436573163
2.499996429715756
2.4999964228315785
2.499996415920472
2.4999964089822795
2.4999964020168406
2.4999963950239956
2.499996388003582
2.4999963809554373
2.499996373879396
2.4999963667752936
2.4999963596429624
2.4999963524822335
2.4999963452929377
2.4999963380749044
2.49999633082796
2.499996323551932
2.4999963162466434
2.499996308911919
2.4999963015475806
2.4999962941534486
2.4999962867293415
2.4999962792750776
2.499996271790473
2.4999962642753415
2.499996256729497
2.499996249152751
2.499996241544914
2.4999962339057933
2.4999962262351962
2.4999962185329294
2.4999962107987947
2.4999962030325955
2.499996195234132
2.4999961874032026
2.4999961795396044
2.4999961716431334
2.4999961637135835
2.499996155750746
2.4999961477544117
2.4999961397243693
2.4999961316604047
2.499996123562304
2.49999611542985
2.499996107262823
2.4999960990610037
2.499996090824169
2.4999960825520953
2.4999960742445557
2.4999960659013216
2.4999960575221643
2.4999960491068505
2.4999960406551467
2.4999960321668167
2.499996023641622
2.499996015079322
2.4999960064796762
2.499995997842438
2.499995989167363
2.4999959804542007
2.499995971702701
2.499995962912611
2.4999959540836754
2.4999959452156357
2.499995936308233
2.4999959273612054
2.4999959183742875
2.4999959093472133
2.499995900279713
2.4999958911715163
2.499995882022348
2.499995872831932
2.4999958635999886
2.499995854326238
2.4999958450103947
2.4999958356521725
2.4999958262512827
2.499995816807434
2.4999958073203303
2.4999957977896754
2.4999957882151693
2.49999577859651
2.499995768933391
2.4999957592255053
2.499995749472541
2.499995739674184
2.4999957298301188
2.4999957199400242
2.4999957100035783
2.4999957000204547
2.499995689990325
2.4999956799128573
2.499995669787717
2.4999956596145645
2.49999564939306
2.4999956391228575
2.4999956288036103
2.4999956184349665
2.4999956080165724
2.499995597548069
2.4999955870290957
2.499995576459287
2.4999955658382755
2.4999955551656883
2.499995544441151
2.4999955336642836
2.4999955228347033
2.4999955119520245
2.499995501015856
2.4999954900258037
2.4999954789814702
2.499995467882453
2.4999954567283464
2.4999954455187408
2.499995434253222
2.499995422931372
2.499995411552768
2.499995400116985
2.4999953886235913
2.499995377072152
2.4999953654622273
2.4999953537933743
2.4999953420651444
2.4999953302770845
2.4999953184287373
2.499995306519641
2.4999952945493282
2.4999952825173275
2.499995270423163
2.499995258266353
2.499995246046411
2.4999952337628466
2.4999952214151624
2.499995209002857
2.4999951965254246
2.4999951839823518
2.499995171373122
2.4999951586972124
2.4999951459540943
2.4999951331432344
2.499995120264092
2.4999951073161233
2.499995094298776
2.499995081211494
2.499995068053714
2.499995054824867
2.499995041524378
2.4999950281516656
2.499995014706143
2.499995001187216
2.499994987594284
2.499994973926741
2.4999949601839724
2.4999949463653586
2.4999949324702726
2.4999949184980803
2.499994904448141
2.499994890319807
2.4999948761124227
2.499994861825326
2.499994847457847
2.4999948330093087
2.499994818479025
2.4999948038663056
2.4999947891704477
2.4999947743907436
2.4999947595264778
2.499994744576925
2.4999947295413527
2.4999947144190204
2.4999946992091773
2.4999946839110656
2.499994668523919
2.499994653046961
2.499994637479406
2.4999946218204614
2.499994606069323
2.499994590225179
2.4999945742872063
2.4999945582545737
2.49999454212644
2.499994525901952
2.4999945095802496
2.4999944931604596
2.4999944766417004
2.4999944600230797
2.4999944433036925
2.4999944264826244
2.499994409558951
2.4999943925317347
2.4999943754000276
2.4999943581628696
2.49999434081929
2.4999943233683046
2.499994305808919
2.4999942881401247
2.499994270360902
2.499994252470218
2.499994234467027
2.49999421635027
2.4999941981188756
2.499994179771759
2.499994161307819
2.499994142725945
2.4999941240250085
2.4999941052038688
2.4999940862613697
2.49999406719634
2.4999940480075953
2.4999940286939335
2.4999940092541384
2.4999939896869776
2.4999939699912033
2.49999395016555
2.499993930208738
2.4999939101194686
2.4999938898964267
2.4999938695382804
2.4999938490436797
2.499993828411257
2.4999938076396253
2.49999378672738
2.4999937656730986
2.4999937444753377
2.499993723132635
2.499993701643509
2.4999936800064573
2.4999936582199576
2.4999936362824657
2.499993614192418
2.4999935919482277
2.4999935695482867
2.4999935469909644
2.4999935242746076
2.4999935013975407
2.4999934783580637
2.4999934551544527
2.4999934317849606
2.4999934082478137
2.499993384541215
2.49999336066334
2.49999333661234
2.499993312386339
2.499993287983433
2.499993263401692
2.4999932386391572
2.499993213693841
2.499993188563728
2.4999931632467716
2.499993137740897
2.499993112043996
2.4999930861539323
2.499993060068536
2.4999930337856044
2.4999930073029035
2.499992980618164
2.499992953729084
2.4999929266333245
2.499992899328514
2.4999928718122417
2.499992844082062
2.49999281613549
2.4999927879700046
2.4999927595830433
2.499992730972006
2.49999270213425
2.499992673067093
2.499992643767809
2.4999926142336295
2.4999925844617428
2.4999925544492916
2.4999925241933725
2.499992493691038
2.49999246293929
2.499992431935084
2.4999924006753256
2.49999236915687
2.4999923373765203
2.4999923053310287
2.4999922730170923
2.4999922404313537
2.499992207570401
2.4999921744307643
2.4999921410089163
2.499992107301269
2.4999920733041754
2.499992039013926
2.4999920044267476
2.499991969538804
2.499991934346191
2.4999918988449394
2.49999186303101
2.499991826900293
2.499991790448608
2.4999917536717007
2.4999917165652414
2.499991679124826
2.499991641345968
2.4999916032241054
2.499991564754592
2.4999915259326992
2.4999914867536117
2.4999914472124276
2.4999914073041563
2.4999913670237137
2.4999913263659255
2.499991285325519
2.4999912438971243
2.4999912020752717
2.4999911598543902
2.4999911172288023
2.4999910741927245
2.499991030740262
2.4999909868654098
2.499990942562046
2.499990897823932
2.4999908526447085
2.499990807017892
2.499990760936873
2.4999907143949116
2.4999906673851373
2.499990619900542
2.4999905719339774
2.499990523478154
2.4999904745256356
2.499990425068835
2.4999903751000128
2.4999903246112702
2.499990273594548
2.49999022204162
2.4999901699440907
2.4999901172933905
2.499990064080769
2.499990010297295
2.499989955933846
2.4999899009811077
2.499989845429566
2.499989789269505
2.499989732490998
2.499989675083903
2.4999896170378593
2.499989558342277
2.499989498986336
2.4999894389589743
2.4999893782488867
2.4999893168445126
2.4999892547340345
2.499989191905366
2.499989128346147
2.499989064043734
2.499988998985197
2.4999889331573018
2.4999888665465115
2.499988799138971
2.4999887309205007
2.499988661876586
2.499988591992368
2.4999885212526323
2.4999884496417994
2.4999883771439144
2.4999883037426325
2.4999882294212123
2.499988154162499
2.4999880779489136
2.4999880007624413
2.4999879225846144
2.499987843396502
2.4999877631786935
2.499987681911283
2.4999875995738545
2.4999875161454663
2.499987431604632
2.499987345929305
2.4999872590968586
2.4999871710840686
2.499987081867091
2.4999869914214456
2.499986899721991
2.499986806742903
2.4999867124576536
2.4999866168389855
2.499986519858887
2.499986421488566
2.499986321698424
2.499986220458026
2.499986117736073
2.4999860135003713
2.4999859077177993
2.499985800354273
2.4999856913747167
2.49998558074302
2.499985468422005
2.499985354373384
2.49998523855772
2.499985120934382
2.499985001461502
2.499984880095927
2.499984756793169
2.4999846315073544
2.4999845041911706
2.49998437479581
2.499984243270909
2.499984109564489
2.499983973622889
2.499983835390701
2.499983694810696
2.4999835518237514
2.4999834063687727
2.4999832583826107
2.4999831077999755
2.4999829545533467
2.499982798572879
2.4999826397863
2.4999824781188087
2.499982313492961
2.4999821458285583
2.4999819750425196
2.4999818010487584
2.499981623758042
2.4999814430778526
2.499981258912233
2.49998107116163
2.4999808797227243
2.4999806844882544
2.4999804853468284
2.4999802821827273
2.4999800748756926
2.499979863300708
2.499979647327762
2.499979426821599
2.49997920164146
2.499978971640798
2.4999787366669843
2.4999784965609946
2.4999782511570725
2.4999780002823773
2.499977743756605
2.499977481391586
2.499977212990859
2.4999769383492167
2.4999766572522164
2.4999763694756667
2.499976074785072
2.499975772935045
2.4999754636686724
2.4999751467168454
2.4999748217975326
2.4999744886150115
2.4999741468590373
2.4999737962039545
2.499973436307744
2.4999730668109965
2.499972687335813
2.4999722974846152
2.4999718968388733
2.499971484957726
2.499971061376495
2.4999706256050853
2.499970177126248
2.4999697153937057
2.4999692398301234
2.499968749824905
2.499968244731807
2.4999677238663414
2.499967186502955
2.499966631871958
2.499966059156176
2.4999654674872964
2.4999648559418786
2.4999642235369905
2.4999635692254265
2.4999628918904677
2.499962190340127
2.4999614633008203
2.499960709410399
2.499959927210471
2.4999591151379112
2.4999582715154833
2.499957394541444
2.4999564822780105
2.4999555326385425
2.4999545433732724
2.499953512053386
2.4999524360532392
2.4999513125304453
2.4999501384035345
2.4999489103268457
2.4999476246622443
2.499946277447185
2.499944864358581
2.499943380671822
2.4999418212141795
2.49994018031169
2.4999384517284526
2.4999366285970552
2.499934703338615
2.499932667570596
2.499930512000219
2.4999282263007956
2.499925798967769
2.499923217150548
2.4999204664553125
2.4999175307128945
2.499914391704431
2.499911028835711
2.499907418748889
2.4999035348573155
2.4998993467854844
2.499894819691182
2.4998899134404997
2.4998845815978483
2.4998787701817604
2.4998724161220087
2.4998654453328264
2.499857770288605
2.4998492869491042
2.4998398708260723
2.4998293719051055
2.499817608024459
2.4998043561494496
2.49978934074029
2.4997722180499298
2.4997525546370234
2.499729797521398
2.4997032320472545
2.499671921306647
2.4996346172898485
2.4995896276148177
2.499534610526232
2.499466250411764
2.4993797270964713
2.4992678142690767
2.499119277976041
2.4989158758685637
2.498626355961339
2.4981934315398147
2.4975023394838196
2.4962931007557443
2.493857899403208
2.4875624812708645
2.457496696804966
0.896890005033551
0.11543652095791607
2.6224545791348854E-10
The correct rate for BP: 100.00% 
