2.3976157410710415
0.6098176394695173
1.9829480114919895
1.998654520995306
1.998889359538686
1.9988268070877637
1.9987149589438276
1.9985753585555486
1.9984038752784183
1.9981898166896233
1.9979163320342206
1.997556654541325
1.997066062470533
1.9963646206214534
1.9952962586228367
1.9935172297304724
1.9901253169860118
1.981976098402563
1.9497347930131166
1.389426153237691
1.0179049524936735E-4
0.001634328852529034
0.001705221460665628
0.0011185014385948866
7.874861044424211E-4
6.084116912418888E-4
4.985225829985425E-4
4.237491342869552E-4
3.69206505315575E-4
3.274858086879795E-4
2.944587052917197E-4
2.676225351761965E-4
2.4536268935125956E-4
2.2658686625573094E-4
2.105278731446393E-4
1.966301565376928E-4
1.844810568414186E-4
1.7376737333913727E-4
1.6424694319344145E-4
1.5572948321102578E-4
1.4806334004107828E-4
1.411261192591057E-4
1.3481792578809985E-4
1.2905640176146853E-4
1.237730262714869E-4
1.1891031683049172E-4
1.1441968553644605E-4
1.102597775254361E-4
1.063951694152436E-4
1.0279533971784376E-4
9.943384701275032E-5
The correct rate for BP: 100.00% 
