2.7718852600577235
2.4998935738953634
2.4999207815173348
2.499922513185486
2.499921443443671
2.49991995880483
2.499918366730997
2.499916705310268
2.4999149764201514
2.499913176827924
2.499911302336386
2.4999093483121535
2.4999073097251263
2.4999051811184554
2.49990295656472
2.4999006296151136
2.4998981932417856
2.4998956397724257
2.4998929608158935
2.4998901471774495
2.4998871887618623
2.4998840744623587
2.499880792032956
2.4998773279412556
2.4998736671981443
2.499869793160128
2.4998656872991005
2.4998613289331812
2.499856694910836
2.4998517592386746
2.4998464926410184
2.499840862036407
2.4998348299124538
2.4998283535756265
2.499821384246209
2.4998138659604936
2.499805734231331
2.499796914403761
2.4997873196230045
2.4997768483058858
2.4997653809708726
2.4997527762323974
2.499738865696023
2.4997234473933863
2.499706277256305
2.4996870579271318
2.499665423905048
2.499640921583797
2.4996129820617843
2.499580883561893
2.499543698651563
2.4995002187973707
2.4994488443994376
2.4993874210038785
2.499312989375489
2.499221393596267
2.499106647243412
2.4989598713387053
2.4987674401161466
2.498507583450207
2.4981437904343133
2.497611060670683
2.496784560030589
2.495399211046905
2.49280658634075
2.487032619791645
2.469122343079254
2.293016238362312
0.03897580753291674
0.0013410989963676802
8.501942427817045E-4
7.496548041410543E-4
6.946203779391461E-4
6.509361850020676E-4
6.131941111650585E-4
5.798717514841674E-4
5.501528432724272E-4
5.234523466506434E-4
4.99315359720609E-4
4.773779963227066E-4
4.573443722935002E-4
4.389708434815208E-4
4.2205462977023053E-4
4.0642538183967487E-4
3.9193880796134766E-4
3.784717806278838E-4
3.6591852770215776E-4
3.541876319022119E-4
3.431996416823336E-4
3.328851505873344E-4
3.231832397454039E-4
3.1404020479717647E-4
3.054085077310144E-4
2.972459080948402E-4
2.8951473840971244E-4
2.8218129635866303E-4
2.752153321836821E-4
2.6858961419802194E-4
2.622795587682012E-4
2.562629137978783E-4
2.505194868424248E-4
2.450309106357785E-4
2.3978044012344706E-4
2.3475277614356692E-4
2.2993391174025503E-4
2.2531099777388348E-4
2.2087222504595767E-4
2.1660672060751812E-4
2.125044562902342E-4
2.0855616780454016E-4
2.0475328300155682E-4
2.010878581054585E-4
1.9755252089781518E-4
1.941404199822868E-4
1.9084517938088626E-4
1.876608578171877E-4
1.8458191212956953E-4
1.8160316433222853E-4
1.7871977190522597E-4
1.7592720094897088E-4
1.7322120188508175E-4
1.7059778742530357E-4
1.6805321256458978E-4
1.6558395638398374E-4
1.6318670547459517E-4
1.608583388161889E-4
1.585959139631655E-4
1.563966544076359E-4
1.5425793800379718E-4
1.521772863508993E-4
1.5015235504313795E-4
1.4818092470479582E-4
1.4626089273767716E-4
1.44390265715474E-4
1.4256715236654236E-4
1.4078975709250118E-4
1.3905637397545857E-4
1.3736538123125246E-4
1.3571523607043358E-4
1.3410446993233243E-4
1.3253168406090126E-4
1.3099554539407229E-4
1.294947827408877E-4
1.280281832231754E-4
1.2659458896057562E-4
1.2519289397971403E-4
1.2382204132994716E-4
1.2248102038979404E-4
1.2116886434941022E-4
1.1988464785582066E-4
1.1862748480876933E-4
1.1739652629599681E-4
1.1619095865778706E-4
1.1501000167138864E-4
1.1385290684673946E-4
1.1271895582559501E-4
1.1160745887680835E-4
1.1051775348104824E-4
1.0944920299885414E-4
1.084011954163048E-4
1.0737314216308315E-4
1.0636447699812069E-4
1.0537465495828144E-4
1.0440315136605516E-4
1.0344946089233878E-4
1.0251309667081213E-4
1.0159358946059801E-4
1.0069048685417377E-4
9.980335252770257E-5
The correct rate for BP: 100.00% 
