2.18502793372748
1.2454358729850137
0.6868203091751354
0.0032344049488342887
0.0010952328215425833
8.457617868538263E-4
7.476393788173059E-4
6.796292020591003E-4
6.243689961389499E-4
5.776225072927771E-4
5.374162532362195E-4
5.024430298589547E-4
4.7173802538649486E-4
4.44562813923934E-4
4.2034088135905654E-4
3.9861519094445724E-4
3.7901863297353834E-4
3.6125287938611184E-4
3.4507295567554665E-4
3.3027579754958046E-4
3.166916381762072E-4
3.041774397780827E-4
2.9261182391286076E-4
2.8189111541344604E-4
2.719262241944924E-4
2.626401646406288E-4
2.539660652797267E-4
2.458455591444152E-4
2.3822747239307806E-4
2.3106674857110185E-4
2.2432356049743027E-4
2.1796257263836493E-4
2.1195232500874011E-4
2.062647158455876E-4
2.0087456504585651E-4
1.9575924402013553E-4
1.9089836045754608E-4
1.8627348872122374E-4
1.81867938345469E-4
1.7766655449340374E-4
1.7365554534070067E-4
1.6982233223749443E-4
1.661554192158443E-4
1.6264427898887986E-4
1.5927925305939727E-4
1.56051463941027E-4
1.529527378119448E-4
1.4997553618218394E-4
1.4711289537224347E-4
1.4435837278038493E-4
1.4170599906644332E-4
1.3915023550562452E-4
1.3668593587160197E-4
1.3430831229745244E-4
1.3201290463825258E-4
1.2979555292341063E-4
1.2765237254119032E-4
1.255797318443567E-4
1.23574231905816E-4
1.2163268818725347E-4
1.1975211391306345E-4
1.1792970496740376E-4
1.1616282615404218E-4
1.1444899867760752E-4
1.1278588872151028E-4
1.1117129701202161E-4
1.0960314927062054E-4
1.0807948746767725E-4
1.0659846180003177E-4
1.0515832332359748E-4
1.0375741717942207E-4
1.023941763581598E-4
1.0106711595373541E-4
9.977482786198343E-5
The correct rate for BP: 100.00% 
