2.400358211514557
0.7719899095210395
1.7670728438464909
1.6384096991396626
0.18534039126830898
0.03290500773834866
0.01958713461754306
0.01616119088604484
0.014097905698979984
0.012374091362090332
0.010971702443282426
0.009840424100432003
0.008914815177545884
0.008143898842653796
0.007491725541870939
0.006932810610053102
0.006448577629295779
0.006025115228577828
0.005651773005917491
0.005320249106894398
0.005023973646262429
0.004757678774197006
0.004517091460384149
0.004298709564884201
0.004099635844132917
0.003917453075618336
0.003750128871354885
0.003595942253971755
0.003453426403126046
0.003321323565775569
0.0031985492201037926
0.0030841633524438007
0.002977347254325551
0.0028773846416766287
0.0027836461862617515
0.002695576761852841
0.0026126848658373637
0.0025345337959379673
0.002460734251960754
0.0023909381015160642
0.00232483310186483
0.0022621384113617514
0.002202600756274649
0.0021459911441868277
0.002092102035327566
0.0020407448992176684
0.0019917480968688725
0.0019449550391253902
0.0019002225801144227
0.0018574196115863889
0.0018164258294942747
0.0017771306487316457
0.0017394322457157444
0.0017032367116196008
0.0016684573016466947
0.0016350137679014781
0.0016028317652163426
0.0015718423208130935
0.0015419813599556896
0.0015131892808318195
0.0014854105728168425
0.0014585934730528252
0.0014326896569396188
0.0014076539587029719
0.0013834441186916524
0.0013600205544740816
0.0013373461531658234
0.0013153860827305017
0.001294107620266915
0.0012734799955285785
0.0012534742481260064
0.0012340630970389564
0.001215220821221126
0.0011969231502148507
0.0011791471638126752
0.0011618711999066005
0.0011450747697578075
0.0011287384800006558
0.0011128439607659833
0.001097373799372276
0.0010823114790890528
0.0010676413225264286
0.001053348439249407
0.001039418677254164
0.0010258385779791926
0.0010125953345550772
9.996767530247664E-4
9.87071216291305E-4
9.747676505723057E-4
9.627554941606127E-4
9.510246683087118E-4
9.395655500708478E-4
9.283689469511615E-4
9.17426073219709E-4
9.067285277700373E-4
8.962682734027598E-4
8.860376174293916E-4
8.760291934995156E-4
8.662359445625217E-4
8.566511068821486E-4
8.472681950290938E-4
8.380809877825799E-4
8.290835148774935E-4
8.202700445387751E-4
8.116350717489062E-4
8.031733071991285E-4
7.948796668781337E-4
7.867492622561451E-4
7.787773910248803E-4
7.709595283572457E-4
7.632913186530659E-4
7.557685677397404E-4
7.483872354988316E-4
7.411434288918004E-4
7.340333953599952E-4
7.270535165756831E-4
7.202003025225721E-4
7.134703858858475E-4
7.068605167329912E-4
7.003675574679989E-4
6.939884780428055E-4
6.877203514107732E-4
6.815603492081312E-4
6.755057376501316E-4
6.695538736296506E-4
6.63702201006723E-4
6.579482470781383E-4
6.522896192170678E-4
6.46724001673299E-4
6.412491525251334E-4
6.358629007747101E-4
6.305631435789402E-4
6.253478436087427E-4
6.202150265296867E-4
6.15162778597687E-4
6.101892443635293E-4
6.052926244807103E-4
6.004711736110732E-4
5.957231984232847E-4
5.910470556793841E-4
5.864411504048921E-4
5.819039341382963E-4
5.774339032559528E-4
5.73029597368577E-4
5.686895977858644E-4
5.644125260458534E-4
5.60197042505911E-4
5.560418449923008E-4
5.519456675055457E-4
5.479072789789821E-4
5.439254820878514E-4
5.399991121066812E-4
5.361270358125723E-4
5.323081504324002E-4
5.285413826317223E-4
5.248256875436639E-4
5.211600478358179E-4
5.175434728134962E-4
5.139749975576898E-4
5.104536820961935E-4
5.0697861060638E-4
5.035488906482572E-4
5.001636524265151E-4
4.96822048080204E-4
4.935232509988979E-4
4.902664551642416E-4
4.8705087451572155E-4
4.838757423396295E-4
4.8074031068034816E-4
4.7764384977285086E-4
4.745856474956345E-4
4.715650088432486E-4
4.685812554175573E-4
4.656337249369256E-4
4.6272177076274847E-4
4.598447614424569E-4
4.570020802683991E-4
4.5419312485199683E-4
4.5141730671249396E-4
4.486740508797573E-4
4.4596279551059267E-4
4.4328299151799686E-4
4.4063410221284894E-4
4.3801560295762387E-4
4.3542698083156347E-4
4.3286773430692936E-4
4.303373729358948E-4
4.278354170476793E-4
4.25361397455543E-4
4.229148551731963E-4
4.204953411404407E-4
4.1810241595748954E-4
4.1573564962779256E-4
4.133946213090191E-4
4.110789190718739E-4
4.0878813966644273E-4
4.0652188829589015E-4
4.042797783971189E-4
4.020614314282456E-4
3.9986647666256697E-4
3.976945509888692E-4
3.955452987177398E-4
3.934183713938283E-4
3.9131342761369186E-4
3.892301328491343E-4
3.871681592757914E-4
3.8512718560682296E-4
3.831068969314902E-4
3.811069845585242E-4
3.79127145864E-4
3.7716708414371357E-4
3.752265084698068E-4
3.733051335514959E-4
3.7140267959985106E-4
3.695188721963903E-4
3.676534421654515E-4
3.65806125450132E-4
3.6397666299176285E-4
3.6216480061273566E-4
3.6037028890260333E-4
3.5859288310736954E-4
3.568323430217955E-4
3.550884328847189E-4
3.533609212772001E-4
3.516495810234911E-4
3.49954189094645E-4
3.482745265147738E-4
3.466103782698124E-4
3.4496153321872635E-4
3.433277840070976E-4
3.417089269829889E-4
3.4010476211506955E-4
3.3851509291286106E-4
3.3693972634908604E-4
3.3537847278405886E-4
3.338311458920227E-4
3.3229756258941907E-4
3.307775429649619E-4
3.292709102115763E-4
3.27777490560003E-4
3.262971132141515E-4
3.24829610288063E-4
3.233748167444542E-4
3.2193257033486227E-4
3.205027115412214E-4
3.190850835189202E-4
3.176795320413107E-4
3.162859054455375E-4
3.149040545797255E-4
3.135338327514547E-4
3.1217509567753305E-4
3.108277014349134E-4
3.0949151041288444E-4
3.081663852663661E-4
3.0685219087034436E-4
3.0554879427538726E-4
3.0425606466424464E-4
3.0297387330945676E-4
3.017020935319842E-4
3.004406006607975E-4
2.9918927199343E-4
2.979479867574461E-4
2.967166260728181E-4
2.9549507291516447E-4
2.942832120798439E-4
2.9308093014687665E-4
2.9188811544669324E-4
2.907046580266109E-4
2.8953044961814754E-4
2.8836538360500633E-4
2.872093549918599E-4
2.8606226037374883E-4
2.849239979062669E-4
2.83794467276328E-4
2.8267356967362896E-4
2.8156120776273973E-4
2.804572856558299E-4
2.7936170888592777E-4
2.7827438438086276E-4
2.771952204377069E-4
2.761241266978141E-4
2.750610141223579E-4
2.740057949684686E-4
2.729583827658061E-4
2.719186922936995E-4
2.708866395587486E-4
2.698621417728978E-4
2.688451173319984E-4
2.678354857948052E-4
2.668331678624345E-4
2.6583808535824636E-4
2.6485016120813003E-4
2.6386931942125455E-4
2.628954850711486E-4
2.619285842772505E-4
2.6096854418677375E-4
2.600152929569898E-4
2.590687597378497E-4
2.581288746549833E-4
2.5719556879302054E-4
2.56268774179297E-4
2.5534842376781876E-4
2.5443445142362645E-4
2.5352679190742593E-4
2.5262538086054745E-4
2.517301547902006E-4
2.508410510550194E-4
2.4995800785091544E-4
2.490809641971766E-4
2.482098599228747E-4
2.473446356535312E-4
2.464852327980112E-4
2.456315935357441E-4
2.4478366080411975E-4
2.4394137828617882E-4
2.4310469039852829E-4
2.4227354227947294E-4
2.4144787977740029E-4
2.4062764943939098E-4
2.39812798500005E-4
2.3900327487034605E-4
2.3819902712727403E-4
2.374000045028641E-4
2.3660615687404684E-4
2.3581743475243282E-4
2.3503378927436207E-4
2.3425517219110716E-4
2.3348153585927854E-4
2.327128332313902E-4
2.3194901784662027E-4
2.3119004382174803E-4
2.3043586584221295E-4
2.2968643915339938E-4
2.2894171955203658E-4
2.2820166337777286E-4
2.2746622750490576E-4
2.2673536933425395E-4
2.260090467851826E-4
2.2528721828777342E-4
2.245698427751314E-4
2.2385687967582177E-4
2.2314828890647228E-4
2.2244403086447856E-4
2.2174406642083773E-4
2.210483569131402E-4
2.203568641386464E-4
2.1966955034751834E-4
2.1898637823614768E-4
2.1830731094061933E-4
2.176323120302657E-4
2.1696134550136702E-4
2.1629437577091982E-4
2.1563136767055666E-4
2.1497228644053062E-4
2.1431709772384627E-4
2.1366576756043983E-4
2.1301826238151342E-4
2.1237454900392228E-4
2.1173459462468783E-4
2.1109836681558746E-4
2.104658335178415E-4
2.0983696303687968E-4
2.0921172403723116E-4
2.085900855374415E-4
2.0797201690514052E-4
2.0735748785213103E-4
2.067464684296129E-4
2.061389290234494E-4
2.0553484034953096E-4
2.0493417344920532E-4
2.0433689968479103E-4
2.037429907351636E-4
2.031524185914069E-4
2.0256515555254446E-4
2.0198117422133867E-4
2.01400447500144E-4
2.0082294858686994E-4
2.002486509709407E-4
1.9967752842939046E-4
1.9910955502296917E-4
1.9854470509235222E-4
1.9798295325436908E-4
1.974242743983276E-4
1.9686864368238604E-4
1.9631603652995832E-4
1.9576642862623238E-4
1.9521979591467401E-4
1.9467611459363983E-4
1.9413536111302204E-4
1.9359751217094958E-4
1.930625447105359E-4
1.9253043591667933E-4
1.920011632129217E-4
1.9147470425834312E-4
1.9095103694452702E-4
1.904301393925227E-4
1.8991198994992547E-4
1.8939656718794298E-4
1.8888384989853332E-4
1.8837381709157477E-4
1.878664479921099E-4
1.8736172203757134E-4
1.8685961887511006E-4
1.8636011835893834E-4
1.8586320054770489E-4
1.8536884570192238E-4
1.848770342814393E-4
1.8438774694292233E-4
1.839009645374153E-4
1.8341666810789528E-4
1.8293483888689836E-4
1.824554582941583E-4
1.8197850793429305E-4
1.8150396959451195E-4
1.8103182524237165E-4
1.805620570235645E-4
1.800946472597184E-4
1.796295784462559E-4
1.7916683325026894E-4
1.787063945084266E-4
1.7824824522491643E-4
1.7779236856942077E-4
1.773387478750981E-4
1.768873666366338E-4
1.7643820850827386E-4
1.7599125730193206E-4
1.755464969852756E-4
1.7510391167989121E-4
1.7466348565942216E-4
1.7422520334779546E-4
1.7378904931739577E-4
1.733550082873455E-4
1.7292306512174858E-4
1.7249320482799253E-4
1.7206541255506048E-4
1.7163967359186584E-4
1.7121597336563213E-4
1.7079429744025888E-4
1.7037463151472945E-4
1.6995696142156378E-4
1.6954127312524263E-4
1.6912755272069873E-4
1.6871578643180556E-4
1.6830596060988983E-4
1.6789806173226593E-4
1.6749207640080486E-4
1.6708799134048578E-4
1.6668579339801755E-4
1.6628546954043205E-4
1.6588700685372465E-4
1.6549039254150832E-4
1.650956139236776E-4
1.6470265843510244E-4
1.6431151362432048E-4
1.6392216715228116E-4
1.6353460679106673E-4
1.6314882042265205E-4
1.6276479603769242E-4
1.623825217342853E-4
1.6200198571680698E-4
1.6162317629471272E-4
1.6124608188138213E-4
1.608706909929708E-4
1.6049699224727964E-4
1.6012497436263218E-4
1.5975462615677418E-4
1.5938593654578586E-4
1.5901889454301464E-4
1.5865348925799845E-4
1.582897098954386E-4
1.579275457541441E-4
1.5756698622604412E-4
1.572080207951486E-4
1.568506390365779E-4
1.5649483061556805E-4
1.5614058528651766E-4
1.557878928920136E-4
1.5543674336190866E-4
1.550871267123755E-4
1.5473903304499137E-4
1.543924525458338E-4
1.5404737548457858E-4
1.537037922136231E-4
1.5336169316719934E-4
1.5302106886053355E-4
1.5268190988896685E-4
1.5234420692714063E-4
1.5200795072814946E-4
1.5167313212272092E-4
1.513397420184169E-4
1.5100777139882672E-4
1.506772113227748E-4
1.503480529235462E-4
1.500202874081158E-4
1.4969390605638344E-4
1.4936890022042252E-4
1.490452613237458E-4
1.4872298086056392E-4
1.4840205039506364E-4
1.4808246156069126E-4
1.477642060594535E-4
1.47447275661209E-4
1.4713166220298336E-4
1.468173575882915E-4
1.4650435378646138E-4
1.4619264283197058E-4
1.4588221682378675E-4
1.4557306792472037E-4
1.4526518836079113E-4
1.4495857042057893E-4
1.4465320645461465E-4
1.4434908887475125E-4
1.4404621015355387E-4
1.437445628237039E-4
1.4344413947739464E-4
1.4314493276574225E-4
1.4284693539820932E-4
1.4255014014202656E-4
1.4225453982161874E-4
1.4196012731805332E-4
1.4166689556846713E-4
1.413748375655445E-4
1.4108394635694872E-4
1.40794215044799E-4
1.4050563678514254E-4
1.4021820478741782E-4
1.399319123139494E-4
1.396467526794384E-4
1.3936271925043864E-4
1.3907980544487596E-4
1.387980047315493E-4
1.3851731062962722E-4
1.3823771670818768E-4
1.3795921658572773E-4
1.3768180392969168E-4
1.3740547245601157E-4
1.3713021592863268E-4
1.3685602815907122E-4
1.3658290300596354E-4
1.3631083437460058E-4
1.3603981621651751E-4
1.357698425290311E-4
1.3550090735482524E-4
1.3523300478151723E-4
1.3496612894123834E-4
1.3470027401022284E-4
1.3443543420838403E-4
1.3417160379892174E-4
1.339087770879048E-4
1.336469484238874E-4
1.333861121975011E-4
1.3312626284107905E-4
1.3286739482825698E-4
1.3260950267360609E-4
1.323525809322442E-4
1.3209662419947488E-4
1.3184162711040354E-4
1.3158758433959403E-4
1.3133449060068455E-4
1.3108234064605306E-4
1.3083112926644922E-4
1.3058085129064894E-4
1.3033150158511486E-4
1.3008307505365626E-4
1.2983556663707506E-4
1.2958897131285036E-4
1.2934328409480502E-4
1.2909850003276993E-4
1.2885461421226763E-4
1.2861162175418743E-4
1.2836951781448257E-4
1.2812829758383467E-4
1.2788795628736505E-4
1.2764848918431622E-4
1.2740989156775348E-4
1.271721587642679E-4
1.269352861336661E-4
1.2669926906869235E-4
1.2646410299473607E-4
1.2622978336953355E-4
1.2599630568289395E-4
1.2576366545641096E-4
1.255318582431929E-4
1.2530087962757565E-4
1.2507072522486486E-4
1.248413906810475E-4
1.246128716725405E-4
1.243851639059241E-4
1.2415826311766863E-4
1.239321650738933E-4
1.2370686557009372E-4
1.2348236043090098E-4
1.23258645509821E-4
1.2303571668900064E-4
1.2281356987895527E-4
1.2259220101835778E-4
1.22371606073776E-4
1.2215178103944165E-4
1.2193272193701459E-4
1.217144248153483E-4
1.2149688575025921E-4
1.2128010084429809E-4
1.2106406622652413E-4
1.208487780522795E-4
1.2063423250297003E-4
1.2042042578583773E-4
1.2020735413376075E-4
1.1999501380501431E-4
1.1978340108308247E-4
1.1957251227642446E-4
1.1936234371828216E-4
1.1915289176647002E-4
1.1894415280316008E-4
1.187361232346942E-4
1.1852879949137726E-4
1.1832217802727094E-4
1.1811625532001154E-4
1.1791102787060401E-4
1.1770649220323419E-4
1.175026448650738E-4
1.1729948242609799E-4
1.170970014788957E-4
1.1689519863847653E-4
1.166940705421042E-4
1.1649361384909093E-4
1.1629382524064213E-4
1.16094701419667E-4
1.1589623911059424E-4
1.1569843505921174E-4
1.1550128603248825E-4
1.1530478881839294E-4
1.1510894022574627E-4
1.1491373708402628E-4
1.1471917624322213E-4
1.1452525457366436E-4
1.1433196896585376E-4
1.1413931633031113E-4
1.1394729359740744E-4
1.1375589771720973E-4
1.1356512565932679E-4
1.1337497441274597E-4
1.1318544098568828E-4
1.1299652240544682E-4
1.1280821571824147E-4
1.1262051798906813E-4
1.1243342630154588E-4
1.1224693775777667E-4
1.1206104947819796E-4
1.1187575860143458E-4
1.1169106228415967E-4
1.115069577009526E-4
1.1132344204415679E-4
1.1114051252374333E-4
1.1095816636717121E-4
1.1077640081925617E-4
1.1059521314202406E-4
1.1041460061459495E-4
1.1023456053303146E-4
1.1005509021021936E-4
1.0987618697573615E-4
1.096978481757189E-4
1.0952007117273968E-4
1.0934285334567663E-4
1.0916619208958511E-4
1.0899008481558852E-4
1.0881452895073257E-4
1.0863952193788466E-4
1.0846506123560103E-4
1.08291144318005E-4
1.0811776867468245E-4
1.079449318105464E-4
1.0777263124573305E-4
1.0760086451548313E-4
1.0742962917002484E-4
1.0725892277446492E-4
1.0708874290866914E-4
1.0691908716716308E-4
1.0674995315900653E-4
1.0658133850770071E-4
1.0641324085106571E-4
1.0624565784113653E-4
1.0607858714406729E-4
1.0591202644001231E-4
1.0574597342302154E-4
1.0558042580095602E-4
1.0541538129535951E-4
1.0525083764137358E-4
1.0508679258763393E-4
1.0492324389615968E-4
1.0476018934227544E-4
1.0459762671448989E-4
1.0443555381441625E-4
1.0427396845666815E-4
1.0411286846876069E-4
1.0395225169102186E-4
1.0379211597650201E-4
1.0363245919086875E-4
1.0347327921232145E-4
1.0331457393150228E-4
1.0315634125140044E-4
1.029985790872669E-4
1.0284128536652314E-4
1.0268445802867217E-4
1.0252809502520703E-4
1.0237219431953442E-4
1.0221675388687824E-4
1.0206177171420434E-4
1.0190724580012087E-4
1.0175317415481574E-4
1.0159955479995042E-4
1.0144638576859623E-4
1.0129366510513852E-4
1.0114139086520775E-4
1.0098956111559316E-4
1.0083817393415821E-4
1.00687227409773E-4
1.0053671964222746E-4
1.0038664874215273E-4
1.0023701283095552E-4
1.0008781004072915E-4
9.993903851417893E-5
The correct rate for BP: 100.00% 
