2.1826044828691815
0.952200842832304
1.4798832507563293
0.011881642915461902
0.005335141566051919
0.004648067737258569
0.004209387600203128
0.003852382181820355
0.0035548795924033624
0.0033020567307012762
0.003083613774464156
0.0028924350256369583
0.002723427607419342
0.0025727989778562854
0.002437631621253846
0.0023156246678148994
0.0022049285319504282
0.0021040337203036825
0.002011692953909901
0.0019268648310009533
0.0018486720134489403
0.0017763695443480279
0.001709320430188851
0.0016469765510773275
0.0015888635527044556
0.0015345687615071885
0.001483731426672939
0.0014360347743886037
0.0013911994883873766
0.001348978323576243
0.0013091516274230629
0.0012715235941845064
0.0012359191149329699
0.001202181115115925
0.0011701682934592375
0.0011397531931173696
0.0011108205493134424
0.001083265868202636
0.0010569942000004874
0.0010319190760397284
0.0010079615847295542
9.850495656747126E-4
9.631169046841787E-4
9.421029152299415E-4
9.219517942336769E-4
9.026121419658117E-4
8.840365374164184E-4
8.661811618038999E-4
8.490054639757364E-4
8.324718623649798E-4
8.165454789293423E-4
8.011939011422185E-4
7.863869686473839E-4
7.720965816488815E-4
7.582965284983959E-4
7.449623302751034E-4
7.320711004379346E-4
7.19601417873964E-4
7.075332118761566E-4
6.958476577645373E-4
6.84527082020579E-4
6.735548759397359E-4
6.629154169240849E-4
6.52593996638953E-4
6.425767553461728E-4
6.32850621803975E-4
6.234032581915341E-4
6.142230095754813E-4
6.052988574879569E-4
5.966203772317252E-4
5.881776985684672E-4
5.799614694819384E-4
5.719628227395031E-4
5.64173345003578E-4
5.565850482692021E-4
5.491903434263921E-4
5.419820157653175E-4
5.349532022600543E-4
5.280973704823228E-4
5.214082990105673E-4
5.148800592123141E-4
5.085069982890407E-4
5.02283723482754E-4
4.962050873526471E-4
4.902661740383384E-4
4.8446228643359235E-4
4.787889342009339E-4
4.7324182256367815E-4
4.6781684181732914E-4
4.625100575070792E-4
4.5731770122264836E-4
4.5223616196585475E-4
4.472619780497317E-4
4.4239182949148677E-4
4.376225308646663E-4
4.329510245784585E-4
4.2837437455481634E-4
4.238897602761382E-4
4.194944711785359E-4
4.151859013675296E-4
4.109615446347822E-4
4.0681898975604707E-4
4.0275591605212714E-4
3.987700891957594E-4
3.9485935724874416E-4
3.91021646914799E-4
3.8725495999445146E-4
3.83557370029515E-4
3.7992701912540494E-4
3.763621149403954E-4
3.728609278317214E-4
3.6942178814908824E-4
3.660430836667837E-4
3.627232571462234E-4
3.5946080402125136E-4
3.5625427019907554E-4
3.5310224997016045E-4
3.50003384020845E-4
3.46956357542857E-4
3.439598984342629E-4
3.4101277558672957E-4
3.381137972543586E-4
3.352618094995495E-4
3.3245569471174636E-4
3.296943701950667E-4
3.2697678682113514E-4
3.243019277436495E-4
3.2166880717141467E-4
3.1907646919673865E-4
3.165239866763403E-4
3.1401046016201167E-4
3.115350168785546E-4
3.0909680974643166E-4
3.066950164470578E-4
3.0432883852841503E-4
3.019975005490724E-4
2.9970024925869053E-4
2.974363528131839E-4
2.952051000228697E-4
2.9300579963201614E-4
2.9083777962822863E-4
2.8870038658027644E-4
2.865929850030104E-4
2.8451495674805066E-4
2.8246570041911276E-4
2.804446308107096E-4
2.78451178369256E-4
2.764847886754601E-4
2.745449219470975E-4
2.7263105256117905E-4
2.7074266859465775E-4
2.688792713828914E-4
2.6704037509496574E-4
2.6522550632523614E-4
2.6343420370030787E-4
2.616660175007933E-4
2.5992050929722757E-4
2.5819725159949877E-4
2.5649582751920374E-4
2.548158304444389E-4
2.5315686372642766E-4
2.515185403775228E-4
2.499004827800683E-4
2.4830232240575855E-4
2.467236995449345E-4
2.4516426304549324E-4
2.436236700610053E-4
2.421015858076245E-4
2.405976833294838E-4
2.3911164327221297E-4
2.3764315366422149E-4
2.3619190970550848E-4
2.347576135636391E-4
2.3333997417662448E-4
2.3193870706245427E-4
2.3055353413497948E-4
2.291841835259466E-4
2.27830389412921E-4
2.2649189185286535E-4
2.251684366211857E-4
2.2385977505600443E-4
2.2256566390750418E-4
2.2128586519208778E-4
2.200201460512735E-4
2.187682786150144E-4
2.1753003986944928E-4
2.1630521152872915E-4
2.150935799109489E-4
2.1389493581790928E-4
2.127090744186312E-4
2.115357951364779E-4
2.1037490153973535E-4
2.0922620123555686E-4
2.080895057671255E-4
2.069646305139601E-4
2.0585139459518206E-4
2.0474962077572892E-4
2.0365913537534797E-4
2.0257976818029738E-4
2.0151135235766E-4
2.0045372437217733E-4
1.9940672390552294E-4
1.9837019377792555E-4
1.9734397987207188E-4
1.9632793105918943E-4
1.9532189912727964E-4
1.9432573871138248E-4
1.9333930722583784E-4
1.9236246479845812E-4
1.9139507420656368E-4
1.904370008148174E-4
1.89488112514782E-4
1.885482796661671E-4
1.8761737503972508E-4
1.8669527376167288E-4
1.8578185325967352E-4
1.8487699321030626E-4
1.83980575487919E-4
1.8309248411490004E-4
1.8221260521329643E-4
1.8134082695769516E-4
1.8047703952939626E-4
1.796211350717913E-4
1.787730076469342E-4
1.7793255319322794E-4
1.7709966948426583E-4
1.762742560887178E-4
1.7545621433126627E-4
1.7464544725456175E-4
1.7384185958216702E-4
1.73045357682419E-4
1.722558495332696E-4
1.7147324468797111E-4
1.7069745424167008E-4
1.6992839079882442E-4
1.6916596844144253E-4
1.684101026981352E-4
1.676607105139226E-4
1.6691771022078853E-4
1.6618102150898432E-4
1.6545056539903159E-4
1.647262642144027E-4
1.6400804155487843E-4
1.6329582227055274E-4
1.625895324364749E-4
1.6188909932789248E-4
1.611944513961086E-4
1.6050551824488846E-4
1.5982223060746645E-4
1.5914452032406574E-4
1.584723203199804E-4
1.578055645841543E-4
1.5714418814827364E-4
1.5648812706634262E-4
1.5583731839474276E-4
1.5519170017275422E-4
1.545512114035225E-4
1.5391579203548163E-4
1.5328538294417216E-4
1.526599259145126E-4
1.5203936362344372E-4
1.514236396229931E-4
1.5081269832370708E-4
1.50206484978458E-4
1.4960494566662805E-4
1.4900802727862007E-4
1.4841567750075574E-4
1.4782784480046258E-4
1.4724447841182758E-4
1.4666552832144733E-4
1.4609094525459796E-4
1.4552068066170306E-4
1.4495468670510688E-4
1.4439291624612197E-4
1.4383532283236726E-4
1.4328186068538097E-4
1.4273248468848814E-4
1.4218715037494101E-4
1.41645813916306E-4
1.4110843211110504E-4
1.4057496237368007E-4
1.4004536272332945E-4
1.395195917736207E-4
1.3899760872198536E-4
1.384793733394818E-4
1.3796484596080628E-4
1.374539874744927E-4
1.3694675931332027E-4
1.3644312344492356E-4
1.359430423625972E-4
1.3544647907627128E-4
1.349533971037005E-4
1.3446376046179757E-4
1.339775336581794E-4
1.3349468168286126E-4
1.3301517000012127E-4
1.3253896454052893E-4
1.3206603169314495E-4
1.315963382978614E-4
1.3112985163789623E-4
1.306665394324511E-4
1.3020636982950215E-4
1.297493113987205E-4
1.2929533312457003E-4
1.288444043994994E-4
1.2839649501728855E-4
1.2795157516652656E-4
1.27509615424198E-4
1.2707058674942334E-4
1.2663446047728134E-4
1.2620120831278195E-4
1.257708023249468E-4
1.253432149409901E-4
1.249184189406288E-4
1.2449638745048002E-4
1.2407709393859215E-4
1.2366051220904915E-4
1.2324661639668947E-4
1.228353809619437E-4
1.2242678068572006E-4
1.2202079066444392E-4
1.2161738630514129E-4
1.2121654332063342E-4
1.2081823772482714E-4
1.2042244582808388E-4
1.2002914423266532E-4
1.1963830982827333E-4
1.192499197876707E-4
1.188639515623826E-4
1.184803828784614E-4
1.1809919173235046E-4
1.1772035638680097E-4
1.1734385536689304E-4
1.1696966745607119E-4
1.1659777169232833E-4
1.1622814736438125E-4
1.158607740079773E-4
1.1549563140221245E-4
1.1513269956596452E-4
1.1477195875434634E-4
1.1441338945524705E-4
1.1405697238592966E-4
1.1370268848968129E-4
1.1335051893251891E-4
1.1300044509997457E-4
1.126524485939051E-4
1.1230651122937969E-4
1.1196261503161511E-4
1.1162074223295249E-4
1.1128087526990304E-4
1.1094299678024536E-4
1.106070896001342E-4
1.1027313676132135E-4
1.0994112148836819E-4
1.0961102719592722E-4
1.0928283748608226E-4
1.0895653614570168E-4
1.0863210714387377E-4
1.0830953462934498E-4
1.0798880292803634E-4
1.0766989654057113E-4
1.0735280013988135E-4
1.0703749856879848E-4
1.0672397683774065E-4
1.0641222012240797E-4
1.0610221376151085E-4
1.0579394325455408E-4
1.0548739425964877E-4
1.0518255259134982E-4
1.0487940421854557E-4
1.0457793526237303E-4
1.04278131994165E-4
1.0397998083343421E-4
1.03683468345887E-4
1.0338858124146804E-4
1.0309530637244034E-4
1.028036307314979E-4
1.0251354144989173E-4
1.0222502579561256E-4
1.0193807117157137E-4
1.0165266511383882E-4
1.0136879528989272E-4
1.0108644949689333E-4
1.0080561565999604E-4
1.0052628183068708E-4
1.002484361851359E-4
9.99720670225798E-5
The correct rate for BP: 100.00% 
