2.1195871399546986
1.5342579122318536
1.6944251758145845
0.6683767882439995
0.06774163453427097
0.03771153611121491
0.02257735784109528
0.017475184476070105
0.01462075932640796
0.01255224348772785
0.01093796629973633
0.00965558350240406
0.008621446051062609
0.007773599157690319
0.0070675182663169364
0.006471327234771895
0.005961863947097694
0.005521958034709029
0.005138631047765536
0.004801900708937349
0.004503970224686464
0.0042386661696718715
0.004001040538760698
0.0037870837544780227
0.0035935142510282124
0.003417621900616846
0.0032571499322964818
0.0031102047859100598
0.002975186518191471
0.0028507345196503017
0.0027356847696157023
0.002629035879365646
0.0025299218950563733
0.0024375903481848914
0.002351384414607795
0.0022707283161623694
0.0021951153006835537
0.0021240976867258725
0.0020572785726099526
0.0019943048954393244
0.0019348615915685233
0.0018786666607664621
0.0018254669757407148
0.0017750347095085246
0.0017271642773511963
0.0016816697092846232
0.0016383823842639972
0.0015971490695761107
0.0015578302187205034
0.0015202984890447893
0.0014844374468721594
0.0014501404331424862
0.0014173095669214393
0.0013858548676986145
0.0013556934803453033
0.0013267489890490787
0.0012989508085813942
0.001272233642957857
0.0012465370029802634
0.0012218047753520564
0.0011979848370740891
0.001175028709687661
0.0011528912486614515
0.0011315303638412882
0.00111090676741259
0.0010909837462800653
0.001071726956159954
0.001053104235015782
0.0010350854337588698
0.0010176422623852132
0.0010007481499379287
9.843781168728954E-4
9.685086585696701E-4
9.531176388730734E-4
9.381841926758667E-4
9.236886366628235E-4
9.0961238743253E-4
8.959378862979125E-4
8.826485301409523E-4
8.697286077625645E-4
8.571632412268929E-4
8.449383317503983E-4
8.330405097317454E-4
8.214570885588914E-4
8.101760218656726E-4
7.991858639422376E-4
7.884757330321493E-4
7.780352772744667E-4
7.678546430719488E-4
7.579244456868281E-4
7.482357418840392E-4
7.387800044579833E-4
7.295490984939947E-4
7.205352592285512E-4
7.117310713846661E-4
7.03129449869337E-4
6.947236217299345E-4
6.865071092750629E-4
6.784737142735142E-4
6.706175031521301E-4
6.629327931198686E-4
6.554141391515371E-4
6.48056321769801E-4
6.408543355692004E-4
6.338033784303014E-4
6.268988413762687E-4
6.20136299027725E-4
6.135115006153929E-4
6.070203615128945E-4
6.006589552551527E-4
5.944235060102185E-4
5.883103814749646E-4
5.823160861671303E-4
5.764372550881605E-4
5.706706477334252E-4
5.650131424276975E-4
5.594617309656146E-4
5.540135135382872E-4
5.48665693928273E-4
5.434155749567398E-4
5.382605541674302E-4
5.331981197333549E-4
5.282258465728526E-4
5.233413926627077E-4
5.185424955369013E-4
5.13826968960051E-4
5.091926997656271E-4
5.046376448494421E-4
5.00159828309738E-4
4.957573387254753E-4
4.914283265652502E-4
4.871710017195352E-4
4.8298363114953696E-4
4.788645366462365E-4
4.7481209269372067E-4
4.708247244311671E-4
4.6690090570827185E-4
4.630391572291236E-4
4.592380447799087E-4
4.554961775360791E-4
4.518122064448844E-4
4.4818482267937505E-4
4.446127561602161E-4
4.4109477414193535E-4
4.376296798603225E-4
4.342163112379154E-4
4.308535396447324E-4
4.275402687115024E-4
4.2427543319284813E-4
4.210579978779259E-4
4.178869565463834E-4
4.1476133096725424E-4
4.116801699389613E-4
4.0864254836829356E-4
4.0564756638667625E-4
4.0269434850188733E-4
3.9978204278365287E-4
3.9690982008148685E-4
3.9407687327337255E-4
3.9128241654383985E-4
3.885256846901033E-4
3.8580593245502153E-4
3.831224338856854E-4
3.804744817164706E-4
3.778613867755008E-4
3.752824774134858E-4
3.727370989539625E-4
3.7022461316398665E-4
3.6774439774446067E-4
3.652958458391837E-4
3.6287836556186666E-4
3.6049137954035694E-4
3.5813432447732616E-4
3.55806650726739E-4
3.535078218854962E-4
3.512373143995135E-4
3.489946171837863E-4
3.467792312557308E-4
3.4459066938139307E-4
3.424284557338779E-4
3.4029212556362315E-4
3.381812248799615E-4
3.3609531014356964E-4
3.340339479693536E-4
3.319967148393659E-4
3.2998319682538233E-4
3.2799298932070835E-4
3.260256967809334E-4
3.240809324732235E-4
3.221583182338731E-4
3.202574842337627E-4
3.1837806875146716E-4
3.1651971795368866E-4
3.1468208568273233E-4
3.128648332508539E-4
3.110676292410667E-4
3.092901493143282E-4
3.075320760227819E-4
3.057930986288338E-4
3.0407291292990876E-4
3.0237122108862284E-4
3.0068773146820567E-4
2.9902215847298996E-4
2.9737422239376756E-4
2.957436492578462E-4
2.9413017068366477E-4
2.9253352373977056E-4
2.909534508080344E-4
2.893896994509418E-4
2.878420222828334E-4
2.863101768449274E-4
2.847939254840518E-4
2.832930352348955E-4
2.8180727770570155E-4
2.8033642896727626E-4
2.788802694451926E-4
2.774385838151067E-4
2.7601116090104E-4
2.7459779357658174E-4
2.731982786688667E-4
2.718124168652934E-4
2.704400126228091E-4
2.6908087407979215E-4
2.6773481297031953E-4
2.664016445408623E-4
2.6508118746923736E-4
2.6377326378582703E-4
2.6247769879688115E-4
2.6119432100999573E-4
2.5992296206152067E-4
2.5866345664598807E-4
2.5741564244739876E-4
2.5617936007237035E-4
2.54954452985031E-4
2.537407674436849E-4
2.525381524390888E-4
2.513464596344072E-4
2.5016554330670415E-4
2.48995260289964E-4
2.478354699195992E-4
2.466860339783765E-4
2.4554681664374706E-4
2.444176844365272E-4
2.4329850617086325E-4
2.4218915290550084E-4
2.4108949789626132E-4
2.3999941654973087E-4
2.389187863780982E-4
2.3784748695512367E-4
2.3678539987322662E-4
2.3573240870158676E-4
2.3468839894534254E-4
2.33653258005728E-4
2.3262687514124394E-4
2.3160914142972836E-4
2.305999497313898E-4
2.295991946526901E-4
2.2860677251114372E-4
2.2762258130093073E-4
2.2664652065933357E-4
2.2567849183400477E-4
2.247183976509618E-4
2.2376614248338005E-4
2.2282163222109584E-4
2.2188477424084864E-4
2.2095547737718553E-4
2.2003365189407413E-4
2.191192094571496E-4
2.1821206310663365E-4
2.1731212723083098E-4
2.1641931754028422E-4
2.1553355104247628E-4
2.1465474601713855E-4
2.1378282199210723E-4
2.129176997197132E-4
2.1205930115372816E-4
2.1120754942681558E-4
2.103623688284739E-4
2.0952368478349202E-4
2.0869142383086997E-4
2.0786551360320562E-4
2.0704588280653495E-4
2.062324612006312E-4
2.0542517957971028E-4
2.0462396975356613E-4
2.0382876452912474E-4
2.030394976923873E-4
2.0225610399076066E-4
2.0147851911577562E-4
2.0070667968617297E-4
1.99940523231347E-4
1.9917998817514478E-4
1.9842501382000039E-4
1.976755403314174E-4
1.9693150872277047E-4
1.961928608404236E-4
1.9545953934916335E-4
1.9473148771793577E-4
1.9400865020587212E-4
1.93290971848621E-4
1.925783984449348E-4
1.918708765435557E-4
1.9116835343037332E-4
1.904707771158111E-4
1.8977809632250765E-4
1.8909026047322775E-4
1.8840721967902245E-4
1.8772892472761833E-4
1.870553270720643E-4
1.8638637881958003E-4
1.8572203272063516E-4
1.8506224215825086E-4
1.8440696113751346E-4
1.8375614427527769E-4
1.8310974679010454E-4
1.8246772449236553E-4
1.8183003377455546E-4
1.811966316018046E-4
1.8056747550254367E-4
1.7994252355937299E-4
1.7932173440012668E-4
1.7870506718905584E-4
1.7809248161822875E-4
1.774839378990747E-4
1.7687939675408728E-4
1.7627881940870713E-4
1.7568216758332244E-4
1.7508940348545467E-4
1.745004898020729E-4
1.7391538969204926E-4
1.7333406677878688E-4
1.7275648514293706E-4
1.7218260931528464E-4
1.7161240426977336E-4
1.7104583541661846E-4
1.704828685955949E-4
1.6992347006941524E-4
1.6936760651724864E-4
1.6881524502833915E-4
1.6826635309576387E-4
1.677208986102807E-4
1.6717884985430767E-4
1.666401754960072E-4
1.6610484458345326E-4
1.6557282653893292E-4
1.6504409115335037E-4
1.645186085806997E-4
1.6399634933267237E-4
1.6347728427333212E-4
1.629613846139055E-4
1.6244862190764245E-4
1.6193896804480017E-4
1.6143239524767225E-4
1.609288760657491E-4
1.6042838337091878E-4
1.5993089035278813E-4
1.5943637051407184E-4
1.5894479766604696E-4
1.5845614592412035E-4
1.579703897034204E-4
1.5748750371452145E-4
1.5700746295920894E-4
1.5653024272631024E-4
1.5605581858762482E-4
1.5558416639390113E-4
1.5511526227087716E-4
1.546490826154184E-4
1.5418560409168687E-4
1.5372480362739523E-4
1.532666584101141E-4
1.5281114588363914E-4
1.5235824374443404E-4
1.5190792993810922E-4
1.5146018265599028E-4
1.5101498033169388E-4
1.505723016378238E-4
1.5013212548266094E-4
1.4969443100695576E-4
1.492591975807306E-4
1.4882640480017321E-4
1.483960324845511E-4
1.4796806067319287E-4
1.475424696225143E-4
1.4711923980308323E-4
1.4669835189675212E-4
1.4627978679380556E-4
1.458635255901923E-4
1.454495495847659E-4
1.4503784027659154E-4
1.4462837936228272E-4
1.4422114873339457E-4
1.4381613047383454E-4
1.4341330685735054E-4
1.4301266034501113E-4
1.426141735827693E-4
1.422178293990443E-4
1.418236108023294E-4
1.4143150097886437E-4
1.410414832903264E-4
1.4065354127155053E-4
1.4026765862830835E-4
1.3988381923509896E-4
1.3950200713298632E-4
1.3912220652745897E-4
1.3874440178633974E-4
1.3836857743770474E-4
1.379947181678591E-4
1.3762280881931318E-4
1.3725283438882426E-4
1.3688478002543765E-4
1.3651863102857683E-4
1.3615437284614457E-4
1.357919910726779E-4
1.354314714475026E-4
1.350727998529381E-4
1.3471596231250636E-4
1.343609449891969E-4
1.3400773418372736E-4
1.3365631633284445E-4
1.3330667800765634E-4
1.3295880591198035E-4
1.3261268688070392E-4
1.3226830787819587E-4
1.3192565599672775E-4
1.315847184548944E-4
1.312454825961191E-4
1.3090793588710445E-4
1.3057206591636126E-4
1.3023786039274564E-4
1.2990530714398826E-4
1.2957439411529373E-4
1.292451093679169E-4
1.2891744107778862E-4
1.2859137753413815E-4
1.2826690713815738E-4
1.2794401840166713E-4
1.2762269994580399E-4
1.2730294049973943E-4
1.2698472889940087E-4
1.2666805408622275E-4
1.263529051058977E-4
1.2603927110717416E-4
1.2572714134063715E-4
1.2541650515753857E-4
1.251073520086073E-4
1.2479967144291774E-4
1.244934531067433E-4
1.2418868674242702E-4
1.23885362187288E-4
1.2358346937252734E-4
1.232829983221422E-4
1.2298393915188005E-4
1.226862820681813E-4
1.2239001736714895E-4
1.2209513543353411E-4
1.218016267397222E-4
1.2150948184475884E-4
1.2121869139334811E-4
1.2092924611490621E-4
1.2064113682260899E-4
1.2035435441244098E-4
1.2006888986228044E-4
1.1978473423098236E-4
1.195018786574752E-4
1.192203143598646E-4
1.1894003263457684E-4
1.1866102485546615E-4
1.1838328247297617E-4
1.1810679701329275E-4
1.1783156007750379E-4
1.1755756334079563E-4
1.1728479855161784E-4
1.1701325753090609E-4
1.1674293217127576E-4
1.1647381443624895E-4
1.1620589635948244E-4
1.159391700440151E-4
1.1567362766150966E-4
1.1540926145151595E-4
1.1514606372073897E-4
1.1488402684232093E-4
1.1462314325512729E-4
1.1436340546304323E-4
1.141048060342757E-4
1.1384733760068507E-4
1.1359099285708482E-4
1.1333576456059311E-4
1.1308164552996149E-4
1.1282862864493287E-4
1.1257670684558766E-4
1.1232587313172615E-4
1.120761205622193E-4
1.1182744225441448E-4
1.1157983138350246E-4
1.1133328118192639E-4
1.1108778493878327E-4
1.1084333599923266E-4
1.1059992776392069E-4
1.1035755368839902E-4
1.1011620728256492E-4
1.0987588211009517E-4
1.0963657178789567E-4
1.0939826998555388E-4
1.0916097042480333E-4
1.0892466687898582E-4
1.086893531725274E-4
1.0845502318041378E-4
1.0822167082768108E-4
1.0798929008890967E-4
1.0775787498771551E-4
1.0752741959626323E-4
1.0729791803477147E-4
1.0706936447102975E-4
1.0684175311992126E-4
1.0661507824295444E-4
1.0638933414778481E-4
1.0616451518777312E-4
1.059406157615155E-4
1.0571763031239193E-4
1.0549555332813393E-4
1.0527437934037477E-4
1.0505410292422623E-4
1.0483471869783149E-4
1.046162213219639E-4
1.0439860549958572E-4
1.0418186597544967E-4
1.0396599753568822E-4
1.037509950074008E-4
1.03536853258261E-4
1.0332356719612E-4
1.0311113176861254E-4
1.0289954196278026E-4
1.0268879280468146E-4
1.024788793590114E-4
1.0226979672874375E-4
1.02061540054751E-4
1.0185410451543593E-4
1.0164748532639002E-4
1.0144167774001716E-4
1.0123667704519465E-4
1.0103247856691509E-4
1.0082907766596229E-4
1.0062646973854337E-4
1.0042465021597802E-4
1.0022361456434697E-4
1.0002335828417749E-4
9.982387691011468E-5
The correct rate for BP: 100.00% 
