2.6917291775379963
2.499951519460908
2.4999651928452464
2.4999664126690178
2.4999663239740517
2.499966060818765
2.4999657698903506
2.499965470663303
2.499965165625657
2.499964854982554
2.499964538627994
2.499964216409251
2.4999638881621253
2.499963553715438
2.4999632128913656
2.499962865505217
2.4999625113651103
2.499962150271623
2.4999617820174187
2.499961406386854
2.499961023155554
2.4999606320899748
2.4999602329469277
2.4999598254730784
2.499959409404414
2.4999589844656773
2.4999585503697648
2.4999581068170826
2.499957653494864
2.499957190076441
2.4999567162204643
2.4999562315700765
2.4999557357520206
2.4999552283756943
2.499954709032135
2.4999541772929312
2.4999536327090612
2.499953074809642
2.4999525031005905
2.4999519170631848
2.4999513161525124
2.499950699795814
2.4999500673906825
2.499949418303135
2.499948751865528
2.4999480673743033
2.4999473640875602
2.4999466412224183
2.499945897952169
2.499945133403183
2.4999443466515565
2.499943536719467
2.499942702571206
2.499941843108863
2.499940957167617
2.4999400435106
2.4999391008232785
2.499938127707307
2.4999371226737943
2.49993608413591
2.4999350104007663
2.499933899660477
2.499932749982311
2.499931559297818
2.499930325390812
2.49992904588406
2.499927718224523
2.499926339666951
2.499924907255627
2.4999234178040073
2.499921867871969
2.499920253740344
2.499918571382346
2.4999168164314423
2.4999149841451653
2.499913069364233
2.4999110664662756
2.499908969313321
2.4999067711920517
2.499904464745638
2.499902041895766
2.499899493753171
2.4998968105146773
2.499893981344338
2.4998909942357592
2.4998878358520775
2.4998844913392895
2.4998809441076766
2.499877175574835
2.4998731648623163
2.499868888435919
2.4998643196771853
2.4998594283704536
2.499854180085656
2.4998485354316045
2.499842449147379
2.499835868989934
2.4998287343633248
2.499820974617835
2.4998125069238757
2.499803233593312
2.4997930386759823
2.499781783595888
2.499769301501185
2.499755389871354
2.499739800732882
2.499722227548175
2.499702287407246
2.4996794964782953
2.499653235609414
2.4996227012540864
2.499586834042815
2.499544212463491
2.499492890562099
2.499430142982355
2.499352051046936
2.4992528046266993
2.4991234705545353
2.4989497000127407
2.4987071712644897
2.4983517533481208
2.497795881134114
2.496842932314898
2.4949619068962123
2.4901926999563186
2.4679721257832297
1.230057069977439
0.11965392895142202
0.002890858625358634
2.8613056713076552E-5
The correct rate for BP: 100.00% 
