2.360188626824121
0.49434722287817373
1.7476304682887556
0.0293277496864149
0.03582064773743657
0.006496447579656764
0.004791863541945517
0.004287621534467376
0.00395708295717956
0.0036842882530186347
0.0034464357405139586
0.0032357763033160868
0.003047787615210213
0.002879076252955494
0.0027269077513758116
0.002589032904460946
0.0024635838225605324
0.0023489979120377793
0.0022439592268953777
0.0021473525297422565
0.0020582270275293847
0.001975767552319579
0.0018992715059517416
0.0018281302932356713
0.0017618142722478497
0.0016998604782787656
0.0016418625492961747
0.0015874624099665186
0.001536343369141944
0.0014882243602706135
0.0014428551113130083
0.0014000120747861226
0.001359494982716265
0.0013211239179364471
0.0012847368140874319
0.001250187313200398
0.0012173429228528546
0.0011860834253566068
0.0011562994998345019
0.001127891524813987
0.00110076853445145
0.0010748473059669183
0.0010500515595189721
0.0010263112547470145
0.0010035619706790688
9.817443577479542E-4
9.608036523578178E-4
9.40689245859652E-4
9.213543009793247E-4
9.02755409737193E-4
8.848522877362289E-4
8.676075004039733E-4
8.509862173736353E-4
8.349559917001029E-4
8.194865610410928E-4
8.04549668305707E-4
7.901188995908566E-4
7.761695374998164E-4
7.626784281728171E-4
7.496238605629812E-4
7.369854566670272E-4
7.247440715728615E-4
7.128817023187842E-4
7.01381404674774E-4
6.902272170571063E-4
6.794040908757743E-4
6.68897826691468E-4
6.586950156269025E-4
6.48782985536616E-4
6.39149751492274E-4
6.297839701867119E-4
6.206748979010368E-4
6.118123517154135E-4
6.031866736762925E-4
5.947886976616652E-4
5.866097187110372E-4
5.78641464609828E-4
5.708760695379053E-4
5.633060496101172E-4
5.559242801527983E-4
5.487239745748426E-4
5.416986647047499E-4
5.348421824768074E-4
5.281486428600851E-4
5.216124279333565E-4
5.152281720174512E-4
5.089907477844773E-4
5.028952532700148E-4
4.969369997208765E-4
4.911115002166197E-4
4.854144590081317E-4
4.79841761521362E-4
4.743894649784281E-4
4.690537895923197E-4
4.638311102947373E-4
4.587179489600159E-4
4.537109670908787E-4
4.4880695893445175E-4
4.440028449993936E-4
4.3929566594732276E-4
4.346825768335446E-4
4.301608416741843E-4
4.257278283184224E-4
4.213810036060457E-4
4.171179287920685E-4
4.129362552215084E-4
4.0883372023848804E-4
4.048081433150723E-4
4.0085742238628764E-4
3.969795303785963E-4
3.931725119201534E-4
3.8943448022177947E-4
3.8576361411853555E-4
3.8215815526229874E-4
3.786164054565127E-4
3.7513672412479234E-4
3.7171752590559493E-4
3.683572783658289E-4
3.6505449982648317E-4
3.6180775729407924E-4
3.586156644918928E-4
3.5547687998552593E-4
3.523901053974752E-4
3.4935408370592865E-4
3.4636759762318725E-4
3.434294680493624E-4
3.405385525973848E-4
3.3769374418551965E-4
3.348939696937532E-4
3.321381886808273E-4
3.2942539215866323E-4
3.267546014212542E-4
3.2412486692525507E-4
3.2153526721957564E-4
3.1898490792156163E-4
3.1647292073739495E-4
3.1399846252452325E-4
3.1156071439400197E-4
3.091588808508581E-4
3.067921889705335E-4
3.0445988760972246E-4
3.0216124664992814E-4
2.998955562721508E-4
2.976621262612611E-4
2.9546028533863384E-4
2.932893805217272E-4
2.911487765093428E-4
2.8903785509138156E-4
2.8695601458199034E-4
2.8490266927497205E-4
2.8287724892052044E-4
2.8087919822226303E-4
2.7890797635370806E-4
2.769630564932755E-4
2.750439253770341E-4
2.7315008286836614E-4
2.712810415438844E-4
2.694363262948164E-4
2.676154739432087E-4
2.658180328723739E-4
2.640435626708594E-4
2.622916337894906E-4
2.605618272108151E-4
2.5885373413052555E-4
2.5716695565031146E-4
2.5550110248164713E-4
2.538557946601567E-4
2.522306612699831E-4
2.506253401778815E-4
2.4903947777656636E-4
2.474727287369794E-4
2.4592475576908296E-4
2.4439522939088135E-4
2.4288382770528989E-4
2.4139023618462678E-4
2.399141474623238E-4
2.3845526113165834E-4
2.3701328355120102E-4
2.3558792765669876E-4
2.3417891277920103E-4
2.3278596446914596E-4
2.3140881432618011E-4
2.300471998345328E-4
2.287008642037037E-4
2.2736955621425242E-4
2.2605303006856205E-4
2.247510452463175E-4
2.2346336636457417E-4
2.2218976304223318E-4
2.2093000976876616E-4
2.1968388577703031E-4
2.1845117492002664E-4
2.1723166555147504E-4
2.1602515041003502E-4
2.148314265070865E-4
2.1365029501791091E-4
2.124815611761826E-4
2.1132503417160844E-4
2.1018052705065683E-4
2.090478566202476E-4
2.079268433542856E-4
2.0681731130296784E-4
2.0571908800475874E-4
2.0463200440092307E-4
2.0355589475256545E-4
2.0249059656006428E-4
2.0143595048484114E-4
2.0039180027335563E-4
1.993579926832869E-4
1.983343774118308E-4
1.973208070259839E-4
1.9631713689482653E-4
1.9532322512370374E-4
1.9433893249022524E-4
1.9336412238207392E-4
1.9239866073649613E-4
1.9144241598150093E-4
1.9049525897864495E-4
1.8955706296738852E-4
1.886277035109597E-4
1.8770705844369564E-4
1.867950078198008E-4
1.858914338634489E-4
1.849962209202805E-4
1.8410925541012053E-4
1.8323042578100062E-4
1.823596224643743E-4
1.8149673783150397E-4
1.8064166615099203E-4
1.7979430354742655E-4
1.789545479610856E-4
1.781222991086837E-4
1.7729745844515316E-4
1.7647992912635374E-4
1.7566961597278814E-4
1.7486642543418937E-4
1.7407026555505293E-4
1.7328104594098678E-4
1.7249867772594873E-4
1.7172307354026712E-4
1.7095414747949367E-4
1.7019181507398973E-4
1.6943599325928405E-4
1.6868660034717145E-4
1.6794355599748743E-4
1.672067811905889E-4
1.6647619820051507E-4
1.6575173056877253E-4
1.6503330307876906E-4
1.643208417308576E-4
1.636142737179717E-4
1.629135274018487E-4
1.6221853228981316E-4
1.6152921901211218E-4
1.6084551929977978E-4
1.6016736596301557E-4
1.59494692870092E-4
1.5882743492672146E-4
1.5816552805592238E-4
1.5750890917834616E-4
1.5685751619305143E-4
1.562112879587285E-4
1.5557016427534637E-4
1.5493408586621246E-4
1.5430299436045464E-4
1.5367683227588335E-4
1.530555430022473E-4
1.5243907078486504E-4
1.5182736070861981E-4
1.512203586823102E-4
1.5061801142334576E-4
1.5002026644280885E-4
1.4942707203077551E-4
1.488383772420445E-4
1.482541318821268E-4
1.476742864935427E-4
1.470987923424347E-4
1.4652760140545812E-4
1.4596066635695504E-4
1.4539794055641554E-4
1.448393780361807E-4
1.4428493348944357E-4
1.4373456225847601E-4
1.4318822032311648E-4
1.426458642895075E-4
1.421074513790539E-4
1.415729394176285E-4
1.4104228682499265E-4
1.4051545260444076E-4
1.3999239633266997E-4
1.3947307814983506E-4
1.3895745874983528E-4
1.3844549937077393E-4
1.379371617856493E-4
1.3743240829320106E-4
1.369312017089569E-4
1.3643350535645358E-4
1.3593928305866165E-4
1.354484991295502E-4
1.349611183658299E-4
1.3447710603887075E-4
1.3399642788678977E-4
1.335190501066508E-4
1.3304493934688448E-4
1.3257406269979658E-4
1.32106387694269E-4
1.316418822885791E-4
1.311805148633614E-4
1.3072225421472525E-4
1.30267069547485E-4
1.298149304685262E-4
1.2936580698030435E-4
1.2891966947447829E-4
1.2847648872564116E-4
1.2803623588519331E-4
1.2759888247532218E-4
1.2716440038309813E-4
1.2673276185468568E-4
1.263039394896579E-4
1.258779062354218E-4
1.2545463538175274E-4
1.250341005554209E-4
1.2461627571493127E-4
1.242011351453431E-4
1.2378865345320485E-4
1.2337880556157605E-4
1.2297156670513417E-4
1.2256691242537563E-4
1.221648185659171E-4
1.2176526126785781E-4
1.2136821696525266E-4
1.2097366238064574E-4
1.205815745206974E-4
1.201919306718956E-4
1.19804708396321E-4
1.1941988552751797E-4
1.190374401664149E-4
1.1865735067733416E-4
1.1827959568406118E-4
1.1790415406599782E-4
1.1753100495435641E-4
1.1716012772846279E-4
1.1679150201208468E-4
1.1642510766984637E-4
1.1606092480369673E-4
1.1569893374944853E-4
1.1533911507336856E-4
1.149814495688336E-4
1.1462591825303387E-4
1.1427250236374901E-4
1.1392118335616529E-4
1.1357194289976079E-4
1.1322476287522764E-4
1.1287962537146308E-4
1.1253651268259524E-4
1.1219540730508039E-4
1.1185629193482968E-4
1.1151914946439163E-4
1.1118396298018645E-4
1.1085071575978186E-4
1.1051939126921012E-4
1.1018997316034621E-4
1.0986244526830747E-4
1.095367916089111E-4
1.0921299637617784E-4
1.0889104393985485E-4
1.0857091884301293E-4
1.0825260579964148E-4
1.0793608969232516E-4
1.0762135556992914E-4
1.073083886453338E-4
1.0699717429319982E-4
1.0668769804778855E-4
1.0637994560078205E-4
1.0607390279917647E-4
1.0576955564318275E-4
1.0546689028417811E-4
1.0516589302267312E-4
1.0486655030632294E-4
1.0456884872797495E-4
1.0427277502373189E-4
1.039783160710651E-4
1.0368545888692976E-4
1.0339419062594041E-4
1.0310449857855672E-4
1.028163701693008E-4
1.0252979295500863E-4
1.022447546230997E-4
1.0196124298987629E-4
1.0167924599885676E-4
1.0139875171912448E-4
1.0111974834370991E-4
1.0084222418798536E-4
1.0056616768810032E-4
1.0029156739943917E-4
1.0001841199507867E-4
9.974669026430768E-5
The correct rate for BP: 100.00% 
