2.5786030220833704
1.62332252836414
0.8070338081467427
0.007515218419804952
0.006594880885478223
0.005424539052109336
0.004523967786686863
0.004014155652946356
0.003677920780757287
0.003421734620828917
0.003210034646873576
0.003027576609014292
0.0028666454290218564
0.0027226944954505633
0.0025927095887160385
0.002474518473603153
0.0023664636902100706
0.0022672302307064616
0.0021757460486013843
0.0020911199638817294
0.00201260033137739
0.0019395460621229048
0.0018714054504411137
0.001807700194505235
0.0017480130254363914
0.0016919779352476082
0.0016392723322671615
0.0015896106607999633
0.0015427391551422684
0.0014984314866845873
0.0014564851236538417
0.001416718265966795
0.0013789672487042408
0.0013430843306301878
0.001308935801405802
0.0012764003542965756
0.0012453676813421687
0.0012157372559177054
0.0011874172739067498
0.001160323729723249
0.0011343796074532936
0.0011095141706518297
0.0010856623369896094
0.0010627641261254312
0.0010407641709739236
0.0010196112840260782
9.992580716158318E-4
9.79660590058624E-4
9.607780384536344E-4
9.42572483670293E-4
9.250086136550707E-4
9.080535157163864E-4
8.916764768889427E-4
8.758488038570597E-4
8.605436602402644E-4
8.457359193216771E-4
8.314020305384566E-4
8.175198982594342E-4
8.040687715525567E-4
7.91029143799235E-4
7.783826611460921E-4
7.661120389012781E-4
7.542009850839179E-4
7.426341304239913E-4
7.313969641877757E-4
7.204757752719499E-4
7.09857598069471E-4
6.995301626632769E-4
6.894818489500167E-4
6.797016443375958E-4
6.701791046964663E-4
6.609043182768592E-4
6.518678723330759E-4
6.430608222211867E-4
6.344746627592722E-4
6.261013016597968E-4
6.179330348614226E-4
6.09962523604213E-4
6.021827731062276E-4
5.94587112712893E-4
5.871691774019664E-4
5.799228905375857E-4
5.728424477761787E-4
5.65922302035691E-4
5.59157149447206E-4
5.525419162149886E-4
5.460717463172906E-4
5.397419899858921E-4
5.335481929076129E-4
5.274860860956264E-4
5.215515763826986E-4
5.157407374922725E-4
5.100498016470346E-4
5.044751516775145E-4
4.99013313596466E-4
4.936609496072581E-4
4.884148515170608E-4
4.832719345277812E-4
4.782292313797257E-4
4.732838868249359E-4
4.6843315240872624E-4
4.636743815396213E-4
4.5900502482927645E-4
4.5442262568537494E-4
4.499248161415492E-4
4.455093129097185E-4
4.4117391364109274E-4
4.369164933830802E-4
4.3273500122034637E-4
4.286274570888532E-4
4.2459194875267727E-4
4.206266289339761E-4
4.167297125871107E-4
4.1289947430863934E-4
4.0913424587523485E-4
4.0543241390238427E-4
4.0179241761688367E-4
3.982127467368216E-4
3.946919394530203E-4
3.912285805063325E-4
3.878212993555711E-4
3.844687684310446E-4
3.8116970146918634E-4
3.779228519238397E-4
3.7472701145013505E-4
3.715810084571796E-4
3.6848370672589576E-4
3.654340040886034E-4
3.6243083116723135E-4
3.594731501670611E-4
3.5655995372324485E-4
3.536902637973811E-4
3.508631306216767E-4
3.480776316882759E-4
3.4533287078155695E-4
3.4262797705128447E-4
3.39962104124589E-4
3.373344292549151E-4
3.34744152506181E-4
3.321904959704145E-4
3.2967270301731134E-4
3.2719003757417596E-4
3.2474178343490194E-4
3.2232724359649515E-4
3.1994573962204365E-4
3.175966110287407E-4
3.152792146999711E-4
3.1299292432024773E-4
3.107371298320576E-4
3.0851123691358015E-4
3.0631466647637736E-4
3.0414685418213104E-4
3.020072499776778E-4
2.9989531764742784E-4
2.9781053438251255E-4
2.957523903658663E-4
2.937203883726043E-4
2.917140433850219E-4
2.8973288222161446E-4
2.877764431795059E-4
2.8584427568973113E-4
2.839359399848448E-4
2.8205100677833436E-4
2.801890569553858E-4
2.7834968127446203E-4
2.765324800793478E-4
2.747370630211693E-4
2.7296304879000744E-4
2.712100648557491E-4
2.6947774721775437E-4
2.677657401630378E-4
2.660736960326086E-4
2.6440127499565075E-4
2.627481448312556E-4
2.611139807173751E-4
2.594984650267803E-4
2.5790128712967686E-4
2.563221432028087E-4
2.547607360447378E-4
2.5321677489709995E-4
2.516899752716238E-4
2.501800587826412E-4
2.4868675298497084E-4
2.4720979121690425E-4
2.457489124481267E-4
2.443038611324312E-4
2.4287438706500303E-4
2.4146024524412962E-4
2.400611957371469E-4
2.386770035505696E-4
2.3730743850411962E-4
2.3595227510859944E-4
2.346112924474726E-4
2.3328427406198583E-4
2.3197100783975042E-4
2.3067128590661138E-4
2.2938490452174967E-4
2.2811166397585964E-4
2.2685136849232433E-4
2.2560382613128028E-4
2.2436884869644184E-4
2.2314625164467222E-4
2.219358539981078E-4
2.2073747825883028E-4
2.1955095032595798E-4
2.1837609941510313E-4
2.1721275798009679E-4
2.160607616369058E-4
2.1491994908969778E-4
2.1379016205896393E-4
2.1267124521161636E-4
2.1156304609304006E-4
2.1046541506098708E-4
2.093782052213136E-4
2.0830127236543377E-4
2.0723447490948737E-4
2.0617767383514248E-4
2.051307326319883E-4
2.0409351724149578E-4
2.0306589600241814E-4
2.0204773959769452E-4
2.0103892100271586E-4
2.0003931543497764E-4
1.99048800305039E-4
1.9806725516875308E-4
1.9709456168075614E-4
1.9613060354913535E-4
1.951752664912957E-4
1.942284381909197E-4
1.932900082560578E-4
1.923598681782624E-4
1.914379112927638E-4
1.9052403273966235E-4
1.8961812942606276E-4
1.8872009998919072E-4
1.8782984476041435E-4
1.8694726573013226E-4
1.8607226651357582E-4
1.8520475231741045E-4
1.84344629907188E-4
1.834918075755655E-4
1.8264619511130324E-4
1.8180770376903014E-4
1.8097624623972805E-4
1.8015173662190104E-4
1.7933409039347026E-4
1.7852322438432174E-4
1.7771905674950907E-4
1.7692150694307408E-4
1.7613049569251165E-4
1.7534594497380587E-4
1.745677779870726E-4
1.7379591913274902E-4
1.7303029398834817E-4
1.7227082928575004E-4
1.7151745288900401E-4
1.7077009377265264E-4
1.7002868200053663E-4
1.692931487051045E-4
1.685634260671714E-4
1.6783944729612847E-4
1.6712114661062704E-4
1.6640845921967677E-4
1.657013213041426E-4
1.6499966999871825E-4
1.6430344337422378E-4
1.6361258042034885E-4
1.6292702102874992E-4
1.6224670597652873E-4
1.6157157691005554E-4
1.6090157632917885E-4
1.6023664757172654E-4
1.5957673479839791E-4
1.5892178297793167E-4
1.5827173787263328E-4
1.576265460241814E-4
1.5698615473974366E-4
1.5635051207841578E-4
1.557195668378879E-4
1.5509326854146869E-4
1.5447156742530248E-4
1.5385441442592154E-4
1.5324176116802233E-4
1.5263355995249063E-4
1.5202976374470594E-4
1.514303261630648E-4
1.5083520146773013E-4
1.5024434454965005E-4
1.4965771091975694E-4
1.4907525669841877E-4
1.4849693860509157E-4
1.479227139481808E-4
1.4735254061510467E-4
1.4678637706257072E-4
1.4622418230703842E-4
1.456659159153665E-4
1.4511153799564677E-4
1.4456100918824934E-4
1.440142906569938E-4
1.434713440805393E-4
1.4293213164392587E-4
1.423966160302667E-4
1.4186476041263895E-4
1.413365284460969E-4
1.4081188425986216E-4
1.4029079244965825E-4
1.3977321807018294E-4
1.392591266277423E-4
1.3874848407302478E-4
1.3824125679398684E-4
1.3773741160892088E-4
1.3723691575960007E-4
1.3673973690460218E-4
1.3624584311272138E-4
1.357552028565403E-4
1.352677850060828E-4
1.3478355882261297E-4
1.3430249395254886E-4
1.3382456042146702E-4
1.3334972862824655E-4
1.3287796933930988E-4
1.3240925368295393E-4
1.3194355314380288E-4
1.3148083955737822E-4
1.3102108510471984E-4
1.3056426230714856E-4
1.3011034402110833E-4
1.2965930343310057E-4
1.292111140547106E-4
1.28765749717718E-4
1.2832318456931956E-4
1.2788339306738674E-4
1.2744634997587405E-4
1.2701203036024968E-4
1.2658040958304326E-4
1.2615146329945508E-4
1.2572516745305197E-4
1.2530149827153766E-4
1.2488043226258262E-4
1.2446194620975302E-4
1.2404601716848988E-4
1.2363262246215735E-4
1.2322173967817997E-4
1.228133466642242E-4
1.2240742152445303E-4
1.2200394261585305E-4
1.2160288854461205E-4
1.2120423816256183E-4
1.2080797056369446E-4
1.2041406508071546E-4
1.2002250128166843E-4
1.1963325896662146E-4
1.1924631816439216E-4
1.1886165912935674E-4
1.18479262338268E-4
1.1809910848717223E-4
1.177211784883465E-4
1.1734545346731129E-4
1.1697191475986297E-4
1.1660054390918018E-4
1.1623132266296676E-4
1.158642329706482E-4
1.1549925698060196E-4
1.1513637703744914E-4
1.147755756793743E-4
1.1441683563550038E-4
1.1406013982330314E-4
1.1370547134606229E-4
1.1335281349036378E-4
1.1300214972362988E-4
1.126534636916988E-4
1.123067392164404E-4
1.1196196029340439E-4
1.1161911108951667E-4
1.1127817594080167E-4
1.1093913935014618E-4
1.1060198598509803E-4
1.1026670067569615E-4
1.099332684123386E-4
1.0960167434368954E-4
1.0927190377460143E-4
1.0894394216408192E-4
1.0861777512330265E-4
1.0829338841360384E-4
1.0797076794458536E-4
1.0764989977215615E-4
1.0733077009668699E-4
1.070133652611368E-4
1.0669767174922799E-4
1.0638367618366295E-4
1.0607136532433313E-4
1.0576072606660375E-4
1.054517454395659E-4
1.0514441060437157E-4
1.048387088525511E-4
1.0453462760438602E-4
1.0423215440728981E-4
1.0393127693420432E-4
1.0363198298205002E-4
1.0333426047017516E-4
1.0303809743883177E-4
1.0274348204767743E-4
1.0245040257429943E-4
1.0215884741276651E-4
1.0186880507217702E-4
1.0158026417527252E-4
1.0129321345702755E-4
1.0100764176328077E-4
1.007235380493894E-4
1.0044089137889346E-4
1.0015969092220339E-4
9.9879925955309E-5
The correct rate for BP: 100.00% 
