2.499437142097004
0.7591551908647395
1.9976288105918862
1.999975033515576
1.9999851359297036
1.9999860679102957
1.9999861443066282
1.9999861108551291
1.999986062431598
1.9999860116754162
1.9999859602777394
1.999985908461866
1.9999858562540607
1.9999858036540918
1.9999857506581158
1.9999856972617451
1.9999856434604635
1.9999855892496774
1.9999855346247215
1.999985479580863
1.999985424113293
1.9999853682171325
1.999985311887426
1.999985255119143
1.9999851979071743
1.9999851402463324
1.9999850821313487
1.9999850235568735
1.9999849645174714
1.999984905007622
1.99998484502172
1.9999847845540688
1.9999847235988815
1.9999846621502806
1.9999846002022932
1.9999845377488494
1.9999844747837825
1.9999844113008252
1.9999843472936096
1.999984282755662
1.9999842176804026
1.9999841520611439
1.999984085891088
1.9999840191633234
1.9999839518708245
1.9999838840064452
1.9999838155629233
1.9999837465328711
1.999983676908777
1.9999836066830012
1.9999835358477738
1.9999834643951906
1.9999833923172112
1.9999833196056587
1.9999832462522098
1.9999831722483998
1.9999830975856132
1.9999830222550852
1.9999829462478937
1.9999828695549597
1.9999827921670417
1.999982714074734
1.9999826352684593
1.9999825557384712
1.9999824754748423
1.999982394467467
1.9999823127060548
1.9999822301801247
1.9999821468790029
1.9999820627918181
1.9999819779074959
1.999981892214755
1.9999818057021033
1.9999817183578281
1.999981630169999
1.9999815411264552
1.9999814512148035
1.9999813604224144
1.9999812687364116
1.9999811761436719
1.9999810826308124
1.9999809881841923
1.9999808927898974
1.9999807964337442
1.9999806991012603
1.9999806007776908
1.9999805014479801
1.9999804010967719
1.9999802997083966
1.9999801972668667
1.9999800937558683
1.9999799891587497
1.9999798834585172
1.9999797766378227
1.9999796686789568
1.9999795595638383
1.9999794492740046
1.9999793377906026
1.999979225094376
1.9999791111656577
1.9999789959843561
1.9999788795299462
1.999978761781455
1.9999786427174535
1.9999785223160387
1.9999784005548251
1.999978277410931
1.9999781528609621
1.9999780268809986
1.9999778994465829
1.9999777705327004
1.999977640113766
1.9999775081636086
1.9999773746554514
1.9999772395618982
1.9999771028549114
1.9999769645057979
1.9999768244851857
1.9999766827630074
1.9999765393084772
1.9999763940900694
1.9999762470754998
1.999976098231697
1.999975947524785
1.999975794920053
1.9999756403819333
1.9999754838739747
1.9999753253588142
1.9999751647981472
1.999975002152702
1.9999748373822035
1.9999746704453492
1.9999745012997667
1.9999743299019894
1.9999741562074123
1.9999739801702598
1.9999738017435487
1.9999736208790422
1.9999734375272156
1.9999732516372082
1.99997306315678
1.9999728720322663
1.9999726782085272
1.9999724816288988
1.9999722822351385
1.9999720799673737
1.9999718747640407
1.9999716665618281
1.999971455295614
1.9999712408984023
1.9999710233012538
1.9999708024332157
1.9999705782212513
1.9999703505901614
1.999970119462504
1.9999698847585117
1.999969646396006
1.9999694042903027
1.9999691583541221
1.999968908497484
1.9999686546276076
1.9999683966488015
1.99996813446235
1.9999678679663924
1.999967597055799
1.9999673216220448
1.9999670415530633
1.9999667567331108
1.9999664670426123
1.9999661723580036
1.9999658725515654
1.9999655674912502
1.9999652570404969
1.9999649410580425
1.9999646193977145
1.9999642919082234
1.999963958432936
1.9999636188096435
1.9999632728703083
1.9999629204408083
1.9999625613406593
1.999962195382725
1.999961822372913
1.9999614421098497
1.9999610543845425
1.9999606589800172
1.9999602556709413
1.9999598442232174
1.9999594243935626
1.9999589959290576
1.9999585585666673
1.9999581120327414
1.999957656042475
1.999957190299344
1.999956714494504
1.9999562283061472
1.99995573139883
1.999955223422746
1.9999547040129622
1.9999541727886003
1.999953629351969
1.9999530732876372
1.9999525041614445
1.9999519215194497
1.9999513248868053
1.999950713766553
1.999950087638342
1.9999494459570504
1.9999487881513174
1.9999481136219608
1.9999474217402893
1.999946711846286
1.9999459832466597
1.9999452352127483
1.9999444669782667
1.9999436777368773
1.9999428666395782
1.9999420327918773
1.9999411752507534
1.9999402930213614
1.999939385053473
1.999938450237625
1.999937487400944
1.9999364953026109
1.9999354726289456
1.9999344179880527
1.9999333299039999
1.9999322068104712
1.9999310470438445
1.9999298488356292
1.9999286103041936
1.9999273294457078
1.9999260041242117
1.9999246320607091
1.9999232108211769
1.9999217378033562
1.9999202102221965
1.9999186250937673
1.9999169792174643
1.9999152691563
1.9999134912150185
1.9999116414157663
1.9999097154709957
1.9999077087532242
1.999905616261226
1.9999034325821516
1.9999011518490095
1.9998987676928277
1.9998962731887142
1.9998936607949016
1.999890922283691
1.9998880486630288
1.9998850300872124
1.9998818557549405
1.9998785137925958
1.9998749911202114
1.999871273297096
1.99986734434345
1.9998631865335499
1.9998587801551213
1.9998541032283557
1.999849131176503
1.9998438364381579
1.9998381880089382
1.9998321508972667
1.9998256854750753
1.999818746699245
1.9998112831730759
1.9998032360085314
1.9997945374386783
1.9997851091146943
1.9997748600014766
1.9997636837583568
1.9997514554534952
1.9997380274079957
1.999723223891828
1.9997068342885183
1.9996886041936972
1.99966822369026
1.999645311711658
1.999619394902907
1.9995898786130342
1.999556006427817
1.9995168026714811
1.999470989020004
1.9994168607534544
1.9993520982579116
1.9992734712063804
1.999176358058349
1.9990539335677115
1.9988957279437838
1.99868492103956
1.9983928902915005
1.9979672047829693
1.9973019364978297
1.9961516009330997
1.9938157564040646
1.9874214871341749
1.947088646534624
0.30014877571251264
0.0038862440304806016
0.013218676080233811
2.443316914873561E-7
The correct rate for BP: 100.00% 
