2.5337134344509593
2.4929142610706307
2.4607687600506245
0.2606693236362553
1.996747547918647
1.9998573304741851
1.9998949813762452
1.999895386416781
1.9998915949610427
1.9998869199316884
1.9998817435865692
1.99987606210748
1.9998698093112635
1.9998628969846473
1.9998552165685195
1.9998466343916292
1.999836984231783
1.9998260569048396
1.9998135855998092
1.9997992248296885
1.9997825195388936
1.9997628586036298
1.9997394027934918
1.9997109694031878
1.9996758402222077
1.9996314270309405
1.9995736563460242
1.999495760236087
1.9993856951183284
1.9992200145230679
1.9989471042401858
1.9984310654474897
1.9971942399608065
1.9922509184191262
1.4414692439676298
0.0021593130648240593
5.315519436147923E-4
2.9280557932342814E-4
2.199520109938386E-4
1.81580557944271E-4
1.560817389229931E-4
1.3741566289065705E-4
1.230336269205124E-4
1.1156968026273024E-4
1.0219718971191376E-4
9.437974712646124E-5
The correct rate for BP: 100.00% 
