2.5986029890708924
2.4999942769797396
2.4999965710653558
2.499996787907259
2.499996810935738
2.4999968091399665
2.499996804017131
2.499996798431744
2.4999967927678135
2.499996787076791
2.4999967813654997
2.499996775634773
2.499996769884641
2.499996764115023
2.4999967583258256
2.4999967525169513
2.4999967466883026
2.4999967408397796
2.499996734971284
2.499996729082716
2.499996723173974
2.499996717244957
2.499996711295564
2.4999967053256915
2.4999966993352367
2.499996693324095
2.499996687292162
2.499996681239332
2.4999966751655
2.4999966690705575
2.4999966629543984
2.4999966568169136
2.4999966506579945
2.4999966444775312
2.4999966382754133
2.4999966320515306
2.4999966258057698
2.4999966195380185
2.4999966132481637
2.4999966069360906
2.4999966006016847
2.4999965942448306
2.49999658786541
2.4999965814633076
2.4999965750384034
2.4999965685905803
2.4999965621197164
2.4999965556256925
2.4999965491083866
2.499996542567677
2.4999965360034397
2.499996529415551
2.4999965228038863
2.4999965161683195
2.4999965095087244
2.4999965028249727
2.499996496116937
2.499996489384488
2.4999964826274943
2.4999964758458257
2.4999964690393504
2.499996462207935
2.4999964553514453
2.4999964484697474
2.499996441562705
2.499996434630181
2.4999964276720377
2.499996420688137
2.4999964136783386
2.4999964066425022
2.4999963995804864
2.499996392492147
2.499996385377342
2.499996378235926
2.4999963710677524
2.4999963638726754
2.4999963566505468
2.499996349401217
2.499996342124537
2.4999963348203544
2.4999963274885175
2.499996320128873
2.4999963127412665
2.499996305325542
2.499996297881543
2.4999962904091113
2.499996282908088
2.4999962753783125
2.499996267819624
2.499996260231859
2.4999962526148547
2.499996244968445
2.4999962372924642
2.4999962295867446
2.499996221851118
2.4999962140854133
2.4999962062894596
2.499996198463085
2.4999961906061143
2.499996182718373
2.4999961747996853
2.4999961668498725
2.499996158868755
2.4999961508561532
2.4999961428118844
2.499996134735766
2.4999961266276127
2.499996118487238
2.4999961103144557
2.4999961021090757
2.499996093870908
2.4999960855997605
2.4999960772954397
2.4999960689577514
2.4999960605864984
2.499996052181483
2.499996043742506
2.4999960352693664
2.4999960267618615
2.4999960182197873
2.499996009642938
2.4999960010311058
2.4999959923840827
2.4999959837016568
2.4999959749836167
2.499995966229749
2.4999959574398365
2.499995948613663
2.4999959397510088
2.4999959308516537
2.4999959219153745
2.4999959129419476
2.4999959039311457
2.4999958948827414
2.4999958857965057
2.4999958766722052
2.4999958675096083
2.4999958583084783
2.4999958490685783
2.4999958397896687
2.4999958304715086
2.4999958211138553
2.499995811716463
2.4999958022790847
2.4999957928014718
2.4999957832833726
2.4999957737245335
2.4999957641247
2.499995754483614
2.499995744801016
2.4999957350766446
2.4999957253102356
2.4999957155015227
2.4999957056502384
2.4999956957561116
2.499995685818869
2.499995675838236
2.499995665813935
2.499995655745687
2.4999956456332084
2.4999956354762154
2.4999956252744218
2.4999956150275375
2.499995604735271
2.4999955943973275
2.4999955840134107
2.499995573583221
2.4999955631064563
2.4999955525828126
2.4999955420119826
2.4999955313936564
2.4999955207275217
2.499995510013263
2.499995499250562
2.4999954884390996
2.4999954775785507
2.49999546666859
2.499995455708888
2.499995444699113
2.4999954336389294
2.499995422528
2.4999954113659832
2.4999954001525353
2.49999538888731
2.499995377569957
2.4999953662001224
2.4999953547774507
2.499995343301582
2.4999953317721544
2.499995320188801
2.499995308551153
2.4999952968588377
2.4999952851114795
2.4999952733086985
2.4999952614501124
2.4999952495353344
2.4999952375639753
2.499995225535642
2.499995213449936
2.4999952013064584
2.499995189104804
2.499995176844566
2.499995164525331
2.499995152146684
2.499995139708206
2.499995127209474
2.4999951146500594
2.4999951020295326
2.4999950893474567
2.499995076603393
2.4999950637968986
2.499995050927525
2.499995037994821
2.4999950249983294
2.4999950119375907
2.4999949988121393
2.4999949856215062
2.4999949723652177
2.4999949590427955
2.499994945653756
2.499994932197613
2.4999949186738726
2.499994905082039
2.4999948914216104
2.499994877692079
2.499994863892934
2.499994850023659
2.4999948360837316
2.499994822072626
2.499994807989809
2.499994793834744
2.4999947796068898
2.499994765305696
2.499994750930612
2.499994736481077
2.4999947219565284
2.499994707356394
2.4999946926801004
2.4999946779270648
2.4999946630967007
2.4999946481884145
2.4999946332016076
2.499994618135674
2.499994602990002
2.4999945877639753
2.499994572456969
2.4999945570683533
2.499994541597491
2.4999945260437393
2.499994510406448
2.4999944946849606
2.499994478878614
2.4999944629867374
2.4999944470086537
2.4999944309436786
2.4999944147911206
2.4999943985502813
2.499994382220454
2.4999943658009256
2.4999943492909753
2.4999943326898744
2.499994315996886
2.4999942992112665
2.499994282332263
2.4999942653591156
2.499994248291057
2.4999942311273093
2.4999942138670876
2.4999941965095993
2.499994179054042
2.499994161499604
2.499994143845467
2.4999941260908023
2.4999941082347723
2.4999940902765294
2.4999940722152187
2.499994054049974
2.4999940357799204
2.4999940174041733
2.4999939989218376
2.4999939803320093
2.4999939616337725
2.499993942826204
2.4999939239083675
2.499993904879317
2.499993885738097
2.499993866483739
2.4999938471152645
2.4999938276316844
2.4999938080319986
2.499993788315194
2.4999937684802465
2.499993748526122
2.4999937284517704
2.4999937082561345
2.49999368793814
2.4999936674967045
2.4999936469307293
2.499993626239105
2.4999936054207086
2.499993584474404
2.4999935633990407
2.4999935421934563
2.499993520856473
2.499993499386901
2.499993477783534
2.4999934560451518
2.4999934341705212
2.4999934121583927
2.4999933900075018
2.4999933677165687
2.499993345284299
2.499993322709381
2.499993299990488
2.499993277126277
2.499993254115388
2.4999932309564454
2.499993207648055
2.4999931841888063
2.499993160577272
2.4999931368120043
2.4999931128915405
2.4999930888143975
2.499993064579075
2.499993040184052
2.4999930156277896
2.4999929909087295
2.4999929660252924
2.49999294097588
2.4999929157588725
2.49999289037263
2.499992864815492
2.4999928390857753
2.499992813181775
2.4999927871017658
2.4999927608439974
2.4999927344066974
2.4999927077880715
2.4999926809863005
2.4999926539995414
2.499992626825927
2.4999925994635643
2.4999925719105365
2.499992544164901
2.4999925162246877
2.499992488087902
2.49999245975252
2.4999924312164925
2.4999924024777425
2.499992373534162
2.499992344383617
2.4999923150239436
2.499992285452947
2.4999922556684027
2.499992225668056
2.4999921954496203
2.499992165010777
2.4999921343491747
2.4999921034624304
2.499992072348125
2.499992041003809
2.4999920094269936
2.499991977615159
2.4999919455657453
2.4999919132761597
2.4999918807437695
2.4999918479659047
2.499991814939857
2.4999917816628785
2.4999917481321816
2.499991714344937
2.499991680298275
2.499991645989284
2.4999916114150063
2.4999915765724445
2.4999915414585536
2.499991506070244
2.499991470404381
2.49999143445778
2.4999913982272113
2.499991361709394
2.499991324900999
2.4999912877986445
2.499991250398899
2.499991212698277
2.499991174693239
2.4999911363801917
2.4999910977554847
2.499991058815412
2.4999910195562087
2.4999909799740503
2.4999909400650537
2.499990899825272
2.4999908592506976
2.499990818337258
2.499990777080815
2.499990735477165
2.4999906935220357
2.4999906512110863
2.4999906085399046
2.499990565504007
2.499990522098836
2.4999904783197597
2.499990434162069
2.4999903896209767
2.499990344691617
2.4999902993690415
2.4999902536482197
2.4999902075240357
2.499990160991287
2.499990114044684
2.499990066678844
2.4999900188882966
2.4999899706674733
2.4999899220107125
2.4999898729122516
2.4999898233662297
2.499989773366684
2.4999897229075447
2.4999896719826373
2.4999896205856773
2.4999895687102676
2.499989516349898
2.4999894634979434
2.4999894101476556
2.499989356292167
2.499989301924485
2.4999892470374894
2.49998919162393
2.4999891356764223
2.4999890791874466
2.4999890221493435
2.4999889645543103
2.4999889063943987
2.4999888476615117
2.499988788347399
2.4999887284436526
2.4999886679417065
2.4999886068328303
2.499988545108124
2.4999884827585186
2.4999884197747666
2.4999883561474423
2.4999882918669343
2.4999882269234432
2.499988161306975
2.4999880950073377
2.499988028014137
2.4999879603167687
2.499987891904416
2.4999878227660437
2.4999877528903918
2.4999876822659703
2.4999876108810537
2.4999875387236745
2.4999874657816177
2.499987392042413
2.4999873174933303
2.4999872421213705
2.4999871659132626
2.499987088855449
2.4999870109340874
2.4999869321350356
2.499986852443848
2.499986771845765
2.499986690325706
2.4999866078682604
2.499986524457677
2.499986440077858
2.499986354712347
2.4999862683443186
2.4999861809565713
2.4999860925315125
2.499986003051152
2.4999859124970882
2.4999858208504966
2.4999857280921183
2.4999856342022473
2.499985539160718
2.4999854429468913
2.499985345539642
2.4999852469173405
2.499985147057846
2.499985045938483
2.4999849435360293
2.499984839826699
2.499984734786127
2.499984628389348
2.4999845206107825
2.4999844114242133
2.499984300802771
2.499984188718908
2.4999840751443823
2.4999839600502334
2.4999838434067603
2.499983725183496
2.4999836053491875
2.4999834838717647
2.499983360718318
2.4999832358550718
2.499983109247351
2.4999829808595573
2.499982850655133
2.499982718596536
2.499982584645199
2.4999824487614997
2.499982310904724
2.4999821710330274
2.499982029103398
2.4999818850716147
2.4999817388922043
2.4999815905183995
2.4999814399020917
2.4999812869937834
2.4999811317425387
2.4999809740959313
2.499980813999991
2.4999806513991443
2.4999804862361605
2.499980318452085
2.4999801479861774
2.4999799747758455
2.4999797987565717
2.499979619861842
2.4999794380230695
2.499979253169513
2.4999790652281915
2.499978874123801
2.4999786797786157
2.4999784821123985
2.4999782810422952
2.49997807648273
2.4999778683452947
2.4999776565386314
2.499977440968312
2.4999772215367075
2.499976998142856
2.4999767706823186
2.4999765390470334
2.499976303125156
2.499976062800899
2.499975817954355
2.4999755684613194
2.4999753141930934
2.499975055016288
2.499974790792606
2.499974521378622
2.4999742466255426
2.4999739663789606
2.499973680478588
2.4999733887579803
2.499973091044242
2.4999727871577155
2.499972476911653
2.499972160111868
2.4999718365563686
2.4999715060349668
2.4999711683288646
2.4999708232102167
2.4999704704416663
2.499970109775848
2.49996974095487
2.49996936370975
2.499968977759828
2.499968582812134
2.4999681785607173
2.4999677646859313
2.4999673408536722
2.4999669067145667
2.499966461903103
2.4999660060367077
2.4999655387147506
2.49996505951749
2.4999645680049385
2.499964063715648
2.499963546165409
2.4999630148458563
2.4999624692229694
2.4999619087354628
2.4999613327930574
2.499960740774618
2.4999601320261453
2.4999595058586195
2.4999588615456623
2.499958198321024
2.4999575153758595
2.4999568118557844
2.4999560868576864
2.499955339426271
2.4999545685503097
2.4999537731585684
2.49995295211538
2.499952104215821
2.4999512281804614
2.4999503226496333
2.4999493861771676
2.499948417223554
2.4999474141484423
2.4999463752024225
2.4999452985180057
2.499944182099707
2.4999430238131244
2.4999418213729063
2.4999405723294617
2.499939274054271
2.4999379237236123
2.499936518300512
2.4999350545146974
2.4999335288402733
2.4999319374708384
2.499930276291692
2.4999285408487215
2.4999267263135247
2.4999248274442136
2.499922838541287
2.4999207533978307
2.4999185652431994
2.4999162666791745
2.49991384960741
2.4999113051467843
2.4999086235389902
2.499905794040404
2.499902804797885
2.499899642705692
2.4998962932401403
2.499892740267911
2.4998889658230725
2.4998849498467846
2.4998806698823133
2.4998761007163033
2.499871213955111
2.499865977522301
2.4998603550599485
2.4998543052119366
2.4998477807616855
2.499840727589239
2.4998330834027653
2.499824776186478
2.4998157222895196
2.499805824056852
2.4997949668711854
2.499783015430996
2.499769809028509
2.4997551555054947
2.499738823442123
2.499720531957046
2.4996999372371653
2.4996766145285276
2.4996500337326446
2.4996195258443463
2.499584236032117
2.499543056839665
2.4994945311297068
2.499436707790555
2.4993669215517578
2.499281446812093
2.4991749342560428
2.499039456098344
2.4988628084144704
2.498625312099669
2.498293337645457
2.497804956976759
2.497034148181451
2.4956856669595524
2.4929014474821303
2.4850235678152615
2.429241661489879
0.18757718995673334
1.0992830802829823
2.80231972115176E-9
The correct rate for BP: 100.00% 
