1.1481058571465166
1.9803116453720668
1.999431645937301
1.9995896036765903
1.9995877417770094
1.999567533968049
1.9995426921777466
1.9995145900393967
1.9994829218710832
1.9994470323386322
1.999406050939078
1.9993588491964138
1.999303946148965
1.9992393629007645
1.9991623990083087
1.9990692787330817
1.9989545710989165
1.9988101983871978
1.9986236545685716
1.9983746064916927
1.9980279143242834
1.9975179046101104
1.9967083734494522
1.9952725741543538
1.9922342355375788
1.983337960255809
1.9223261185930676
0.2465692146391814
0.0063012006582198335
8.758415904617598E-4
5.173831991947548E-4
4.148933211203391E-4
3.5689610680012234E-4
3.1512338705094706E-4
2.826207864061819E-4
2.5642904405238605E-4
2.3483260649938043E-4
2.1670651925720168E-4
2.0127049504555216E-4
1.8796383059441492E-4
1.7637252751923622E-4
1.6618395693087458E-4
1.571574641223562E-4
1.4910469015331094E-4
1.418760413087397E-4
1.353511681516448E-4
1.2943212862172502E-4
1.2403838937579645E-4
1.1910311188012139E-4
1.1457035284940575E-4
1.1039292613040102E-4
1.0653075020709475E-4
1.0294955707246249E-4
9.961987333470514E-5
The correct rate for BP: 100.00% 
