2.7636249364567096
2.49362296690911
2.4925397998017846
2.4889217372384325
2.479923003973302
2.4428482676205028
1.6206792074445568
0.6352700503801033
0.0016455517115654744
6.690170039746603E-4
5.605380642819797E-4
5.201371956414896E-4
4.910559632889417E-4
4.659086279679928E-4
4.433627282800407E-4
4.229507025252312E-4
4.0437208726593516E-4
3.873893170838615E-4
3.718054798841449E-4
3.5745500286203506E-4
3.44197510496446E-4
3.319131790885034E-4
3.2049909888345917E-4
3.0986638592098284E-4
2.9993786745476265E-4
2.9064621187106305E-4
2.8193240641901816E-4
2.7374450943568203E-4
2.660366209229533E-4
2.587680281020518E-4
2.519024921589299E-4
2.454076496584853E-4
2.3925450765707132E-4
2.3341701581880222E-4
2.2787170215972017E-4
2.225973616375964E-4
2.175747888459812E-4
2.1278654768678087E-4
2.082167721830324E-4
2.0385099362443473E-4
1.9967599006892465E-4
1.9567965489581787E-4
1.9185088165316402E-4
1.8817946288918357E-4
1.846560010245666E-4
1.8127182962550696E-4
1.7801894368763428E-4
1.7488993774967065E-4
1.718779508291934E-4
1.689766173186941E-4
1.6618002310222156E-4
1.6348266625619237E-4
1.6087942178499398E-4
1.5836550991612069E-4
1.5593646754246703E-4
1.5358812245321282E-4
1.5131657004049406E-4
1.4911815220886607E-4
1.469894382480973E-4
1.4492720745935025E-4
1.4292843335005366E-4
1.409902692345993E-4
1.391100350971142E-4
1.3728520558914666E-4
1.3551339904941564E-4
1.3379236744558837E-4
1.321199871489251E-4
1.304942504625009E-4
1.2891325783210073E-4
1.2737521067647506E-4
1.2587840478028397E-4
1.244212241988312E-4
1.2300213562896686E-4
1.2161968320506558E-4
1.2027248368314442E-4
1.1895922197969145E-4
1.1767864703519283E-4
1.164295679750472E-4
1.1521085054323663E-4
1.1402141378647222E-4
1.128602269684535E-4
1.1172630669587175E-4
1.1061871423940605E-4
1.0953655303442666E-4
1.0847896634753308E-4
1.0744513509618718E-4
1.0643427580993371E-4
1.0544563872249459E-4
1.0447850598512794E-4
1.0353218999231998E-4
1.0260603181167521E-4
1.0169939971048524E-4
1.0081168777215387E-4
9.994231459610626E-5
The correct rate for BP: 100.00% 
