2.4797245040160356
0.39369226954679154
1.999055133190132
1.9999925769185671
1.999995986850555
1.9999962958793807
1.999996329726985
1.9999963285685227
1.9999963227251436
1.9999963162330852
1.9999963096333724
1.9999963029984995
1.9999962963380846
1.9999962896533046
1.9999962829442053
1.9999962762106773
1.9999962694525932
1.999996262669819
1.9999962558622193
1.9999962490296583
1.9999962421720012
1.999996235289108
1.9999962283808426
1.999996221447064
1.999996214487632
1.9999962075024047
1.9999962004912397
1.999996193453993
1.99999618639052
1.9999961793006755
1.9999961721843118
1.9999961650412814
1.9999961578714343
1.9999961506746209
1.9999961434506903
1.99999613619949
1.9999961289208663
1.999996121614664
1.9999961142807272
1.9999961069188994
1.999996099529022
1.999996092110936
1.9999960846644806
1.9999960771894936
1.9999960696858121
1.999996062153272
1.9999960545917082
1.999996047000953
1.9999960393808387
1.999996031731196
1.999996024051854
1.9999960163426405
1.999996008603383
1.9999960008339068
1.9999959930340352
1.9999959852035913
1.9999959773423965
1.9999959694502707
1.9999959615270322
1.9999959535724978
1.9999959455864837
1.9999959375688048
1.9999959295192726
1.9999959214376988
1.9999959133238931
1.9999959051776643
1.9999958969988194
1.9999958887871627
1.9999958805424982
1.9999958722646287
1.999995863953355
1.9999958556084751
1.9999958472297876
1.9999958388170869
1.9999958303701684
1.9999958218888243
1.9999958133728453
1.9999958048220206
1.9999957962361377
1.9999957876149814
1.9999957789583376
1.999995770265987
1.9999957615377106
1.999995752773287
1.9999957439724931
1.999995735135105
1.9999957262608945
1.999995717349633
1.9999957084010904
1.999995699415034
1.9999956903912306
1.9999956813294415
1.999995672229431
1.9999956630909572
1.999995653913778
1.9999956446976506
1.9999956354423263
1.9999956261475584
1.9999956168130957
1.9999956074386855
1.9999955980240745
1.9999955885690044
1.9999955790732165
1.9999955695364489
1.9999955599584396
1.9999955503389217
1.9999955406776273
1.9999955309742863
1.9999955212286271
1.9999955114403734
1.999995501609248
1.9999954917349716
1.999995481817262
1.9999954718558346
1.9999954618504023
1.999995451800676
1.9999954417063623
1.999995431567168
1.9999954213827953
1.9999954111529443
1.9999954008773126
1.9999953905555958
1.9999953801874846
1.9999953697726693
1.999995359310837
1.9999953488016706
1.999995338244852
1.9999953276400588
1.9999953169869673
1.9999953062852494
1.9999952955345746
1.9999952847346085
1.9999952738850157
1.9999952629854572
1.999995252035589
1.999995241035066
1.999995229983539
1.9999952188806571
1.9999952077260637
1.9999951965194005
1.9999951852603062
1.999995173948415
1.9999951625833587
1.9999951511647647
1.9999951396922586
1.9999951281654613
1.9999951165839895
1.9999951049474585
1.9999950932554773
1.9999950815076535
1.9999950697035898
1.9999950578428856
1.9999950459251368
1.9999950339499346
1.9999950219168663
1.9999950098255166
1.9999949976754658
1.999994985466289
1.9999949731975577
1.9999949608688403
1.9999949484797004
1.999994936029697
1.9999949235183858
1.9999949109453163
1.9999948983100366
1.9999948856120877
1.999994872851007
1.9999948600263282
1.9999948471375792
1.999994834184284
1.999994821165962
1.9999948080821273
1.999994794932289
1.9999947817159525
1.9999947684326171
1.9999947550817783
1.9999947416629251
1.9999947281755424
1.99999471461911
1.999994700993101
1.9999946872969854
1.999994673530226
1.9999946596922815
1.9999946457826046
1.9999946318006414
1.9999946177458339
1.9999946036176173
1.9999945894154219
1.999994575138672
1.9999945607867844
1.999994546359172
1.9999945318552415
1.9999945172743898
1.9999945026160135
1.9999944878794982
1.9999944730642252
1.9999944581695677
1.999994443194894
1.9999944281395658
1.9999944130029361
1.9999943977843526
1.9999943824831556
1.9999943670986795
1.9999943516302487
1.999994336077184
1.9999943204387958
1.9999943047143889
1.9999942889032598
1.9999942730046982
1.9999942570179852
1.999994240942394
1.9999942247771914
1.9999942085216342
1.9999941921749713
1.999994175736445
1.9999941592052877
1.9999941425807235
1.9999941258619685
1.999994109048231
1.9999940921387067
1.9999940751325858
1.9999940580290498
1.9999940408272676
1.9999940235264022
1.9999940061256045
1.999993988624019
1.999993971020776
1.9999939533149997
1.9999939355058032
1.9999939175922885
1.9999938995735476
1.9999938814486633
1.9999938632167067
1.9999938448767378
1.9999938264278068
1.9999938078689525
1.9999937891992006
1.9999937704175688
1.9999937515230604
1.9999937325146684
1.9999937133913734
1.9999936941521435
1.999993674795936
1.999993655321694
1.9999936357283492
1.9999936160148197
1.999993596180011
1.9999935762228152
1.9999935561421123
1.9999935359367662
1.999993515605629
1.9999934951475375
1.999993474561316
1.9999934538457722
1.9999934329997002
1.9999934120218803
1.9999933909110754
1.9999933696660346
1.999993348285491
1.999993326768163
1.9999933051127496
1.9999932833179377
1.9999932613823947
1.999993239304772
1.999993217083704
1.9999931947178085
1.9999931722056838
1.9999931495459116
1.9999931267370548
1.999993103777659
1.9999930806662491
1.9999930574013323
1.999993033981396
1.9999930104049075
1.999992986670314
1.9999929627760433
1.9999929387205018
1.9999929145020747
1.9999928901191257
1.999992865569998
1.9999928408530099
1.9999928159664613
1.9999927909086255
1.9999927656777539
1.9999927402720752
1.9999927146897927
1.9999926889290867
1.9999926629881113
1.9999926368649956
1.9999926105578436
1.9999925840647328
1.9999925573837145
1.9999925305128117
1.9999925034500217
1.9999924761933123
1.9999924487406238
1.9999924210898674
1.9999923932389243
1.9999923651856464
1.9999923369278538
1.9999923084633378
1.9999922797898562
1.9999922509051344
1.999992221806867
1.9999921924927138
1.9999921629603004
1.9999921332072188
1.9999921032310257
1.9999920730292418
1.999992042599351
1.9999920119388006
1.9999919810449995
1.999991949915319
1.9999919185470902
1.9999918869376048
1.9999918550841143
1.9999918229838272
1.999991790633911
1.9999917580314912
1.9999917251736465
1.9999916920574126
1.9999916586797812
1.9999916250376943
1.9999915911280497
1.9999915569476956
1.9999915224934297
1.9999914877620033
1.9999914527501133
1.9999914174544062
1.9999913818714743
1.9999913459978576
1.9999913098300384
1.9999912733644456
1.9999912365974477
1.9999911995253574
1.999991162144426
1.9999911244508444
1.9999910864407404
1.9999910481101808
1.9999910094551654
1.9999909704716288
1.9999909311554385
1.9999908915023925
1.999990851508219
1.9999908111685747
1.9999907704790425
1.9999907294351311
1.9999906880322738
1.9999906462658241
1.9999906041310578
1.9999905616231681
1.9999905187372664
1.9999904754683784
1.9999904318114432
1.9999903877613128
1.9999903433127468
1.9999902984604159
1.9999902531988918
1.9999902075226526
1.9999901614260776
1.9999901149034456
1.9999900679489309
1.9999900205566035
1.9999899727204273
1.999989924434252
1.9999898756918182
1.999989826486751
1.9999897768125554
1.9999897266626185
1.999989676030202
1.9999896249084443
1.9999895732903503
1.9999895211687966
1.9999894685365232
1.9999894153861302
1.9999893617100797
1.9999893075006843
1.9999892527501113
1.9999891974503743
1.9999891415933313
1.9999890851706814
1.9999890281739592
1.9999889705945313
1.9999889124235943
1.9999888536521688
1.9999887942710937
1.999988734271023
1.9999886736424233
1.9999886123755666
1.9999885504605237
1.9999884878871632
1.999988424645144
1.9999883607239088
1.9999882961126818
1.9999882308004615
1.9999881647760112
1.99998809802786
1.9999880305442905
1.9999879623133348
1.999987893322768
1.9999878235600999
1.99998775301257
1.9999876816671387
1.9999876095104785
1.99998753652897
1.9999874627086893
1.999987388035404
1.99998731249456
1.9999872360712765
1.9999871587503346
1.9999870805161692
1.9999870013528582
1.9999869212441115
1.9999868401732628
1.9999867581232562
1.9999866750766362
1.9999865910155374
1.9999865059216704
1.999986419776308
1.9999863325602771
1.9999862442539402
1.999986154837185
1.9999860642894076
1.9999859725895
1.9999858797158323
1.9999857856462395
1.9999856903580004
1.9999855938278268
1.9999854960318388
1.9999853969455532
1.9999852965438563
1.999985194800992
1.9999850916905364
1.999984987185377
1.9999848812576908
1.9999847738789223
1.9999846650197566
1.9999845546500965
1.999984442739037
1.9999843292548376
1.9999842141648903
1.999984097435697
1.999983979032836
1.999983858920928
1.9999837370636069
1.9999836134234825
1.9999834879621075
1.9999833606399358
1.9999832314162889
1.9999831002493118
1.9999829670959313
1.999982831911813
1.9999826946513126
1.9999825552674335
1.9999824137117683
1.9999822699344545
1.9999821238841138
1.9999819755077988
1.99998182475093
1.9999816715572365
1.9999815158686889
1.9999813576254297
1.9999811967657044
1.9999810332257841
1.9999808669398875
1.9999806978401
1.9999805258562848
1.9999803509159955
1.9999801729443802
1.9999799918640784
1.9999798075951227
1.9999796200548239
1.9999794291576591
1.9999792348151475
1.9999790369357269
1.9999788354246162
1.999978630183675
1.9999784211112586
1.999978208102057
1.9999779910469349
1.9999777698327543
1.9999775443421948
1.9999773144535586
1.9999770800405692
1.9999768409721537
1.9999765971122174
1.9999763483194049
1.999976094446843
1.999975835341877
1.9999755708457825
1.9999753007934669
1.9999750250131503
1.9999747433260253
1.9999744555459045
1.9999741614788324
1.9999738609226874
1.9999735536667491
1.9999732394912442
1.9999729181668608
1.9999725894542308
1.9999722531033788
1.999971908853138
1.9999715564305234
1.9999711955500645
1.99997082591309
1.9999704472069708
1.9999700591043001
1.9999696612620244
1.9999692533205091
1.999968834902538
1.9999684056122373
1.9999679650339233
1.9999675127308691
1.9999670482439662
1.9999665710902947
1.9999660807615802
1.9999655767225295
1.9999650584090343
1.9999645252262315
1.9999639765464092
1.999963411706737
1.9999628300068075
1.999962230705971
1.9999616130204452
1.999960976120172
1.9999603191253952
1.9999596411029388
1.9999589410621448
1.999958217950441
1.9999574706484928
1.999956697964903
1.9999558986303947
1.9999550712914362
1.9999542145032274
1.9999533267219907
1.9999524062964635
1.9999514514585164
1.999950460312776
1.9999494308251327
1.9999483608100017
1.9999472479161569
1.9999460896109675
1.999944883162819
1.9999436256214702
1.9999423137960575
1.9999409442304248
1.9999395131753799
1.999938016557437
1.999936449943512
1.9999348085009527
1.9999330869521803
1.9999312795230642
1.9999293798840314
1.9999273810826754
1.9999252754664205
1.999923054593502
1.9999207091301616
1.9999182287315247
1.9999156019030875
1.999912815839051
1.9999098562329065
1.9999067070545966
1.999903350287222
1.9998997656145443
1.9998959300482975
1.999891817481473
1.999887398149987
1.9998826379802426
1.9998774977936082
1.9998719323301712
1.9998658890424594
1.9998593065939325
1.9998521129752398
1.9998442231208688
1.9998355358660806
1.9998259300231243
1.9998152592675742
1.9998033453962554
1.9997899693249843
1.999774858900606
1.9997576721462247
1.9997379738364383
1.9997152021269782
1.9996886200078727
1.9996572429892605
1.9996197284571033
1.9995742011079125
1.9995179675939965
1.999447030322274
1.9993552173191844
1.9992325299964468
1.9990617689005568
1.998810979649985
1.9984143867631388
1.9977156873620432
1.9962533096051414
1.9920405975846662
1.9623680090485387
0.5120392737086531
0.09560897832198868
2.9776758750540663E-8
The correct rate for BP: 100.00% 
