2.0425094041785883
1.899565190660802
1.9964850101291989
1.9964113948759867
1.995222014034477
1.9929362549725658
1.9879399896613803
1.972601297667332
1.8316982755595308
0.07343920036387083
0.010512522677922553
0.0036742613352604247
0.0017717931016423577
0.0012028231659674032
9.378000355533463E-4
7.777663193275718E-4
6.677545208304478E-4
5.865799068774916E-4
5.239216187652274E-4
4.7397697535608705E-4
4.331795626320756E-4
3.9919979160388795E-4
3.704453494786681E-4
3.457882490930309E-4
3.2440576970515144E-4
3.056830316541039E-4
2.8915086340672053E-4
2.7444481772239315E-4
2.6127735067834284E-4
2.494184614999564E-4
2.3868192460968902E-4
2.2891530921536634E-4
2.199926200923996E-4
2.1180878758963228E-4
2.042754849405343E-4
1.9731791321837272E-4
1.9087230177491807E-4
1.8488394457899984E-4
1.7930564271554278E-4
1.7409645807763083E-4
1.6922070789203374E-4
1.6464714736536971E-4
1.603483005484263E-4
1.5629990892173406E-4
1.5248047418428025E-4
1.4887087695671016E-4
1.4545405706509513E-4
1.4221474408795511E-4
1.391392291689874E-4
1.362151708954124E-4
1.3343142944468095E-4
1.3077792430456626E-4
1.282455117433269E-4
1.258258789001746E-4
1.235114519212365E-4
1.212953160127758E-4
1.1917114564456917E-4
1.1713314342996476E-4
1.1517598644886012E-4
1.1329477897658863E-4
1.114850107437702E-4
1.0974251998625034E-4
1.0806346065568296E-4
1.0644427325417047E-4
1.048816588340895E-4
1.0337255576953289E-4
1.0191411896076532E-4
1.0050370117961843E-4
9.913883630314536E-5
The correct rate for BP: 100.00% 
