2.568629690036442
2.4998966158370943
2.4999238643563895
2.4999254543842704
2.499924245658885
2.499922610582475
2.499920852959711
2.499919008969908
2.4999170786620626
2.4999150567954427
2.49991293692229
2.4999107118757466
2.4999083737667203
2.499905913904551
2.4999033226952925
2.4999005895226056
2.499897702609226
2.4998946488554363
2.4998914136500114
2.499887980648066
2.499884331508871
2.4998804455850383
2.4998762995522936
2.4998718669662514
2.4998671177289764
2.499862017443323
2.4998565266267647
2.4998505997479925
2.4998441840382988
2.4998372180144006
2.499829629628334
2.499821333930875
2.4998122300939825
2.4998021975795437
2.499791091157798
2.499778734356064
2.499764910735925
2.4997493521209635
2.49973172247138
2.499711595431358
2.499688422494278
2.4996614869437903
2.4996298356877147
2.4995921757588118
2.4995467125230335
2.4994908881581663
2.499420942184706
2.499331138461654
2.499212329361795
2.4990491061662126
2.4988136580042744
2.498451063734952
2.497838729657495
2.496649726568353
2.4937219865204403
2.4816708248987718
1.8167807925465251
0.44852667641811134
1.018044934245892E-8
The correct rate for BP: 100.00% 
