2.717033885620081
2.499675612895912
2.4997423620445565
2.4997386322428
2.4997259939643732
2.4997108982370966
2.4996939763577832
2.4996750569453132
2.4996538013777987
2.499629770261409
2.4996024069779885
2.4995709997832916
2.4995346254969615
2.4994920668296086
2.499441688427375
2.4993812459320015
2.4993075825445032
2.4992161291253696
2.4991000452443632
2.4989486679634134
2.498744537630343
2.4984572611725273
2.4980296277881426
2.497342209829779
2.4961072810342073
2.4934676389143338
2.485796835233102
2.441111190801158
0.9711080350341048
0.46087922674272935
2.863052630256039E-6
The correct rate for BP: 100.00% 
