2.5653268480618356
2.49966514425278
2.499729610372923
2.499722682296299
2.4997061364524185
2.4996862965617725
2.4996635748104685
2.4996374997517723
2.4996073230981573
2.499572036984115
2.499530280038327
2.499480174916859
2.499419065162911
2.499343075880167
2.4992463468908315
2.499119620147763
2.4989474613176177
2.498702330411527
2.498330533109747
2.4977139473483887
2.4965429322911286
2.4937408847155673
2.482711472707028
1.9763533193027483
0.3144760579498263
0.003585032034802915
5.436023444298261E-4
2.934815115418046E-4
2.2305858775887357E-4
1.8532560626397594E-4
1.5945653451335996E-4
1.4007564069277374E-4
1.249139227105569E-4
1.127093702618364E-4
1.0266909289373839E-4
9.426297361813301E-5
The correct rate for BP: 100.00% 
