2.5245718133939983
1.5442019762326633
1.883399350502174
0.8336320576949688
0.005453714434084665
0.001955812738525314
0.0012129678338527847
9.190775293253553E-4
7.523061574386806E-4
6.403654252646984E-4
5.587023924315947E-4
4.960946602524506E-4
4.464205671774825E-4
4.059788552344808E-4
3.7237767031018715E-4
3.439951231306346E-4
3.1968951404716704E-4
2.986324276739097E-4
2.802074113786259E-4
2.6394582584281473E-4
2.494847889410181E-4
2.365387759731425E-4
2.2487994641731562E-4
2.1432420910740227E-4
2.0472115654099902E-4
1.95946666189899E-4
1.8789737665566273E-4
1.8048650521074327E-4
1.7364064041302773E-4
1.6729725379564025E-4
1.6140274884830175E-4
1.5591091631306646E-4
1.5078170015662816E-4
1.459802035235884E-4
1.4147588181720488E-4
1.37241882976468E-4
1.3325450448601706E-4
1.2949274366609476E-4
1.2593792303368227E-4
1.2257337648432785E-4
1.193841850590542E-4
1.1635695337533535E-4
1.1347961959211687E-4
1.1074129317476875E-4
1.0813211582116299E-4
1.0564314177531672E-4
1.0326623444261755E-4
1.0099397677018446E-4
9.88195932977385E-5
The correct rate for BP: 100.00% 
