0.8065607783255215
1.9940562988458832
1.999735607782203
1.9998025738807372
1.9998018810215226
1.9997933554094214
1.9997830457766548
1.9997716343124095
1.999759092971628
1.9997452770378257
1.999729999166229
1.999713032753221
1.9996941038858589
1.9996728791122558
1.9996489490119316
1.9996218061320326
1.999590814997955
1.9995551707581594
1.9995138412358184
1.9994654842815822
1.999408327565159
1.9993399898635897
1.9992572087516476
1.9991554139391934
1.9990280371109441
1.9988653536712095
1.998652453403873
1.998365498561056
1.9979643846932442
1.9973772041521345
1.9964639989322817
1.994920570549905
1.9919726597705103
1.9850924068941371
1.9610362483497452
1.7835509840792692
5.689571430748167E-4
0.009293084242460033
9.711627469436091E-4
5.930255871141721E-4
4.7516127630580347E-4
4.068232812762486E-4
3.5778052251420604E-4
3.1988839710499526E-4
2.895262902743729E-4
2.6459406828315137E-4
2.4372947039646495E-4
2.2599789747647896E-4
2.1073387179142432E-4
1.9744968226779628E-4
1.8577928143993157E-4
1.754423200709942E-4
1.6622030146644267E-4
1.5794031890547575E-4
1.5046369179687514E-4
1.4367785433403013E-4
1.3749045597590798E-4
1.3182499823872243E-4
1.266175589285586E-4
1.2181429925287363E-4
1.1736954324699168E-4
1.1324428144648942E-4
1.094049930633908E-4
1.0582271007931088E-4
1.0247226706312608E-4
9.933169499028201E-5
The correct rate for BP: 100.00% 
