1.2615146879444432
1.9737512944145805
1.9992084108934403
1.9994072233049376
1.9994065384207906
1.9993831162362699
1.9993545809265623
1.9993229071371423
1.9992879935412005
1.99924938715088
1.9992064936199927
1.999158579291366
1.9991047362638834
1.9990438296181505
1.9989744236187228
1.998894677635129
1.9988021966700766
1.9986938121378286
1.998565252671055
1.9984106364903476
1.9982216647115096
1.997986294607859
1.997686469511074
1.9972940515786126
1.996763128808273
1.996014491131041
1.9949017414389545
1.9931297216774195
1.9900319328424483
1.9838511591130692
1.9687495109650135
1.915311044697367
1.4838446706841413
0.006993848992187177
0.0030074246718863043
0.0025273548121012707
0.0022932457866622364
0.0021138938284793775
0.00196291560673153
0.001832618611560067
0.0017187159086643894
0.0016181828336890008
0.0015287390953076868
0.0014486145211902908
0.0013764071691956276
0.0013109888876967645
0.0012514396840246599
0.0011970007316106637
0.0011470399090689654
0.0011010260217806163
0.0010585091906952936
0.0010191057149268076
9.824862386798448E-4
9.483663971099195E-4
9.16499347495887E-4
8.866697517348266E-4
8.586888882528139E-4
8.323906514714375E-4
8.076282550023016E-4
7.842714973835947E-4
7.622044808873524E-4
7.413236977734505E-4
7.215364164789395E-4
7.02759314114995E-4
6.849173123762661E-4
6.679425823302566E-4
6.517736901174161E-4
6.363548607797294E-4
6.21635341560688E-4
6.075688493204411E-4
5.94113089366032E-4
5.812293351455652E-4
5.688820600025315E-4
5.570386136144162E-4
5.456689369115763E-4
5.347453102387191E-4
5.242421303211828E-4
5.141357122632299E-4
5.044041133601179E-4
4.950269759705524E-4
4.859853870861913E-4
4.772617525643435E-4
4.6883968426813497E-4
4.607038985949144E-4
4.5284012507452505E-4
4.4523502389078344E-4
4.3787611132630437E-4
4.307516922569267E-4
4.2385079893022897E-4
4.171631353564052E-4
4.106790267204231E-4
4.043893732945035E-4
3.982856083909104E-4
3.9235965994784735E-4
3.866039153876701E-4
3.81011189426796E-4
3.7557469455224644E-4
3.7028801391073945E-4
3.651450763834678E-4
3.601401336438734E-4
3.5526773901681013E-4
3.505227279763559E-4
3.45900200135985E-4
3.413955025996625E-4
3.370042145554593E-4
3.327221330048104E-4
3.2854525953109114E-4
3.2446978802022457E-4
3.2049209325448353E-4
3.166087203078407E-4
3.128163746780225E-4
3.091119130962589E-4
3.054923349610507E-4
3.019547743471348E-4
2.9849649254511936E-4
2.951148710910977E-4
2.918074052492054E-4
2.885716979130977E-4
2.8540545389533253E-4
2.823064745761712E-4
2.7927265288570856E-4
2.7630196859537725E-4
2.7339248389676366E-4
2.705423392476102E-4
2.6774974946621973E-4
2.6501300005725626E-4
2.623304437530125E-4
2.5970049725560396E-4
2.571216381666168E-4
2.5459240209169717E-4
2.5211137990865414E-4
2.496772151883434E-4
2.472886017584871E-4
2.449442814012797E-4
2.426430416762992E-4
2.403837138608108E-4
2.3816517100021478E-4
2.3598632606173204E-4
2.338461301851286E-4
2.3174357102448314E-4
2.2967767117557206E-4
2.276474866837627E-4
2.25652105627628E-4
2.2369064677385788E-4
2.2176225829929628E-4
2.1986611657628187E-4
2.1800142501758919E-4
2.1616741297765955E-4
2.143633347069166E-4
2.1258846835617895E-4
2.1084211502845785E-4
2.0912359787547102E-4
2.0743226123644292E-4
2.0576746981695025E-4
2.0412860790558666E-4
2.0251507862648627E-4
2.009263032257791E-4
1.9936172039021922E-4
1.9782078559627087E-4
1.9630297048811452E-4
1.948077622830697E-4
1.93334663203033E-4
1.9188318993061288E-4
1.9045287308873182E-4
1.8904325674251333E-4
1.876538979223534E-4
1.8628436616712927E-4
1.8493424308657023E-4
1.8360312194183693E-4
1.8229060724347584E-4
1.8099631436586702E-4
1.7971986917740657E-4
1.7846090768568326E-4
1.772190756969436E-4
1.7599402848915552E-4
1.7478543049807371E-4
1.7359295501569852E-4
1.724162839005565E-4
1.7125510729924714E-4
1.7010912337880145E-4
1.689780380693109E-4
1.6786156481639927E-4
1.6675942434309465E-4
1.65671344420692E-4
1.645970596481865E-4
1.6353631123997776E-4
1.624888468213819E-4
1.6145442023170656E-4
1.604327913345212E-4
1.5942372583484368E-4
1.5842699510289744E-4
1.5744237600425856E-4
1.5646965073602155E-4
1.5550860666881423E-4
1.5455903619437987E-4
1.5362073657850954E-4
1.526935098191179E-4
1.517771625092208E-4
1.508715057046687E-4
1.4997635479639408E-4
1.4909152938703712E-4
1.482168531717382E-4
1.473521538229625E-4
1.464972628791818E-4
1.4565201563727752E-4
1.448162510485051E-4
1.4398981161788948E-4
1.4317254330694016E-4
1.423642954395121E-4
1.4156492061074904E-4
1.4077427459895098E-4
1.399922162802748E-4
1.392186075461751E-4
1.3845331322342785E-4
1.3769620099674537E-4
1.3694714133376034E-4
1.362060074124002E-4
1.3547267505050148E-4
1.3474702263760842E-4
1.3402893106888203E-4
1.333182836810088E-4
1.3261496619010178E-4
1.3191886663144618E-4
1.3122987530109147E-4
1.3054788469919098E-4
1.2987278947502472E-4
1.292044863736725E-4
1.2854287418425384E-4
1.2788785368970406E-4
1.2723932761800677E-4
1.2659720059486057E-4
1.2596137909771913E-4
1.2533177141114824E-4
1.2470828758348644E-4
1.2409083938472024E-4
1.2347934026558563E-4
1.2287370531779791E-4
1.2227385123544652E-4
1.2167969627742005E-4
1.2109116023093584E-4
1.2050816437604104E-4
1.1993063145111947E-4
1.1935848561935407E-4
1.1879165243607916E-4
1.1823005881706847E-4
1.176736330076479E-4
1.1712230455266195E-4
1.1657600426724966E-4
1.1603466420840175E-4
1.154982176472751E-4
1.149665990422521E-4
1.1443974401269722E-4
1.139175893134297E-4
1.1340007280984139E-4
1.128871334536823E-4
1.1237871125946627E-4
1.118747472814959E-4
1.1137518359147093E-4
1.1087996325668372E-4
1.1038903031876054E-4
1.0990232977295484E-4
1.0941980754795562E-4
1.0894141048621404E-4
1.0846708632476251E-4
1.0799678367651255E-4
1.0753045201202535E-4
1.0706804164172E-4
1.0660950369854492E-4
1.0615479012105066E-4
1.0570385363690427E-4
1.0525664774678695E-4
1.0481312670868814E-4
1.0437324552259111E-4
1.0393695991551366E-4
1.0350422632690667E-4
1.0307500189443446E-4
1.0264924444005052E-4
1.0222691245643172E-4
1.0180796509372147E-4
1.0139236214660201E-4
1.0098006404164829E-4
1.0057103182499297E-4
1.0016522715027004E-4
9.976261226685334E-5
The correct rate for BP: 100.00% 
