1.974520572145857
0.3190819982923213
0.014245880909246098
0.002980688136576084
0.0017158216776546522
0.0013215689832583417
0.00110736333237336
9.620917635402891E-4
8.544643871462273E-4
7.70951032647192E-4
7.041158826590982E-4
6.493682488067432E-4
6.036828077937184E-4
5.649747718223534E-4
5.317572257453236E-4
5.029395746200676E-4
4.7770294849042004E-4
4.5542010042048616E-4
4.356022048009842E-4
4.178625277060002E-4
4.018910150382268E-4
3.874361390905388E-4
3.742916864530571E-4
3.6228698122425893E-4
3.512795416676877E-4
3.411494898996171E-4
3.3179524380896923E-4
3.231301599103652E-4
3.1507989039238917E-4
3.075802828060647E-4
3.005756964644346E-4
2.9401764201349016E-4
2.878636739280076E-4
2.820764826400248E-4
2.766231454860834E-4
2.7147450493928175E-4
2.6660464956063855E-4
2.6199047838454165E-4
2.5761133348822443E-4
2.5344868860355707E-4
2.4948588404190704E-4
2.4570790008846444E-4
2.4210116250626698E-4
2.3865337496500348E-4
2.3535337414585687E-4
2.3219100402345336E-4
2.2915700643014566E-4
2.262429254969931E-4
2.234410239637389E-4
2.2074420967552888E-4
2.1814597085125949E-4
2.156403189286974E-4
2.1322173797416234E-4
2.1088513979596412E-4
2.086258240276001E-4
2.0643944255258339E-4
2.043219677318097E-4
2.0226966396959167E-4
2.0027906221792416E-4
1.9834693707250058E-4
1.96470286159774E-4
1.9464631155369753E-4
1.9287240299407053E-4
1.911461227072968E-4
1.894651916550849E-4
1.87827477057897E-4
1.8623098105847278E-4
1.8467383040667487E-4
1.8315426706080545E-4
1.816706396126612E-4
1.8022139545407692E-4
1.788050736119428E-4
1.7742029818677938E-4
1.7606577233699068E-4
1.747402727571525E-4
1.7344264460419307E-4
1.721717968301511E-4
1.7092669788444827E-4
1.6970637175243455E-4
1.685098943003048E-4
1.673363898994448E-4
1.6618502830597484E-4
1.65055021773522E-4
1.6394562237951712E-4
1.6285611954697772E-4
1.6178583774563313E-4
1.6073413435765073E-4
1.5970039769455115E-4
1.5868404515320892E-4
1.5768452149983963E-4
1.5670129727191374E-4
1.5573386728881457E-4
1.5478174926280365E-4
1.538444825027154E-4
1.5292162670325581E-4
1.5201276081361099E-4
1.5111748197936154E-4
1.5023540455242487E-4
1.4936615916397137E-4
1.485093918558517E-4
1.476647632662869E-4
1.4683194786601844E-4
1.4601063324135724E-4
1.4520051942086318E-4
1.4440131824264353E-4
1.43612752759508E-4
1.4283455667938477E-4
1.4206647383863512E-4
1.4130825770609074E-4
1.4055967091574376E-4
1.3982048482624688E-4
1.3909047910543845E-4
1.3836944133832602E-4
1.3765716665695778E-4
1.3695345739086622E-4
1.3625812273672754E-4
1.3557097844605481E-4
1.3489184652981895E-4
1.3422055497891566E-4
1.3355693749956583E-4
1.3290083326266913E-4
1.3225208666635502E-4
1.3161054711084602E-4
1.3097606878500776E-4
1.303485104637849E-4
1.297277353159886E-4
1.2911361072175424E-4
1.285060080991737E-4
1.2790480273950353E-4
1.2730987365055168E-4
1.2672110340770332E-4
1.2613837801219235E-4
1.255615867562183E-4
1.2499062209450236E-4
1.2442537952196776E-4
1.2386575745716835E-4
1.2331165713119104E-4
1.227629824817089E-4
1.2221964005192887E-4
1.2168153889415555E-4
1.2114859047774884E-4
1.2062070860122283E-4
1.2009780930828351E-4
1.1957981080761974E-4
1.1906663339617888E-4
1.1855819938587505E-4
1.1805443303342312E-4
1.1755526047323588E-4
1.170606096531811E-4
1.1657041027308471E-4
1.160845937258205E-4
1.1560309304086432E-4
1.1512584283021636E-4
1.1465277923654306E-4
1.1418383988345322E-4
1.1371896382778661E-4
1.1325809151385643E-4
1.1280116472950302E-4
1.12348126563911E-4
1.1189892136710021E-4
1.114534947109921E-4
1.1101179335200844E-4
1.1057376519512036E-4
1.1013935925925606E-4
1.0970852564406484E-4
1.0928121549790308E-4
1.0885738098705693E-4
1.0843697526609682E-4
1.0801995244932795E-4
1.0760626758330629E-4
1.0719587662035513E-4
1.0678873639302796E-4
1.0638480458951839E-4
1.0598403972993089E-4
1.0558640114339312E-4
1.0519184894599075E-4
1.0480034401946247E-4
1.0441184799064771E-4
1.0402632321162439E-4
1.0364373274055318E-4
1.0326404032315686E-4
1.028872103748227E-4
1.025132079633319E-4
1.021419987921323E-4
1.0177354918418104E-4
1.014078260663273E-4
1.0104479695418016E-4
1.0068442993748955E-4
1.003266936659965E-4
9.997155733571466E-5
The correct rate for BP: 100.00% 
