2.5926310014632996
2.143466194683218
0.8129910186020016
0.173359484301316
0.009851399792076792
0.004256416844641952
0.0026149122019273148
0.0019899794132404226
0.0016639026266757123
0.0014591456090734586
0.001316727769269877
0.0012111903649435136
0.0011294047333048876
0.0010638045617805461
0.001009700962817418
9.640348841139186E-4
9.247312212337476E-4
8.903379592963919E-4
8.59812742954343E-4
8.323908732848973E-4
8.075006544340268E-4
7.847074518374711E-4
7.636757780222616E-4
7.44143036250358E-4
7.259009953418582E-4
7.087825044229328E-4
6.926518270681705E-4
6.773975174427309E-4
6.629271082672599E-4
6.491631072724279E-4
6.360399498993597E-4
6.235016583823735E-4
6.115000278020651E-4
5.999932088546484E-4
5.889445918156217E-4
5.783219209963321E-4
5.680965869142725E-4
5.582430564631065E-4
5.487384109758912E-4
5.395619691983966E-4
5.306949775102437E-4
5.221203537347859E-4
5.138224739102573E-4
5.057869937054105E-4
4.980006979341407E-4
4.904513729898621E-4
4.8312769807915337E-4
4.760191519599166E-4
4.691159325357863E-4
4.6240888716764553E-4
4.5588945196592244E-4
4.495495986472859E-4
4.433817877948967E-4
4.3737892756646514E-4
4.3153433705928783E-4
4.258417136751137E-4
4.2029510393612544E-4
4.148888772920045E-4
4.0961770253042314E-4
4.0447652646320254E-4
3.994605546094739E-4
3.9456523363831853E-4
3.8978623536716736E-4
3.8511944214096626E-4
3.80560933440806E-4
3.761069735909839E-4
3.7175400045046764E-4
3.6749861498914534E-4
3.6333757166158643E-4
3.592677695016542E-4
3.552862438701885E-4
3.51390158795889E-4
3.475767998562799E-4
3.4384356755132384E-4
3.4018797112748283E-4
3.366076228143628E-4
3.331002324400085E-4
3.296636023942573E-4
3.2629562291263005E-4
3.229942676558208E-4
3.197575895622672E-4
3.165837169532404E-4
3.1347084987191643E-4
3.1041725663938434E-4
3.0742127061211084E-4
3.044812871266982E-4
3.015957606189756E-4
2.987632019054326E-4
2.959821756161947E-4
2.932512977693018E-4
2.905692334771926E-4
2.879346947766815E-4
2.853464385746718E-4
2.82803264702171E-4
2.8030401406992767E-4
2.7784756691940173E-4
2.7543284116324836E-4
2.730587908098715E-4
2.707244044671397E-4
2.68428703920453E-4
2.6617074278092903E-4
2.639496051995756E-4
2.617644046437085E-4
2.596142827320666E-4
2.57498408125335E-4
2.5541597546898336E-4
2.5336620438553686E-4
2.5134833851357197E-4
2.4936164459092884E-4
2.474054115797172E-4
2.454789498309573E-4
2.435815902866967E-4
2.4171268371767985E-4
2.3987159999471744E-4
2.380577273920194E-4
2.362704719208539E-4
2.3450925669198176E-4
2.3277352130547074E-4
2.3106272126645393E-4
2.293763274255836E-4
2.277138254429868E-4
2.2607471527452867E-4
2.244585106793396E-4
2.228647387475606E-4
2.2129293944737064E-4
2.1974266519033303E-4
2.1821348041426868E-4
2.1670496118275998E-4
2.152166948005875E-4
2.1374827944429625E-4
2.12299323807245E-4
2.1086944675848438E-4
2.0945827701478404E-4
2.080654528252989E-4
2.066906216682298E-4
2.0533343995901514E-4
2.0399357276950828E-4
2.0267069355764966E-4
2.0136448390724342E-4
2.000746332773055E-4
1.9880083876065892E-4
1.9754280485131777E-4
1.9630024322036366E-4
1.9507287249985182E-4
1.9386041807450242E-4
1.92662611880824E-4
1.9147919221332874E-4
1.9030990353761433E-4
1.8915449630995496E-4
1.8801272680321087E-4
1.8688435693873747E-4
1.8576915412410374E-4
1.846668910963559E-4
1.8357734577061104E-4
1.8250030109379187E-4
1.8143554490328073E-4
1.8038286979027632E-4
1.7934207296775538E-4
1.7831295614274408E-4
1.772953253928473E-4
1.7628899104677465E-4
1.7529376756880697E-4
1.743094734469529E-4
1.733359310847494E-4
1.7237296669652153E-4
1.7142041020595854E-4
1.7047809514793673E-4
1.6954585857342747E-4
1.6862354095737933E-4
1.6771098610949173E-4
1.6680804108775167E-4
1.6591455611464714E-4
1.6503038449595286E-4
1.641553825419994E-4
1.632894094913396E-4
1.624323274367325E-4
1.6158400125334545E-4
1.6074429852911776E-4
1.5991308949721175E-4
1.5909024697042983E-4
1.5827564627762423E-4
1.5746916520193287E-4
1.566706839208436E-4
1.5588008494798745E-4
1.5509725307665597E-4
1.543220753248799E-4
1.5355444088215587E-4
1.527942410576496E-4
1.5204136922989357E-4
1.5129572079789085E-4
1.505571931336061E-4
1.4982568553580209E-4
1.4910109918513106E-4
1.4838333710050444E-4
1.4767230409665064E-4
1.4696790674286131E-4
1.462700533228306E-4
1.4557865379564522E-4
1.4489361975776244E-4
1.4421486440610595E-4
1.435423025020542E-4
1.428758503364838E-4
1.4221542569568119E-4
1.4156094782819903E-4
1.4091233741256982E-4
1.4026951652586954E-4
1.39632408613124E-4
1.3900093845747668E-4
1.3837503215118283E-4
1.3775461706730898E-4
1.3713962183218035E-4
1.365299762985398E-4
1.3592561151938606E-4
1.353264597224737E-4
1.3473245428546727E-4
1.3414352971172455E-4
1.3355962160667054E-4
1.3298066665478803E-4
1.3240660259715485E-4
1.3183736820956653E-4
1.3127290328117467E-4
1.3071314859366726E-4
1.3015804590095137E-4
1.2960753790933584E-4
1.2906156825819284E-4
1.2852008150109385E-4
1.2798302308739335E-4
1.2745033934425577E-4
1.269219774591221E-4
1.2639788546258156E-4
1.258780122116591E-4
1.2536230737349087E-4
1.248507214093961E-4
1.243432055593051E-4
1.2383971182657576E-4
1.2334019296313296E-4
1.228446024549797E-4
1.2235289450803047E-4
1.2186502403427397E-4
1.2138094663825234E-4
1.2090061860384238E-4
1.2042399688135428E-4
1.1995103907490754E-4
1.1948170343010136E-4
1.1901594882195728E-4
1.1855373474312772E-4
1.1809502129239166E-4
1.1763976916336664E-4
1.1718793963351333E-4
1.1673949455335089E-4
1.1629439633592437E-4
1.1585260794651023E-4
1.1541409289252068E-4
1.149788152136675E-4
1.1454673947229145E-4
1.141178307439493E-4
1.1369205460816442E-4
1.1326937713940068E-4
1.1284976489822149E-4
1.1243318492262719E-4
1.1201960471960471E-4
1.1160899225681323E-4
1.1120131595449275E-4
1.1079654467750492E-4
1.1039464772755943E-4
1.0999559483560736E-4
1.095993561543666E-4
1.0920590225103446E-4
1.0881520410013078E-4
1.0842723307649818E-4
1.0804196094843261E-4
1.0765935987097527E-4
1.0727940237931926E-4
1.0690206138237055E-4
1.0652731015641751E-4
1.0615512233895359E-4
1.0578547192260167E-4
1.0541833324917061E-4
1.0505368100382733E-4
1.0469149020940138E-4
1.0433173622076316E-4
1.0397439471936633E-4
1.0361944170784211E-4
1.0326685350475385E-4
1.0291660673940706E-4
1.0256867834679894E-4
1.0222304556263494E-4
1.0187968591846721E-4
1.0153857723690959E-4
1.011996976269587E-4
1.0086302547938782E-4
1.0052853946224579E-4
1.001962185164433E-4
9.986604185139068E-5
The correct rate for BP: 100.00% 
