2.605775837664963
2.4999976410840974
2.499998650337901
2.4999987458669883
2.499998757629083
2.4999987586953947
2.499998758335246
2.499998757783355
2.499998757205272
2.4999987566232145
2.499998756040163
2.4999987554565175
2.4999987548723297
2.4999987542876076
2.499998753702351
2.4999987531165586
2.49999875253023
2.499998751943365
2.4999987513559625
2.4999987507680217
2.499998750179542
2.4999987495905227
2.499998749000963
2.499998748410863
2.49999874782022
2.499998747229035
2.4999987466373064
2.499998746045034
2.499998745452217
2.499998744858854
2.499998744264945
2.499998743670489
2.4999987430754844
2.4999987424799324
2.499998741883831
2.49999874128718
2.4999987406899775
2.4999987400922232
2.4999987394939174
2.499998738895058
2.4999987382956457
2.499998737695678
2.4999987370951553
2.4999987364940766
2.499998735892441
2.4999987352902484
2.499998734687497
2.4999987340841865
2.499998733480316
2.499998732875885
2.499998732270893
2.4999987316653387
2.4999987310592213
2.49999873045254
2.4999987298452946
2.4999987292374835
2.499998728629107
2.499998728020163
2.499998727410652
2.4999987268005723
2.4999987261899235
2.4999987255787044
2.4999987249669156
2.4999987243545543
2.499998723741621
2.4999987231281144
2.499998722514034
2.4999987218993796
2.4999987212841495
2.4999987206683425
2.4999987200519587
2.499998719434997
2.499998718817457
2.499998718199337
2.499998717580637
2.4999987169613562
2.499998716341493
2.499998715721047
2.499998715100018
2.4999987144784046
2.499998713856206
2.4999987132334214
2.4999987126100502
2.499998711986091
2.499998711361544
2.4999987107364077
2.4999987101106815
2.499998709484364
2.4999987088574547
2.4999987082299535
2.4999987076018586
2.4999987069731695
2.4999987063438853
2.4999987057140056
2.499998705083529
2.499998704452455
2.499998703820783
2.4999987031885116
2.4999987025556405
2.499998701922168
2.499998701288094
2.4999987006534177
2.499998700018138
2.499998699382254
2.4999986987457645
2.49999869810867
2.4999986974709674
2.499998696832658
2.4999986961937406
2.499998695554213
2.499998694914076
2.499998694273327
2.4999986936319667
2.4999986929899936
2.4999986923474062
2.499998691704205
2.499998691060388
2.499998690415955
2.499998689770905
2.4999986891252366
2.4999986884789496
2.4999986878320426
2.4999986871845152
2.499998686536366
2.4999986858875953
2.4999986852382006
2.499998684588182
2.499998683937538
2.499998683286268
2.499998682634372
2.4999986819818476
2.4999986813286945
2.499998680674912
2.499998680020499
2.4999986793654556
2.499998678709779
2.49999867805347
2.4999986773965266
2.499998676738948
2.4999986760807342
2.4999986754218835
2.4999986747623955
2.4999986741022684
2.4999986734415023
2.4999986727800954
2.4999986721180476
2.4999986714553573
2.499998670792024
2.4999986701280466
2.499998669463424
2.499998668798156
2.499998668132241
2.499998667465678
2.499998666798467
2.499998666130606
2.499998665462094
2.499998664792931
2.4999986641231158
2.4999986634526468
2.4999986627815236
2.4999986621097454
2.499998661437311
2.499998660764219
2.499998660090469
2.4999986594160606
2.4999986587409913
2.4999986580652616
2.49999865738887
2.4999986567118158
2.499998656034097
2.499998655355714
2.4999986546766655
2.49999865399695
2.499998653316567
2.499998652635515
2.499998651953794
2.4999986512714014
2.4999986505883385
2.499998649904602
2.4999986492201924
2.4999986485351084
2.4999986478493486
2.4999986471629123
2.4999986464757993
2.4999986457880077
2.499998645099536
2.4999986444103848
2.4999986437205517
2.499998643030036
2.499998642338837
2.499998641646954
2.4999986409543853
2.4999986402611305
2.499998639567188
2.499998638872557
2.499998638177237
2.499998637481226
2.499998636784524
2.49999863608713
2.499998635389041
2.499998634690259
2.499998633990781
2.4999986332906063
2.4999986325897345
2.4999986318881637
2.4999986311858935
2.4999986304829225
2.49999862977925
2.4999986290748746
2.4999986283697955
2.4999986276640116
2.499998626957522
2.4999986262503255
2.499998625542421
2.4999986248338075
2.4999986241244843
2.4999986234144496
2.4999986227037034
2.4999986219922437
2.49999862128007
2.4999986205671805
2.4999986198535753
2.4999986191392525
2.499998618424211
2.49999861770845
2.4999986169919683
2.4999986162747656
2.49999861555684
2.49999861483819
2.4999986141188155
2.4999986133987147
2.4999986126778873
2.4999986119563316
2.499998611234046
2.499998610511031
2.499998609787284
2.499998609062805
2.499998608337592
2.4999986076116443
2.499998606884961
2.4999986061575408
2.4999986054293823
2.499998604700485
2.4999986039708477
2.499998603240469
2.4999986025093475
2.4999986017774827
2.499998601044873
2.499998600311518
2.499998599577416
2.4999985988425655
2.4999985981069663
2.4999985973706167
2.4999985966335156
2.499998595895662
2.4999985951570545
2.4999985944176926
2.4999985936775744
2.4999985929366995
2.499998592195066
2.4999985914526732
2.49999859070952
2.4999985899656054
2.4999985892209273
2.4999985884754854
2.4999985877292783
2.499998586982305
2.4999985862345646
2.4999985854860554
2.499998584736776
2.499998583986726
2.4999985832359033
2.499998582484308
2.4999985817319383
2.499998580978793
2.49999858022487
2.4999985794701693
2.4999985787146892
2.4999985779584293
2.4999985772013873
2.499998576443563
2.4999985756849545
2.4999985749255607
2.4999985741653803
2.4999985734044126
2.4999985726426566
2.4999985718801097
2.4999985711167723
2.499998570352642
2.499998569587718
2.499998568822
2.4999985680554855
2.499998567288173
2.4999985665200626
2.4999985657511523
2.4999985649814414
2.499998564210928
2.499998563439611
2.4999985626674897
2.4999985618945626
2.4999985611208277
2.4999985603462846
2.4999985595709324
2.499998558794769
2.499998558017793
2.499998557240004
2.4999985564614007
2.499998555681981
2.499998554901744
2.499998554120689
2.499998553338814
2.499998552556118
2.4999985517725998
2.4999985509882587
2.499998550203092
2.499998549417099
2.499998548630279
2.4999985478426305
2.4999985470541524
2.4999985462648424
2.4999985454747
2.499998544683724
2.4999985438919126
2.499998543099265
2.4999985423057796
2.499998541511455
2.49999854071629
2.4999985399202838
2.4999985391234345
2.4999985383257406
2.499998537527201
2.499998536727815
2.4999985359275803
2.499998535126496
2.499998534324561
2.4999985335217736
2.499998532718133
2.499998531913637
2.499998531108285
2.4999985303020753
2.4999985294950062
2.4999985286870774
2.499998527878286
2.499998527068633
2.499998526258115
2.499998525446731
2.4999985246344796
2.4999985238213602
2.4999985230073714
2.4999985221925103
2.499998521376777
2.4999985205601702
2.4999985197426873
2.499998518924328
2.4999985181050906
2.4999985172849737
2.4999985164639758
2.4999985156420954
2.4999985148193318
2.4999985139956826
2.499998513171147
2.4999985123457233
2.4999985115194105
2.499998510692207
2.4999985098641107
2.4999985090351213
2.4999985082052367
2.499998507374456
2.499998506542777
2.4999985057101988
2.49999850487672
2.499998504042339
2.499998503207054
2.4999985023708646
2.499998501533768
2.499998500695764
2.4999984998568503
2.499998499017026
2.499998498176289
2.499998497334638
2.499998496492072
2.4999984956485894
2.4999984948041885
2.4999984939588678
2.499998493112626
2.4999984922654614
2.499998491417373
2.499998490568359
2.4999984897184175
2.499998488867548
2.4999984880157475
2.499998487163016
2.499998486309351
2.499998485454752
2.499998484599217
2.4999984837427434
2.4999984828853314
2.499998482026978
2.499998481167683
2.499998480307444
2.4999984794462606
2.49999847858413
2.4999984777210504
2.499998476857021
2.4999984759920406
2.499998475126107
2.4999984742592196
2.4999984733913756
2.4999984725225737
2.4999984716528134
2.4999984707820917
2.4999984699104076
2.4999984690377604
2.499998468164147
2.499998467289567
2.4999984664140187
2.4999984655375
2.499998464660009
2.499998463781545
2.4999984629021057
2.499998462021691
2.499998461140297
2.4999984602579235
2.499998459374569
2.4999984584902313
2.4999984576049092
2.4999984567186004
2.499998455831304
2.4999984549430185
2.4999984540537414
2.4999984531634722
2.4999984522722083
2.4999984513799487
2.4999984504866912
2.499998449592434
2.499998448697177
2.499998447800917
2.4999984469036525
2.4999984460053817
2.499998445106104
2.499998444205817
2.499998443304519
2.499998442402209
2.499998441498884
2.4999984405945432
2.499998439689185
2.4999984387828076
2.499998437875409
2.4999984369669876
2.4999984360575422
2.49999843514707
2.4999984342355703
2.4999984333230416
2.4999984324094813
2.4999984314948875
2.49999843057926
2.4999984296625954
2.499998428744893
2.4999984278261507
2.499998426906367
2.4999984259855395
2.4999984250636675
2.499998424140748
2.49999842321678
2.499998422291762
2.4999984213656914
2.4999984204385677
2.4999984195103875
2.4999984185811504
2.499998417650854
2.4999984167194964
2.499998415787076
2.499998414853591
2.4999984139190397
2.499998412983421
2.4999984120467316
2.4999984111089706
2.499998410170136
2.499998409230226
2.4999984082892386
2.499998407347173
2.4999984064040257
2.4999984054597957
2.4999984045144816
2.4999984035680813
2.4999984026205926
2.4999984016720136
2.499998400722343
2.4999983997715782
2.4999983988197187
2.499998397866761
2.499998396912704
2.499998395957546
2.499998395001285
2.4999983940439194
2.4999983930854466
2.499998392125865
2.499998391165173
2.499998390203368
2.499998389240449
2.4999983882764134
2.4999983873112597
2.499998386344986
2.49999838537759
2.4999983844090705
2.499998383439425
2.499998382468651
2.499998381496748
2.4999983805237127
2.499998379549544
2.49999837857424
2.499998377597798
2.4999983766202165
2.4999983756414936
2.4999983746616277
2.4999983736806155
2.4999983726984563
2.4999983717151477
2.499998370730688
2.4999983697450747
2.4999983687583063
2.4999983677703805
2.4999983667812953
2.4999983657910487
2.499998364799639
2.4999983638070633
2.4999983628133213
2.4999983618184087
2.4999983608223255
2.4999983598250686
2.4999983588266357
2.499998357827026
2.4999983568262363
2.499998355824265
2.4999983548211095
2.499998353816769
2.49999835281124
2.4999983518045217
2.4999983507966115
2.4999983497875067
2.499998348777205
2.499998347765706
2.4999983467530065
2.4999983457391046
2.4999983447239984
2.4999983437076847
2.4999983426901626
2.49999834167143
2.4999983406514836
2.4999983396303227
2.499998338607944
2.4999983375843464
2.499998336559527
2.499998335533484
2.4999983345062144
2.499998333477717
2.4999983324479897
2.49999833141703
2.4999983303848357
2.4999983293514045
2.499998328316734
2.499998327280823
2.4999983262436687
2.4999983252052687
2.4999983241656207
2.499998323124723
2.499998322082573
2.4999983210391687
2.499998319994508
2.4999983189485886
2.4999983179014076
2.4999983168529636
2.499998315803254
2.4999983147522764
2.499998313700029
2.499998312646509
2.4999983115917144
2.499998310535643
2.4999983094782925
2.49999830841966
2.4999983073597445
2.4999983062985427
2.4999983052360526
2.499998304172272
2.4999983031071986
2.4999983020408294
2.4999983009731626
2.4999982999041963
2.4999982988339275
2.499998297762354
2.4999982966894736
2.499998295615284
2.499998294539783
2.499998293462968
2.499998292384836
2.4999982913053858
2.4999982902246143
2.499998289142519
2.499998288059098
2.499998286974349
2.4999982858882683
2.4999982848008555
2.499998283712107
2.4999982826220206
2.4999982815305937
2.499998280437824
2.4999982793437088
2.4999982782482464
2.4999982771514335
2.499998276053268
2.4999982749537475
2.49999827385287
2.499998272750632
2.4999982716470317
2.4999982705420662
2.499998269435734
2.499998268328031
2.499998267218956
2.4999982661085056
2.4999982649966785
2.4999982638834712
2.4999982627688815
2.4999982616529066
2.499998260535544
2.4999982594167913
2.499998258296646
2.499998257175106
2.4999982560521676
2.4999982549278292
2.4999982538020875
2.4999982526749407
2.4999982515463857
2.49999825041642
2.499998249285041
2.4999982481522465
2.499998247018033
2.4999982458823977
2.49999824474534
2.4999982436068553
2.499998242466942
2.4999982413255966
2.4999982401828174
2.4999982390386006
2.499998237892944
2.4999982367458458
2.4999982355973023
2.499998234447311
2.4999982332958695
2.4999982321429752
2.499998230988625
2.4999982298328165
2.499998228675546
2.4999982275168127
2.499998226356612
2.4999982251949424
2.4999982240318004
2.4999982228671835
2.499998221701089
2.4999982205335143
2.499998219364456
2.4999982181939124
2.4999982170218797
2.499998215848356
2.499998214673337
2.4999982134968217
2.4999982123188063
2.499998211139288
2.499998209958264
2.499998208775732
2.4999982075916884
2.499998206406131
2.4999982052190566
2.499998204030462
2.4999982028403447
2.499998201648703
2.499998200455532
2.499998199260829
2.499998198064593
2.499998196866819
2.4999981956675055
2.4999981944666487
2.499998193264246
2.4999981920602945
2.4999981908547917
2.4999981896477337
2.4999981884391183
2.499998187228942
2.4999981860172023
2.499998184803896
2.49999818358902
2.4999981823725714
2.4999981811545475
2.499998179934945
2.499998178713761
2.4999981774909923
2.4999981762666357
2.4999981750406888
2.4999981738131485
2.4999981725840104
2.499998171353273
2.4999981701209326
2.4999981688869863
2.4999981676514307
2.4999981664142634
2.4999981651754806
2.4999981639350795
2.499998162693057
2.4999981614494096
2.4999981602041346
2.4999981589572284
2.4999981577086885
2.4999981564585116
2.499998155206694
2.499998153953233
2.4999981526981254
2.4999981514413676
2.4999981501829573
2.49999814892289
2.4999981476611635
2.499998146397774
2.499998145132719
2.4999981438659944
2.4999981425975975
2.499998141327525
2.4999981400557734
2.4999981387823396
2.49999813750722
2.499998136230412
2.499998134951912
2.4999981336717165
2.499998132389822
2.499998131106225
2.4999981298209235
2.499998128533913
2.4999981272451905
2.4999981259547526
2.499998124662596
2.499998123368717
2.4999981220731127
2.4999981207757793
2.4999981194767136
2.499998118175912
2.499998116873371
2.499998115569088
2.4999981142630587
2.49999811295528
2.4999981116457484
2.4999981103344604
2.4999981090214125
2.4999981077066016
2.499998106390023
2.4999981050716746
2.499998103751552
2.499998102429653
2.4999981011059726
2.499998099780507
2.499998098453255
2.4999980971242106
2.4999980957933707
2.4999980944607327
2.499998093126292
2.499998091790046
2.4999980904519905
2.499998089112122
2.4999980877704364
2.499998086426931
2.499998085081601
2.4999980837344444
2.4999980823854564
2.499998081034633
2.499998079681971
2.4999980783274665
2.4999980769711163
2.499998075612917
2.4999980742528636
2.4999980728909534
2.4999980715271826
2.4999980701615465
2.499998068794042
2.499998067424666
2.499998066053414
2.499998064680282
2.4999980633052665
2.4999980619283644
2.4999980605495704
2.499998059168882
2.499998057786294
2.4999980564018043
2.4999980550154075
2.4999980536271007
2.4999980522368794
2.4999980508447397
2.499998049450679
2.4999980480546915
2.4999980466567746
2.4999980452569237
2.4999980438551352
2.499998042451405
2.4999980410457288
2.499998039638103
2.499998038228524
2.4999980368169874
2.4999980354034887
2.499998033988025
2.4999980325705913
2.499998031151184
2.499998029729799
2.4999980283064325
2.4999980268810793
2.4999980254537366
2.4999980240244
2.4999980225930654
2.4999980211597284
2.4999980197243845
2.4999980182870307
2.499998016847662
2.4999980154062746
2.4999980139628644
2.4999980125174264
2.4999980110699576
2.4999980096204526
2.499998008168908
2.4999980067153196
2.4999980052596826
2.4999980038019936
2.499998002342247
2.49999800088044
2.4999979994165678
2.4999979979506257
2.4999979964826093
2.4999979950125146
2.4999979935403376
2.4999979920660738
2.4999979905897183
2.4999979891112667
2.4999979876307155
2.49999798614806
2.4999979846632954
2.4999979831764176
2.4999979816874216
2.499997980196304
2.4999979787030595
2.499997977207684
2.499997975710173
2.499997974210522
2.499997972708726
2.499997971204781
2.4999979696986827
2.499997968190426
2.4999979666800067
2.49999796516742
2.4999979636526612
2.4999979621357262
2.49999796061661
2.4999979590953076
2.4999979575718156
2.4999979560461285
2.4999979545182414
2.49999795298815
2.49999795145585
2.4999979499213363
2.499997948384604
2.4999979468456486
2.4999979453044654
2.49999794376105
2.499997942215396
2.499997940667501
2.499997939117358
2.4999979375649644
2.4999979360103137
2.4999979344534013
2.499997932894223
2.4999979313327736
2.499997929769048
2.499997928203042
2.4999979266347494
2.4999979250641666
2.4999979234912884
2.4999979219161093
2.4999979203386244
2.49999791875883
2.4999979171767195
2.4999979155922887
2.499997914005532
2.499997912416445
2.499997910825023
2.4999979092312596
2.499997907635151
2.4999979060366915
2.4999979044358764
2.4999979028326997
2.4999979012271574
2.4999978996192436
2.4999978980089534
2.4999978963962817
2.4999978947812234
2.499997893163773
2.4999978915439254
2.4999978899216755
2.4999978882970177
2.4999978866699473
2.4999978850404583
2.499997883408546
2.4999978817742052
2.49999788013743
2.499997878498215
2.4999978768565554
2.4999978752124457
2.4999978735658805
2.499997871916854
2.4999978702653616
2.4999978686113966
2.499997866954955
2.4999978652960304
2.4999978636346176
2.4999978619707113
2.499997860304305
2.499997858635395
2.499997856963974
2.499997855290037
2.499997853613579
2.499997851934594
2.499997850253076
2.49999784856902
2.4999978468824198
2.49999784519327
2.499997843501565
2.499997841807299
2.4999978401104666
2.499997838411062
2.499997836709079
2.499997835004512
2.4999978332973556
2.4999978315876037
2.49999782987525
2.4999978281602893
2.4999978264427165
2.499997824722524
2.4999978229997075
2.49999782127426
2.4999978195461763
2.49999781781545
2.4999978160820753
2.499997814346046
2.499997812607357
2.499997810866001
2.499997809121973
2.4999978073752667
2.499997805625876
2.4999978038737942
2.499997802119016
2.4999978003615357
2.4999977986013455
2.499997796838441
2.4999977950728156
2.499997793304462
2.4999977915333758
2.499997789759549
2.4999977879829767
2.499997786203652
2.4999977844215686
2.4999977826367203
2.499997780849101
2.4999977790587042
2.4999977772655235
2.499997775469552
2.499997773670785
2.499997771869214
2.4999977700648337
2.4999977682576375
2.499997766447619
2.499997764634772
2.4999977628190893
2.4999977610005644
2.4999977591791915
2.499997757354963
2.4999977555278736
2.499997753697915
2.4999977518650827
2.499997750029368
2.4999977481907654
2.499997746349268
2.499997744504869
2.4999977426575617
2.499997740807339
2.4999977389541947
2.499997737098122
2.4999977352391136
2.499997733377163
2.4999977315122632
2.499997729644407
2.499997727773588
2.4999977258998
2.4999977240230344
2.499997722143285
2.4999977202605455
2.4999977183748077
2.4999977164860656
2.4999977145943113
2.4999977126995385
2.4999977108017397
2.499997708900908
2.4999977069970356
2.4999977050901157
2.4999977031801417
2.4999977012671057
2.4999976993510007
2.49999769743182
2.4999976955095553
2.4999976935841994
2.4999976916557465
2.4999976897241876
2.4999976877895156
2.499997685851724
2.499997683910804
2.4999976819667493
2.4999976800195522
2.4999976780692053
2.499997676115701
2.4999976741590313
2.4999976721991892
2.4999976702361675
2.4999976682699576
2.499997666300552
2.4999976643279442
2.4999976623521256
2.4999976603730887
2.4999976583908254
2.4999976564053283
2.4999976544165903
2.4999976524246024
2.4999976504293575
2.4999976484308473
2.4999976464290645
2.4999976444240013
2.499997642415649
2.499997640404
2.499997638389047
2.4999976363707814
2.4999976343491945
2.4999976323242796
2.4999976302960283
2.4999976282644316
2.499997626229482
2.4999976241911717
2.499997622149492
2.4999976201044354
2.4999976180559926
2.499997616004156
2.4999976139489175
2.4999976118902683
2.499997609828201
2.4999976077627055
2.4999976056937747
2.499997603621401
2.4999976015455743
2.4999975994662864
2.4999975973835293
2.4999975952972946
2.4999975932075733
2.4999975911143575
2.499997589017638
2.499997586917406
2.499997584813653
2.4999975827063707
2.4999975805955503
2.499997578481183
2.49999757636326
2.499997574241772
2.4999975721167105
2.499997569988067
2.499997567855833
2.4999975657199984
2.4999975635805542
2.499997561437493
2.4999975592908044
2.4999975571404796
2.49999755498651
2.499997552828886
2.4999975506675987
2.4999975485026393
2.4999975463339976
2.499997544161666
2.499997541985634
2.4999975398058925
2.4999975376224324
2.499997535435244
2.4999975332443185
2.4999975310496465
2.499997528851218
2.4999975266490235
2.499997524443055
2.4999975222333006
2.499997520019752
2.4999975178024005
2.499997515581235
2.499997513356247
2.4999975111274257
2.499997508894762
2.499997506658246
2.4999975044178684
2.4999975021736187
2.4999974999254873
2.4999974976734647
2.499997495417541
2.499997493157705
2.4999974908939477
2.4999974886262595
2.4999974863546295
2.4999974840790484
2.499997481799505
2.4999974795159905
2.4999974772284936
2.4999974749370053
2.499997472641514
2.49999747034201
2.499997468038483
2.4999974657309227
2.4999974634193185
2.49999746110366
2.499997458783937
2.499997456460139
2.499997454132256
2.4999974518002754
2.4999974494641886
2.4999974471239845
2.4999974447796514
2.49999744243118
2.499997440078559
2.4999974377217775
2.4999974353608247
2.49999743299569
2.4999974306263617
2.49999742825283
2.4999974258750837
2.499997423493111
2.4999974211069014
2.4999974187164433
2.499997416321727
2.4999974139227397
2.4999974115194705
2.499997409111909
2.499997406700043
2.499997404283862
2.499997401863354
2.4999973994385085
2.4999973970093126
2.4999973945757556
2.4999973921378267
2.499997389695513
2.499997387248804
2.4999973847976875
2.4999973823421517
2.4999973798821857
2.4999973774177766
2.4999973749489133
2.4999973724755837
2.499997369997776
2.4999973675154785
2.4999973650286793
2.499997362537366
2.499997360041526
2.4999973575411483
2.4999973550362204
2.49999735252673
2.499997350012665
2.4999973474940136
2.499997344970762
2.4999973424428994
2.4999973399104123
2.499997337373289
2.499997334831517
2.4999973322850835
2.499997329733976
2.4999973271781815
2.4999973246176883
2.4999973220524825
2.499997319482552
2.499997316907884
2.4999973143284655
2.4999973117442837
2.4999973091553263
2.4999973065615793
2.49999730396303
2.4999973013596652
2.4999972987514716
2.499997296138437
2.4999972935205474
2.4999972908977894
2.4999972882701504
2.4999972856376163
2.4999972830001744
2.4999972803578103
2.499997277710511
2.4999972750582637
2.4999972724010537
2.4999972697388677
2.4999972670716915
2.4999972643995125
2.4999972617223163
2.4999972590400885
2.499997256352816
2.4999972536604846
2.49999725096308
2.4999972482605886
2.4999972455529957
2.499997242840288
2.499997240122451
2.4999972373994694
2.49999723467133
2.4999972319380186
2.4999972291995194
2.4999972264558195
2.499997223706904
2.4999972209527574
2.499997218193366
2.499997215428715
2.4999972126587893
2.499997209883574
2.4999972071030547
2.499997204317217
2.4999972015260443
2.499997198729523
2.4999971959276377
2.499997193120373
2.4999971903077136
2.4999971874896443
2.499997184666151
2.4999971818372164
2.499997179002826
2.4999971761629647
2.4999971733176167
2.4999971704667656
2.499997167610398
2.4999971647484953
2.4999971618810437
2.499997159008027
2.499997156129429
2.499997153245234
2.4999971503554255
2.4999971474599882
2.499997144558905
2.4999971416521607
2.4999971387397384
2.499997135821622
2.4999971328977963
2.4999971299682424
2.499997127032946
2.4999971240918897
2.4999971211450562
2.49999711819243
2.499997115233994
2.4999971122697313
2.4999971092996245
2.4999971063236575
2.499997103341813
2.4999971003540735
2.499997097360423
2.4999970943608427
2.4999970913553167
2.499997088343827
2.4999970853263567
2.4999970823028876
2.4999970792734025
2.499997076237884
2.4999970731963144
2.4999970701486753
2.49999706709495
2.4999970640351203
2.499997060969168
2.499997057897075
2.4999970548188233
2.499997051734395
2.4999970486437717
2.499997045546935
2.4999970424438662
2.499997039334548
2.499997036218961
2.4999970330970864
2.4999970299689065
2.4999970268344023
2.4999970236935543
2.499997020546344
2.4999970173927526
2.499997014232761
2.49999701106635
2.4999970078935005
2.4999970047141944
2.4999970015284103
2.49999699833613
2.4999969951373338
2.499996991932002
2.499996988720116
2.499996985501654
2.499996982276598
2.4999969790449277
2.499996975806623
2.4999969725616635
2.49999696931003
2.4999969660517016
2.4999969627866587
2.4999969595148803
2.499996956236346
2.499996952951036
2.499996949658929
2.499996946360005
2.499996943054242
2.4999969397416204
2.499996936422119
2.4999969330957166
2.4999969297623923
2.4999969264221247
2.4999969230748924
2.4999969197206746
2.4999969163594495
2.4999969129911954
2.499996909615892
2.4999969062335157
2.4999969028440456
2.49999689944746
2.4999968960437364
2.4999968926328537
2.499996889214789
2.4999968857895203
2.4999968823570256
2.4999968789172815
2.4999968754702664
2.4999968720159575
2.4999968685543323
2.499996865085368
2.499996861609041
2.499996858125329
2.499996854634209
2.499996851135658
2.4999968476296517
2.4999968441161675
2.4999968405951822
2.4999968370666723
2.499996833530614
2.4999968299869826
2.4999968264357557
2.499996822876909
2.499996819310418
2.499996815736259
2.499996812154407
2.499996808564839
2.4999968049675294
2.4999968013624545
2.499996797749589
2.4999967941289083
2.4999967905003877
2.4999967868640027
2.4999967832197276
2.4999967795675375
2.4999967759074067
2.49999677223931
2.499996768563223
2.499996764879119
2.499996761186973
2.499996757486758
2.4999967537784493
2.4999967500620204
2.499996746337445
2.499996742604697
2.499996738863751
2.499996735114579
2.499996731357155
2.4999967275914527
2.499996723817445
2.4999967200351048
2.4999967162444054
2.4999967124453195
2.4999967086378203
2.4999967048218794
2.49999670099747
2.4999966971645646
2.4999966933231357
2.4999966894731545
2.4999966856145934
2.4999966817474246
2.4999966778716196
2.4999966739871504
2.499996670093988
2.4999966661921045
2.4999966622814713
2.499996658362058
2.4999966544338377
2.4999966504967803
2.499996646550856
2.4999966425960367
2.4999966386322923
2.499996634659593
2.49999663067791
2.4999966266872122
2.4999966226874704
2.499996618678655
2.4999966146607338
2.4999966106336786
2.499996606597458
2.4999966025520415
2.4999965984973973
2.499996594433496
2.499996590360306
2.499996586277796
2.4999965821859345
2.4999965780846902
2.4999965739740313
2.499996569853927
2.499996565724344
2.4999965615852515
2.4999965574366163
2.4999965532784074
2.4999965491105907
2.4999965449331345
2.4999965407460056
2.4999965365491725
2.4999965323426006
2.499996528126257
2.499996523900109
2.4999965196641223
2.499996515418264
2.4999965111624998
2.499996506896796
2.4999965026211184
2.4999964983354324
2.4999964940397046
2.499996489733899
2.4999964854179826
2.4999964810919186
2.499996476755674
2.4999964724092116
2.4999964680524975
2.4999964636854957
2.4999964593081696
2.499996454920485
2.4999964505224055
2.499996446113894
2.499996441694915
2.4999964372654317
2.499996432825408
2.499996428374806
2.499996423913589
2.49999641944172
2.4999964149591616
2.4999964104658767
2.499996405961827
2.4999964014469747
2.499996396921283
2.4999963923847113
2.4999963878372227
2.4999963832787793
2.49999637870934
2.499996374128868
2.4999963695373237
2.4999963649346677
2.4999963603208597
2.499996355695861
2.4999963510596315
2.499996346412131
2.4999963417533193
2.499996337083156
2.499996332401601
2.4999963277086117
2.4999963230041495
2.4999963182881717
2.4999963135606373
2.4999963088215047
2.499996304070732
2.499996299308277
2.4999962945340988
2.499996289748154
2.499996284950399
2.499996280140793
2.4999962753192917
2.4999962704858527
2.4999962656404318
2.4999962607829858
2.499996255913471
2.499996251031843
2.4999962461380583
2.4999962412320715
2.4999962363138386
2.499996231383314
2.4999962264404534
2.4999962214852114
2.499996216517542
2.4999962115373995
2.499996206544738
2.499996201539511
2.4999961965216735
2.499996191491177
2.4999961864479756
2.4999961813920217
2.4999961763232688
2.4999961712416683
2.4999961661471723
2.499996161039734
2.4999961559193045
2.499996150785835
2.499996145639277
2.499996140479581
2.4999961353066986
2.49999613012058
2.499996124921175
2.499996119708434
2.4999961144823075
2.499996109242744
2.499996103989693
2.4999960987231034
2.4999960934429244
2.499996088149105
2.4999960828415917
2.499996077520334
2.49999607218528
2.4999960668363754
2.499996061473569
2.4999960560968066
2.499996050706036
2.499996045301203
2.4999960398822543
2.499996034449135
2.499996029001791
2.4999960235401675
2.49999601806421
2.4999960125738627
2.4999960070690705
2.4999960015497775
2.4999959960159277
2.4999959904674647
2.4999959849043316
2.499995979326472
2.499995973733828
2.4999959681263424
2.499995962503958
2.4999959568666155
2.4999959512142573
2.499995945546824
2.4999959398642577
2.4999959341664986
2.4999959284534863
2.499995922725162
2.4999959169814647
2.4999959112223338
2.499995905447709
2.499995899657529
2.4999958938517315
2.499995888030256
2.4999958821930393
2.4999958763400194
2.4999958704711336
2.499995864586318
2.49999585868551
2.499995852768646
2.4999958468356605
2.499995840886491
2.4999958349210702
2.4999958289393356
2.4999958229412194
2.499995816926658
2.499995810895583
2.4999958048479294
2.49999579878363
2.499995792702617
2.4999957866048232
2.499995780490181
2.4999957743586214
2.499995768210076
2.499995762044476
2.4999957558617516
2.4999957496618332
2.4999957434446505
2.4999957372101327
2.4999957309582093
2.4999957246888083
2.4999957184018595
2.4999957120972893
2.499995705775026
2.4999956994349963
2.4999956930771274
2.4999956867013453
2.499995680307576
2.4999956738957447
2.499995667465777
2.499995661017598
2.499995654551131
2.4999956480663004
2.4999956415630304
2.499995635041242
2.49999562850086
2.499995621941806
2.499995615364001
2.4999956087673665
2.499995602151824
2.499995595517294
2.499995588863696
2.49999558219095
2.4999955754989753
2.4999955687876896
2.4999955620570127
2.4999955553068607
2.499995548537152
2.4999955417478037
2.499995534938731
2.4999955281098503
2.4999955212610776
2.4999955143923276
2.499995507503515
2.4999955005945527
2.499995493665356
2.4999954867158363
2.499995479745907
2.4999954727554803
2.499995465744467
2.499995458712779
2.4999954516603267
2.4999954445870194
2.499995437492767
2.4999954303774787
2.4999954232410637
2.4999954160834283
2.499995408904481
2.499995401704129
2.4999953944822777
2.499995387238833
2.499995379973701
2.499995372686786
2.499995365377992
2.4999953580472227
2.4999953506943817
2.499995343319371
2.499995335922092
2.499995328502447
2.4999953210603367
2.4999953135956607
2.499995306108319
2.499995298598211
2.4999952910652343
2.4999952835092873
2.4999952759302677
2.499995268328071
2.499995260702594
2.499995253053732
2.4999952453813794
2.499995237685431
2.49999522996578
2.49999522222232
2.4999952144549416
2.499995206663538
2.4999951988479996
2.4999951910082165
2.499995183144079
2.4999951752554757
2.499995167342295
2.4999951594044245
2.4999951514417518
2.499995143454162
2.4999951354415417
2.499995127403776
2.4999951193407486
2.499995111252343
2.4999951031384424
2.499995094998929
2.499995086833684
2.4999950786425873
2.4999950704255203
2.4999950621823612
2.499995053912989
2.4999950456172813
2.4999950372951143
2.499995028946366
2.4999950205709105
2.4999950121686223
2.499995003739376
2.4999949952830454
2.4999949867995013
2.499994978288616
2.4999949697502597
2.4999949611843038
2.499994952590616
2.499994943969066
2.4999949353195197
2.499994926641845
2.499994917935907
2.499994909201571
2.4999949004387014
2.4999948916471606
2.4999948828268117
2.499994873977517
2.499994865099136
2.499994856191529
2.4999948472545546
2.499994838288071
2.499994829291935
2.4999948202660036
2.4999948112101316
2.4999948021241734
2.499994793007982
2.4999947838614105
2.4999947746843096
2.499994765476531
2.4999947562379234
2.4999947469683357
2.499994737667616
2.49999472833561
2.4999947189721645
2.4999947095771233
2.499994700150331
2.4999946906916293
2.49999468120086
2.4999946716778636
2.49999466212248
2.499994652534548
2.499994642913904
2.499994633260385
2.4999946235738264
2.4999946138540623
2.4999946041009253
2.499994594314248
2.4999945844938605
2.4999945746395937
2.4999945647512756
2.4999945548287332
2.4999945448717935
2.4999945348802814
2.4999945248540207
2.499994514792835
2.499994504696544
2.499994494564971
2.499994484397933
2.499994474195249
2.4999944639567344
2.4999944536822065
2.4999944433714787
2.4999944330243644
2.4999944226406745
2.4999944122202202
2.49999440176281
2.4999943912682525
2.4999943807363536
2.4999943701669194
2.4999943595597527
2.4999943489146563
2.499994338231432
2.4999943275098784
2.4999943167497953
2.4999943059509784
2.499994295113224
2.4999942842363265
2.499994273320078
2.49999426236427
2.4999942513686926
2.499994240333134
2.4999942292573802
2.499994218141218
2.4999942069844305
2.4999941957868
2.4999941845481084
2.4999941732681332
2.4999941619466535
2.4999941505834444
2.4999941391782814
2.4999941277309365
2.4999941162411816
2.499994104708786
2.4999940931335183
2.4999940815151445
2.499994069853429
2.4999940581481352
2.4999940463990242
2.4999940346058556
2.4999940227683872
2.4999940108863754
2.4999939989595736
2.4999939869877355
2.499993974970611
2.499993962907949
2.4999939507994973
2.4999939386450003
2.4999939264442017
2.499993914196843
2.4999939019026636
2.499993889561401
2.4999938771727908
2.4999938647365676
2.499993852252462
2.499993839720205
2.499993827139524
2.4999938145101437
2.499993801831789
2.499993789104181
2.4999937763270395
2.4999937635000817
2.499993750623023
2.4999937376955774
2.499993724717454
2.4999937116883637
2.499993698608012
2.4999936854761033
2.49999367229234
2.4999936590564222
2.4999936457680474
2.4999936324269103
2.499993619032705
2.4999936055851206
2.4999935920838467
2.499993578528569
2.49999356491897
2.4999935512547315
2.4999935375355316
2.4999935237610464
2.49999350993095
2.4999934960449117
2.4999934821026017
2.4999934681036846
2.4999934540478246
2.499993439934681
2.499993425763913
2.4999934115351747
2.4999933972481196
2.4999933829023964
2.4999933684976523
2.499993354033532
2.4999933395096763
2.4999933249257236
2.49999331028131
2.499993295576068
2.499993280809627
2.4999932659816144
2.4999932510916536
2.499993236139365
2.4999932211243667
2.499993206046273
2.499993190904696
2.4999931756992435
2.4999931604295202
2.499993145095129
2.4999931296956683
2.4999931142307332
2.4999930986999157
2.499993083102805
2.4999930674389863
2.4999930517080413
2.499993035909548
2.499993020043083
2.4999930041082163
2.499992988104516
2.4999929720315475
2.49999295588887
2.499992939676041
2.4999929233926146
2.4999929070381395
2.4999928906121616
2.4999928741142234
2.4999928575438624
2.499992840900613
2.4999928241840053
2.499992807393565
2.4999927905288155
2.499992773589274
2.4999927565744553
2.4999927394838686
2.4999927223170193
2.49999270507341
2.4999926877525365
2.499992670353892
2.499992652876965
2.4999926353212403
2.4999926176861957
2.4999925999713075
2.4999925821760454
2.4999925642998746
2.4999925463422574
2.4999925283026494
2.499992510180502
2.4999924919752625
2.499992473686372
2.499992455313268
2.499992436855382
2.499992418312141
2.499992399682967
2.4999923809672757
2.499992362164479
2.4999923432739837
2.4999923242951887
2.4999923052274915
2.49999228607028
2.499992266822941
2.49999224748485
2.499992228055383
2.4999922085339064
2.499992188919782
2.4999921692123643
2.4999921494110056
2.4999921295150482
2.499992109523831
2.499992089436685
2.4999920692529365
2.499992048971905
2.499992028592903
2.499992008115237
2.4999919875382086
2.49999196686111
2.499991946083229
2.4999919252038465
2.4999919042222354
2.4999918831376626
2.499991861949388
2.499991840656664
2.499991819258737
2.499991797754846
2.499991776144221
2.499991754426087
2.4999917325996597
2.4999917106641494
2.499991688618756
2.4999916664626736
2.4999916441950893
2.49999162181518
2.4999915993221156
2.4999915767150585
2.4999915539931625
2.499991531155573
2.499991508201427
2.499991485129853
2.4999914619399712
2.499991438630893
2.499991415201721
2.499991391651549
2.499991367979461
2.499991344184534
2.4999913202658326
2.4999912962224147
2.4999912720533275
2.4999912477576087
2.499991223334287
2.4999911987823804
2.4999911741008973
2.499991149288836
2.499991124345185
2.4999910992689216
2.4999910740590137
2.4999910487144175
2.499991023234079
2.499990997616934
2.4999909718619056
2.499990945967908
2.499990919933842
2.499990893758598
2.499990867441055
2.4999908409800797
2.4999908143745273
2.49999078762324
2.49999076072505
2.499990733678775
2.4999907064832203
2.49999067913718
2.4999906516394343
2.4999906239887504
2.4999905961838826
2.4999905682235717
2.4999905401065448
2.4999905118315153
2.499990483397183
2.4999904548022336
2.4999904260453376
2.499990397125152
2.4999903680403186
2.4999903387894653
2.4999903093712037
2.49999027978413
2.4999902500268263
2.499990220097857
2.4999901899957733
2.4999901597191077
2.499990129266377
2.4999900986360823
2.4999900678267073
2.499990036836718
2.4999900056645643
2.499989974308677
2.4999899427674714
2.499989911039343
2.4999898791226682
2.4999898470158075
2.4999898147171007
2.4999897822248687
2.4999897495374137
2.4999897166530167
2.499989683569942
2.4999896502864294
2.4999896168007014
2.4999895831109593
2.499989549215382
2.4999895151121274
2.499989480799332
2.4999894462751113
2.4999894115375567
2.4999893765847374
2.4999893414147
2.499989306025467
2.499989270415038
2.4999892345813888
2.4999891985224694
2.4999891622362065
2.4999891257204996
2.499989088973226
2.4999890519922325
2.4999890147753447
2.4999889773203563
2.4999889396250383
2.499988901687132
2.499988863504351
2.4999888250743796
2.4999887863948755
2.499988747463464
2.4999887082777446
2.4999886688352833
2.4999886291336164
2.4999885891702496
2.4999885489426563
2.499988508448278
2.4999884676845237
2.499988426648769
2.4999883853383555
2.499988343750591
2.4999883018827496
2.499988259732067
2.499988217295746
2.499988174570952
2.499988131554813
2.4999880882444185
2.4999880446368214
2.499988000729034
2.499987956518031
2.4999879120007447
2.4999878671740685
2.4999878220348526
2.4999877765799066
2.4999877308059952
2.4999876847098403
2.4999876382881205
2.4999875915374674
2.4999875444544672
2.499987497035661
2.49998744927754
2.499987401176549
2.499987352729082
2.499987303931484
2.4999872547800495
2.4999872052710206
2.4999871554005875
2.499987105164885
2.4999870545599965
2.499987003581947
2.499986952226708
2.4999869004901893
2.499986848368248
2.499986795856677
2.4999867429512106
2.4999866896475216
2.4999866359412195
2.499986581827851
2.499986527302897
2.499986472361773
2.4999864169998247
2.499986361212333
2.4999863049945064
2.4999862483414828
2.4999861912483277
2.499986133710033
2.4999860757215155
2.499986017277615
2.4999859583730943
2.499985899002635
2.4999858391608396
2.499985778842227
2.499985718041232
2.4999856567522047
2.4999855949694076
2.499985532687013
2.4999854698991033
2.4999854065996696
2.4999853427826073
2.4999852784417165
2.4999852135706977
2.499985148163155
2.4999850822125866
2.4999850157123897
2.4999849486558543
2.4999848810361622
2.499984812846386
2.4999847440794856
2.4999846747283057
2.4999846047855736
2.499984534243898
2.499984463095766
2.49998439133354
2.4999843189494544
2.4999842459356163
2.499984172283998
2.4999840979864403
2.4999840230346426
2.4999839474201653
2.4999838711344253
2.499983794168693
2.499983716514088
2.499983638161577
2.4999835591019726
2.4999834793259246
2.4999833988239213
2.499983317586285
2.4999832356031657
2.499983152864542
2.499983069360213
2.4999829850797957
2.4999829000127236
2.499982814148237
2.4999827274753845
2.499982639983016
2.4999825516597776
2.4999824624941076
2.4999823724742334
2.499982281588164
2.4999821898236867
2.4999820971683615
2.499982003609516
2.499981909134239
2.4999818137293772
2.4999817173815275
2.4999816200770315
2.499981521801969
2.499981422542155
2.4999813222831273
2.4999812210101466
2.4999811187081837
2.499981015361918
2.4999809109557254
2.499980805473675
2.4999806988995186
2.499980591216685
2.4999804824082696
2.4999803724570295
2.499980261345372
2.4999801490553457
2.4999800355686346
2.499979920866545
2.4999798049299993
2.499979687739523
2.4999795692752365
2.499979449516844
2.4999793284436223
2.499979206034411
2.499979082267599
2.4999789571211135
2.4999788305724087
2.4999787025984506
2.499978573175707
2.499978442280131
2.4999783098871506
2.4999781759716506
2.4999780405079592
2.4999779034698344
2.499977764830445
2.4999776245623573
2.499977482637515
2.499977339027224
2.4999771937021342
2.4999770466322198
2.49997689778676
2.4999767471343195
2.499976594642728
2.499976440279059
2.4999762840096054
2.499976125799859
2.4999759656144858
2.4999758034173016
2.4999756391712467
2.499975472838358
2.4999753043797437
2.499975133755554
2.499974960924951
2.4999747858460797
2.499974608476034
2.4999744287708277
2.4999742466853574
2.499974062173367
2.499973875187412
2.4999736856788237
2.499973493597665
2.499973298892693
2.499973101511315
2.499972901399544
2.4999726985019532
2.4999724927616276
2.499972284120115
2.499972072517373
2.499971857891716
2.499971640179759
2.499971419316358
2.499971195234552
2.4999709678654964
2.4999707371383986
2.4999705029804495
2.499970265316751
2.4999700240702425
2.499969779161621
2.4999695305092615
2.4999692780291305
2.4999690216347004
2.499968761236852
2.4999684967437847
2.4999682280609066
2.4999679550907383
2.4999676777327964
2.4999673958834787
2.4999671094359472
2.4999668182799977
2.4999665223019285
2.499966221384403
2.499965915406303
2.499965604242579
2.4999652877640886
2.499964965837428
2.4999646383247605
2.499964305083629
2.4999639659667645
2.499963620821882
2.4999632694914666
2.4999629118125513
2.4999625476164784
2.4999621767286535
2.499961798968283
2.4999614141481006
2.499961022074074
2.499960622545105
2.499960215352702
2.4999598002806454
2.499959377104624
2.4999589455918634
2.4999585055007185
2.499958056580258
2.499957598569815
2.499957131198511
2.4999566541847646
2.499956167235753
2.4999556700468557
2.4999551623010587
2.4999546436683238
2.499954113804918
2.4999535723527027
2.4999530189383794
2.4999524531726838
2.4999518746495326
2.499951282945113
2.4999506776169147
2.499950058202694
2.4999494242193743
2.499948775161868
2.4999481105018213
2.499947429686272
2.4999467321362085
2.4999460172450396
2.4999452843769405
2.4999445328650904
2.499943762009777
2.499942971076362
2.4999421592930946
2.49994132584876
2.4999404698901455
2.499939590519317
2.499938686790672
2.4999377577077664
2.499936802219882
2.4999358192183143
2.499934807532354
2.4999337659249323
2.499932693087893
2.499931587636862
2.4999304481056663
2.499929272940256
2.499928060492084
2.49992680901088
2.4999255166367544
2.4999241813915627
2.4999228011694403
2.4999213737264254
2.4999198966690575
2.4999183674418317
2.499916783313382
2.4999151413612304
2.499913438454935
2.499911671237431
2.4999098361043415
2.4999079291809965
2.4999059462968516
2.4999038829569695
2.4999017343101615
2.4998994951133153
2.499897159691389
2.4998947218924266
2.4998921750368757
2.4998895118603404
2.49988672444877
2.4998838041648863
2.4998807415644597
2.4998775263007476
2.4998741470151273
2.4998705912115344
2.499866845111865
2.4998628934888996
2.499858719472584
2.49985430432461
2.4998496271750947
2.499844664713769
2.4998393908262666
2.4998337761638583
2.4998277876320576
2.4998213877797713
2.499814534065812
2.4998071779732354
2.4997992639335633
2.4997907280118388
2.499781496288476
2.4997714828536344
2.4997605873021023
2.499748691578294
2.4997356559672066
2.499721313950874
2.49970546554012
2.499687868531138
2.4996682268985144
2.499646175176933
2.4996212571301406
2.4995928961346223
2.499560353302017
2.4995226670437005
2.499478563830328
2.4994263229498235
2.4993635653819664
2.4992869127515593
2.4991914140239317
2.4990695353853822
2.4989092773440706
2.4986904150474336
2.498376317520557
2.4978940651947
2.4970784079501964
2.495476781238974
2.4914064035580292
2.4733752196242937
1.6581762897138872
0.15656390956039495
2.13064835984896E-4
2.1559023104906566E-4
2.098151784905152E-4
2.0325483666726763E-4
1.9694900396258062E-4
1.9100549707818317E-4
1.854097664810209E-4
1.801341688906147E-4
1.7515217370018946E-4
1.7043987768344712E-4
1.659758798701537E-4
1.617409874618631E-4
1.5771794101217474E-4
1.538911768875227E-4
1.5024662359137484E-4
1.4677152675651934E-4
1.434542982410158E-4
1.4028438554137786E-4
1.3725215839785427E-4
1.3434881000403266E-4
1.315662706694723E-4
1.288971321390793E-4
1.2633458106349054E-4
1.2387234035333725E-4
1.2150461734714338E-4
1.1922605788564155E-4
1.1703170552097438E-4
1.1491696520239556E-4
1.12877570874924E-4
1.1090955650720607E-4
1.0900923013198111E-4
1.0717315053950961E-4
1.0539810631259925E-4
1.0368109693302039E-4
1.0201931572409997E-4
1.0041013442446575E-4
9.885108921357692E-5
The correct rate for BP: 100.00% 
