2.79803129964314
2.499992683375884
2.4999955368245566
2.4999958084037774
2.4999958368716855
2.499995834153901
2.4999958272533283
2.4999958197689756
2.4999958121833252
2.4999958045610073
2.499995796910578
2.4999957892330658
2.499995781528487
2.4999957737967224
2.499995766037635
2.499995758251081
2.4999957504369186
2.4999957425950026
2.499995734725189
2.4999957268273305
2.499995718901281
2.4999957109468913
2.4999957029640125
2.4999956949524944
2.499995686912186
2.4999956788429345
2.499995670744586
2.4999956626169872
2.499995654459981
2.4999956462734123
2.499995638057122
2.4999956298109516
2.4999956215347416
2.49999561322833
2.4999956048915553
2.4999955965242533
2.4999955881262594
2.4999955796974085
2.4999955712375335
2.4999955627464656
2.4999955542240357
2.4999955456700738
2.4999955370844074
2.4999955284668633
2.4999955198172676
2.4999955111354453
2.4999955024212186
2.49999549367441
2.49999548489484
2.499995476082328
2.4999954672366913
2.4999954583577475
2.4999954494453114
2.499995440499197
2.499995431519217
2.4999954225051826
2.4999954134569036
2.4999954043741885
2.499995395256845
2.4999953861046773
2.4999953769174907
2.499995367695088
2.499995358437269
2.499995349143835
2.499995339814583
2.4999953304493108
2.4999953210478134
2.4999953116098843
2.499995302135316
2.499995292623898
2.4999952830754206
2.4999952734896707
2.4999952638664342
2.499995254205495
2.4999952445066356
2.4999952347696373
2.499995224994279
2.4999952151803377
2.4999952053275907
2.4999951954358104
2.499995185504771
2.499995175534241
2.4999951655239907
2.499995155473787
2.4999951453833944
2.499995135252577
2.499995125081096
2.499995114868711
2.4999951046151807
2.4999950943202602
2.4999950839837046
2.4999950736052647
2.4999950631846914
2.4999950527217334
2.4999950422161357
2.499995031667643
2.499995021075998
2.4999950104409407
2.4999949997622086
2.4999949890395383
2.4999949782726634
2.4999949674613156
2.499994956605225
2.499994945704118
2.4999949347577215
2.4999949237657573
2.4999949127279457
2.499994901644007
2.499994890513656
2.499994879336608
2.4999948681125734
2.4999948568412615
2.49999484552238
2.499994834155633
2.4999948227407227
2.4999948112773485
2.499994799765208
2.4999947882039955
2.499994776593403
2.499994764933121
2.4999947532228353
2.4999947414622308
2.4999947296509903
2.4999947177887916
2.4999947058753116
2.499994693910224
2.4999946818931997
2.4999946698239084
2.499994657702013
2.4999946455271775
2.499994633299062
2.499994621017323
2.499994608681614
2.4999945962915864
2.4999945838468887
2.4999945713471647
2.499994558792058
2.499994546181206
2.4999945335142453
2.4999945207908087
2.499994508010525
2.499994495173021
2.4999944822779194
2.4999944693248404
2.4999944563133996
2.499994443243211
2.4999944301138846
2.499994416925025
2.499994403676237
2.4999943903671187
2.499994376997266
2.4999943635662714
2.4999943500737234
2.4999943365192068
2.499994322902303
2.4999943092225902
2.499994295479641
2.499994281673026
2.4999942678023106
2.499994253867058
2.4999942398668256
2.4999942258011676
2.499994211669635
2.499994197471773
2.4999941832071246
2.4999941688752263
2.499994154475613
2.4999941400078125
2.499994125471351
2.499994110865749
2.4999940961905227
2.4999940814451835
2.4999940666292386
2.499994051742191
2.499994036783538
2.4999940217527743
2.4999940066493873
2.499993991472861
2.4999939762226755
2.4999939608983035
2.499993945499215
2.4999939300248735
2.4999939144747385
2.4999938988482637
2.499993883144898
2.4999938673640845
2.4999938515052627
2.4999938355678633
2.499993819551315
2.4999938034550393
2.499993787278453
2.499993771020965
2.499993754681982
2.499993738260903
2.4999937217571206
2.499993705170022
2.4999936884989893
2.499993671743397
2.4999936549026147
2.4999936379760057
2.4999936209629263
2.499993603862727
2.4999935866747514
2.4999935693983364
2.499993552032814
2.4999935345775075
2.4999935170317342
2.499993499394805
2.4999934816660225
2.499993463844684
2.4999934459300786
2.4999934279214884
2.4999934098181886
2.4999933916194457
2.499993373324521
2.4999933549326663
2.4999933364431266
2.4999933178551386
2.499993299167932
2.4999932803807274
2.499993261492738
2.4999932425031686
2.499993223411217
2.49999320421607
2.499993184916908
2.499993165512903
2.499993146003215
2.4999931263870008
2.499993106663403
2.499993086831558
2.4999930668905916
2.499993046839622
2.4999930266777555
2.4999930064040914
2.499992986017718
2.4999929655177136
2.4999929449031475
2.499992924173078
2.499992903326553
2.4999928823626116
2.4999928612802806
2.499992840078577
2.4999928187565086
2.4999927973130687
2.4999927757472427
2.499992754058003
2.499992732244311
2.4999927103051176
2.499992688239361
2.4999926660459675
2.499992643723852
2.4999926212719163
2.499992598689051
2.4999925759741335
2.4999925531260283
2.4999925301435875
2.4999925070256497
2.499992483771041
2.4999924603785733
2.499992436847045
2.499992413175241
2.499992389361932
2.4999923654058738
2.4999923413058096
2.4999923170604665
2.4999922926685567
2.4999922681287776
2.4999922434398125
2.499992218600327
2.4999921936089726
2.4999921684643844
2.4999921431651817
2.4999921177099664
2.499992092097324
2.499992066325824
2.499992040394018
2.49999201430044
2.4999919880436074
2.499991961622017
2.4999919350341515
2.4999919082784707
2.499991881353419
2.4999918542574204
2.4999918269888792
2.499991799546181
2.4999917719276903
2.499991744131752
2.499991716156691
2.49999168800081
2.4999916596623915
2.499991631139696
2.499991602430963
2.4999915735344085
2.499991544448226
2.4999915151705876
2.49999148569964
2.4999914560335084
2.4999914261702925
2.4999913961080678
2.499991365844885
2.4999913353787706
2.4999913047077245
2.4999912738297203
2.499991242742706
2.499991211444603
2.4999911799333034
2.499991148206674
2.499991116262553
2.4999910840987476
2.499991051713039
2.4999910191031764
2.4999909862668805
2.4999909532018405
2.4999909199057146
2.4999908863761298
2.49999085261068
2.499990818606928
2.499990784362401
2.4999907498745952
2.49999071514097
2.4999906801589504
2.4999906449259264
2.499990609439252
2.4999905736962433
2.4999905376941793
2.499990501430302
2.4999904649018125
2.4999904281058742
2.49999039103961
2.4999903537001016
2.4999903160843893
2.4999902781894705
2.4999902400123
2.49999020154979
2.499990162798806
2.499990123756169
2.4999900844186533
2.499990044782987
2.49999000484585
2.499989964603873
2.499989924053637
2.499989883191673
2.4999898420144593
2.499989800518424
2.4999897586999382
2.4999897165553215
2.499989674080837
2.499989631272692
2.499989588127034
2.4999895446399543
2.4999895008074837
2.4999894566255914
2.499989412090185
2.499989367197109
2.499989321942143
2.499989276321001
2.499989230329331
2.49998918396271
2.49998913721665
2.4999890900865864
2.499989042567886
2.49998899465584
2.499988946345667
2.499988897632505
2.4999888485114155
2.499988798977381
2.4999887490253014
2.499988698649993
2.4999886478461892
2.4999885966085342
2.4999885449315866
2.499988492809812
2.4999884402375874
2.4999883872091924
2.499988333718813
2.4999882797605366
2.4999882253283516
2.499988170416142
2.499988115017691
2.499988059126673
2.4999880027366546
2.499987945841091
2.499987888433325
2.499987830506583
2.499987772053974
2.4999877130684838
2.499987653542978
2.499987593470194
2.4999875328427397
2.499987471653094
2.4999874098935977
2.4999873475564565
2.499987284633734
2.4999872211173497
2.4999871569990773
2.499987092270538
2.499987026923201
2.4999869609483767
2.4999868943372148
2.4999868270806997
2.4999867591696483
2.499986690594705
2.4999866213463346
2.4999865514148256
2.4999864807902785
2.4999864094626054
2.4999863374215248
2.4999862646565556
2.4999861911570145
2.4999861169120092
2.4999860419104354
2.4999859661409682
2.4999858895920615
2.499985812251938
2.4999857341085856
2.499985655149753
2.4999855753629396
2.4999854947353946
2.4999854132541057
2.4999853309057953
2.499985247676914
2.4999851635536317
2.4999850785218314
2.4999849925671027
2.499984905674733
2.4999848178296995
2.499984729016662
2.499984639219955
2.499984548423576
2.499984456611181
2.499984363766072
2.499984269871188
2.499984174909096
2.499984078861983
2.4999839817116403
2.4999838834394565
2.4999837840264068
2.4999836834530385
2.499983581699462
2.499983478745338
2.4999833745698616
2.4999832691517545
2.4999831624692486
2.49998305450007
2.4999829452214284
2.49998283461
2.499982722641912
2.4999826092927266
2.4999824945374254
2.4999823783503907
2.4999822607053885
2.4999821415755497
2.499982020933352
2.499981898750598
2.4999817749983966
2.499981649647141
2.499981522666486
2.4999813940253266
2.499981263691773
2.4999811316331266
2.499980997815854
2.4999808622055597
2.499980724766962
2.49998058546386
2.4999804442591063
2.4999803011145767
2.499980155991136
2.499980008848607
2.4999798596457334
2.499979708340147
2.499979554888327
2.4999793992455643
2.499979241365917
2.4999790812021723
2.4999789187057995
2.4999787538269067
2.4999785865141915
2.4999784167148915
2.4999782443747334
2.499978069437878
2.4999778918468665
2.4999777115425577
2.4999775284640706
2.4999773425487186
2.499977153731943
2.4999769619472447
2.4999767671261095
2.4999765691979334
2.499976368089943
2.4999761637271125
2.4999759560320767
2.4999757449250395
2.4999755303236797
2.4999753121430524
2.4999750902954814
2.499974864690453
2.4999746352345014
2.499974401831087
2.4999741643804714
2.499973922779585
2.49997367692189
2.4999734266972324
2.4999731719916904
2.499972912687415
2.4999726486624585
2.499972379790599
2.4999721059411537
2.4999718269787814
2.499971542763275
2.4999712531493463
2.4999709579863936
2.4999706571182605
2.499970350382982
2.4999700376125107
2.4999697186324394
2.499969393261693
2.4999690613122176
2.49996872258864
2.4999683768879155
2.499968023998952
2.4999676637022117
2.4999672957692893
2.4999669199624672
2.4999665360342407
2.499966143726815
2.4999657427715745
2.499965332888512
2.499964913785631
2.4999644851583014
2.499964046688581
2.4999635980444865
2.499963138879224
2.4999626688303622
2.4999621875189515
2.499961694548589
2.499961189504413
2.4999606719520293
2.499960141436367
2.499959597480447
2.49995903958407
2.4999584672224007
2.499957879844459
2.4999572768714895
2.4999566576952166
2.4999560216759655
2.499955368140637
2.4999546963805273
2.499954005648978
2.4999532951588384
2.49995256407972
2.499951811535036
2.4999510365987856
2.499950238292081
2.4999494155793687
2.4999485673643354
2.499947692485454
2.4999467897111347
2.499945857734448
2.4999448951673617
2.4999439005344524
2.4999428722660286
2.4999418086906022
2.4999407080266343
2.499939568373475
2.4999383877014076
2.499937163840685
2.499935894469449
2.499934577100387
2.4999332090659845
2.499931787502187
2.499930309330279
2.4999287712367435
2.4999271696508467
2.4999255007196366
2.499923760280011
2.499921943827443
2.4999200464809084
2.4999180629434488
2.4999159874577552
2.4999138137560135
2.4999115350031476
2.4999091437324297
2.4999066317722596
2.4999039901626636
2.499901209059831
2.499898277626654
2.499895183906848
2.4998919146797487
2.499888455292275
2.4998847894638105
2.499880899058855
2.499876763821119
2.499872361061347
2.4998676652893073
2.499862647778125
2.49985727604619
2.4998515132381347
2.499845317381525
2.4998386404895894
2.499831427472045
2.4998236148051345
2.4998151288974237
2.4998058840682904
2.4997957800294577
2.4997846987234227
2.499772500322106
2.499759018118156
2.499744051940767
2.499727359583188
2.4997086455179724
2.4996875458631593
2.4996636080910055
2.4996362632468543
2.4996047873114984
2.4995682465234816
2.4995254184949136
2.4994746759212347
2.4994138109281274
2.4993397623246496
2.4992481784746894
2.4991326905446973
2.4989836510872823
2.498785829350571
2.4985139297388335
2.4981231754030464
2.4975274578564477
2.496541447233867
2.4946955241772097
2.4904423316549185
2.47519964086412
1.98091962294866
0.0792205207930871
1.814060176062284E-8
The correct rate for BP: 100.00% 
