2.5829874550609464
2.4998886391193316
2.499913909111016
2.49991517150651
2.4999137713614132
2.4999119582202973
2.499910020759677
2.499907993179865
2.4999058753016716
2.499903661917875
2.499901346685109
2.49989892259443
2.49989638197553
2.4998937164300825
2.4998909167459753
2.4998879727977132
2.49988487343177
2.499881606334366
2.4998781578784985
2.4998745129463553
2.4998706547224083
2.4998665644514233
2.4998622211543005
2.4998576012930007
2.4998526783736716
2.4998474224743856
2.4998417996803832
2.4998357714051878
2.4998292935700004
2.499822315605972
2.499814779233532
2.499806616959047
2.499797750210175
2.499788087005553
2.499777519018802
2.4997659178470517
2.4997531302237865
2.4997389718147422
2.49972321908869
2.499705598537777
2.4996857721958543
2.499663317903762
2.499637701990566
2.499608240794124
2.4995740454061264
2.4995339405992474
2.4994863429528995
2.4994290725372728
2.499359052644951
2.4992718133292136
2.4991606350466053
2.4990149955882277
2.498817578460181
2.4985380677760998
2.4981190216563656
2.4974395645943197
2.496205258611557
2.493521963372328
2.4854148915352807
2.4270416515995454
0.3919365617989649
1.967803249287144
1.9539314416286853
0.06705080477523967
2.729651660664828E-4
3.2652555339689833E-4
2.5664788753586635E-4
2.0028976176362338E-4
1.6305993894399174E-4
1.37487328539E-4
1.1889284030734088E-4
1.0474180221014718E-4
9.35959407313929E-5
The correct rate for BP: 100.00% 
