2.827337879636458
2.498353887034579
2.4984326752501507
2.49824557032374
2.497973924587848
2.4976159580179482
2.497135341047532
2.496465821984049
2.495486394938334
2.4939566081754165
2.4913373235269454
2.4861896896879223
2.4734568963929124
2.4232044162414685
1.695770677530009
0.1447750401710046
0.005336284446144516
0.0023257464139892384
0.0014771848532586782
0.0011308767454763311
9.359328204441535E-4
8.060489223402096E-4
7.115690560815091E-4
6.391461007135058E-4
5.816187388889385E-4
5.347046072018722E-4
4.95653656134994E-4
4.626070096530798E-4
4.342577459353301E-4
4.0965756478349895E-4
3.881002541596216E-4
3.690482548688317E-4
3.520846606009546E-4
3.368808620514745E-4
3.231741532100615E-4
3.107518733620203E-4
2.994399492861266E-4
2.8909446802782927E-4
2.7959537943309583E-4
2.7084172257821695E-4
2.6274796038187393E-4
2.552411319803006E-4
2.482586166459815E-4
2.4174636063162565E-4
2.3565745837151027E-4
2.2995100773673665E-4
2.2459117926158315E-4
2.1954645390816771E-4
2.1478899467455555E-4
2.102941253079744E-4
2.0603989533993184E-4
2.020067151592594E-4
1.981770482685362E-4
1.9453515050485198E-4
1.9106684804718534E-4
1.8775934762517053E-4
1.84601073595112E-4
1.8158152753838444E-4
1.7869116682423506E-4
1.7592129920892519E-4
1.7326399105000654E-4
1.7071198712427705E-4
1.6825864037163236E-4
1.658978501590089E-4
1.6362400788229832E-4
1.614319489082338E-4
1.5931691001068901E-4
1.5727449158254702E-4
1.553006240100052E-4
1.5339153768460963E-4
1.515437362026985E-4
1.4975397236461626E-4
1.4801922663906152E-4
1.463366878028911E-4
1.4470373550503571E-4
1.4311792453578886E-4
1.415769706107443E-4
1.4007873750264426E-4
1.386212253750238E-4
1.3720256018934536E-4
1.3582098407282137E-4
1.3447484654729525E-4
1.331625965313129E-4
1.3188277503752452E-4
1.3063400849641312E-4
1.2941500264499256E-4
1.2822453692595137E-4
1.270614593485582E-4
1.2592468176793884E-4
1.248131755438064E-4
1.2372596754395951E-4
1.226621364612278E-4
1.2162080941593065E-4
1.2060115881856323E-4
1.1960239947000543E-4
1.1862378587879695E-4
1.17664609776926E-4
1.1672419781742795E-4
1.1580190943861241E-4
1.1489713488121566E-4
1.1400929334597937E-4
1.1313783128035428E-4
1.122822207840081E-4
1.1144195812376958E-4
1.1061656234943381E-4
1.09805574002676E-4
1.0900855391187898E-4
1.0822508206642398E-4
1.0745475656443491E-4
1.0669719262854208E-4
1.0595202168465828E-4
1.0521889049913863E-4
1.0449746037016216E-4
1.0378740636941751E-4
1.0308841663051218E-4
1.0240019168088488E-4
1.017224438141048E-4
1.0105489649985716E-4
1.0039728382897083E-4
9.974934999114246E-5
The correct rate for BP: 100.00% 
