2.643034437478813
2.499985993878884
2.49999078866114
2.4999912479746578
2.4999912771478767
2.499991250594455
2.49999121637203
2.4999911808897997
2.49999114500475
2.4999911088293194
2.4999910723759893
2.4999910356437938
2.4999909986299196
2.4999909613312687
2.4999909237446634
2.4999908858668762
2.4999908476946313
2.4999908092246055
2.499990770453425
2.4999907313776673
2.499990691993858
2.4999906522984716
2.4999906122879287
2.499990571958598
2.499990531306792
2.4999904903287677
2.499990449020725
2.4999904073788066
2.4999903653990954
2.4999903230776157
2.4999902804103282
2.4999902373931335
2.499990194021867
2.4999901502923
2.4999901062001375
2.4999900617410176
2.4999900169105094
2.4999899717041116
2.499989926117253
2.4999898801452876
2.4999898337834967
2.4999897870270864
2.4999897398711837
2.499989692310839
2.4999896443410217
2.499989595956619
2.4999895471524347
2.499989497923188
2.499989448263511
2.4999893981679477
2.49998934763095
2.4999892966468797
2.499989245210002
2.499989193314488
2.4999891409544106
2.499989088123741
2.49998903481635
2.4999889810260023
2.499988926746357
2.4999888719709644
2.4999888166932633
2.4999887609065796
2.4999887046041227
2.4999886477789834
2.499988590424133
2.4999885325324165
2.499988474096556
2.4999884151091423
2.499988355562635
2.499988295449359
2.4999882347615023
2.499988173491111
2.499988111630087
2.4999880491701876
2.499987986103017
2.499987922420027
2.4999878581125126
2.4999877931716066
2.499987727588279
2.4999876613533303
2.499987594457389
2.499987526890909
2.4999874586441626
2.499987389707238
2.4999873200700358
2.499987249722262
2.4999871786534262
2.499987106852836
2.49998703430959
2.499986961012577
2.499986886950467
2.499986812111709
2.499986736484523
2.499986660056897
2.4999865828165793
2.499986504751073
2.4999864258476308
2.4999863460932494
2.49998626547466
2.4999861839783235
2.4999861015904274
2.499986018296872
2.4999859340832673
2.4999858489349256
2.499985762836853
2.4999856757737415
2.499985587729961
2.4999854986895502
2.4999854086362108
2.4999853175532953
2.4999852254237984
2.4999851322303503
2.4999850379552044
2.4999849425802267
2.499984846086887
2.4999847484562494
2.4999846496689564
2.499984549705225
2.4999844485448266
2.499984346167081
2.4999842425508425
2.4999841376744847
2.4999840315158885
2.49998392405243
2.499983815260964
2.4999837051178084
2.4999835935987327
2.499983480678938
2.499983366333044
2.4999832505350694
2.499983133258417
2.4999830144758537
2.4999828941594915
2.499982772280771
2.4999826488104375
2.4999825237185243
2.4999823969743273
2.499982268546386
2.4999821384024568
2.499982006509494
2.4999818728336205
2.4999817373401045
2.4999815999933337
2.499981460756784
2.4999813195929947
2.4999811764635376
2.499981031328985
2.49998088414888
2.499980734881701
2.4999805834848288
2.49998042991451
2.4999802741258197
2.499980116072625
2.4999799557075413
2.4999797929818928
2.499979627845669
2.4999794602474807
2.499979290134509
2.4999791174524617
2.4999789421455176
2.499978764156279
2.4999785834257113
2.499978399893089
2.499978213495935
2.4999780241699585
2.499977831848989
2.4999776364649104
2.4999774379475905
2.4999772362248054
2.4999770312221647
2.4999768228630312
2.499976611068435
2.499976395756991
2.4999761768448012
2.499975954245366
2.4999757278694794
2.4999754976251287
2.4999752634173826
2.4999750251482786
2.4999747827167047
2.4999745360182732
2.4999742849451905
2.4999740293861206
2.4999737692260404
2.4999735043460922
2.4999732346234236
2.4999729599310223
2.499972680137544
2.499972395107131
2.499972104699218
2.4999718087683345
2.4999715071638926
2.4999711997299663
2.4999708863050563
2.499970566721848
2.49997024080695
2.4999699083806264
2.499969569256507
2.4999692232412882
2.499968870134415
2.4999685097277466
2.4999681418052013
2.499967766142386
2.499967382506199
2.49996699065442
2.4999665903352635
2.4999661812869194
2.4999657632370598
2.4999653359023175
2.499964898987737
2.4999644521861915
2.4999639951777612
2.499963527629081
2.499963049192645
2.499962559506062
2.499962058191279
2.499961544853743
2.499961019081515
2.499960480444327
2.4999599284925798
2.49995936275627
2.499958782743854
2.4999581879410293
2.499957577809442
2.499956951785294
2.499956309277872
2.4999556496679576
2.499954972306138
2.499954276510993
2.4999535615671515
2.499952826723208
2.4999520711894903
2.4999512941356574
2.499950494688122
2.4999496719272765
2.499948824884506
2.4999479525389754
2.4999470538141586
2.4999461275740993
2.499945172619369
2.4999441876826993
2.4999431714242544
2.499942122426514
2.4999410391887227
2.499939920120871
2.4999387635371524
2.4999375676488547
2.4999363305566176
2.4999350502419975
2.4999337245582685
2.4999323512203686
2.499930927793917
2.4999294516831787
2.4999279201178837
2.4999263301387527
2.4999246785815945
2.499922962059804
2.49992117694508
2.499919319346139
2.499917385085197
2.4999153696719345
2.4999132682746374
2.4999110756881495
2.4999087862982314
2.4999063940418464
2.4999038923628434
2.499901274162394
2.499898531743471
2.4998956567485267
2.4998926400893904
2.4998894718682534
2.4998861412884117
2.4998826365532056
2.4998789447513294
2.499875051726356
2.4998709419279135
2.4998665982415007
2.4998620017933155
2.4998571317258005
2.49985196493872
2.4998464757895413
2.4998406357455774
2.4998344129787333
2.499827771891672
2.4998206725616936
2.499813070085424
2.4998049138033775
2.4997961463783014
2.499786702694606
2.499776508537637
2.4997654790004433
2.4997535165511167
2.4997405086745115
2.4997263249764847
2.4997108136041954
2.499693796789065
2.499675065254455
2.4996543711405277
2.499631418972781
2.49960585402134
2.4995772471388964
2.499545074785007
2.4995086923773764
2.4994672982492916
2.4994198841573128
2.4993651661679337
2.499301486317128
2.499226669704992
2.499137811825632
2.4990309533653288
2.498900567149925
2.498738718797776
2.49853363356994
2.498267121002673
2.497909649850855
2.4974101703798834
2.4966728814091357
2.4954966483613275
2.493384191396961
2.488734250751572
2.4728096792459
1.9580069871087304
0.12762462931786553
0.07226535976423293
4.96108069229521E-6
The correct rate for BP: 100.00% 
