2.0970997068594106
0.7750438449558636
0.16110246043727253
5.083053980118107E-4
3.891422763917056E-4
3.7101969944909136E-4
3.581896636210919E-4
3.468721001055942E-4
3.36538216410622E-4
3.2702459947359986E-4
3.1823059782140725E-4
3.1007556177364365E-4
3.0249096398633773E-4
2.954177289500429E-4
2.888045936025018E-4
2.826068518426217E-4
2.767853414729938E-4
2.7130561450065203E-4
2.661372522838719E-4
2.612532966912516E-4
2.5662977492643186E-4
2.5224530048117874E-4
2.4808073634214955E-4
2.4411890939778964E-4
2.403443671824699E-4
2.367431698083263E-4
2.3330271128428457E-4
2.3001156549056585E-4
2.2685935292918579E-4
2.238366250537016E-4
2.2093476353223372E-4
2.1814589224350309E-4
2.15462800168974E-4
2.1287887364087848E-4
2.1038803665006947E-4
2.0798469811886424E-4
2.056637052108224E-4
2.034203018881393E-4
2.012500920429981E-4
1.9914900662645893E-4
1.971132742797858E-4
1.9513939504208126E-4
1.9322411676620313E-4
1.9136441392448127E-4
1.8955746852767665E-4
1.8780065291666546E-4
1.8609151421701792E-4
1.8442776027307868E-4
1.8280724690083571E-4
1.8122796631850452E-4
1.796880366306939E-4
1.78185692256684E-4
1.767192752061792E-4
1.7528722711697837E-4
1.7388808197865078E-4
1.7252045947490992E-4
1.7118305888470732E-4
1.698746534886095E-4
1.685940854327985E-4
1.6734026100802014E-4
1.661121463053414E-4
1.6490876321443332E-4
1.6372918573368884E-4
1.6257253656448256E-4
1.614379839646626E-4
1.6032473883888254E-4
1.5923205204542532E-4
1.5815921190126485E-4
1.5710554186871642E-4
1.5607039840867185E-4
1.5505316898679547E-4
1.5405327022026326E-4
1.5307014615381363E-4
1.521032666548237E-4
1.511521259180941E-4
1.5021624107183594E-4
1.4929515087701276E-4
1.483884145130187E-4
1.474956104431234E-4
1.4661633535373796E-4
1.4575020316206415E-4
1.4489684408710042E-4
1.440559037794278E-4
1.4322704250551013E-4
1.424099343826819E-4
1.416042666611985E-4
1.4080973905007682E-4
1.4002606308369828E-4
1.3925296152635946E-4
1.3849016781217075E-4
1.3773742551797204E-4
1.369944878669677E-4
1.3626111726112498E-4
1.3553708484039396E-4
1.3482217006700187E-4
1.3411616033320205E-4
1.334188505909874E-4
1.327300430023356E-4
1.3204954660871242E-4
1.3137717701861183E-4
1.30712756112033E-4
1.3005611176079713E-4
1.294070775637952E-4
1.2876549259622014E-4
1.2813120117194108E-4
1.2750405261825726E-4
1.2688390106224638E-4
1.2627060522809973E-4
1.2566402824470952E-4
1.2506403746297896E-4
1.244705042822794E-4
1.2388330398550745E-4
1.2330231558227946E-4
1.2272742165976046E-4
1.221585082407881E-4
1.2159546464877913E-4
1.2103818337909403E-4
1.2048655997653479E-4
1.1994049291857154E-4
1.1939988350404809E-4
1.188646357470317E-4
1.1833465627555824E-4
1.1780985423500642E-4
1.1729014119582552E-4
1.1677543106545619E-4
1.162656400041563E-4
1.1576068634455767E-4
1.1526049051479743E-4
1.1476497496495338E-4
1.142740640967276E-4
1.1378768419612104E-4
1.133057633689849E-4
1.128282314793336E-4
1.1235502009022993E-4
1.1188606240715825E-4
1.1142129322373126E-4
1.1096064886965566E-4
1.1050406716081379E-4
1.1005148735137267E-4
1.0960285008783095E-4
1.0915809736490508E-4
1.0871717248315558E-4
1.0828002000830865E-4
1.078465857321544E-4
1.0741681663497223E-4
1.0699066084940156E-4
1.0656806762571567E-4
1.061489872983983E-4
1.0573337125398639E-4
1.0532117190014202E-4
1.0491234263583663E-4
1.045068378226874E-4
1.0410461275730326E-4
1.0370562364466706E-4
1.033098275724784E-4
1.0291718248640147E-4
1.0252764716622654E-4
1.0214118120284872E-4
1.0175774497608284E-4
1.0137729963322615E-4
1.0099980706840125E-4
1.0062522990257551E-4
1.0025353146428415E-4
9.9884675771018E-5
The correct rate for BP: 100.00% 
