2.5406460807958813
1.1783815567791127
1.861731418997006
1.6541483706326086
0.006986310589510037
0.0012039706895738995
8.198326952920505E-4
7.07662125625064E-4
6.381596339064964E-4
5.830127829039138E-4
5.366109758168756E-4
4.968063442956044E-4
4.622682835421485E-4
4.3202536421530993E-4
4.053336711369613E-4
3.8161128777909316E-4
3.603961806700151E-4
3.413168585366438E-4
3.240712816602342E-4
3.0841140411048425E-4
2.941316641854677E-4
2.810602943186429E-4
2.690526766003706E-4
2.5798620371963055E-4
2.477562622240983E-4
2.3827306247911753E-4
2.2945911440922623E-4
2.212472007779265E-4
2.135787373936344E-4
2.0640243684831575E-4
1.99673212305636E-4
1.9335127257571477E-4
1.8740137070343902E-4
1.8179217657898866E-4
1.7649575037365317E-4
1.7148709842773247E-4
1.6674379694163013E-4
1.6224567171822698E-4
1.5797452447305167E-4
1.5391389801658033E-4
1.5004887403086432E-4
1.4636589829348685E-4
1.4285262910878664E-4
1.3949780543754414E-4
1.362911318087991E-4
1.332231775798719E-4
1.3028528850527122E-4
1.2746950889920742E-4
1.2476851294380192E-4
1.2217554391659764E-4
1.1968436029496093E-4
1.1728918784864679E-4
1.1498467696046903E-4
1.127658645230174E-4
1.1062813985060947E-4
1.0856721412264804E-4
1.0657909293992862E-4
1.046600516311054E-4
1.0280661299392834E-4
1.0101552719641289E-4
9.928375359805251E-5
The correct rate for BP: 100.00% 
