2.585119907935649
2.4540082085066404
1.5816573447535276
1.6848492071274965
0.011817415610422665
0.0022374654074396316
0.001679734636661998
0.0015266482088308003
0.0014181102791359093
0.001325062169006603
0.001243032640086668
0.0011700213406039832
0.0011045962086459354
0.001045638872024958
9.922503932848442E-4
9.436942647038239E-4
8.993586346393681E-4
8.587299509415706E-4
8.213736685847735E-4
7.869195987860229E-4
7.550504978987565E-4
7.254930260592234E-4
6.980104959094568E-4
6.723970029423714E-4
6.484726381397902E-4
6.260795576734206E-4
6.050787371218607E-4
5.853472763157488E-4
5.667761499084733E-4
5.492683208330746E-4
5.327371507871341E-4
5.17105055072343E-4
5.02302359426134E-4
4.882663245976031E-4
4.7494031084292326E-4
4.6227305962644053E-4
4.502180739014948E-4
4.3873308162988597E-4
4.277795698511944E-4
4.173223787639552E-4
4.073293470326586E-4
3.977710009671955E-4
3.88620281398137E-4
3.798523030412129E-4
3.7144414194712145E-4
3.633746472994187E-4
3.556242743792317E-4
3.481749359800225E-4
3.410098699458717E-4
3.3411352083511183E-4
3.2747143398827806E-4
3.2107016051434917E-4
3.1489717190865275E-4
3.08940783185834E-4
3.0319008355636696E-4
2.976348737994867E-4
2.9226560959215854E-4
2.8707335014545565E-4
2.8204971157925514E-4
2.771868245344289E-4
2.724772955813265E-4
2.679141720349485E-4
2.6349090983203774E-4
2.5920134416465665E-4
2.5503966259900814E-4
2.510003804382723E-4
2.470783181145858E-4
2.4326858041843046E-4
2.3956653739404002E-4
2.359678067475262E-4
2.3246823763016703E-4
2.2906389567349037E-4
2.2575104916521072E-4
2.2252615626608196E-4
2.193858531777383E-4
2.1632694318019573E-4
2.133463864655691E-4
2.104412907016443E-4
2.076089022649907E-4
2.0484659808907662E-4
2.0215187807782225E-4
1.9952235803942818E-4
1.9695576309954266E-4
1.9444992155632167E-4
1.920027591433347E-4
1.8961229366915532E-4
1.8727663000521542E-4
1.8499395539587084E-4
1.8276253506689611E-4
1.805807081104954E-4
1.7844688362686023E-4
1.7635953710383803E-4
1.743172070178044E-4
1.7231849164018866E-4
1.7036204603533285E-4
1.6844657923648562E-4
1.665708515877718E-4
1.647336722408946E-4
1.6293389679620322E-4
1.6117042507855854E-4
1.5944219903909698E-4
1.5774820077470584E-4
1.5608745065759605E-4
1.5445900556792757E-4
1.5286195722296958E-4
1.5129543059664639E-4
1.4975858242395062E-4
1.4825059978486175E-4
1.4677069876298338E-4
1.4531812317430463E-4
1.4389214336189488E-4
1.424920550525703E-4
1.4111717827186137E-4
1.3976685631387063E-4
1.3844045476280972E-4
1.3713736056322518E-4
1.3585698113611987E-4
1.345987435383648E-4
1.3336209366296073E-4
1.321464954778498E-4
1.3095143030112798E-4
1.2977639611068555E-4
1.2862090688635244E-4
1.2748449198279101E-4
1.2636669553151242E-4
1.2526707587040109E-4
1.2418520499933458E-4
1.2312066806050674E-4
1.220730628421537E-4
1.210419993044627E-4
1.2002709912655737E-4
1.1902799527342655E-4
1.1804433158181449E-4
1.1707576236412672E-4
1.1612195202939752E-4
1.1518257472053253E-4
1.1425731396697505E-4
1.1334586235206472E-4
1.124479211943429E-4
1.1156320024217652E-4
1.1069141738101231E-4
1.0983229835267983E-4
1.0898557648616507E-4
1.081509924393294E-4
1.0732829395103254E-4
1.065172356031997E-4
1.0571757859235116E-4
1.0492909051020247E-4
1.041515451328433E-4
1.0338472221819661E-4
1.0262840731131508E-4
1.0188239155719479E-4
1.0114647152077423E-4
1.0042044901377568E-4
9.970413092811888E-5
The correct rate for BP: 100.00% 
