0.8309315151047472
1.9992438054645145
1.9999984160530697
1.9999992506933175
1.9999993207111846
1.999999329435962
1.9999993304662456
1.9999993304729204
1.999999330342313
1.9999993301932226
1.9999993300415915
1.9999993298895586
1.9999993297374115
1.9999993295851883
1.9999993294328942
1.999999329280531
1.9999993291280969
1.9999993289755926
1.9999993288230191
1.9999993286703746
1.999999328517661
1.999999328364876
1.9999993282120212
1.999999328059096
1.9999993279061001
1.9999993277530346
1.9999993275998975
1.9999993274466903
1.9999993272934125
1.9999993271400645
1.9999993269866454
1.9999993268331553
1.999999326679595
1.9999993265259635
1.9999993263722615
1.999999326218488
1.9999993260646438
1.9999993259107283
1.9999993257567423
1.999999325602685
1.999999325448556
1.9999993252943564
1.9999993251400852
1.9999993249857428
1.9999993248313288
1.9999993246768435
1.9999993245222867
1.999999324367659
1.9999993242129592
1.9999993240581877
1.9999993239033442
1.9999993237484297
1.999999323593443
1.9999993234383844
1.999999323283254
1.999999323128052
1.9999993229727777
1.9999993228174318
1.9999993226620134
1.9999993225065231
1.9999993223509605
1.9999993221953254
1.9999993220396184
1.9999993218838388
1.9999993217279872
1.999999321572063
1.999999321416067
1.9999993212599971
1.999999321103856
1.9999993209476414
1.9999993207913545
1.9999993206349944
1.999999320478562
1.999999320322057
1.9999993201654789
1.9999993200088275
1.9999993198521036
1.9999993196953068
1.9999993195384362
1.9999993193814931
1.9999993192244767
1.9999993190673873
1.999999318910224
1.9999993187529876
1.9999993185956777
1.9999993184382947
1.9999993182808382
1.999999318123308
1.999999317965704
1.999999317808027
1.9999993176502757
1.9999993174924513
1.9999993173345523
1.9999993171765797
1.9999993170185335
1.9999993168604133
1.999999316702219
1.9999993165439505
1.999999316385608
1.9999993162271916
1.9999993160687008
1.999999315910136
1.999999315751496
1.9999993155927827
1.9999993154339941
1.9999993152751314
1.999999315116194
1.9999993149571829
1.9999993147980963
1.9999993146389352
1.9999993144796997
1.999999314320389
1.999999314161004
1.999999314001543
1.999999313842008
1.9999993136823981
1.9999993135227128
1.9999993133629526
1.9999993132031169
1.9999993130432063
1.9999993128832203
1.999999312723159
1.9999993125630224
1.9999993124028104
1.9999993122425228
1.9999993120821598
1.9999993119217216
1.9999993117612074
1.9999993116006174
1.999999311439952
1.9999993112792105
1.9999993111183931
1.9999993109575
1.9999993107965315
1.9999993106354865
1.9999993104743652
1.9999993103131681
1.9999993101518942
1.999999309990545
1.9999993098291189
1.9999993096676167
1.9999993095060382
1.9999993093443835
1.999999309182652
1.999999309020844
1.999999308858959
1.9999993086969983
1.9999993085349603
1.9999993083728456
1.999999308210654
1.9999993080483858
1.9999993078860403
1.9999993077236182
1.9999993075611184
1.9999993073985423
1.9999993072358888
1.999999307073158
1.9999993069103503
1.9999993067474653
1.9999993065845028
1.999999306421463
1.999999306258345
1.9999993060951504
1.9999993059318775
1.9999993057685275
1.9999993056050995
1.9999993054415934
1.9999993052780107
1.9999993051143496
1.9999993049506104
1.9999993047867932
1.9999993046228979
1.999999304458925
1.9999993042948738
1.9999993041307442
1.9999993039665367
1.9999993038022508
1.9999993036378865
1.9999993034734436
1.9999993033089225
1.9999993031443222
1.9999993029796441
1.999999302814887
1.9999993026500518
1.999999302485137
1.9999993023201441
1.9999993021550722
1.9999993019899214
1.9999993018246913
1.9999993016593822
1.9999993014939939
1.9999993013285273
1.9999993011629809
1.9999993009973553
1.9999993008316506
1.9999993006658663
1.9999993005000023
1.999999300334059
1.9999993001680367
1.9999993000019345
1.9999992998357525
1.9999992996694913
1.9999992995031495
1.9999992993367288
1.9999992991702273
1.9999992990036464
1.999999298836985
1.9999992986702437
1.9999992985034232
1.999999298336522
1.9999992981695405
1.9999992980024783
1.9999992978353365
1.9999992976681138
1.999999297500811
1.999999297333427
1.9999992971659635
1.9999992969984188
1.9999992968307936
1.999999296663088
1.9999992964953008
1.9999992963274331
1.9999992961594846
1.999999295991455
1.9999992958233441
1.9999992956551527
1.9999992954868793
1.9999992953185253
1.9999992951500905
1.999999294981574
1.999999294812976
1.9999992946442964
1.9999992944755354
1.999999294306693
1.999999294137769
1.9999992939687632
1.9999992937996753
1.9999992936305058
1.999999293461255
1.999999293291922
1.9999992931225063
1.99999929295301
1.9999992927834302
1.999999292613769
1.9999992924440257
1.9999992922741998
1.9999992921042917
1.9999992919343008
1.999999291764228
1.9999992915940727
1.9999992914238343
1.999999291253514
1.9999992910831106
1.9999992909126243
1.9999992907420554
1.999999290571404
1.9999992904006694
1.999999290229852
1.9999992900589507
1.999999289887967
1.9999992897169
1.9999992895457495
1.9999992893745167
1.9999992892031997
1.9999992890317992
1.999999288860316
1.9999992886887488
1.9999992885170979
1.9999992883453634
1.9999992881735453
1.999999288001643
1.999999287829657
1.9999992876575878
1.9999992874854344
1.9999992873131966
1.9999992871408747
1.9999992869684688
1.9999992867959786
1.9999992866234044
1.9999992864507454
1.9999992862780027
1.9999992861051752
1.9999992859322633
1.9999992857592668
1.999999285586186
1.9999992854130195
1.9999992852397688
1.9999992850664339
1.999999284893013
1.999999284719508
1.9999992845459176
1.9999992843722423
1.999999284198482
1.9999992840246361
1.9999992838507052
1.9999992836766889
1.9999992835025875
1.9999992833284008
1.9999992831541282
1.9999992829797701
1.9999992828053264
1.999999282630797
1.9999992824561816
1.999999282281481
1.9999992821066936
1.999999281931821
1.9999992817568626
1.999999281581818
1.9999992814066865
1.999999281231469
1.9999992810561653
1.9999992808807758
1.9999992807053
1.9999992805297377
1.999999280354088
1.9999992801783526
1.9999992800025306
1.9999992798266213
1.9999992796506256
1.9999992794745425
1.9999992792983732
1.999999279122117
1.9999992789457735
1.9999992787693428
1.9999992785928251
1.9999992784162208
1.999999278239528
1.9999992780627485
1.9999992778858815
1.9999992777089273
1.9999992775318851
1.9999992773547552
1.9999992771775383
1.9999992770002335
1.9999992768228403
1.99999927664536
1.9999992764677914
1.9999992762901349
1.9999992761123901
1.9999992759345575
1.999999275756637
1.9999992755786276
1.99999927540053
1.999999275222344
1.9999992750440698
1.9999992748657072
1.9999992746872561
1.9999992745087158
1.9999992743300867
1.9999992741513697
1.9999992739725634
1.9999992737936678
1.9999992736146837
1.9999992734356102
1.999999273256448
1.9999992730771963
1.9999992728978557
1.999999272718426
1.999999272538906
1.9999992723592974
1.9999992721795987
1.999999271999811
1.9999992718199333
1.9999992716399657
1.9999992714599089
1.999999271279762
1.999999271099525
1.999999270919198
1.9999992707387815
1.9999992705582743
1.9999992703776774
1.99999927019699
1.999999270016212
1.999999269835344
1.9999992696543862
1.9999992694733368
1.9999992692921973
1.9999992691109676
1.9999992689296466
1.9999992687482349
1.9999992685667323
1.9999992683851384
1.9999992682034542
1.9999992680216792
1.9999992678398122
1.9999992676578549
1.9999992674758054
1.9999992672936653
1.9999992671114335
1.99999926692911
1.9999992667466953
1.9999992665641892
1.999999266381591
1.9999992661989012
1.9999992660161194
1.9999992658332462
1.999999265650281
1.9999992654672236
1.9999992652840741
1.9999992651008327
1.9999992649174987
1.9999992647340727
1.999999264550554
1.9999992643669433
1.9999992641832396
1.999999263999444
1.999999263815556
1.9999992636315742
1.9999992634474997
1.9999992632633332
1.9999992630790733
1.9999992628947207
1.999999262710274
1.9999992625257355
1.9999992623411034
1.999999262156378
1.9999992619715594
1.999999261786647
1.9999992616016415
1.9999992614165423
1.9999992612313495
1.9999992610460628
1.999999260860683
1.9999992606752086
1.9999992604896406
1.9999992603039787
1.9999992601182228
1.9999992599323726
1.9999992597464282
1.99999925956039
1.9999992593742568
1.9999992591880296
1.9999992590017075
1.9999992588152915
1.999999258628781
1.9999992584421753
1.999999258255475
1.9999992580686798
1.9999992578817898
1.9999992576948047
1.9999992575077246
1.9999992573205492
1.999999257133279
1.9999992569459135
1.9999992567584524
1.9999992565708966
1.9999992563832445
1.9999992561954967
1.999999256007654
1.9999992558197155
1.9999992556316806
1.9999992554435504
1.9999992552553243
1.999999255067002
1.9999992548785837
1.9999992546900691
1.9999992545014587
1.9999992543127516
1.9999992541239484
1.999999253935049
1.9999992537460527
1.99999925355696
1.9999992533677708
1.9999992531784847
1.9999992529891015
1.999999252799622
1.9999992526100459
1.9999992524203718
1.9999992522306005
1.9999992520407328
1.9999992518507677
1.9999992516607048
1.9999992514705456
1.9999992512802882
1.999999251089933
1.9999992508994804
1.9999992507089306
1.9999992505182824
1.999999250327537
1.999999250136693
1.9999992499457513
1.9999992497547114
1.999999249563574
1.9999992493723378
1.9999992491810035
1.9999992489895708
1.9999992487980396
1.9999992486064093
1.9999992484146822
1.9999992482228552
1.9999992480309292
1.999999247838905
1.9999992476467814
1.9999992474545596
1.999999247262238
1.9999992470698176
1.9999992468772982
1.9999992466846792
1.999999246491961
1.999999246299143
1.999999246106226
1.9999992459132092
1.9999992457200928
1.999999245526877
1.9999992453335609
1.9999992451401447
1.9999992449466295
1.9999992447530133
1.9999992445592976
1.9999992443654815
1.999999244171565
1.9999992439775482
1.9999992437834313
1.9999992435892135
1.9999992433948952
1.999999243200476
1.9999992430059568
1.9999992428113365
1.9999992426166149
1.9999992424217927
1.9999992422268695
1.9999992420318446
1.999999241836719
1.999999241641492
1.9999992414461636
1.9999992412507344
1.999999241055203
1.99999924085957
1.9999992406638356
1.9999992404679994
1.9999992402720608
1.9999992400760207
1.999999239879879
1.9999992396836348
1.9999992394872887
1.9999992392908401
1.9999992390942891
1.9999992388976358
1.9999992387008805
1.9999992385040226
1.9999992383070613
1.9999992381099982
1.9999992379128317
1.9999992377155624
1.9999992375181908
1.9999992373207152
1.9999992371231374
1.9999992369254556
1.999999236727671
1.9999992365297832
1.9999992363317916
1.9999992361336965
1.9999992359354979
1.9999992357371963
1.99999923553879
1.9999992353402802
1.9999992351416662
1.9999992349429487
1.9999992347441269
1.999999234545201
1.9999992343461708
1.999999234147037
1.999999233947798
1.9999992337484545
1.9999992335490064
1.9999992333494538
1.9999992331497964
1.9999992329500345
1.9999992327501677
1.9999992325501954
1.9999992323501188
1.9999992321499365
1.9999992319496491
1.9999992317492563
1.999999231548758
1.9999992313481545
1.9999992311474457
1.999999230946631
1.9999992307457106
1.9999992305446845
1.9999992303435523
1.9999992301423144
1.9999992299409703
1.99999922973952
1.9999992295379634
1.9999992293363007
1.9999992291345317
1.9999992289326558
1.9999992287306734
1.9999992285285852
1.9999992283263897
1.999999228124087
1.9999992279216774
1.9999992277191616
1.9999992275165381
1.9999992273138079
1.9999992271109708
1.9999992269080253
1.9999992267049735
1.9999992265018134
1.999999226298546
1.999999226095171
1.9999992258916883
1.9999992256880978
1.9999992254843995
1.999999225280593
1.9999992250766785
1.9999992248726561
1.9999992246685248
1.9999992244642857
1.9999992242599383
1.999999224055482
1.999999223850917
1.999999223646244
1.9999992234414616
1.9999992232365709
1.999999223031571
1.9999992228264618
1.999999222621244
1.9999992224159164
1.99999922221048
1.999999222004934
1.999999221799279
1.9999992215935138
1.9999992213876394
1.9999992211816553
1.9999992209755615
1.999999220769357
1.9999992205630432
1.9999992203566195
1.9999992201500851
1.999999219943441
1.9999992197366865
1.9999992195298213
1.9999992193228457
1.9999992191157594
1.9999992189085625
1.9999992187012552
1.9999992184938367
1.9999992182863073
1.999999218078667
1.9999992178709158
1.9999992176630528
1.9999992174550785
1.9999992172469936
1.9999992170387964
1.9999992168304883
1.9999992166220681
1.999999216413536
1.9999992162048925
1.9999992159961366
1.999999215787269
1.9999992155782893
1.9999992153691974
1.9999992151599932
1.9999992149506765
1.9999992147412478
1.9999992145317063
1.9999992143220524
1.999999214112285
1.9999992139024054
1.9999992136924125
1.9999992134823066
1.9999992132720883
1.9999992130617563
1.999999212851311
1.9999992126407526
1.9999992124300805
1.9999992122192949
1.9999992120083956
1.9999992117973826
1.999999211586256
1.9999992113750156
1.9999992111636609
1.9999992109521925
1.9999992107406093
1.9999992105289117
1.9999992103171
1.9999992101051742
1.9999992098931336
1.9999992096809782
1.9999992094687082
1.9999992092563235
1.9999992090438237
1.9999992088312086
1.999999208618479
1.999999208405634
1.9999992081926738
1.9999992079795976
1.9999992077664064
1.9999992075530997
1.9999992073396773
1.999999207126139
1.9999992069124846
1.9999992066987142
1.9999992064848287
1.9999992062708265
1.9999992060567078
1.9999992058424727
1.999999205628122
1.9999992054136542
1.9999992051990696
1.9999992049843682
1.9999992047695507
1.9999992045546158
1.9999992043395642
1.9999992041243955
1.9999992039091095
1.999999203693706
1.9999992034781853
1.999999203262547
1.9999992030467915
1.9999992028309186
1.9999992026149274
1.9999992023988185
1.9999992021825914
1.9999992019662467
1.9999992017497836
1.9999992015332022
1.9999992013165029
1.9999992010996848
1.999999200882748
1.9999992006656928
1.9999992004485192
1.9999992002312263
1.9999992000138147
1.9999991997962843
1.9999991995786346
1.9999991993608661
1.9999991991429773
1.9999991989249697
1.9999991987068426
1.9999991984885963
1.9999991982702297
1.9999991980517438
1.9999991978331377
1.999999197614412
1.9999991973955655
1.9999991971765996
1.999999196957513
1.999999196738306
1.999999196518979
1.9999991962995307
1.9999991960799623
1.999999195860273
1.999999195640463
1.9999991954205318
1.9999991952004794
1.999999194980306
1.9999991947600115
1.999999194539595
1.9999991943190578
1.999999194098399
1.9999991938776183
1.9999991936567154
1.9999991934356913
1.999999193214545
1.9999991929932766
1.999999192771886
1.9999991925503733
1.9999991923287381
1.9999991921069804
1.9999991918851001
1.9999991916630975
1.999999191440972
1.9999991912187236
1.9999991909963521
1.9999991907738572
1.9999991905512398
1.9999991903284988
1.9999991901056342
1.9999991898826466
1.9999991896595353
1.9999991894363
1.9999991892129416
1.9999991889894584
1.9999991887658515
1.999999188542121
1.9999991883182655
1.9999991880942862
1.9999991878701828
1.9999991876459542
1.9999991874216017
1.9999991871971239
1.9999991869725218
1.999999186747794
1.9999991865229418
1.9999991862979642
1.9999991860728616
1.9999991858476336
1.9999991856222799
1.9999991853968013
1.9999991851711967
1.999999184945466
1.99999918471961
1.9999991844936273
1.9999991842675195
1.999999184041285
1.999999183814924
1.9999991835884372
1.9999991833618234
1.9999991831350834
1.9999991829082167
1.999999182681223
1.9999991824541028
1.9999991822268546
1.99999918199948
1.9999991817719782
1.999999181544349
1.9999991813165927
1.9999991810887088
1.9999991808606967
1.999999180632557
1.9999991804042894
1.9999991801758938
1.9999991799473706
1.999999179718719
1.999999179489939
1.999999179261031
1.9999991790319935
1.9999991788028282
1.999999178573534
1.9999991783441111
1.9999991781145594
1.999999177884878
1.999999177655068
1.9999991774251287
1.9999991771950598
1.999999176964862
1.9999991767345338
1.999999176504076
1.9999991762734892
1.999999176042772
1.9999991758119247
1.9999991755809472
1.99999917534984
1.9999991751186017
1.9999991748872332
1.9999991746557346
1.9999991744241048
1.9999991741923444
1.9999991739604532
1.9999991737284306
1.9999991734962772
1.9999991732639923
1.9999991730315765
1.999999172799029
1.9999991725663504
1.999999172333539
1.9999991721005967
1.9999991718675225
1.999999171634316
1.9999991714009777
1.9999991711675071
1.999999170933904
1.9999991707001685
1.9999991704663003
1.9999991702322997
1.9999991699981663
1.9999991697639004
1.9999991695295007
1.9999991692949681
1.9999991690603023
1.9999991688255032
1.9999991685905705
1.9999991683555045
1.999999168120305
1.9999991678849711
1.9999991676495035
1.999999167413902
1.999999167178166
1.9999991669422956
1.9999991667062917
1.999999166470153
1.9999991662338796
1.9999991659974714
1.9999991657609282
1.9999991655242508
1.9999991652874376
1.9999991650504896
1.9999991648134068
1.9999991645761879
1.9999991643388333
1.9999991641013433
1.999999163863718
1.9999991636259564
1.9999991633880585
1.999999163150025
1.9999991629118554
1.999999162673549
1.9999991624351063
1.9999991621965272
1.9999991619578115
1.999999161718959
1.9999991614799693
1.9999991612408423
1.9999991610015788
1.999999160762178
1.9999991605226395
1.9999991602829639
1.9999991600431504
1.999999159803199
1.9999991595631101
1.9999991593228832
1.9999991590825184
1.999999158842015
1.999999158601373
1.9999991583605936
1.9999991581196748
1.9999991578786176
1.9999991576374212
1.9999991573960865
1.9999991571546123
1.9999991569129991
1.999999156671247
1.9999991564293553
1.9999991561873238
1.999999155945153
1.9999991557028423
1.999999155460392
1.999999155217801
1.9999991549750709
1.9999991547322
1.9999991544891882
1.9999991542460365
1.9999991540027438
1.999999153759311
1.9999991535157373
1.9999991532720227
1.9999991530281667
1.9999991527841696
1.9999991525400307
1.9999991522957508
1.9999991520513298
1.9999991518067668
1.9999991515620619
1.9999991513172144
1.9999991510722257
1.9999991508270945
1.9999991505818213
1.9999991503364054
1.9999991500908472
1.999999149845146
1.999999149599302
1.9999991493533154
1.9999991491071856
1.9999991488609126
1.9999991486144955
1.9999991483679365
1.999999148121233
1.999999147874386
1.9999991476273955
1.9999991473802607
1.999999147132982
1.999999146885559
1.999999146637992
1.9999991463902804
1.9999991461424245
1.9999991458944237
1.9999991456462785
1.999999145397988
1.9999991451495522
1.9999991449009717
1.999999144652246
1.9999991444033745
1.9999991441543576
1.999999143905195
1.9999991436558868
1.9999991434064324
1.999999143156832
1.9999991429070856
1.9999991426571926
1.9999991424071535
1.9999991421569678
1.999999141906635
1.9999991416561558
1.9999991414055291
1.9999991411547557
1.9999991409038351
1.9999991406527666
1.999999140401552
1.9999991401501884
1.9999991398986776
1.9999991396470191
1.9999991393952121
1.9999991391432577
1.9999991388911549
1.9999991386389036
1.9999991383865041
1.9999991381339552
1.999999137881258
1.999999137628412
1.9999991373754171
1.9999991371222725
1.999999136868979
1.9999991366155359
1.9999991363619434
1.999999136108201
1.9999991358543092
1.999999135600267
1.9999991353460749
1.999999135091732
1.99999913483724
1.9999991345825965
1.9999991343278032
1.9999991340728585
1.9999991338177636
1.9999991335625171
1.9999991333071194
1.9999991330515712
1.9999991327958708
1.999999132540019
1.9999991322840156
1.9999991320278607
1.9999991317715535
1.9999991315150945
1.999999131258483
1.9999991310017196
1.9999991307448035
1.9999991304877343
1.999999130230513
1.999999129973139
1.999999129715611
1.9999991294579305
1.9999991292000971
1.9999991289421093
1.9999991286839687
1.9999991284256744
1.9999991281672256
1.999999127908623
1.9999991276498665
1.999999127390956
1.9999991271318913
1.9999991268726716
1.9999991266132973
1.9999991263537678
1.9999991260940844
1.9999991258342456
1.9999991255742513
1.9999991253141014
1.9999991250537965
1.999999124793336
1.9999991245327196
1.9999991242719473
1.9999991240110186
1.9999991237499342
1.9999991234886934
1.999999123227296
1.9999991229657426
1.9999991227040321
1.9999991224421643
1.9999991221801392
1.999999121917958
1.999999121655619
1.9999991213931223
1.9999991211304688
1.999999120867657
1.9999991206046874
1.9999991203415597
1.9999991200782743
1.9999991198148304
1.9999991195512283
1.9999991192874675
1.9999991190235475
1.9999991187594695
1.999999118495232
1.9999991182308359
1.9999991179662797
1.9999991177015644
1.9999991174366898
1.9999991171716551
1.9999991169064604
1.9999991166411064
1.999999116375592
1.9999991161099169
1.9999991158440815
1.999999115578086
1.9999991153119294
1.9999991150456122
1.999999114779134
1.9999991145124942
1.9999991142456937
1.9999991139787312
1.999999113711608
1.9999991134443222
1.9999991131768748
1.9999991129092656
1.999999112641494
1.99999911237356
1.9999991121054639
1.9999991118372054
1.9999991115687836
1.9999991113001987
1.9999991110314514
1.9999991107625408
1.9999991104934665
1.9999991102242285
1.9999991099548273
1.999999109685262
1.999999109415533
1.9999991091456408
1.999999108875583
1.9999991086053612
1.999999108334975
1.9999991080644244
1.9999991077937087
1.9999991075228276
1.9999991072517824
1.9999991069805712
1.9999991067091945
1.9999991064376528
1.9999991061659452
1.9999991058940711
1.9999991056220316
1.9999991053498258
1.9999991050774535
1.9999991048049148
1.9999991045322096
1.9999991042593375
1.999999103986298
1.9999991037130924
1.9999991034397187
1.9999991031661781
1.9999991028924695
1.9999991026185941
1.99999910234455
1.9999991020703383
1.9999991017959584
1.99999910152141
1.999999101246693
1.9999991009718079
1.9999991006967535
1.9999991004215303
1.9999991001461386
1.999999099870577
1.9999990995948465
1.9999990993189458
1.9999990990428762
1.9999990987666365
1.9999990984902265
1.9999990982136462
1.9999990979368965
1.9999990976599753
1.9999990973828834
1.9999990971056214
1.9999990968281882
1.9999990965505836
1.9999990962728083
1.9999990959948613
1.9999990957167426
1.9999990954384521
1.99999909515999
1.9999990948813557
1.9999990946025492
1.9999990943235708
1.9999990940444192
1.9999990937650953
1.9999990934855982
1.9999990932059286
1.9999990929260854
1.9999990926460691
1.9999990923658792
1.999999092085516
1.9999990918049781
1.9999990915242676
1.9999990912433823
1.9999990909623222
1.9999990906810883
1.9999990903996796
1.999999090118096
1.9999990898363376
1.9999990895544042
1.9999990892722954
1.999999088990011
1.9999990887075514
1.9999990884249161
1.9999990881421046
1.9999990878591172
1.9999990875759535
1.9999990872926137
1.999999087009097
1.999999086725404
1.9999990864415338
1.9999990861574863
1.9999990858732617
1.99999908558886
1.9999990853042808
1.9999990850195235
1.9999990847345883
1.9999990844494755
1.9999990841641844
1.999999083878715
1.999999083593067
1.9999990833072399
1.9999990830212344
1.9999990827350498
1.999999082448686
1.9999990821621427
1.9999990818754199
1.9999990815885176
1.9999990813014352
1.9999990810141728
1.99999908072673
1.9999990804391075
1.999999080151304
1.9999990798633194
1.999999079575154
1.9999990792868085
1.999999078998281
1.999999078709572
1.999999078420682
1.9999990781316097
1.9999990778423558
1.9999990775529202
1.9999990772633016
1.999999076973501
1.9999990766835178
1.9999990763933515
1.999999076103003
1.9999990758124713
1.9999990755217558
1.999999075230857
1.9999990749397745
1.999999074648509
1.9999990743570588
1.9999990740654245
1.9999990737736062
1.999999073481603
1.9999990731894157
1.9999990728970436
1.999999072604486
1.9999990723117433
1.9999990720188157
1.9999990717257021
1.999999071432403
1.999999071138918
1.9999990708452473
1.9999990705513897
1.9999990702573465
1.9999990699631163
1.9999990696686993
1.9999990693740952
1.9999990690793044
1.999999068784326
1.9999990684891602
1.9999990681938074
1.9999990678982662
1.9999990676025368
1.9999990673066195
1.9999990670105146
1.99999906671422
1.999999066417737
1.999999066121065
1.9999990658242042
1.9999990655271545
1.999999065229915
1.9999990649324861
1.999999064634867
1.9999990643370582
1.99999906403906
1.9999990637408704
1.9999990634424907
1.9999990631439206
1.999999062845159
1.9999990625462072
1.9999990622470636
1.9999990619477288
1.9999990616482022
1.9999990613484837
1.9999990610485734
1.9999990607484714
1.9999990604481765
1.9999990601476894
1.9999990598470097
1.999999059546137
1.999999059245071
1.9999990589438121
1.9999990586423595
1.9999990583407135
1.9999990580388736
1.9999990577368403
1.999999057434612
1.9999990571321895
1.9999990568295725
1.9999990565267614
1.9999990562237546
1.9999990559205532
1.9999990556171567
1.999999055313564
1.9999990550097764
1.9999990547057924
1.9999990544016126
1.9999990540972368
1.999999053792664
1.9999990534878946
1.999999053182929
1.999999052877766
1.9999990525724058
1.999999052266849
1.999999051961094
1.9999990516551411
1.9999990513489907
1.999999051042642
1.999999050736095
1.9999990504293501
1.9999990501224056
1.9999990498152622
1.9999990495079203
1.999999049200379
1.9999990488926385
1.9999990485846981
1.9999990482765573
1.9999990479682173
1.999999047659677
1.999999047350936
1.9999990470419944
1.9999990467328517
1.9999990464235082
1.999999046113964
1.9999990458042178
1.9999990454942707
1.9999990451841212
1.9999990448737697
1.9999990445632165
1.9999990442524607
1.9999990439415023
1.9999990436303414
1.999999043318977
1.9999990430074097
1.9999990426956393
1.9999990423836653
1.999999042071487
1.9999990417591051
1.9999990414465194
1.999999041133729
1.9999990408207342
1.9999990405075345
1.9999990401941299
1.9999990398805205
1.9999990395667055
1.9999990392526852
1.9999990389384588
1.9999990386240265
1.9999990383093882
1.9999990379945438
1.9999990376794925
1.9999990373642342
1.9999990370487695
1.9999990367330978
1.999999036417218
1.9999990361011315
1.9999990357848365
1.999999035468334
1.9999990351516235
1.999999034834704
1.9999990345175762
1.9999990342002403
1.9999990338826943
1.9999990335649396
1.9999990332469757
1.9999990329288022
1.9999990326104187
1.9999990322918257
1.999999031973022
1.999999031654008
1.999999031334783
1.9999990310153477
1.9999990306957016
1.999999030375844
1.9999990300557746
1.9999990297354935
1.9999990294150007
1.9999990290942962
1.9999990287733787
1.999999028452249
1.9999990281309072
1.999999027809352
1.9999990274875843
1.9999990271656023
1.9999990268434071
1.9999990265209984
1.9999990261983753
1.9999990258755387
1.9999990255524869
1.999999025229221
1.9999990249057402
1.9999990245820445
1.9999990242581334
1.9999990239340064
1.9999990236096648
1.9999990232851066
1.9999990229603326
1.9999990226353423
1.9999990223101354
1.9999990219847115
1.9999990216590706
1.9999990213332133
1.999999021007138
1.9999990206808453
1.9999990203543347
1.9999990200276063
1.9999990197006594
1.999999019373494
1.99999901904611
1.9999990187185075
1.9999990183906855
1.9999990180626441
1.9999990177343838
1.999999017405903
1.9999990170772022
1.9999990167482817
1.9999990164191406
1.999999016089779
1.999999015760196
1.9999990154303922
1.9999990151003677
1.9999990147701208
1.9999990144396524
1.9999990141089623
1.9999990137780501
1.9999990134469152
1.9999990131155578
1.9999990127839773
1.9999990124521738
1.9999990121201474
1.999999011787897
1.9999990114554231
1.9999990111227255
1.9999990107898031
1.9999990104566567
1.9999990101232856
1.9999990097896896
1.9999990094558684
1.9999990091218223
1.99999900878755
1.9999990084530528
1.9999990081183288
1.9999990077833787
1.9999990074482026
1.9999990071127993
1.9999990067771687
1.9999990064413122
1.9999990061052277
1.9999990057689152
1.9999990054323753
1.9999990050956074
1.9999990047586111
1.9999990044213867
1.999999004083933
1.9999990037462505
1.9999990034083388
1.999999003070198
1.999999002731827
1.9999990023932266
1.9999990020543956
1.9999990017153348
1.999999001376043
1.9999990010365198
1.9999990006967665
1.9999990003567816
1.9999990000165648
1.9999989996761167
1.9999989993354363
1.9999989989945242
1.999998998653379
1.9999989983120015
1.9999989979703907
1.999998997628547
1.9999989972864696
1.9999989969441585
1.9999989966016143
1.9999989962588351
1.9999989959158222
1.999998995572574
1.9999989952290913
1.9999989948853736
1.9999989945414205
1.9999989941972316
1.9999989938528069
1.9999989935081466
1.9999989931632498
1.9999989928181168
1.9999989924727466
1.9999989921271397
1.9999989917812953
1.9999989914352134
1.9999989910888942
1.9999989907423363
1.9999989903955406
1.9999989900485071
1.9999989897012338
1.999998989353722
1.9999989890059708
1.99999898865798
1.99999898830975
1.99999898796128
1.9999989876125697
1.9999989872636192
1.999998986914428
1.9999989865649954
1.9999989862153222
1.9999989858654077
1.999998985515251
1.9999989851648527
1.999998984814212
1.999998984463329
1.9999989841122037
1.9999989837608354
1.9999989834092238
1.9999989830573686
1.99999898270527
1.9999989823529276
1.9999989820003408
1.9999989816475097
1.999998981294434
1.9999989809411132
1.9999989805875475
1.9999989802337363
1.9999989798796796
1.9999989795253768
1.999998979170828
1.9999989788160322
1.9999989784609902
1.9999989781057013
1.9999989777501652
1.999998977394381
1.9999989770383497
1.9999989766820705
1.999998976325543
1.9999989759687669
1.9999989756117418
1.9999989752544682
1.9999989748969456
1.9999989745391735
1.999998974181151
1.9999989738228785
1.9999989734643562
1.9999989731055832
1.999998972746559
1.9999989723872844
1.9999989720277578
1.99999897166798
1.9999989713079502
1.9999989709476684
1.9999989705871348
1.999998970226348
1.9999989698653085
1.9999989695040155
1.9999989691424689
1.9999989687806687
1.999998968418615
1.999998968056307
1.9999989676937444
1.9999989673309266
1.9999989669678546
1.9999989666045268
1.999998966240943
1.9999989658771042
1.9999989655130095
1.9999989651486578
1.9999989647840497
1.999998964419185
1.9999989640540627
1.999998963688683
1.9999989633230457
1.9999989629571506
1.999998962590997
1.9999989622245848
1.9999989618579146
1.9999989614909848
1.999998961123795
1.9999989607563466
1.9999989603886383
1.9999989600206693
1.9999989596524406
1.9999989592839507
1.9999989589152
1.999998958546188
1.999998958176914
1.9999989578073791
1.9999989574375816
1.9999989570675218
1.9999989566971996
1.9999989563266145
1.9999989559557658
1.9999989555846542
1.9999989552132784
1.9999989548416386
1.9999989544697352
1.9999989540975665
1.999998953725133
1.9999989533524347
1.9999989529794713
1.9999989526062418
1.999998952232746
1.999998951858985
1.9999989514849565
1.9999989511106617
1.9999989507360993
1.9999989503612698
1.9999989499861734
1.999998949610808
1.9999989492351742
1.9999989488592729
1.999998948483102
1.999998948106662
1.9999989477299533
1.9999989473529742
1.9999989469757258
1.999998946598207
1.9999989462204177
1.9999989458423575
1.999998945464026
1.9999989450854232
1.9999989447065492
1.9999989443274022
1.9999989439479842
1.9999989435682928
1.999998943188329
1.9999989428080915
1.999998942427581
1.9999989420467972
1.999998941665739
1.9999989412844064
1.9999989409027994
1.9999989405209175
1.9999989401387603
1.9999989397563276
1.9999989393736193
1.999998938990635
1.999998938607374
1.999998938223837
1.9999989378400223
1.9999989374559304
1.9999989370715616
1.9999989366869142
1.999998936301989
1.9999989359167856
1.9999989355313033
1.9999989351455418
1.999998934759501
1.9999989343731805
1.9999989339865805
1.9999989335997002
1.999998933212539
1.9999989328250964
1.9999989324373737
1.9999989320493694
1.999998931661083
1.9999989312725146
1.999998930883664
1.9999989304945305
1.9999989301051142
1.9999989297154142
1.9999989293254314
1.999998928935164
1.9999989285446125
1.9999989281537771
1.9999989277626564
1.9999989273712504
1.999998926979559
1.9999989265875826
1.9999989261953193
1.9999989258027702
1.9999989254099344
1.999998925016811
1.999998924623401
1.9999989242297034
1.9999989238357172
1.9999989234414428
1.9999989230468809
1.9999989226520294
1.9999989222568888
1.9999989218614584
1.9999989214657388
1.9999989210697287
1.999998920673428
1.999998920276837
1.999998919879955
1.999998919482781
1.999998919085316
1.9999989186875582
1.9999989182895088
1.9999989178911666
1.9999989174925312
1.999998917093603
1.9999989166943803
1.9999989162948646
1.9999989158950542
1.9999989154949485
1.999998915094549
1.9999989146938537
1.9999989142928631
1.9999989138915768
1.9999989134899938
1.9999989130881148
1.9999989126859388
1.9999989122834658
1.9999989118806951
1.9999989114776262
1.9999989110742598
1.9999989106705938
1.9999989102666305
1.999998909862367
1.999998909457804
1.9999989090529418
1.9999989086477792
1.9999989082423162
1.9999989078365525
1.9999989074304876
1.999998907024121
1.9999989066174533
1.9999989062104828
1.9999989058032104
1.9999989053956346
1.999998904987756
1.9999989045795736
1.999998904171088
1.9999989037622978
1.9999989033532035
1.9999989029438041
1.9999989025340996
1.9999989021240905
1.9999989017137743
1.9999989013031523
1.999998900892224
1.9999989004809888
1.9999989000694467
1.9999988996575966
1.9999988992454394
1.9999988988329733
1.9999988984201988
1.9999988980071157
1.999998897593723
1.9999988971800218
1.99999889676601
1.9999988963516877
1.9999988959370547
1.999998895522111
1.9999988951068557
1.999998894691289
1.999998894275411
1.9999988938592197
1.999998893442716
1.9999988930258992
1.9999988926087693
1.9999988921913254
1.9999988917735676
1.9999988913554954
1.9999988909371085
1.9999988905184058
1.9999988900993881
1.9999988896800551
1.9999988892604053
1.999998888840439
1.9999988884201556
1.9999988879995554
1.9999988875786372
1.9999988871574017
1.999998886735847
1.9999988863139742
1.9999988858917823
1.9999988854692707
1.9999988850464394
1.9999988846232881
1.9999988841998164
1.9999988837760239
1.99999888335191
1.999998882927475
1.9999988825027175
1.9999988820776382
1.9999988816522363
1.999998881226511
1.999998880800462
1.9999988803740898
1.9999988799473936
1.9999988795203725
1.999998879093027
1.9999988786653558
1.99999887823736
1.999998877809037
1.9999988773803885
1.999998876951413
1.9999988765221104
1.9999988760924807
1.9999988756625229
1.999998875232238
1.999998874801623
1.9999988743706796
1.9999988739394072
1.9999988735078051
1.999998873075873
1.9999988726436104
1.999998872211017
1.9999988717780925
1.9999988713448364
1.9999988709112486
1.9999988704773282
1.9999988700430757
1.99999886960849
1.9999988691735704
1.9999988687383174
1.99999886830273
1.9999988678668084
1.9999988674305516
1.9999988669939601
1.9999988665570319
1.9999988661197678
1.999998865682168
1.9999988652442307
1.9999988648059561
1.9999988643673443
1.9999988639283945
1.999998863489106
1.9999988630494787
1.999998862609512
1.9999988621692062
1.9999988617285607
1.9999988612875739
1.9999988608462471
1.9999988604045793
1.9999988599625698
1.9999988595202183
1.9999988590775248
1.999998858634488
1.9999988581911083
1.9999988577473853
1.9999988573033185
1.9999988568589075
1.9999988564141515
1.9999988559690511
1.9999988555236046
1.9999988550778123
1.999998854631674
1.999998854185189
1.999998853738357
1.9999988532911774
1.99999885284365
1.9999988523957746
1.9999988519475502
1.9999988514989768
1.9999988510500537
1.9999988506007813
1.9999988501511579
1.9999988497011845
1.9999988492508598
1.9999988488001839
1.9999988483491555
1.9999988478977748
1.999998847446042
1.9999988469939558
1.9999988465415157
1.9999988460887221
1.999998845635574
1.9999988451820712
1.9999988447282129
1.9999988442739993
1.9999988438194296
1.9999988433645035
1.9999988429092208
1.9999988424535806
1.9999988419975827
1.9999988415412266
1.9999988410845126
1.9999988406274392
1.9999988401700064
1.999998839712214
1.9999988392540613
1.9999988387955479
1.9999988383366738
1.9999988378774387
1.9999988374178412
1.9999988369578812
1.999998836497559
1.9999988360368735
1.999998835575824
1.9999988351144107
1.9999988346526332
1.999998834190491
1.9999988337279833
1.9999988332651097
1.9999988328018705
1.9999988323382647
1.9999988318742914
1.9999988314099515
1.9999988309452432
1.9999988304801661
1.9999988300147211
1.9999988295489068
1.9999988290827226
1.9999988286161687
1.9999988281492447
1.9999988276819496
1.999998827214283
1.999998826746244
1.9999988262778337
1.9999988258090504
1.999998825339894
1.9999988248703646
1.9999988244004605
1.999998823930182
1.9999988234595292
1.9999988229885008
1.9999988225170973
1.999998822045317
1.99999882157316
1.9999988211006263
1.9999988206277148
1.9999988201544256
1.9999988196807579
1.9999988192067106
1.9999988187322846
1.9999988182574795
1.999998817782293
1.999998817306727
1.999998816830779
1.9999988163544498
1.9999988158777384
1.9999988154006445
1.9999988149231678
1.999998814445308
1.999998813967064
1.999998813488436
1.9999988130094226
1.9999988125300243
1.99999881205024
1.9999988115700704
1.9999988110895135
1.9999988106085698
1.9999988101272386
1.9999988096455197
1.9999988091634116
1.999998808680915
1.9999988081980296
1.9999988077147535
1.9999988072310873
1.9999988067470305
1.9999988062625824
1.9999988057777425
1.9999988052925104
1.9999988048068855
1.9999988043208676
1.9999988038344556
1.9999988033476508
1.9999988028604505
1.9999988023728552
1.9999988018848651
1.999998801396478
1.9999988009076948
1.9999988004185152
1.9999987999289377
1.9999987994389623
1.9999987989485883
1.9999987984578163
1.9999987979666447
1.9999987974750726
1.999998796983101
1.9999987964907282
1.9999987959979542
1.999998795504778
1.9999987950112004
1.9999987945172195
1.9999987940228356
1.9999987935280479
1.9999987930328562
1.99999879253726
1.9999987920412583
1.9999987915448516
1.9999987910480377
1.9999987905508176
1.9999987900531906
1.999998789555156
1.9999987890567132
1.9999987885578614
1.9999987880586012
1.9999987875589302
1.9999987870588503
1.999998786558359
1.999998786057457
1.9999987855561434
1.9999987850544168
1.999998784552279
1.9999987840497269
1.999998783546762
1.9999987830433825
1.9999987825395886
1.9999987820353797
1.999998781530755
1.9999987810257138
1.9999987805202566
1.9999987800143815
1.999998779508089
1.9999987790013782
1.9999987784942492
1.9999987779867001
1.999998777478732
1.9999987769703436
1.9999987764615337
1.9999987759523032
1.9999987754426507
1.9999987749325758
1.9999987744220786
1.9999987739111573
1.9999987733998126
1.999998772888043
1.9999987723758488
1.999998771863229
1.9999987713501837
1.9999987708367115
1.9999987703228124
1.9999987698084853
1.9999987692937307
1.9999987687785474
1.9999987682629348
1.9999987677468924
1.9999987672304205
1.9999987667135173
1.9999987661961829
1.9999987656784166
1.9999987651602182
1.9999987646415869
1.9999987641225219
1.9999987636030234
1.9999987630830902
1.999998762562722
1.999998762041918
1.9999987615206782
1.9999987609990022
1.9999987604768883
1.9999987599543372
1.9999987594313473
1.9999987589079187
1.9999987583840508
1.9999987578597431
1.9999987573349953
1.9999987568098059
1.9999987562841754
1.9999987557581025
1.999998755231587
1.9999987547046285
1.9999987541772257
1.999998753649379
1.9999987531210874
1.9999987525923504
1.9999987520631677
1.9999987515335378
1.9999987510034611
1.9999987504729373
1.9999987499419645
1.9999987494105431
1.9999987488786728
1.9999987483463522
1.999998747813581
1.999998747280359
1.9999987467466853
1.9999987462125595
1.9999987456779806
1.9999987451429493
1.9999987446074627
1.9999987440715234
1.9999987435351279
1.9999987429982773
1.9999987424609702
1.9999987419232066
1.9999987413849853
1.9999987408463067
1.9999987403071695
1.999998739767573
1.999998739227517
1.9999987386870008
1.9999987381460234
1.9999987376045851
1.9999987370626848
1.999998736520322
1.9999987359774956
1.9999987354342064
1.9999987348904527
1.999998734346233
1.999998733801549
1.9999987332563987
1.9999987327107813
1.9999987321646977
1.999998731618145
1.9999987310711245
1.999998730523635
1.9999987299756758
1.9999987294272465
1.9999987288783463
1.9999987283289742
1.9999987277791302
1.9999987272288144
1.9999987266780248
1.9999987261267616
1.9999987255750236
1.999998725022811
1.9999987244701223
1.9999987239169577
1.999998723363316
1.999998722809197
1.9999987222545998
1.9999987216995239
1.9999987211439687
1.9999987205879335
1.9999987200314184
1.999998719474421
1.9999987189169428
1.999998718358982
1.9999987178005378
1.9999987172416103
1.9999987166821986
1.9999987161223023
1.9999987155619199
1.999998715001052
1.999998714439697
1.9999987138778546
1.9999987133155244
1.9999987127527052
1.9999987121893976
1.9999987116255993
1.9999987110613107
1.999998710496531
1.99999870993126
1.9999987093654956
1.9999987087992386
1.9999987082324882
1.9999987076652437
1.9999987070975036
1.9999987065292686
1.9999987059605369
1.9999987053913082
1.999998704821582
1.9999987042513576
1.9999987036806348
1.9999987031094126
1.9999987025376895
1.9999987019654664
1.9999987013927416
1.9999987008195146
1.9999987002457855
1.999998699671552
1.9999986990968155
1.9999986985215739
1.9999986979458275
1.999998697369574
1.9999986967928145
1.9999986962155483
1.9999986956377727
1.9999986950594895
1.9999986944806967
1.9999986939013938
1.9999986933215808
1.999998692741256
1.9999986921604194
1.9999986915790704
1.9999986909972078
1.999998690414831
1.9999986898319402
1.9999986892485333
1.999998688664611
1.999998688080172
1.9999986874952154
1.9999986869097413
1.999998686323748
1.9999986857372352
1.9999986851502025
1.9999986845626492
1.9999986839745743
1.9999986833859777
1.9999986827968577
1.9999986822072144
1.9999986816170467
1.9999986810263546
1.9999986804351368
1.9999986798433929
1.9999986792511213
1.9999986786583226
1.9999986780649959
1.9999986774711396
1.9999986768767535
1.9999986762818371
1.9999986756863901
1.99999867509041
1.9999986744938987
1.999998673896853
1.9999986732992743
1.9999986727011605
1.9999986721025111
1.9999986715033267
1.9999986709036042
1.999998670303344
1.9999986697025465
1.9999986691012097
1.9999986684993334
1.999998667896917
1.9999986672939591
1.9999986666904594
1.9999986660864177
1.9999986654818318
1.9999986648767023
1.9999986642710281
1.9999986636648084
1.9999986630580426
1.99999866245073
1.9999986618428698
1.9999986612344611
1.9999986606255034
1.9999986600159958
1.9999986594059385
1.9999986587953287
1.9999986581841673
1.9999986575724535
1.9999986569601853
1.9999986563473633
1.9999986557339866
1.999998655120054
1.9999986545055648
1.9999986538905186
1.999998653274914
1.9999986526587508
1.9999986520420283
1.9999986514247452
1.9999986508069019
1.9999986501884959
1.9999986495695277
1.999998648949997
1.9999986483299008
1.999998647709241
1.9999986470880153
1.999998646466223
1.9999986458438646
1.9999986452209377
1.9999986445974418
1.999998643973377
1.9999986433487422
1.9999986427235363
1.9999986420977585
1.9999986414714086
1.9999986408444854
1.9999986402169883
1.999998639588916
1.9999986389602684
1.999998638331044
1.9999986377012426
1.9999986370708638
1.999998636439906
1.9999986358083695
1.999998635176252
1.999998634543553
1.9999986339102729
1.9999986332764097
1.9999986326419628
1.9999986320069318
1.999998631371316
1.9999986307351139
1.9999986300983261
1.9999986294609498
1.999998628822986
1.999998628184433
1.9999986275452903
1.9999986269055565
1.9999986262652316
1.9999986256243145
1.999998624982804
1.9999986243406995
1.9999986236980007
1.9999986230547058
1.9999986224108146
1.999998621766327
1.9999986211212408
1.999998620475556
1.9999986198292716
1.999998619182387
1.9999986185349006
1.999998617886812
1.999998617238121
1.999998616588826
1.9999986159389262
1.9999986152884208
1.99999861463731
1.9999986139855914
1.9999986133332648
1.9999986126803297
1.999998612026785
1.99999861137263
1.9999986107178631
1.9999986100624842
1.999998609406492
1.9999986087498869
1.9999986080926668
1.9999986074348308
1.9999986067763784
1.9999986061173087
1.9999986054576209
1.9999986047973144
1.999998604136388
1.999998603474841
1.9999986028126722
1.9999986021498808
1.9999986014864661
1.9999986008224275
1.9999986001577637
1.9999985994924743
1.9999985988265578
1.9999985981600137
1.9999985974928414
1.999998596825039
1.9999985961566067
1.9999985954875432
1.9999985948178476
1.9999985941475196
1.9999985934765572
1.9999985928049602
1.9999985921327272
1.9999985914598586
1.9999985907863522
1.999998590112207
1.9999985894374235
1.9999985887619995
1.9999985880859346
1.9999985874092283
1.9999985867318786
1.9999985860538851
1.9999985853752473
1.9999985846959638
1.9999985840160344
1.9999985833354572
1.999998582654232
1.9999985819723578
1.9999985812898333
1.999998580606658
1.9999985799228313
1.9999985792383506
1.999998578553217
1.9999985778674287
1.9999985771809843
1.9999985764938841
1.9999985758061263
1.9999985751177098
1.9999985744286342
1.9999985737388988
1.9999985730485013
1.999998572357442
1.9999985716657205
1.9999985709733343
1.9999985702802834
1.9999985695865665
1.9999985688921824
1.9999985681971313
1.999998567501411
1.9999985668050209
1.9999985661079605
1.9999985654102286
1.9999985647118235
1.9999985640127451
1.9999985633129926
1.9999985626125643
1.9999985619114602
1.9999985612096784
1.9999985605072181
1.9999985598040788
1.999998559100259
1.999998558395758
1.9999985576905748
1.9999985569847083
1.9999985562781575
1.9999985555709217
1.999998554863
1.999998554154391
1.999998553445094
1.9999985527351078
1.9999985520244317
1.9999985513130638
1.999998550601005
1.9999985498882518
1.9999985491748054
1.9999985484606635
1.9999985477458255
1.9999985470302908
1.9999985463140577
1.9999985455971256
1.9999985448794935
1.9999985441611603
1.9999985434421248
1.9999985427223863
1.9999985420019435
1.9999985412807957
1.999998540558941
1.99999853983638
1.99999853911311
1.9999985383891319
1.999998537664443
1.9999985369390423
1.9999985362129293
1.9999985354861023
1.9999985347585616
1.9999985340303055
1.9999985333013326
1.999998532571642
1.9999985318412328
1.999998531110104
1.9999985303782546
1.9999985296456837
1.9999985289123896
1.9999985281783716
1.999998527443629
1.9999985267081597
1.9999985259719641
1.9999985252350396
1.9999985244973868
1.9999985237590037
1.9999985230198885
1.9999985222800416
1.9999985215394613
1.999998520798146
1.999998520056095
1.9999985193133079
1.9999985185697824
1.999998517825518
1.999998517080514
1.9999985163347687
1.9999985155882816
1.999998514841051
1.9999985140930765
1.9999985133443563
1.9999985125948896
1.999998511844675
1.9999985110937117
1.9999985103419986
1.999998509589535
1.9999985088363192
1.99999850808235
1.9999985073276267
1.9999985065721482
1.999998505815913
1.9999985050589204
1.9999985043011683
1.999998503542657
1.9999985027833849
1.99999850202335
1.999998501262552
1.99999850050099
1.999998499738662
1.9999984989755675
1.9999984982117056
1.9999984974470741
1.9999984966816728
1.9999984959155004
1.999998495148555
1.999998494380837
1.9999984936123438
1.9999984928430745
1.9999984920730285
1.999998491302204
1.9999984905306003
1.9999984897582164
1.9999984889850508
1.9999984882111015
1.9999984874363697
1.9999984866608511
1.9999984858845474
1.9999984851074555
1.9999984843295746
1.9999984835509044
1.9999984827714428
1.9999984819911893
1.999998481210142
1.9999984804282998
1.9999984796456622
1.999998478862227
1.9999984780779938
1.999998477292961
1.9999984765071281
1.9999984757204927
1.9999984749330544
1.9999984741448118
1.9999984733557639
1.9999984725659088
1.9999984717752464
1.9999984709837741
1.9999984701914915
1.9999984693983972
1.9999984686044905
1.999998467809769
1.9999984670142328
1.99999846621788
1.999998465420709
1.9999984646227194
1.9999984638239092
1.9999984630242775
1.9999984622238232
1.9999984614225443
1.9999984606204408
1.99999845981751
1.9999984590137523
1.9999984582091648
1.9999984574037475
1.999998456597498
1.999998455790416
1.9999984549824996
1.9999984541737479
1.9999984533641597
1.9999984525537327
1.9999984517424676
1.9999984509303614
1.9999984501174137
1.9999984493036227
1.9999984484889863
1.9999984476735053
1.9999984468571768
1.9999984460400002
1.9999984452219737
1.9999984444030967
1.9999984435833675
1.9999984427627844
1.9999984419413466
1.9999984411190526
1.9999984402959015
1.9999984394718906
1.9999984386470198
1.9999984378212878
1.999998436994693
1.999998436167234
1.99999843533891
1.9999984345097188
1.9999984336796595
1.9999984328487304
1.999998432016931
1.9999984311842587
1.9999984303507132
1.9999984295162927
1.9999984286809962
1.999998427844822
1.9999984270077682
1.9999984261698351
1.9999984253310197
1.9999984244913211
1.9999984236507382
1.99999842280927
1.9999984219669138
1.999998421123669
1.999998420279535
1.9999984194345088
1.99999841858859
1.9999984177417771
1.9999984168940688
1.9999984160454634
1.9999984151959593
1.9999984143455563
1.9999984134942512
1.9999984126420443
1.9999984117889327
1.9999984109349163
1.9999984100799924
1.999998409224161
1.9999984083674194
1.9999984075097665
1.999998406651202
1.9999984057917226
1.9999984049313277
1.9999984040700163
1.9999984032077869
1.9999984023446369
1.9999984014805658
1.9999984006155727
1.999998399749655
1.9999983988828116
1.9999983980150415
1.9999983971463426
1.9999983962767145
1.999998395406154
1.9999983945346609
1.9999983936622334
1.99999839278887
1.9999983919145692
1.999998391039329
1.9999983901631495
1.9999983892860278
1.9999983884079628
1.9999983875289526
1.999998386648996
1.9999983857680919
1.9999983848862386
1.999998384003434
1.9999983831196775
1.9999983822349665
1.999998381349301
1.9999983804626773
1.9999983795750964
1.9999983786865552
1.9999983777970523
1.9999983769065854
1.999998376015155
1.9999983751227581
1.9999983742293936
1.9999983733350597
1.9999983724397554
1.999998371543478
1.999998370646227
1.9999983697480006
1.9999983688487972
1.999998367948615
1.9999983670474526
1.9999983661453085
1.9999983652421809
1.9999983643380679
1.9999983634329692
1.9999983625268822
1.999998361619805
1.9999983607117369
1.999998359802676
1.9999983588926202
1.9999983579815686
1.9999983570695186
1.9999983561564698
1.9999983552424203
1.9999983543273674
1.9999983534113106
1.9999983524942484
1.9999983515761781
1.9999983506570993
1.999998349737009
1.999998348815907
1.99999834789379
1.9999983469706584
1.9999983460465087
1.9999983451213408
1.9999983441951514
1.99999834326794
1.9999983423397047
1.9999983414104439
1.9999983404801551
1.9999983395488374
1.9999983386164895
1.999998337683109
1.9999983367486946
1.9999983358132445
1.9999983348767558
1.9999983339392289
1.999998333000661
1.9999983320610508
1.9999983311203966
1.9999983301786952
1.9999983292359464
1.9999983282921487
1.9999983273472999
1.9999983264013979
1.9999983254544407
1.9999983245064281
1.9999983235573568
1.999998322607226
1.9999983216560335
1.9999983207037775
1.9999983197504563
1.9999983187960682
1.999998317840612
1.999998316884085
1.999998315926486
1.9999983149678127
1.9999983140080642
1.9999983130472374
1.999998312085332
1.999998311122345
1.999998310158276
1.999998309193121
1.9999983082268806
1.9999983072595515
1.9999983062911326
1.9999983053216213
1.9999983043510168
1.9999983033793165
1.9999983024065187
1.999998301432622
1.9999983004576236
1.9999982994815229
1.9999982985043168
1.9999982975260047
1.9999982965465837
1.9999982955660534
1.9999982945844104
1.999998293601653
1.9999982926177797
1.9999982916327892
1.999998290646679
1.9999982896594473
1.999998288671092
1.9999982876816114
1.9999982866910038
1.9999982856992669
1.9999982847063995
1.9999982837123986
1.9999982827172635
1.9999982817209916
1.999998280723581
1.9999982797250297
1.9999982787253365
1.9999982777244978
1.9999982767225144
1.9999982757193815
1.9999982747150988
1.9999982737096638
1.999998272703075
1.99999827169533
1.999998270686427
1.999998269676364
1.9999982686651385
1.9999982676527501
1.9999982666391953
1.9999982656244726
1.9999982646085797
1.9999982635915154
1.9999982625732773
1.9999982615538623
1.999998260533271
1.9999982595114987
1.9999982584885447
1.9999982574644073
1.9999982564390835
1.9999982554125717
1.9999982543848702
1.9999982533559768
1.9999982523258888
1.9999982512946048
1.999998250262123
1.9999982492284407
1.9999982481935563
1.9999982471574675
1.9999982461201722
1.9999982450816682
1.9999982440419544
1.999998243001027
1.9999982419588855
1.9999982409155266
1.9999982398709495
1.9999982388251507
1.9999982377781291
1.9999982367298819
1.9999982356804076
1.9999982346297043
1.9999982335777684
1.9999982325245995
1.9999982314701945
1.9999982304145516
1.9999982293576684
1.9999982282995425
1.9999982272401728
1.999998226179556
1.9999982251176904
1.999998224054574
1.9999982229902045
1.9999982219245793
1.9999982208576967
1.9999982197895545
1.9999982187201506
1.9999982176494824
1.9999982165775476
1.9999982155043445
1.9999982144298711
1.9999982133541245
1.9999982122771023
1.999998211198803
1.9999982101192237
1.999998209038363
1.9999982079562182
1.9999982068727868
1.9999982057880665
1.9999982047020557
1.999998203614752
1.999998202526152
1.9999982014362543
1.999998200345057
1.9999981992525575
1.9999981981587531
1.9999981970636422
1.9999981959672217
1.9999981948694898
1.9999981937704445
1.9999981926700823
1.999998191568402
1.9999981904654005
1.9999981893610763
1.9999981882554265
1.9999981871484491
1.9999981860401415
1.999998184930501
1.999998183819526
1.9999981827072133
1.9999981815935612
1.9999981804785667
1.9999981793622281
1.999998178244543
1.999998177125508
1.9999981760051215
1.9999981748833813
1.9999981737602845
1.999998172635829
1.9999981715100121
1.9999981703828313
1.999998169254285
1.9999981681243693
1.9999981669930829
1.9999981658604224
1.9999981647263871
1.9999981635909732
1.9999981624541778
1.999998161315999
1.9999981601764343
1.9999981590354814
1.999998157893138
1.9999981567494007
1.9999981556042683
1.9999981544577365
1.9999981533098048
1.999998152160469
1.9999981510097278
1.9999981498575776
1.9999981487040164
1.9999981475490418
1.9999981463926513
1.9999981452348417
1.9999981440756107
1.9999981429149565
1.9999981417528752
1.999998140589365
1.999998139424423
1.9999981382580478
1.999998137090235
1.9999981359209829
1.999998134750289
1.9999981335781498
1.9999981324045635
1.9999981312295279
1.9999981300530396
1.9999981288750956
1.9999981276956942
1.9999981265148317
1.9999981253325065
1.9999981241487153
1.9999981229634554
1.9999981217767244
1.9999981205885196
1.9999981193988376
1.999998118207677
1.9999981170150338
1.999998115820906
1.9999981146252908
1.999998113428185
1.9999981122295865
1.999998111029492
1.9999981098278994
1.9999981086248053
1.999998107420207
1.9999981062141021
1.9999981050064881
1.999998103797361
1.9999981025867195
1.9999981013745594
1.9999981001608789
1.999998098945675
1.9999980977289444
1.999998096510685
1.9999980952908931
1.9999980940695665
1.9999980928467025
1.9999980916222975
1.9999980903963488
1.9999980891688545
1.9999980879398103
1.999998086709214
1.9999980854770634
1.9999980842433547
1.999998083008085
1.9999980817712517
1.9999980805328514
1.9999980792928824
1.9999980780513409
1.999998076808223
1.9999980755635274
1.9999980743172503
1.9999980730693891
1.9999980718199404
1.9999980705689016
1.9999980693162698
1.9999980680620417
1.9999980668062143
1.9999980655487846
1.9999980642897497
1.9999980630291068
1.9999980617668525
1.999998060502984
1.999998059237498
1.9999980579703918
1.999998056701662
1.9999980554313055
1.9999980541593194
1.9999980528857007
1.9999980516104467
1.999998050333553
1.9999980490550178
1.9999980477748374
1.9999980464930094
1.9999980452095292
1.9999980439243945
1.9999980426376025
1.9999980413491496
1.9999980400590327
1.9999980387672494
1.9999980374737947
1.9999980361786667
1.999998034881863
1.9999980335833787
1.9999980322832116
1.9999980309813579
1.9999980296778148
1.9999980283725796
1.9999980270656477
1.999998025757017
1.9999980244466835
1.999998023134644
1.999998021820896
1.9999980205054355
1.9999980191882596
1.9999980178693646
1.9999980165487474
1.9999980152264045
1.9999980139023332
1.999998012576529
1.99999801124899
1.9999980099197119
1.9999980085886913
1.9999980072559254
1.9999980059214106
1.9999980045851433
1.9999980032471205
1.999998001907338
1.9999980005657934
1.9999979992224837
1.9999979978774032
1.999997996530551
1.9999979951819216
1.9999979938315127
1.9999979924793205
1.999997991125342
1.999997989769573
1.999997988412011
1.9999979870526512
1.9999979856914913
1.999997984328527
1.999997982963755
1.9999979815971718
1.999997980228774
1.9999979788585582
1.99999797748652
1.9999979761126565
1.9999979747369638
1.9999979733594389
1.9999979719800776
1.9999979705988762
1.999997969215832
1.9999979678309405
1.9999979664441987
1.9999979650556021
1.999997963665148
1.9999979622728314
1.99999796087865
1.9999979594825994
1.9999979580846763
1.9999979566848771
1.9999979552831975
1.9999979538796342
1.999997952474183
1.9999979510668413
1.9999979496576037
1.999997948246468
1.9999979468334297
1.9999979454184842
1.999997944001629
1.9999979425828602
1.9999979411621733
1.9999979397395646
1.9999979383150313
1.9999979368885685
1.999997935460172
1.999997934029839
1.9999979325975652
1.9999979311633467
1.9999979297271793
1.9999979282890596
1.999997926848984
1.9999979254069473
1.999997923962947
1.9999979225169784
1.9999979210690373
1.99999791961912
1.9999979181672234
1.9999979167133421
1.9999979152574732
1.9999979137996113
1.9999979123397544
1.999997910877897
1.9999979094140352
1.9999979079481651
1.9999979064802837
1.999997905010385
1.999997903538466
1.9999979020645229
1.9999979005885509
1.9999978991105465
1.999997897630505
1.9999978961484224
1.9999978946642953
1.9999978931781186
1.9999978916898882
1.9999978901996
1.9999978887072507
1.9999978872128354
1.9999978857163494
1.9999978842177892
1.99999788271715
1.9999978812144286
1.9999978797096192
1.9999978782027188
1.9999978766937228
1.9999978751826262
1.9999978736694262
1.9999978721541167
1.9999978706366943
1.9999978691171552
1.999997867595494
1.9999978660717068
1.9999978645457885
1.9999978630177362
1.9999978614875447
1.99999785995521
1.9999978584207265
1.9999978568840904
1.9999978553452982
1.9999978538043444
1.9999978522612245
1.9999978507159342
1.999997849168469
1.999997847618825
1.999997846066997
1.9999978445129807
1.9999978429567713
1.9999978413983643
1.9999978398377554
1.9999978382749402
1.9999978367099136
1.999997835142671
1.999997833573208
1.9999978320015201
1.9999978304276025
1.9999978288514502
1.9999978272730585
1.9999978256924238
1.9999978241095409
1.9999978225244042
1.9999978209370093
1.9999978193473524
1.9999978177554278
1.9999978161612317
1.9999978145647588
1.9999978129660034
1.9999978113649617
1.999997809761629
1.9999978081560001
1.9999978065480704
1.9999978049378349
1.9999978033252883
1.9999978017104265
1.9999978000932443
1.9999977984737363
1.9999977968518987
1.9999977952277253
1.9999977936012119
1.999997791972353
1.9999977903411448
1.9999977887075813
1.9999977870716574
1.9999977854333681
1.9999977837927096
1.9999977821496748
1.9999977805042601
1.99999777885646
1.99999777720627
1.9999977755536837
1.9999977738986972
1.9999977722413045
1.9999977705815013
1.999997768919282
1.9999977672546407
1.9999977655875736
1.9999977639180748
1.9999977622461387
1.9999977605717612
1.9999977588949358
1.9999977572156575
1.9999977555339215
1.9999977538497224
1.9999977521630552
1.9999977504739135
1.9999977487822924
1.9999977470881873
1.9999977453915918
1.999997743692501
1.9999977419909094
1.9999977402868123
1.9999977385802037
1.9999977368710768
1.9999977351594285
1.9999977334452521
1.9999977317285418
1.9999977300092933
1.9999977282874999
1.9999977265631563
1.9999977248362568
1.9999977231067971
1.9999977213747697
1.9999977196401706
1.9999977179029935
1.999997716163233
1.999997714420882
1.9999977126759374
1.9999977109283913
1.999997709178239
1.9999977074254751
1.9999977056700933
1.9999977039120875
1.9999977021514528
1.9999977003881828
1.9999976986222714
1.9999976968537145
1.999997695082504
1.9999976933086354
1.9999976915321025
1.9999976897528995
1.9999976879710204
1.99999768618646
1.9999976843992107
1.9999976826092676
1.9999976808166249
1.9999976790212763
1.9999976772232153
1.9999976754224371
1.9999976736189349
1.999997671812703
1.9999976700037345
1.999997668192024
1.999997666377565
1.9999976645603517
1.9999976627403775
1.9999976609176369
1.9999976590921231
1.9999976572638307
1.9999976554327525
1.9999976535988826
1.9999976517622156
1.999997649922743
1.9999976480804609
1.9999976462353624
1.9999976443874403
1.9999976425366892
1.9999976406831013
1.9999976388266718
1.999997636967394
1.9999976351052604
1.999997633240266
1.999997631372403
1.999997629501666
1.9999976276280478
1.999997625751542
1.9999976238721429
1.9999976219898425
1.9999976201046348
1.9999976182165138
1.999997616325472
1.9999976144315037
1.9999976125346008
1.9999976106347581
1.9999976087319689
1.999997606826225
1.999997604917521
1.9999976030058493
1.9999976010912035
1.9999975991735763
1.9999975972529622
1.9999975953293532
1.9999975934027425
1.9999975914731238
1.9999975895404891
1.9999975876048335
1.999997585666148
1.9999975837244266
1.9999975817796622
1.9999975798318474
1.9999975778809755
1.9999975759270396
1.999997573970032
1.9999975720099465
1.999997570046776
1.9999975680805118
1.9999975661111478
1.9999975641386776
1.999997562163092
1.9999975601843862
1.999997558202551
1.999997556217581
1.9999975542294666
1.9999975522382023
1.9999975502437797
1.9999975482461918
1.9999975462454311
1.9999975442414908
1.999997542234363
1.9999975402240395
1.9999975382105142
1.999997536193779
1.9999975341738263
1.9999975321506487
1.9999975301242388
1.999997528094588
1.99999752606169
1.9999975240255363
1.99999752198612
1.9999975199434323
1.9999975178974663
1.9999975158482144
1.9999975137956683
1.9999975117398208
1.9999975096806633
1.9999975076181888
1.9999975055523884
1.9999975034832558
1.9999975014107816
1.9999974993349585
1.9999974972557784
1.9999974951732338
1.9999974930873157
1.9999974909980178
1.9999974889053298
1.9999974868092452
1.9999974847097548
1.9999974826068523
1.9999974805005276
1.999997478390773
1.9999974762775814
1.9999974741609428
1.9999974720408507
1.9999974699172955
1.9999974677902697
1.999997465659764
1.9999974635257713
1.9999974613882825
1.9999974592472891
1.9999974571027832
1.9999974549547554
1.9999974528031983
1.9999974506481024
1.9999974484894598
1.9999974463272616
1.9999974441614998
1.999997441992165
1.9999974398192484
1.9999974376427418
1.9999974354626369
1.999997433278924
1.9999974310915951
1.999997428900641
1.999997426706053
1.9999974245078214
1.9999974223059396
1.999997420100396
1.999997417891183
1.9999974156782923
1.999997413461713
1.9999974112414385
1.9999974090174573
1.999997406789762
1.999997404558343
1.9999974023231903
1.9999974000842962
1.999997397841651
1.9999973955952446
1.9999973933450683
1.9999973910911135
1.99999738883337
1.9999973865718288
1.9999973843064798
1.999997382037315
1.9999973797643238
1.999997377487497
1.9999973752068254
1.9999973729222995
1.9999973706339091
1.9999973683416452
1.9999973660454982
1.9999973637454573
1.9999973614415143
1.9999973591336586
1.999997356821881
1.9999973545061709
1.9999973521865198
1.9999973498629162
1.9999973475353516
1.9999973452038156
1.999997342868298
1.9999973405287887
1.9999973381852785
1.9999973358377563
1.999997333486213
1.999997331130638
1.9999973287710207
1.9999973264073512
1.9999973240396198
1.9999973216678162
1.9999973192919298
1.9999973169119503
1.9999973145278667
1.99999731213967
1.999997309747349
1.9999973073508928
1.9999973049502915
1.9999973025455342
1.9999973001366107
1.9999972977235105
1.999997295306223
1.999997292884737
1.9999972904590417
1.999997288029127
1.9999972855949824
1.999997283156596
1.9999972807139574
1.9999972782670554
1.9999972758158804
1.99999727336042
1.9999972709006641
1.9999972684366008
1.9999972659682197
1.9999972634955094
1.9999972610184589
1.9999972585370565
1.9999972560512924
1.999997253561154
1.9999972510666304
1.99999724856771
1.9999972460643816
1.999997243556634
1.9999972410444562
1.9999972385278357
1.9999972360067608
1.999997233481221
1.999997230951204
1.9999972284166991
1.9999972258776935
1.999997223334175
1.999997220786133
1.9999972182335557
1.9999972156764307
1.999997213114746
1.9999972105484907
1.9999972079776518
1.9999972054022175
1.9999972028221753
1.9999972002375148
1.9999971976482216
1.9999971950542845
1.9999971924556919
1.999997189852431
1.99999718724449
1.999997184631855
1.9999971820145155
1.9999971793924571
1.99999717676567
1.9999971741341391
1.9999971714978533
1.9999971688567995
1.9999971662109646
1.9999971635603366
1.999997160904902
1.9999971582446494
1.999997155579565
1.9999971529096359
1.9999971502348495
1.999997147555192
1.9999971448706515
1.9999971421812146
1.9999971394868674
1.9999971367875982
1.9999971340833922
1.9999971313742382
1.9999971286601206
1.9999971259410276
1.9999971232169458
1.9999971204878606
1.9999971177537597
1.999997115014628
1.9999971122704543
1.9999971095212234
1.9999971067669216
1.9999971040075362
1.9999971012430522
1.999997098473456
1.9999970956987347
1.9999970929188735
1.9999970901338593
1.9999970873436768
1.9999970845483126
1.9999970817477528
1.9999970789419832
1.9999970761309889
1.9999970733147567
1.999997070493271
1.9999970676665186
1.9999970648344843
1.9999970619971539
1.9999970591545133
1.9999970563065472
1.9999970534532414
1.999997050594581
1.999997047730552
1.9999970448611386
1.999997041986326
1.9999970391061
1.9999970362204451
1.9999970333293464
1.999997030432789
1.999997027530758
1.9999970246232377
1.9999970217102125
1.9999970187916687
1.9999970158675893
1.9999970129379596
1.999997010002764
1.9999970070619872
1.9999970041156139
1.9999970011636283
1.9999969982060144
1.999996995242756
1.9999969922738385
1.9999969892992455
1.9999969863189606
1.9999969833329685
1.999996980341253
1.9999969773437978
1.9999969743405872
1.9999969713316046
1.9999969683168344
1.9999969652962584
1.9999969622698628
1.9999969592376294
1.999996956199542
1.9999969531555848
1.9999969501057404
1.9999969470499916
1.9999969439883236
1.9999969409207172
1.999996937847157
1.9999969347676256
1.999996931682106
1.9999969285905816
1.9999969254930343
1.9999969223894485
1.999996919279805
1.999996916164088
1.9999969130422794
1.9999969099143613
1.9999969067803172
1.9999969036401288
1.9999969004937783
1.9999968973412487
1.9999968941825221
1.9999968910175803
1.9999968878464052
1.9999968846689788
1.9999968814852842
1.9999968782953015
1.999996875099014
1.9999968718964027
1.9999968686874492
1.9999968654721352
1.9999968622504425
1.999996859022352
1.9999968557878456
1.9999968525469043
1.9999968492995097
1.9999968460456425
1.9999968427852846
1.999996839518416
1.9999968362450182
1.9999968329650715
1.9999968296785577
1.9999968263854568
1.9999968230857497
1.9999968197794171
1.9999968164664388
1.999996813146796
1.9999968098204695
1.9999968064874378
1.9999968031476827
1.9999967998011836
1.999996796447921
1.999996793087875
1.9999967897210245
1.99999678634735
1.9999967829668313
1.9999967795794475
1.999996776185179
1.999996772784005
1.9999967693759044
1.9999967659608577
1.9999967625388426
1.9999967591098395
1.9999967556738272
1.9999967522307842
1.9999967487806904
1.9999967453235235
1.9999967418592624
1.9999967383878865
1.9999967349093741
1.9999967314237035
1.9999967279308537
1.9999967244308026
1.9999967209235274
1.9999967174090088
1.9999967138872228
1.999996710358148
1.9999967068217621
1.9999967032780432
1.9999966997269694
1.9999966961685172
1.9999966926026649
1.9999966890293905
1.9999966854486702
1.9999966818604817
1.9999966782648027
1.99999667466161
1.99999667105088
1.999996667432591
1.9999966638067184
1.9999966601732397
1.9999966565321308
1.9999966528833695
1.999996649226931
1.9999966455627924
1.9999966418909287
1.9999966382113181
1.9999966345239353
1.9999966308287564
1.9999966271257579
1.9999966234149142
1.9999966196962027
1.9999966159695979
1.999996612235075
1.9999966084926102
1.9999966047421784
1.9999966009837544
1.9999965972173144
1.9999965934428325
1.9999965896602832
1.999996585869642
1.999996582070883
1.9999965782639813
1.9999965744489108
1.9999965706256468
1.9999965667941622
1.999996562954432
1.9999965591064295
1.9999965552501298
1.9999965513855056
1.9999965475125312
1.9999965436311797
1.9999965397414248
1.9999965358432403
1.9999965319365989
1.9999965280214735
1.9999965240978381
1.9999965201656649
1.9999965162249267
1.9999965122755965
1.999996508317647
1.99999650435105
1.9999965003757778
1.9999964963918038
1.9999964923990996
1.9999964883976369
1.999996484387387
1.9999964803683228
1.9999964763404152
1.9999964723036368
1.9999964682579572
1.9999964642033494
1.9999964601397833
1.9999964560672312
1.9999964519856626
1.9999964478950492
1.9999964437953615
1.99999643968657
1.9999964355686448
1.999996431441557
1.999996427305275
1.9999964231597716
1.999996419005015
1.9999964148409743
1.9999964106676207
1.999996406484923
1.9999964022928505
1.9999963980913724
1.9999963938804584
1.9999963896600768
1.9999963854301968
1.999996381190787
1.999996376941816
1.9999963726832526
1.9999963684150643
1.9999963641372203
1.9999963598496884
1.9999963555524356
1.9999963512454304
1.9999963469286406
1.9999963426020333
1.9999963382655759
1.9999963339192355
1.9999963295629792
1.9999963251967745
1.9999963208205866
1.9999963164343844
1.9999963120381323
1.9999963076317981
1.9999963032153465
1.9999962987887443
1.9999962943519582
1.999996289904953
1.9999962854476947
1.9999962809801481
1.9999962765022785
1.9999962720140518
1.9999962675154321
1.9999962630063846
1.9999962584868738
1.9999962539568648
1.999996249416321
1.9999962448652078
1.9999962403034879
1.9999962357311254
1.9999962311480848
1.9999962265543294
1.9999962219498217
1.9999962173345254
1.9999962127084039
1.99999620807142
1.9999962034235355
1.9999961987647141
1.9999961940949174
1.999996189414108
1.999996184722248
1.9999961800192991
1.999996175305223
1.9999961705799807
1.9999961658435341
1.999996161095844
1.999996156336872
1.9999961515665783
1.999996146784924
1.999996141991869
1.9999961371873745
1.9999961323713988
1.9999961275439035
1.9999961227048477
1.999996117854191
1.9999961129918924
1.9999961081179114
1.999996103232207
1.9999960983347382
1.9999960934254633
1.9999960885043404
1.999996083571328
1.999996078626384
1.999996073669466
1.9999960687005325
1.99999606371954
1.9999960587264463
1.9999960537212085
1.9999960487037824
1.9999960436741264
1.999996038632195
1.9999960335779463
1.9999960285113345
1.999996023432316
1.999996018340847
1.9999960132368826
1.9999960081203776
1.9999960029912875
1.999995997849567
1.9999959926951705
1.9999959875280522
1.9999959823481661
1.9999959771554663
1.9999959719499067
1.9999959667314404
1.999995961500021
1.999995956255602
1.999995950998135
1.9999959457275729
1.9999959404438685
1.9999959351469736
1.99999592983684
1.9999959245134196
1.9999959191766636
1.9999959138265238
1.999995908462951
1.999995903085895
1.9999958976953065
1.9999958922911367
1.9999958868733345
1.999995881441851
1.9999958759966343
1.9999958705376348
1.9999958650648015
1.9999958595780822
1.9999958540774254
1.9999958485627811
1.9999958430340954
1.9999958374913174
1.9999958319343936
1.9999958263632722
1.9999958207778994
1.9999958151782236
1.9999958095641888
1.9999958039357433
1.9999957982928316
1.9999957926353997
1.999995786963394
1.9999957812767593
1.9999957755754396
1.999995769859381
1.9999957641285266
1.9999957583828207
1.9999957526222079
1.9999957468466305
1.9999957410560323
1.9999957352503568
1.9999957294295456
1.999995723593543
1.9999957177422882
1.999995711875726
1.9999957059937952
1.9999957000964386
1.999995694183597
1.9999956882552108
1.9999956823112208
1.9999956763515663
1.999995670376188
1.999995664385024
1.9999956583780143
1.9999956523550977
1.9999956463162123
1.9999956402612964
1.999995634190288
1.9999956281031253
1.9999956219997443
1.9999956158800827
1.9999956097440772
1.9999956035916635
1.9999955974227783
1.9999955912373564
1.9999955850353341
1.999995578816645
1.9999955725812248
1.9999955663290074
1.9999955600599273
1.9999955537739176
1.999995547470911
1.9999955411508419
1.9999955348136413
1.9999955284592426
1.9999955220875778
1.9999955156985774
1.999995509292173
1.9999955028682954
1.999995496426875
1.9999954899678425
1.9999954834911269
1.9999954769966584
1.999995470484365
1.9999954639541753
1.9999954574060184
1.9999954508398217
1.9999954442555121
1.9999954376530182
1.9999954310322656
1.9999954243931806
1.9999954177356893
1.9999954110597178
1.9999954043651904
1.9999953976520322
1.9999953909201673
1.999995384169521
1.9999953774000154
1.9999953706115738
1.999995363804119
1.999995356977574
1.9999953501318597
1.9999953432668984
1.999995336382611
1.9999953294789174
1.999995322555739
1.9999953156129944
1.999995308650604
1.999995301668486
1.9999952946665593
1.9999952876447413
1.99999528060295
1.999995273541103
1.9999952664591163
1.9999952593569068
1.9999952522343896
1.99999524509148
1.999995237928093
1.9999952307441435
1.9999952235395446
1.9999952163142103
1.9999952090680535
1.999995201800987
1.999995194512922
1.9999951872037702
1.9999951798734434
1.9999951725218514
1.999995165148905
1.9999951577545132
1.9999951503385842
1.9999951429010285
1.9999951354417531
1.999995127960665
1.9999951204576716
1.9999951129326798
1.9999951053855953
1.999995097816324
1.9999950902247698
1.9999950826108372
1.9999950749744309
1.9999950673154536
1.9999950596338087
1.9999950519293974
1.9999950442021215
1.9999950364518833
1.999995028678582
1.999995020882118
1.999995013062391
1.9999950052192992
1.999994997352741
1.9999949894626146
1.9999949815488165
1.9999949736112437
1.999994965649792
1.9999949576643563
1.9999949496548315
1.9999949416211118
1.9999949335630904
1.9999949254806608
1.999994917373715
1.9999949092421443
1.99999490108584
1.9999948929046922
1.9999948846985913
1.9999948764674251
1.9999948682110835
1.9999948599294535
1.9999948516224226
1.9999948432898766
1.9999948349317016
1.9999948265477834
1.9999948181380058
1.999994809702254
1.9999948012404083
1.9999947927523536
1.9999947842379704
1.9999947756971408
1.9999947671297442
1.9999947585356603
1.9999947499147679
1.9999947412669459
1.9999947325920713
1.9999947238900209
1.9999947151606703
1.9999947064038957
1.9999946976195706
1.999994688807569
1.9999946799677641
1.9999946711000283
1.999994662204233
1.9999946532802482
1.9999946443279446
1.999994635347191
1.9999946263378559
1.9999946172998069
1.9999946082329105
1.9999945991370323
1.9999945900120375
1.9999945808577908
1.9999945716741558
1.9999945624609952
1.9999945532181702
1.9999945439455413
1.99999453464297
1.9999945253103137
1.9999945159474328
1.999994506554183
1.999994497130422
1.9999944876760047
1.9999944781907868
1.9999944686746216
1.999994459127362
1.9999944495488602
1.9999944399389677
1.999994430297535
1.9999944206244107
1.9999944109194432
1.9999944011824804
1.9999943914133678
1.9999943816119519
1.999994371778077
1.9999943619115867
1.9999943520123227
1.9999943420801278
1.999994332114842
1.9999943221163043
1.999994312084355
1.999994302018829
1.9999942919195646
1.999994281786397
1.9999942716191597
1.999994261417687
1.9999942511818103
1.9999942409113616
1.9999942306061702
1.999994220266066
1.999994209890876
1.9999941994804276
1.999994189034546
1.999994178553056
1.9999941680357805
1.9999941574825426
1.9999941468931626
1.9999941362674605
1.9999941256052556
1.9999941149063651
1.999994104170606
1.999994093397792
1.999994082587738
1.9999940717402576
1.9999940608551607
1.9999940499322577
1.9999940389713584
1.9999940279722705
1.9999940169348
1.9999940058587524
1.9999939947439314
1.9999939835901395
1.9999939723971785
1.9999939611648476
1.9999939498929458
1.9999939385812702
1.9999939272296168
1.9999939158377809
1.9999939044055541
1.999993892932729
1.999993881419096
1.9999938698644437
1.99999385826856
1.9999938466312306
1.9999938349522397
1.9999938232313716
1.9999938114684077
1.9999937996631272
1.9999937878153091
1.999993775924731
1.9999937639911682
1.9999937520143958
1.9999937399941845
1.9999937279303064
1.9999937158225312
1.9999937036706255
1.9999936914743568
1.9999936792334887
1.9999936669477845
1.9999936546170054
1.999993642240911
1.999993629819259
1.9999936173518063
1.9999936048383071
1.9999935922785137
1.9999935796721782
1.9999935670190492
1.9999935543188743
1.9999935415713992
1.9999935287763682
1.9999935159335238
1.9999935030426055
1.999993490103352
1.9999934771155006
1.9999934640787858
1.9999934509929398
1.999993437857694
1.9999934246727784
1.9999934114379179
1.9999933981528393
1.999993384817265
1.9999933714309166
1.9999933579935125
1.9999933445047713
1.9999933309644067
1.999993317372132
1.9999933037276583
1.9999932900306936
1.9999932762809454
1.9999932624781191
1.9999932486219147
1.9999932347120342
1.9999932207481745
1.999993206730032
1.9999931926572996
1.9999931785296696
1.9999931643468303
1.9999931501084678
1.9999931358142664
1.9999931214639097
1.9999931070570758
1.999993092593442
1.9999930780726833
1.9999930634944727
1.9999930488584792
1.9999930341643706
1.9999930194118116
1.9999930046004648
1.9999929897299902
1.9999929748000445
1.9999929598102828
1.9999929447603573
1.9999929296499166
1.9999929144786082
1.9999928992460763
1.9999928839519612
1.9999928685959023
1.9999928531775353
1.9999928376964926
1.9999928221524053
1.9999928065449
1.999992790873601
1.9999927751381306
1.9999927593381057
1.9999927434731442
1.999992727542857
1.9999927115468543
1.9999926954847427
1.9999926793561258
1.9999926631606026
1.9999926468977727
1.9999926305672282
1.9999926141685611
1.9999925977013582
1.9999925811652042
1.9999925645596797
1.999992547884363
1.999992531138828
1.9999925143226465
1.9999924974353849
1.999992480476608
1.9999924634458761
1.9999924463427465
1.999992429166772
1.9999924119175034
1.9999923945944862
1.9999923771972636
1.9999923597253741
1.999992342178353
1.999992324555731
1.9999923068570362
1.999992289081792
1.9999922712295188
1.9999922532997312
1.9999922352919421
1.9999922172056595
1.999992199040386
1.999992180795622
1.9999921624708619
1.9999921440655997
1.9999921255793192
1.9999921070115054
1.9999920883616364
1.9999920696291857
1.999992050813624
1.9999920319144153
1.9999920129310216
1.9999919938628987
1.999991974709498
1.9999919554702672
1.9999919361446477
1.9999919167320785
1.9999918972319903
1.9999918776438135
1.999991857966969
1.999991838200876
1.9999918183449483
1.9999917983985933
1.9999917783612133
1.9999917582322073
1.9999917380109677
1.9999917176968816
1.9999916972893317
1.9999916767876937
1.9999916561913396
1.9999916354996352
1.9999916147119408
1.9999915938276105
1.9999915728459936
1.9999915517664328
1.9999915305882672
1.9999915093108267
1.999991487933437
1.999991466455419
1.9999914448760854
1.9999914231947442
1.9999914014106956
1.9999913795232362
1.999991357531654
1.9999913354352308
1.9999913132332436
1.9999912909249606
1.9999912685096455
1.999991245986554
1.9999912233549357
1.999991200614033
1.9999911777630803
1.9999911548013078
1.9999911317279362
1.9999911085421804
1.999991085243247
1.9999910618303358
1.9999910383026398
1.9999910146593438
1.9999909908996247
1.9999909670226526
1.9999909430275895
1.9999909189135903
1.9999908946798002
1.9999908703253575
1.999990845849394
1.9999908212510298
1.9999907965293797
1.9999907716835486
1.9999907467126337
1.9999907216157224
1.999990696391895
1.9999906710402224
1.9999906455597667
1.9999906199495796
1.9999905942087064
1.9999905683361814
1.9999905423310291
1.9999905161922664
1.9999904899188987
1.9999904635099228
1.9999904369643264
1.9999904102810862
1.999990383459169
1.9999903564975319
1.9999903293951224
1.9999903021508756
1.999990274763717
1.999990247232562
1.9999902195563166
1.999990191733873
1.9999901637641135
1.9999901356459098
1.9999901073781226
1.9999900789595997
1.9999900503891785
1.999990021665684
1.9999899927879305
1.9999899637547183
1.9999899345648375
1.9999899052170649
1.9999898757101653
1.9999898460428904
1.9999898162139795
1.999989786222158
1.9999897560661402
1.9999897257446253
1.9999896952562992
1.9999896645998347
1.9999896337738927
1.9999896027771153
1.9999895716081355
1.9999895402655683
1.9999895087480168
1.999989477054068
1.9999894451822942
1.9999894131312521
1.9999893808994857
1.9999893484855196
1.9999893158878657
1.9999892831050181
1.999989250135457
1.9999892169776439
1.999989183630025
1.99998915009103
1.9999891163590715
1.9999890824325446
1.9999890483098262
1.9999890139892766
1.9999889794692391
1.999988944748036
1.9999889098239743
1.9999888746953407
1.9999888393604035
1.9999888038174116
1.9999887680645942
1.9999887321001617
1.9999886959223034
1.999988659529191
1.9999886229189723
1.999988586089776
1.99998854903971
1.9999885117668597
1.9999884742692906
1.9999884365450447
1.9999883985921425
1.9999883604085824
1.999988321992338
1.9999882833413611
1.9999882444535815
1.9999882053269016
1.9999881659592023
1.999988126348339
1.9999880864921429
1.9999880463884183
1.999988006034945
1.9999879654294779
1.9999879245697432
1.9999878834534426
1.9999878420782489
1.9999878004418075
1.9999877585417378
1.999987716375629
1.9999876739410414
1.9999876312355076
1.9999875882565294
1.9999875450015787
1.9999875014680981
1.9999874576534975
1.999987413555156
1.999987369170421
1.9999873244966084
1.9999872795309996
1.999987234270844
1.9999871887133562
1.999987142855717
1.9999870966950721
1.999987050228532
1.9999870034531706
1.999986956366027
1.9999869089641016
1.999986861244357
1.9999868132037184
1.9999867648390723
1.9999867161472653
1.999986667125104
1.9999866177693553
1.9999865680767435
1.999986518043951
1.9999864676676185
1.999986416944342
1.9999863658706758
1.9999863144431276
1.9999862626581602
1.9999862105121908
1.999986158001589
1.9999861051226766
1.999986051871729
1.99998599824497
1.9999859442385735
1.9999858898486649
1.999985835071317
1.9999857799025482
1.9999857243383268
1.9999856683745632
1.9999856120071162
1.9999855552317867
1.999985498044319
1.9999854404403992
1.9999853824156557
1.9999853239656558
1.9999852650859058
1.999985205771851
1.9999851460188733
1.9999850858222905
1.999985025177355
1.9999849640792542
1.999984902523106
1.999984840503962
1.9999847780168023
1.9999847150565375
1.9999846516180046
1.999984587695968
1.9999845232851172
1.9999844583800659
1.9999843929753494
1.9999843270654252
1.9999842606446703
1.9999841937073812
1.9999841262477693
1.9999840582599622
1.9999839897380027
1.9999839206758447
1.9999838510673518
1.9999837809062997
1.9999837101863693
1.9999836389011483
1.9999835670441282
1.9999834946087016
1.9999834215881642
1.9999833479757085
1.9999832737644236
1.9999831989472943
1.9999831235171985
1.9999830474669034
1.999982970789067
1.9999828934762323
1.9999828155208268
1.9999827369151622
1.9999826576514277
1.9999825777216929
1.9999824971178994
1.999982415831865
1.9999823338552771
1.9999822511796894
1.9999821677965242
1.9999820836970617
1.9999819988724474
1.9999819133136816
1.999981827011617
1.9999817399569617
1.9999816521402705
1.9999815635519425
1.9999814741822213
1.9999813840211893
1.9999812930587635
1.999981201284694
1.9999811086885604
1.9999810152597683
1.9999809209875452
1.9999808258609357
1.9999807298688008
1.9999806329998107
1.9999805352424433
1.9999804365849785
1.9999803370154954
1.999980236521866
1.9999801350917554
1.9999800327126087
1.9999799293716565
1.9999798250559042
1.9999797197521267
1.999979613446867
1.9999795061264292
1.9999793977768707
1.9999792883840046
1.9999791779333833
1.9999790664103019
1.999978953799789
1.999978840086599
1.9999787252552097
1.999978609289813
1.999978492174311
1.9999783738923065
1.9999782544270976
1.9999781337616729
1.9999780118786994
1.999977888760521
1.9999777643891448
1.999977638746239
1.99997751181312
1.9999773835707502
1.9999772539997225
1.9999771230802557
1.9999769907921858
1.9999768571149559
1.999976722027606
1.9999765855087634
1.9999764475366362
1.9999763080889972
1.9999761671431782
1.999976024676056
1.999975880664044
1.9999757350830774
1.9999755879086036
1.9999754391155706
1.9999752886784115
1.9999751365710343
1.9999749827668074
1.9999748272385451
1.9999746699584964
1.9999745108983265
1.9999743500291032
1.9999741873212826
1.9999740227446934
1.9999738562685165
1.999973687861273
1.9999735174908033
1.9999733451242494
1.99997317072804
1.9999729942678637
1.9999728157086571
1.999972635014579
1.9999724521489912
1.9999722670744375
1.999972079752618
1.9999718901443684
1.9999716982096367
1.999971503907456
1.9999713071959189
1.9999711080321518
1.9999709063722888
1.9999707021714384
1.9999704953836615
1.9999702859619348
1.9999700738581199
1.999969859022936
1.99996964140592
1.9999694209553949
1.9999691976184328
1.9999689713408189
1.999968742067011
1.9999685097401005
1.9999682743017697
1.9999680356922502
1.9999677938502805
1.9999675487130526
1.999967300216172
1.9999670482936038
1.9999667928776226
1.9999665338987576
1.999966271285739
1.9999660049654404
1.999965734862816
1.9999654609008437
1.9999651830004561
1.999964901080475
1.9999646150575443
1.9999643248460544
1.9999640303580675
1.9999637315032426
1.9999634281887502
1.9999631203191905
1.999962807796505
1.999962490519884
1.9999621683856728
1.9999618412872708
1.9999615091150305
1.9999611717561476
1.9999608290945508
1.9999604810107834
1.9999601273818817
1.9999597680812489
1.9999594029785226
1.9999590319394338
1.9999586548256658
1.9999582714947006
1.9999578817996637
1.9999574855891604
1.999957082707098
1.9999566729925136
1.9999562562793816
1.9999558323964168
1.9999554011668723
1.9999549624083213
1.9999545159324306
1.9999540615447289
1.9999535990443544
1.9999531282238003
1.9999526488686374
1.9999521607572355
1.9999516636604577
1.9999511573413524
1.9999506415548196
1.9999501160472652
1.9999495805562408
1.9999490348100561
1.9999484785273811
1.99994791141682
1.9999473331764683
1.9999467434934435
1.9999461420433908
1.9999455284899639
1.9999449024842768
1.999944263664324
1.9999436116543732
1.999942946064319
1.999942266489004
1.9999415725074994
1.9999408636823468
1.9999401395587553
1.999939399663748
1.9999386435052684
1.9999378705712225
1.9999370803284708
1.9999362722217588
1.9999354456725797
1.9999346000779712
1.9999337348092314
1.9999328492105635
1.9999319425976243
1.9999310142559916
1.9999300634395192
1.9999290893685986
1.9999280912282946
1.9999270681663681
1.999926019291151
1.999924943669295
1.9999238403233492
1.9999227082291826
1.999921546313215
1.999920353449461
1.9999191284563547
1.9999178700933473
1.9999165770572565
1.999915247978341
1.999913881416083
1.9999124758546507
1.9999110296980078
1.99990954126465
1.9999080087819163
1.9999064303798575
1.9999048040846008
1.999903127811176
1.999901399355745
1.9998996163871814
1.9998977764379287
1.9998958768940773
1.999893914984567
1.9998918877694358
1.9998897921270142
1.9998876247399477
1.9998853820799303
1.9998830603910023
1.9998806556712607
1.9998781636527976
1.9998755797796723
1.9998728991836825
1.999870116657685
1.9998672266261697
1.9998642231127508
1.999861099704206
1.9998578495106196
1.9998544651211423
1.9998509385547993
1.9998472612056797
1.999843423781781
1.9998394162366064
1.9998352276925335
1.9998308463547676
1.9998262594145222
1.9998214529398335
1.9998164117521393
1.9998111192864438
1.9998055574324625
1.9997997063537116
1.9997935442809098
1.9997870472753652
1.9997801889571998
1.9997729401922024
1.9997652687298493
1.9997571387834547
1.9997485105414639
1.9997393395964662
1.999729576275465
1.99971916485107
1.9997080426084037
1.9996961387362628
1.999683373003038
1.9996696541674874
1.9996548780609205
1.9996389252594435
1.9996216582413378
1.9996029178929147
1.9995825191835317
1.999560245772131
1.9995358432273478
1.9995090104311675
1.9994793885779618
1.9994465469543306
1.9994099643566285
1.9993690045185153
1.9993228831941772
1.9992706234325244
1.9992109938460512
1.9991424219163878
1.999062869862836
1.9989696530085908
1.998859167413227
1.998726469888213
1.998564609285315
1.9983635213401858
1.9981081203861073
1.997774827189185
1.997324835697769
1.9966899776149507
1.9957398653710663
1.9941943702231957
1.9913407019869476
1.984794379201395
1.9607562682590443
1.3405451769677723
4.2861650291960493E-7
The correct rate for BP: 100.00% 
