2.4691280639874913
0.40765441398737523
1.627746045458142
1.5131889192221773E-4
1.0855092491534532E-4
1.2252984894293702E-4
1.2300228637481705E-4
1.2139391960676165E-4
1.1955690916690403E-4
1.177433785766693E-4
1.1598465375868364E-4
1.1428245631738634E-4
1.1263468531236597E-4
1.1103887079472981E-4
1.0949262679439865E-4
1.079937021530635E-4
1.0653997821792045E-4
1.0512946019488813E-4
1.0376026836828931E-4
1.0243062994972316E-4
1.0113887159536077E-4
9.98834125406934E-5
The correct rate for BP: 100.00% 
