2.694324082806723
2.4999991298260844
2.499999435107349
2.4999994658962112
2.499999469775871
2.499999470187181
2.4999994701354344
2.49999947002153
2.499999469899231
2.4999994697757524
2.499999469652062
2.4999994695282908
2.4999994694044556
2.499999469280559
2.4999994691566014
2.499999469032582
2.4999994689085017
2.4999994687843596
2.4999994686601563
2.4999994685358917
2.499999468411565
2.4999994682871773
2.499999468162728
2.499999468038217
2.4999994679136437
2.499999467789009
2.4999994676643125
2.4999994675395545
2.4999994674147343
2.499999467289852
2.4999994671649084
2.499999467039902
2.4999994669148338
2.4999994667897036
2.499999466664511
2.4999994665392564
2.4999994664139393
2.49999946628856
2.499999466163118
2.499999466037614
2.4999994659120475
2.499999465786418
2.499999465660727
2.4999994655349727
2.499999465409156
2.4999994652832767
2.499999465157334
2.499999465031329
2.4999994649052613
2.4999994647791306
2.4999994646529364
2.49999946452668
2.4999994644003602
2.4999994642739773
2.4999994641475314
2.4999994640210224
2.49999946389445
2.4999994637678147
2.4999994636411156
2.4999994635143534
2.4999994633875278
2.4999994632606386
2.499999463133686
2.4999994630066698
2.49999946287959
2.4999994627524464
2.4999994626252393
2.4999994624979687
2.4999994623706336
2.499999462243235
2.4999994621157726
2.499999461988246
2.499999461860656
2.4999994617330015
2.4999994616052827
2.4999994614775
2.4999994613496535
2.499999461221742
2.499999461093767
2.4999994609657272
2.499999460837623
2.4999994607094544
2.4999994605812215
2.4999994604529236
2.499999460324562
2.499999460196135
2.4999994600676434
2.499999459939087
2.499999459810466
2.4999994596817805
2.4999994595530297
2.499999459424214
2.499999459295333
2.4999994591663874
2.499999459037377
2.499999458908301
2.49999945877916
2.4999994586499534
2.499999458520682
2.4999994583913447
2.499999458261943
2.499999458132475
2.499999458002942
2.499999457873343
2.499999457743679
2.499999457613949
2.499999457484153
2.4999994573542916
2.4999994572243645
2.4999994570943715
2.4999994569643125
2.4999994568341877
2.4999994567039967
2.4999994565737396
2.4999994564434167
2.499999456313028
2.4999994561825725
2.499999456052051
2.499999455921463
2.499999455790809
2.499999455660088
2.4999994555293013
2.4999994553984473
2.4999994552675275
2.4999994551365408
2.4999994550054874
2.499999454874367
2.4999994547431803
2.499999454611927
2.4999994544806063
2.499999454349219
2.4999994542177646
2.499999454086243
2.4999994539546546
2.499999453822999
2.499999453691276
2.499999453559486
2.4999994534276286
2.499999453295704
2.4999994531637117
2.4999994530316525
2.4999994528995257
2.499999452767331
2.499999452635069
2.499999452502739
2.4999994523703415
2.4999994522378763
2.4999994521053432
2.499999451972742
2.4999994518400737
2.4999994517073367
2.4999994515745323
2.4999994514416595
2.4999994513087183
2.499999451175709
2.499999451042632
2.499999450909486
2.499999450776272
2.4999994506429895
2.499999450509639
2.4999994503762197
2.499999450242732
2.499999450109175
2.49999944997555
2.4999994498418565
2.4999994497080937
2.499999449574262
2.499999449440362
2.499999449306393
2.4999994491723543
2.499999449038247
2.4999994489040707
2.499999448769825
2.4999994486355104
2.4999994485011263
2.4999994483666734
2.499999448232151
2.4999994480975585
2.4999994479628973
2.4999994478281664
2.499999447693366
2.4999994475584955
2.4999994474235554
2.4999994472885456
2.499999447153466
2.4999994470183164
2.4999994468830975
2.4999994467478084
2.499999446612449
2.49999944647702
2.4999994463415205
2.4999994462059507
2.499999446070311
2.4999994459346007
2.49999944579882
2.499999445662969
2.499999445527048
2.499999445391056
2.4999994452549936
2.4999994451188603
2.499999444982657
2.4999994448463823
2.499999444710037
2.499999444573621
2.499999444437133
2.4999994443005757
2.4999994441639464
2.4999994440272464
2.4999994438904753
2.499999443753633
2.4999994436167188
2.4999994434797337
2.4999994433426775
2.4999994432055495
2.4999994430683508
2.4999994429310797
2.499999442793737
2.4999994426563235
2.4999994425188374
2.49999944238128
2.4999994422436504
2.4999994421059495
2.499999441968176
2.4999994418303313
2.499999441692414
2.499999441554425
2.4999994414163638
2.49999944127823
2.499999441140024
2.499999441001746
2.4999994408633954
2.4999994407249724
2.499999440586477
2.4999994404479087
2.499999440309268
2.4999994401705545
2.499999440031768
2.4999994398929095
2.4999994397539775
2.499999439614973
2.4999994394758955
2.4999994393367446
2.4999994391975213
2.4999994390582243
2.499999438918854
2.499999438779411
2.499999438639894
2.499999438500304
2.4999994383606405
2.4999994382209034
2.499999438081093
2.4999994379412085
2.499999437801251
2.499999437661219
2.4999994375211143
2.499999437380935
2.4999994372406817
2.499999437100355
2.499999436959954
2.4999994368194782
2.4999994366789293
2.499999436538306
2.4999994363976077
2.499999436256836
2.499999436115989
2.499999435975068
2.4999994358340727
2.499999435693003
2.499999435551858
2.499999435410639
2.499999435269345
2.499999435127976
2.4999994349865324
2.4999994348450136
2.4999994347034202
2.4999994345617513
2.4999994344200074
2.4999994342781884
2.4999994341362943
2.499999433994325
2.49999943385228
2.4999994337101596
2.499999433567964
2.499999433425693
2.499999433283346
2.4999994331409234
2.4999994329984254
2.499999432855851
2.4999994327132016
2.4999994325704757
2.499999432427674
2.4999994322847963
2.4999994321418426
2.4999994319988126
2.4999994318557066
2.4999994317125243
2.4999994315692655
2.49999943142593
2.499999431282519
2.4999994311390306
2.499999430995466
2.4999994308518243
2.4999994307081064
2.4999994305643116
2.49999943042044
2.4999994302764916
2.499999430132466
2.499999429988364
2.499999429844184
2.499999429699927
2.4999994295555936
2.4999994294111825
2.4999994292666936
2.499999429122128
2.4999994289774845
2.499999428832764
2.4999994286879654
2.499999428543089
2.4999994283981355
2.4999994282531035
2.4999994281079942
2.499999427962807
2.4999994278175417
2.4999994276721984
2.499999427526777
2.499999427381278
2.4999994272357
2.499999427090043
2.499999426944309
2.4999994267984964
2.4999994266526047
2.499999426506635
2.4999994263605867
2.4999994262144596
2.499999426068254
2.499999425921969
2.4999994257756057
2.499999425629163
2.499999425482642
2.4999994253360414
2.499999425189362
2.4999994250426028
2.499999424895765
2.4999994247488475
2.499999424601851
2.4999994244547743
2.4999994243076187
2.4999994241603836
2.499999424013069
2.499999423865674
2.4999994237181995
2.4999994235706455
2.4999994234230116
2.4999994232752973
2.4999994231275027
2.499999422979629
2.4999994228316744
2.4999994226836395
2.4999994225355247
2.4999994223873294
2.499999422239054
2.4999994220906974
2.4999994219422605
2.499999421793743
2.499999421645145
2.499999421496466
2.499999421347706
2.499999421198865
2.4999994210499437
2.499999420900941
2.499999420751857
2.499999420602692
2.499999420453446
2.4999994203041185
2.4999994201547096
2.4999994200052194
2.499999419855648
2.4999994197059943
2.4999994195562594
2.4999994194064423
2.499999419256544
2.4999994191065635
2.4999994189565014
2.499999418806357
2.4999994186561305
2.4999994185058223
2.4999994183554315
2.4999994182049585
2.4999994180544034
2.4999994179037657
2.499999417753046
2.499999417602243
2.499999417451358
2.49999941730039
2.4999994171493394
2.499999416998206
2.4999994168469897
2.4999994166956907
2.4999994165443087
2.499999416392843
2.4999994162412946
2.499999416089663
2.4999994159379484
2.49999941578615
2.4999994156342678
2.4999994154823026
2.499999415330254
2.499999415178121
2.499999415025905
2.4999994148736056
2.4999994147212212
2.499999414568754
2.499999414416202
2.499999414263566
2.4999994141108464
2.499999413958042
2.4999994138051536
2.499999413652181
2.4999994134991237
2.499999413345982
2.4999994131927563
2.499999413039445
2.49999941288605
2.4999994127325693
2.4999994125790046
2.499999412425354
2.4999994122716194
2.4999994121177993
2.499999411963894
2.499999411809904
2.499999411655828
2.499999411501667
2.4999994113474204
2.4999994111930888
2.499999411038671
2.499999410884168
2.499999410729579
2.4999994105749046
2.4999994104201444
2.499999410265298
2.499999410110366
2.4999994099553473
2.499999409800243
2.499999409645052
2.499999409489775
2.4999994093344116
2.499999409178962
2.4999994090234257
2.4999994088678026
2.499999408712093
2.499999408556297
2.499999408400414
2.4999994082444443
2.499999408088387
2.4999994079322434
2.4999994077760124
2.499999407619694
2.4999994074632887
2.499999407306796
2.499999407150216
2.4999994069935485
2.4999994068367934
2.499999406679951
2.49999940652302
2.4999994063660025
2.499999406208896
2.4999994060517023
2.49999940589442
2.4999994057370505
2.4999994055795924
2.499999405422046
2.4999994052644112
2.499999405106689
2.4999994049488774
2.4999994047909775
2.499999404632989
2.499999404474912
2.499999404316746
2.4999994041584914
2.4999994040001483
2.4999994038417155
2.4999994036831943
2.4999994035245834
2.4999994033658837
2.4999994032070942
2.499999403048216
2.499999402889248
2.499999402730191
2.499999402571044
2.4999994024118073
2.499999402252481
2.499999402093065
2.4999994019335587
2.4999994017739624
2.499999401614277
2.4999994014545006
2.4999994012946347
2.499999401134678
2.499999400974631
2.4999994008144935
2.4999994006542656
2.499999400493947
2.499999400333538
2.499999400173038
2.4999994000124475
2.499999399851766
2.4999993996909935
2.4999993995301297
2.4999993993691754
2.4999993992081295
2.499999399046992
2.4999993988857634
2.4999993987244435
2.4999993985630318
2.4999993984015294
2.4999993982399342
2.4999993980782476
2.4999993979164694
2.499999397754599
2.499999397592637
2.4999993974305825
2.499999397268436
2.499999397106197
2.499999396943866
2.4999993967814427
2.499999396618927
2.4999993964563183
2.4999993962936173
2.499999396130823
2.4999993959679365
2.499999395804957
2.499999395641885
2.499999395478719
2.4999993953154607
2.4999993951521087
2.4999993949886634
2.499999394825125
2.499999394661493
2.4999993944977676
2.4999993943339485
2.499999394170036
2.4999993940060294
2.4999993938419287
2.4999993936777347
2.4999993935134466
2.4999993933490643
2.4999993931845874
2.499999393020017
2.4999993928553517
2.499999392690592
2.4999993925257376
2.499999392360789
2.499999392195746
2.499999392030608
2.499999391865375
2.499999391700047
2.499999391534624
2.4999993913691063
2.499999391203493
2.4999993910377847
2.499999390871981
2.4999993907060816
2.4999993905400872
2.499999390373997
2.4999993902078113
2.4999993900415296
2.4999993898751516
2.499999389708679
2.499999389542109
2.4999993893754437
2.499999389208682
2.499999389041824
2.49999938887487
2.499999388707819
2.499999388540672
2.499999388373428
2.4999993882060876
2.4999993880386504
2.4999993878711164
2.499999387703485
2.4999993875357576
2.4999993873679323
2.4999993872000097
2.49999938703199
2.4999993868638732
2.4999993866956585
2.499999386527347
2.499999386358937
2.4999993861904297
2.499999386021825
2.4999993858531218
2.499999385684321
2.4999993855154217
2.4999993853464244
2.499999385177329
2.4999993850081355
2.4999993848388433
2.4999993846694526
2.4999993844999633
2.499999384330376
2.4999993841606893
2.4999993839909034
2.4999993838210197
2.499999383651036
2.4999993834809535
2.499999383310772
2.4999993831404907
2.4999993829701106
2.499999382799631
2.499999382629052
2.499999382458373
2.499999382287594
2.499999382116716
2.499999381945737
2.499999381774659
2.4999993816034807
2.499999381432202
2.499999381260823
2.499999381089344
2.4999993809177643
2.4999993807460843
2.499999380574304
2.4999993804024223
2.49999938023044
2.499999380058357
2.499999379886173
2.4999993797138877
2.4999993795415016
2.4999993793690143
2.4999993791964252
2.499999379023735
2.4999993788509434
2.49999937867805
2.499999378505055
2.499999378331958
2.4999993781587593
2.499999377985459
2.4999993778120557
2.499999377638551
2.499999377464944
2.4999993772912346
2.4999993771174225
2.499999376943508
2.499999376769491
2.499999376595371
2.4999993764211488
2.4999993762468233
2.4999993760723953
2.499999375897864
2.4999993757232293
2.4999993755484913
2.4999993753736502
2.4999993751987053
2.4999993750236573
2.499999374848506
2.49999937467325
2.499999374497891
2.4999993743224276
2.4999993741468605
2.499999373971189
2.4999993737954136
2.499999373619534
2.4999993734435497
2.499999373267461
2.499999373091268
2.49999937291497
2.4999993727385674
2.49999937256206
2.4999993723854472
2.49999937220873
2.4999993720319074
2.4999993718549796
2.499999371677946
2.4999993715008078
2.4999993713235638
2.499999371146214
2.4999993709687587
2.4999993707911976
2.4999993706135304
2.499999370435757
2.4999993702578784
2.499999370079893
2.499999369901801
2.499999369723603
2.4999993695452987
2.4999993693668876
2.49999936918837
2.4999993690097453
2.4999993688310136
2.4999993686521758
2.49999936847323
2.4999993682941777
2.499999368115018
2.499999367935751
2.4999993677563763
2.499999367576894
2.499999367397304
2.4999993672176064
2.499999367037802
2.4999993668578884
2.4999993666778666
2.4999993664977374
2.4999993663174993
2.4999993661371533
2.499999365956699
2.499999365776136
2.4999993655954644
2.499999365414684
2.4999993652337946
2.4999993650527967
2.499999364871689
2.4999993646904732
2.4999993645091476
2.4999993643277127
2.499999364146168
2.4999993639645144
2.4999993637827513
2.499999363600878
2.499999363418895
2.4999993632368023
2.4999993630545987
2.499999362872286
2.4999993626898624
2.499999362507329
2.499999362324685
2.49999936214193
2.499999361959065
2.4999993617760885
2.4999993615930016
2.4999993614098037
2.499999361226495
2.499999361043075
2.4999993608595434
2.4999993606759006
2.4999993604921467
2.4999993603082813
2.4999993601243036
2.4999993599402144
2.4999993597560133
2.4999993595717003
2.499999359387275
2.499999359202738
2.4999993590180885
2.4999993588333265
2.4999993586484517
2.499999358463465
2.499999358278365
2.4999993580931528
2.499999357907827
2.4999993577223885
2.499999357536837
2.499999357351172
2.499999357165394
2.4999993569795023
2.499999356793497
2.499999356607378
2.499999356421146
2.4999993562347993
2.4999993560483387
2.499999355861764
2.4999993556750755
2.499999355488273
2.4999993553013553
2.4999993551143236
2.499999354927177
2.499999354739916
2.49999935455254
2.499999354365049
2.4999993541774437
2.4999993539897223
2.499999353801886
2.4999993536139344
2.499999353425867
2.4999993532376843
2.499999353049386
2.499999352860972
2.4999993526724418
2.4999993524837953
2.4999993522950335
2.499999352106155
2.49999935191716
2.499999351728049
2.4999993515388215
2.499999351349477
2.4999993511600156
2.499999350970438
2.499999350780743
2.499999350590931
2.4999993504010014
2.4999993502109548
2.499999350020791
2.4999993498305098
2.49999934964011
2.499999349449593
2.4999993492589585
2.4999993490682053
2.499999348877335
2.4999993486863454
2.499999348495238
2.499999348304012
2.499999348112668
2.4999993479212046
2.4999993477296227
2.4999993475379227
2.499999347346103
2.499999347154164
2.499999346962106
2.4999993467699286
2.4999993465776322
2.499999346385216
2.4999993461926797
2.499999346000024
2.499999345807249
2.499999345614353
2.4999993454213376
2.4999993452282014
2.4999993450349454
2.4999993448415685
2.4999993446480713
2.4999993444544537
2.499999344260715
2.499999344066855
2.4999993438728745
2.499999343678773
2.4999993434845496
2.4999993432902055
2.4999993430957392
2.4999993429011518
2.4999993427064426
2.4999993425116114
2.4999993423166584
2.4999993421215834
2.499999341926386
2.4999993417310664
2.4999993415356245
2.49999934134006
2.4999993411443726
2.499999340948563
2.49999934075263
2.4999993405565744
2.4999993403603957
2.499999340164093
2.4999993399676677
2.4999993397711187
2.499999339574446
2.49999933937765
2.49999933918073
2.499999338983686
2.499999338786518
2.499999338589226
2.499999338391809
2.499999338194268
2.499999337996602
2.4999993377988123
2.4999993376008973
2.4999993374028575
2.499999337204693
2.4999993370064026
2.4999993368079876
2.499999336609447
2.499999336410781
2.4999993362119888
2.4999993360130714
2.499999335814028
2.499999335614859
2.4999993354155636
2.499999335216142
2.499999335016594
2.4999993348169194
2.4999993346171183
2.4999993344171902
2.4999993342171356
2.4999993340169544
2.4999993338166457
2.49999933361621
2.4999993334156465
2.499999333214956
2.4999993330141383
2.4999993328131924
2.499999332612119
2.499999332410917
2.4999993322095877
2.4999993320081293
2.4999993318065434
2.499999331604829
2.499999331402986
2.499999331201014
2.4999993309989135
2.4999993307966837
2.499999330594325
2.4999993303918373
2.4999993301892203
2.499999329986474
2.4999993297835976
2.499999329580592
2.4999993293774563
2.499999329174191
2.4999993289707954
2.4999993287672697
2.499999328563613
2.4999993283598267
2.4999993281559094
2.499999327951862
2.499999327747683
2.4999993275433736
2.499999327338933
2.4999993271343612
2.499999326929658
2.499999326724823
2.499999326519857
2.499999326314759
2.4999993261095295
2.4999993259041675
2.4999993256986732
2.499999325493047
2.499999325287289
2.4999993250813977
2.499999324875374
2.4999993246692176
2.4999993244629284
2.499999324256506
2.4999993240499503
2.499999323843262
2.4999993236364397
2.499999323429484
2.4999993232223945
2.499999323015172
2.4999993228078146
2.4999993226003236
2.4999993223926977
2.499999322184938
2.499999321977044
2.4999993217690153
2.499999321560852
2.4999993213525533
2.4999993211441205
2.499999320935552
2.499999320726848
2.4999993205180093
2.4999993203090347
2.4999993200999246
2.4999993198906783
2.4999993196812964
2.4999993194717782
2.4999993192621246
2.4999993190523337
2.4999993188424066
2.499999318632343
2.4999993184221427
2.499999318211805
2.4999993180013313
2.49999931779072
2.4999993175799715
2.4999993173690855
2.499999317158062
2.4999993169469006
2.499999316735601
2.4999993165241645
2.4999993163125893
2.4999993161008756
2.4999993158890246
2.499999315677034
2.499999315464905
2.4999993152526376
2.499999315040231
2.4999993148276856
2.4999993146150006
2.4999993144021766
2.499999314189213
2.49999931397611
2.4999993137628667
2.4999993135494836
2.4999993133359606
2.4999993131222977
2.4999993129084945
2.4999993126945506
2.4999993124804663
2.499999312266241
2.499999312051875
2.4999993118373682
2.49999931162272
2.4999993114079304
2.4999993111929992
2.499999310977927
2.4999993107627128
2.4999993105473566
2.4999993103318587
2.4999993101162183
2.499999309900436
2.499999309684511
2.4999993094684436
2.4999993092522335
2.4999993090358803
2.499999308819384
2.499999308602745
2.4999993083859624
2.4999993081690364
2.499999307951967
2.4999993077347535
2.4999993075173967
2.4999993072998956
2.49999930708225
2.499999306864461
2.4999993066465267
2.4999993064284483
2.499999306210225
2.4999993059918566
2.4999993057733434
2.4999993055546845
2.499999305335881
2.4999993051169316
2.4999993048978366
2.499999304678596
2.4999993044592097
2.499999304239677
2.4999993040199984
2.499999303800173
2.4999993035802013
2.499999303360083
2.499999303139818
2.4999993029194063
2.4999993026988467
2.4999993024781406
2.4999993022572866
2.499999302036285
2.4999993018151363
2.499999301593839
2.4999993013723945
2.4999993011508015
2.4999993009290598
2.49999930070717
2.4999993004851317
2.4999993002629446
2.4999993000406087
2.499999299818124
2.4999992995954896
2.4999992993727056
2.4999992991497724
2.49999929892669
2.4999992987034574
2.4999992984800743
2.4999992982565415
2.4999992980328587
2.4999992978090253
2.4999992975850414
2.4999992973609064
2.499999297136621
2.499999296912184
2.499999296687596
2.499999296462857
2.4999992962379665
2.499999296012924
2.4999992957877293
2.4999992955623833
2.499999295336885
2.4999992951112344
2.4999992948854315
2.499999294659476
2.499999294433367
2.499999294207106
2.4999992939806917
2.4999992937541236
2.4999992935274027
2.499999293300528
2.4999992930735
2.4999992928463177
2.499999292618982
2.4999992923914913
2.4999992921638468
2.4999992919360476
2.4999992917080935
2.4999992914799853
2.4999992912517217
2.4999992910233026
2.4999992907947286
2.499999290565999
2.499999290337114
2.4999992901080734
2.4999992898788763
2.499999289649524
2.4999992894200145
2.499999289190349
2.499999288960527
2.4999992887305478
2.499999288500412
2.499999288270119
2.499999288039669
2.4999992878090618
2.4999992875782966
2.4999992873473738
2.499999287116293
2.4999992868850542
2.4999992866536576
2.499999286422102
2.499999286190388
2.4999992859585154
2.4999992857264837
2.4999992854942934
2.4999992852619437
2.4999992850294346
2.499999284796766
2.4999992845639376
2.4999992843309493
2.499999284097801
2.4999992838644927
2.499999283631024
2.4999992833973947
2.4999992831636044
2.4999992829296533
2.4999992826955415
2.4999992824612685
2.4999992822268338
2.4999992819922374
2.49999928175748
2.4999992815225602
2.4999992812874785
2.4999992810522342
2.499999280816828
2.4999992805812585
2.499999280345527
2.4999992801096322
2.499999279873575
2.499999279637354
2.4999992794009693
2.4999992791644217
2.4999992789277097
2.4999992786908343
2.4999992784537945
2.49999927821659
2.4999992779792217
2.4999992777416886
2.4999992775039908
2.4999992772661273
2.4999992770280994
2.499999276789906
2.4999992765515473
2.499999276313023
2.499999276074332
2.4999992758354757
2.499999275596453
2.499999275357264
2.4999992751179083
2.499999274878386
2.4999992746386965
2.4999992743988404
2.4999992741588164
2.499999273918626
2.499999273678267
2.4999992734377408
2.499999273197046
2.4999992729561833
2.4999992727151525
2.4999992724739535
2.4999992722325852
2.4999992719910487
2.4999992717493424
2.499999271507467
2.499999271265423
2.4999992710232086
2.4999992707808243
2.4999992705382708
2.4999992702955467
2.4999992700526525
2.499999269809588
2.499999269566352
2.499999269322946
2.4999992690793684
2.49999926883562
2.4999992685917
2.4999992683476084
2.499999268103345
2.4999992678589096
2.4999992676143026
2.499999267369523
2.4999992671245703
2.4999992668794455
2.4999992666341475
2.4999992663886768
2.499999266143033
2.4999992658972157
2.4999992656512244
2.4999992654050596
2.4999992651587206
2.4999992649122076
2.49999926466552
2.499999264418658
2.4999992641716213
2.4999992639244097
2.4999992636770227
2.4999992634294608
2.4999992631817234
2.49999926293381
2.499999262685721
2.499999262437456
2.4999992621890144
2.499999261940397
2.4999992616916025
2.499999261442631
2.4999992611934827
2.4999992609441573
2.4999992606946546
2.499999260444974
2.499999260195116
2.4999992599450795
2.4999992596948655
2.499999259444473
2.4999992591939013
2.4999992589431517
2.499999258692222
2.4999992584411146
2.499999258189827
2.49999925793836
2.4999992576867136
2.499999257434887
2.4999992571828806
2.4999992569306935
2.4999992566783265
2.4999992564257782
2.4999992561730493
2.499999255920139
2.499999255667048
2.4999992554137753
2.4999992551603207
2.4999992549066845
2.499999254652866
2.4999992543988654
2.499999254144682
2.499999253890316
2.499999253635768
2.4999992533810365
2.499999253126121
2.4999992528710226
2.49999925261574
2.4999992523602743
2.499999252104624
2.49999925184879
2.4999992515927714
2.499999251336568
2.4999992510801796
2.499999250823606
2.499999250566847
2.4999992503099033
2.4999992500527735
2.4999992497954575
2.499999249537956
2.499999249280268
2.499999249022393
2.4999992487643317
2.4999992485060836
2.499999248247648
2.4999992479890247
2.499999247730215
2.4999992474712167
2.499999247212031
2.499999246952657
2.4999992466930943
2.4999992464333434
2.4999992461734033
2.4999992459132745
2.499999245652957
2.4999992453924493
2.4999992451317525
2.4999992448708657
2.4999992446097887
2.4999992443485217
2.499999244087064
2.4999992438254157
2.499999243563577
2.4999992433015468
2.499999243039325
2.499999242776912
2.499999242514307
2.4999992422515107
2.499999241988522
2.499999241725341
2.499999241461967
2.4999992411984007
2.499999240934641
2.4999992406706886
2.499999240406542
2.4999992401422024
2.4999992398776687
2.499999239612941
2.499999239348019
2.4999992390829022
2.4999992388175913
2.499999238552085
2.499999238286384
2.4999992380204867
2.4999992377543943
2.4999992374881064
2.4999992372216218
2.4999992369549413
2.4999992366880646
2.4999992364209906
2.49999923615372
2.4999992358862526
2.4999992356185876
2.4999992353507245
2.4999992350826643
2.4999992348144056
2.4999992345459487
2.499999234277294
2.4999992340084396
2.499999233739387
2.499999233470135
2.499999233200684
2.499999232931033
2.499999232661182
2.4999992323911315
2.4999992321208806
2.499999231850429
2.4999992315797765
2.499999231308924
2.4999992310378696
2.4999992307666137
2.4999992304951566
2.499999230223498
2.4999992299516363
2.4999992296795726
2.499999229407307
2.499999229134838
2.4999992288621664
2.4999992285892914
2.499999228316213
2.4999992280429306
2.4999992277694445
2.4999992274957545
2.4999992272218603
2.499999226947761
2.4999992266734568
2.499999226398948
2.499999226124234
2.4999992258493133
2.499999225574188
2.4999992252988563
2.499999225023318
2.499999224747574
2.4999992244716234
2.499999224195465
2.4999992239191
2.4999992236425275
2.4999992233657475
2.499999223088759
2.4999992228115633
2.499999222534158
2.4999992222565455
2.4999992219787233
2.4999992217006923
2.499999221422452
2.499999221144002
2.499999220865342
2.499999220586472
2.499999220307392
2.499999220028102
2.4999992197486005
2.4999992194688883
2.4999992191889646
2.4999992189088296
2.4999992186284827
2.499999218347924
2.4999992180671535
2.4999992177861703
2.499999217504974
2.4999992172235648
2.499999216941943
2.4999992166601075
2.499999216378058
2.499999216095795
2.4999992158133173
2.4999992155306257
2.499999215247719
2.499999214964598
2.499999214681261
2.4999992143977092
2.499999214113942
2.499999213829958
2.4999992135457587
2.499999213261343
2.49999921297671
2.4999992126918604
2.499999212406794
2.4999992121215096
2.4999992118360077
2.499999211550288
2.4999992112643503
2.4999992109781943
2.499999210691819
2.499999210405225
2.4999992101184123
2.4999992098313797
2.4999992095441277
2.4999992092566554
2.4999992089689633
2.4999992086810505
2.499999208392917
2.4999992081045623
2.499999207815987
2.49999920752719
2.4999992072381714
2.4999992069489307
2.4999992066594676
2.4999992063697816
2.499999206079873
2.4999992057897416
2.499999205499387
2.499999205208809
2.499999204918007
2.49999920462698
2.49999920433573
2.499999204044255
2.499999203752555
2.4999992034606295
2.4999992031684792
2.499999202876103
2.499999202583501
2.499999202290673
2.4999992019976185
2.4999992017043366
2.4999992014108283
2.4999992011170926
2.4999992008231295
2.499999200528938
2.4999992002345195
2.499999199939872
2.4999991996449964
2.499999199349891
2.499999199054557
2.4999991987589945
2.499999198463201
2.499999198167178
2.499999197870925
2.499999197574441
2.499999197277727
2.4999991969807818
2.4999991966836044
2.4999991963861965
2.4999991960885564
2.499999195790684
2.4999991954925793
2.499999195194242
2.499999194895672
2.4999991945968683
2.499999194297831
2.49999919399856
2.4999991936990553
2.499999193399316
2.4999991930993426
2.4999991927991334
2.4999991924986897
2.4999991921980103
2.4999991918970954
2.499999191595944
2.499999191294557
2.499999190992933
2.499999190691072
2.4999991903889742
2.4999991900866387
2.4999991897840657
2.4999991894812545
2.4999991891782054
2.4999991888749173
2.499999188571391
2.499999188267625
2.4999991879636196
2.499999187659375
2.4999991873548897
2.4999991870501646
2.4999991867451987
2.499999186439992
2.4999991861345445
2.4999991858288553
2.499999185522924
2.499999185216751
2.499999184910336
2.499999184603678
2.4999991842967773
2.4999991839896336
2.499999183682246
2.4999991833746154
2.4999991830667403
2.4999991827586205
2.4999991824502565
2.499999182141647
2.499999181832793
2.499999181523693
2.499999181214348
2.499999180904756
2.4999991805949175
2.4999991802848327
2.499999179974501
2.499999179663922
2.4999991793530945
2.4999991790420197
2.499999178730697
2.4999991784191256
2.499999178107305
2.499999177795236
2.499999177482917
2.4999991771703485
2.4999991768575303
2.4999991765444616
2.4999991762311415
2.4999991759175715
2.49999917560375
2.4999991752896764
2.4999991749753514
2.4999991746607746
2.4999991743459447
2.4999991740308625
2.499999173715527
2.499999173399938
2.4999991730840954
2.499999172767999
2.499999172451648
2.4999991721350425
2.4999991718181818
2.499999171501066
2.4999991711836946
2.499999170866068
2.4999991705481848
2.4999991702300446
2.499999169911648
2.499999169592994
2.4999991692740826
2.4999991689549144
2.4999991686354868
2.4999991683158016
2.4999991679958575
2.4999991676756546
2.499999167355192
2.4999991670344697
2.4999991667134873
2.499999166392245
2.499999166070742
2.499999165748978
2.499999165426953
2.499999165104666
2.4999991647821167
2.499999164459306
2.499999164136232
2.499999163812896
2.499999163489296
2.499999163165433
2.4999991628413065
2.499999162516915
2.499999162192259
2.4999991618673385
2.499999161542153
2.499999161216702
2.4999991608909844
2.499999160565001
2.499999160238752
2.4999991599122353
2.4999991595854514
2.4999991592584005
2.499999158931082
2.4999991586034946
2.4999991582756396
2.499999157947515
2.499999157619121
2.4999991572904583
2.4999991569615254
2.499999156632323
2.499999156302849
2.4999991559731054
2.49999915564309
2.499999155312803
2.4999991549822442
2.4999991546514133
2.49999915432031
2.499999153988934
2.4999991536572845
2.4999991533253616
2.4999991529931647
2.4999991526606937
2.499999152327948
2.4999991519949276
2.4999991516616316
2.49999915132806
2.499999150994213
2.499999150660089
2.499999150325689
2.499999149991012
2.499999149656057
2.499999149320825
2.499999148985314
2.499999148649526
2.4999991483134583
2.4999991479771118
2.499999147640486
2.4999991473035803
2.4999991469663945
2.499999146628928
2.4999991462911804
2.499999145953152
2.4999991456148423
2.49999914527625
2.4999991449373757
2.499999144598219
2.499999144258779
2.499999143919056
2.4999991435790494
2.4999991432387585
2.499999142898183
2.499999142557323
2.499999142216178
2.499999141874747
2.4999991415330305
2.4999991411910276
2.4999991408487383
2.4999991405061617
2.4999991401632977
2.4999991398201464
2.4999991394767065
2.499999139132979
2.499999138788962
2.499999138444656
2.499999138100061
2.4999991377551756
2.4999991374099997
2.499999137064534
2.4999991367187766
2.4999991363727276
2.499999136026388
2.499999135679755
2.49999913533283
2.4999991349856123
2.4999991346381014
2.4999991342902965
2.4999991339421976
2.4999991335938043
2.499999133245117
2.4999991328961335
2.499999132546855
2.4999991321972805
2.4999991318474097
2.4999991314972427
2.499999131146778
2.499999130796016
2.499999130444957
2.499999130093599
2.4999991297419424
2.4999991293899875
2.4999991290377324
2.4999991286851784
2.4999991283323237
2.4999991279791685
2.4999991276257125
2.4999991272719555
2.4999991269178965
2.499999126563536
2.4999991262088725
2.4999991258539063
2.4999991254986367
2.4999991251430638
2.4999991247871867
2.499999124431005
2.499999124074519
2.4999991237177275
2.49999912336063
2.499999123003227
2.4999991226455176
2.4999991222875013
2.4999991219291777
2.499999121570547
2.4999991212116077
2.49999912085236
2.499999120492804
2.4999991201329386
2.499999119772763
2.499999119412278
2.4999991190514828
2.4999991186903765
2.499999118328959
2.4999991179672296
2.4999991176051886
2.4999991172428353
2.499999116880169
2.4999991165171886
2.4999991161538953
2.499999115790288
2.4999991154263657
2.499999115062129
2.4999991146975766
2.4999991143327085
2.4999991139675246
2.4999991136020236
2.499999113236206
2.4999991128700714
2.4999991125036183
2.499999112136847
2.499999111769757
2.4999991114023485
2.49999911103462
2.4999991106665718
2.4999991102982033
2.4999991099295134
2.499999109560503
2.4999991091911706
2.4999991088215165
2.4999991084515396
2.4999991080812403
2.499999107710617
2.499999107339671
2.4999991069683998
2.499999106596804
2.499999106224884
2.499999105852638
2.4999991054800663
2.499999105107168
2.499999104733943
2.499999104360391
2.4999991039865113
2.499999103612303
2.499999103237767
2.499999102862902
2.499999102487707
2.4999991021121826
2.499999101736328
2.4999991013601424
2.4999991009836258
2.499999100606778
2.499999100229598
2.4999990998520847
2.4999990994742394
2.49999909909606
2.4999990987175478
2.4999990983387006
2.499999097959519
2.499999097580002
2.4999990972001496
2.4999990968199612
2.4999990964394363
2.4999990960585743
2.499999095677375
2.499999095295838
2.4999990949139628
2.499999094531748
2.499999094149195
2.4999990937663017
2.4999990933830682
2.4999990929994946
2.4999990926155795
2.499999092231323
2.4999990918467248
2.499999091461784
2.4999990910765
2.4999990906908733
2.499999090304902
2.499999089918587
2.499999089531927
2.4999990891449215
2.499999088757571
2.4999990883698735
2.49999908798183
2.4999990875934395
2.499999087204701
2.4999990868156146
2.49999908642618
2.499999086036396
2.499999085646263
2.4999990852557796
2.499999084864946
2.499999084473761
2.4999990840822255
2.4999990836903376
2.499999083298097
2.499999082905505
2.499999082512559
2.499999082119259
2.499999081725605
2.4999990813315955
2.4999990809372314
2.499999080542512
2.4999990801474357
2.499999079752003
2.4999990793562135
2.499999078960066
2.49999907856356
2.499999078166696
2.4999990777694725
2.4999990773718896
2.4999990769739466
2.499999076575643
2.499999076176978
2.4999990757779513
2.499999075378563
2.499999074978812
2.4999990745786977
2.49999907417822
2.499999073777378
2.499999073376171
2.4999990729746
2.4999990725726624
2.4999990721703593
2.4999990717676894
2.4999990713646527
2.4999990709612483
2.4999990705574753
2.4999990701533337
2.499999069748823
2.4999990693439424
2.4999990689386924
2.4999990685330715
2.499999068127079
2.4999990677207147
2.4999990673139787
2.4999990669068692
2.499999066499387
2.499999066091531
2.499999065683301
2.4999990652746957
2.499999064865715
2.4999990644563583
2.4999990640466256
2.499999063636516
2.4999990632260283
2.499999062815163
2.4999990624039197
2.499999061992297
2.4999990615802945
2.4999990611679124
2.499999060755149
2.4999990603420046
2.499999059928479
2.499999059514571
2.4999990591002805
2.499999058685606
2.499999058270548
2.499999057855106
2.4999990574392785
2.4999990570230657
2.499999056606467
2.499999056189482
2.499999055772109
2.499999055354349
2.4999990549362012
2.499999054517664
2.4999990540987382
2.499999053679422
2.4999990532597156
2.4999990528396188
2.49999905241913
2.499999051998249
2.499999051576976
2.4999990511553096
2.4999990507332495
2.499999050310795
2.4999990498879456
2.4999990494647015
2.499999049041061
2.499999048617024
2.4999990481925902
2.4999990477677585
2.499999047342529
2.4999990469169004
2.4999990464908723
2.499999046064445
2.4999990456376167
2.4999990452103877
2.499999044782757
2.4999990443547238
2.4999990439262882
2.4999990434974495
2.4999990430682066
2.499999042638559
2.499999042208507
2.4999990417780493
2.4999990413471855
2.4999990409159145
2.4999990404842363
2.49999904005215
2.499999039619656
2.499999039186752
2.499999038753438
2.4999990383197144
2.49999903788558
2.4999990374510337
2.499999037016076
2.499999036580705
2.499999036144921
2.499999035708723
2.499999035272111
2.4999990348350836
2.4999990343976406
2.4999990339597815
2.4999990335215054
2.4999990330828123
2.499999032643701
2.4999990322041707
2.4999990317642213
2.4999990313238527
2.499999030883063
2.4999990304418525
2.49999903000022
2.4999990295581656
2.499999029115688
2.499999028672787
2.499999028229462
2.4999990277857123
2.499999027341537
2.499999026896936
2.499999026451908
2.4999990260064537
2.499999025560571
2.49999902511426
2.4999990246675194
2.4999990242203496
2.499999023772749
2.499999023324718
2.4999990228762554
2.4999990224273603
2.499999021978032
2.4999990215282706
2.4999990210780756
2.4999990206274454
2.49999902017638
2.4999990197248785
2.49999901927294
2.4999990188205645
2.4999990183677507
2.499999017914499
2.4999990174608078
2.4999990170066764
2.499999016552105
2.4999990160970924
2.4999990156416376
2.4999990151857405
2.4999990147294002
2.4999990142726163
2.499999013815388
2.4999990133577144
2.499999012899595
2.49999901244103
2.499999011982017
2.499999011522557
2.499999011062648
2.49999901060229
2.499999010141483
2.499999009680225
2.499999009218516
2.499999008756356
2.499999008293743
2.499999007830677
2.4999990073671574
2.499999006903183
2.4999990064387543
2.4999990059738693
2.499999005508528
2.4999990050427296
2.4999990045764737
2.4999990041097595
2.4999990036425856
2.499999003174952
2.499999002706858
2.4999990022383027
2.499999001769286
2.499999001299806
2.499999000829863
2.4999990003594563
2.4999989998885845
2.4999989994172473
2.4999989989454448
2.499998998473175
2.4999989980004376
2.499998997527233
2.4999989970535585
2.4999989965794147
2.499998996104801
2.499998995629716
2.4999989951541597
2.4999989946781307
2.4999989942016283
2.499998993724653
2.4999989932472024
2.4999989927692767
2.4999989922908754
2.499998991811997
2.499998991332642
2.499998990852808
2.4999989903724957
2.499998989891704
2.499998989410431
2.499998988928678
2.4999989884464426
2.499998987963725
2.4999989874805246
2.4999989869968395
2.499998986512671
2.499998986028016
2.499998985542875
2.4999989850572475
2.499998984571132
2.4999989840845283
2.499998983597435
2.499998983109853
2.4999989826217797
2.4999989821332154
2.4999989816441586
2.499998981154609
2.499998980664566
2.4999989801740288
2.4999989796829962
2.499998979191468
2.499998978699443
2.4999989782069205
2.4999989777139
2.499998977220381
2.4999989767263617
2.499998976231842
2.4999989757368217
2.499998975241299
2.4999989747452736
2.4999989742487445
2.4999989737517114
2.499998973254173
2.499998972756129
2.4999989722575786
2.4999989717585205
2.4999989712589543
2.499998970758879
2.499998970258294
2.4999989697571983
2.4999989692555915
2.4999989687534727
2.499998968250841
2.4999989677476955
2.4999989672440353
2.49999896673986
2.499998966235168
2.4999989657299597
2.4999989652242336
2.499998964717989
2.4999989642112252
2.4999989637039413
2.499998963196137
2.49999896268781
2.4999989621789607
2.499998961669588
2.4999989611596916
2.49999896064927
2.4999989601383223
2.4999989596268484
2.499998959114847
2.4999989586023172
2.4999989580892583
2.499998957575669
2.4999989570615497
2.4999989565468983
2.499998956031715
2.4999989555159976
2.499998954999747
2.4999989544829613
2.4999989539656395
2.499998953447781
2.4999989529293853
2.4999989524104516
2.4999989518909786
2.4999989513709653
2.499998950850411
2.4999989503293154
2.4999989498076776
2.4999989492854957
2.49999894876277
2.499998948239499
2.499998947715682
2.499998947191318
2.4999989466664068
2.4999989461409466
2.499998945614937
2.4999989450883775
2.4999989445612667
2.499998944033603
2.4999989435053873
2.4999989429766174
2.499998942447293
2.4999989419174127
2.4999989413869765
2.4999989408559826
2.4999989403244305
2.4999989397923192
2.499998939259648
2.499998938726416
2.499998938192622
2.499998937658266
2.4999989371233458
2.4999989365878608
2.499998936051811
2.499998935515195
2.499998934978011
2.499998934440259
2.4999989339019386
2.4999989333630483
2.4999989328235865
2.4999989322835536
2.499998931742948
2.499998931201768
2.499998930660014
2.499998930117685
2.499998929574779
2.499998929031296
2.499998928487235
2.4999989279425945
2.4999989273973737
2.4999989268515725
2.499998926305189
2.4999989257582222
2.4999989252106722
2.4999989246625374
2.4999989241138163
2.499998923564509
2.4999989230146142
2.4999989224641306
2.499998921913057
2.4999989213613936
2.4999989208091384
2.499998920256291
2.49999891970285
2.499998919148815
2.4999989185941844
2.499998918038958
2.4999989174831336
2.499998916926711
2.49999891636969
2.499998915812068
2.4999989152538453
2.4999989146950203
2.4999989141355927
2.4999989135755603
2.4999989130149234
2.49999891245368
2.4999989118918298
2.4999989113293712
2.499998910766304
2.4999989102026268
2.499998909638338
2.4999989090734376
2.4999989085079237
2.4999989079417966
2.4999989073750535
2.4999989068076944
2.4999989062397185
2.4999989056711245
2.499998905101911
2.499998904532078
2.4999989039616235
2.4999989033905465
2.4999989028188465
2.499998902246522
2.499998901673573
2.499998901099997
2.4999989005257937
2.499998899950962
2.499998899375501
2.499998898799409
2.4999988982226857
2.4999988976453302
2.4999988970673406
2.4999988964887168
2.499998895909457
2.4999988953295604
2.4999988947490257
2.4999988941678524
2.4999988935860387
2.4999988930035846
2.4999988924204883
2.499998891836748
2.499998891252364
2.499998890667335
2.499998890081659
2.4999988894953358
2.499998888908364
2.4999988883207425
2.49999888773247
2.499998887143546
2.4999988865539686
2.499998885963737
2.499998885372851
2.4999988847813084
2.4999988841891083
2.49999888359625
2.4999988830027324
2.499998882408554
2.4999988818137133
2.49999888121821
2.499998880622043
2.4999988800252106
2.4999988794277117
2.4999988788295457
2.499998878230711
2.499998877631207
2.4999988770310315
2.499998876430185
2.499998875828665
2.4999988752264706
2.499998874623601
2.499998874020055
2.4999988734158314
2.499998872810929
2.4999988722053463
2.4999988715990833
2.4999988709921372
2.499998870384508
2.4999988697761943
2.499998869167195
2.4999988685575083
2.499998867947134
2.4999988673360702
2.499998866724316
2.49999886611187
2.4999988654987315
2.4999988648848985
2.499998864270371
2.4999988636551467
2.4999988630392247
2.499998862422604
2.4999988618052833
2.4999988611872617
2.4999988605685375
2.49999885994911
2.4999988593289775
2.499998858708139
2.4999988580865935
2.4999988574643393
2.499998856841375
2.4999988562177005
2.4999988555933137
2.4999988549682133
2.4999988543423983
2.4999988537158675
2.4999988530886204
2.499998852460654
2.4999988518319687
2.499998851202562
2.4999988505724335
2.499998849941582
2.499998849310006
2.499998848677704
2.4999988480446746
2.499998847410917
2.49999884677643
2.499998846141212
2.499998845505262
2.4999988448685784
2.4999988442311603
2.499998843593006
2.4999988429541142
2.499998842314484
2.499998841674114
2.499998841033003
2.4999988403911493
2.4999988397485517
2.49999883910521
2.4999988384611207
2.499998837816284
2.4999988371706987
2.499998836524363
2.4999988358772756
2.499998835229435
2.4999988345808406
2.4999988339314907
2.499998833281383
2.499998832630518
2.499998831978893
2.499998831326507
2.4999988306733583
2.4999988300194467
2.4999988293647695
2.499998828709326
2.499998828053115
2.499998827396135
2.4999988267383846
2.4999988260798625
2.4999988254205667
2.4999988247604965
2.4999988240996505
2.4999988234380273
2.499998822775626
2.4999988221124436
2.49999882144848
2.4999988207837336
2.4999988201182033
2.499998819451887
2.499998818784784
2.499998818116892
2.4999988174482106
2.4999988167787377
2.4999988161084725
2.4999988154374124
2.4999988147655574
2.4999988140929053
2.4999988134194546
2.499998812745204
2.4999988120701526
2.499998811394298
2.49999881071764
2.4999988100401755
2.4999988093619043
2.4999988086828244
2.499998808002935
2.4999988073222337
2.4999988066407197
2.4999988059583913
2.499998805275247
2.4999988045912858
2.4999988039065055
2.4999988032209046
2.4999988025344826
2.4999988018472368
2.4999988011591667
2.4999988004702702
2.499998799780546
2.499998799089992
2.499998798398608
2.4999987977063913
2.4999987970133413
2.4999987963194554
2.4999987956247334
2.4999987949291724
2.4999987942327717
2.49999879353553
2.4999987928374447
2.499998792138515
2.4999987914387396
2.4999987907381165
2.4999987900366443
2.499998789334321
2.499998788631146
2.499998787927117
2.4999987872222325
2.499998786516491
2.499998785809891
2.499998785102431
2.4999987843941094
2.4999987836849242
2.4999987829748744
2.499998782263958
2.499998781552174
2.4999987808395194
2.499998780125994
2.499998779411596
2.499998778696323
2.499998777980174
2.4999987772631473
2.499998776545241
2.499998775826454
2.4999987751067843
2.49999877438623
2.4999987736647906
2.499998772942463
2.4999987722192456
2.4999987714951386
2.499998770770138
2.4999987700442436
2.4999987693174535
2.4999987685897658
2.499998767861179
2.499998767131691
2.4999987664013
2.4999987656700053
2.4999987649378044
2.499998764204696
2.4999987634706784
2.4999987627357494
2.499998761999908
2.4999987612631513
2.4999987605254788
2.4999987597868887
2.4999987590473784
2.499998758306947
2.4999987575655926
2.499998756823313
2.4999987560801067
2.4999987553359726
2.4999987545909077
2.4999987538449115
2.499998753097981
2.4999987523501157
2.499998751601313
2.4999987508515713
2.499998750100889
2.4999987493492646
2.4999987485966946
2.499998747843179
2.499998747088716
2.4999987463333033
2.4999987455769386
2.499998744819621
2.4999987440613474
2.4999987433021174
2.499998742541929
2.4999987417807796
2.499998741018668
2.4999987402555917
2.499998739491549
2.4999987387265388
2.4999987379605586
2.4999987371936068
2.499998736425681
2.49999873565678
2.499998734886902
2.4999987341160446
2.499998733344206
2.4999987325713846
2.499998731797578
2.499998731022785
2.4999987302470035
2.499998729470231
2.499998728692466
2.499998727913707
2.499998727133951
2.4999987263531978
2.499998725571443
2.4999987247886875
2.4999987240049273
2.499998723220161
2.4999987224343867
2.499998721647603
2.4999987208598067
2.499998720070997
2.4999987192811712
2.4999987184903283
2.499998717698465
2.49999871690558
2.499998716111671
2.4999987153167367
2.4999987145207743
2.4999987137237825
2.4999987129257586
2.499998712126701
2.4999987113266076
2.4999987105254764
2.499998709723305
2.4999987089200917
2.4999987081158346
2.499998707310531
2.49999870650418
2.499998705696779
2.499998704888325
2.499998704078817
2.499998703268253
2.49999870245663
2.499998701643947
2.499998700830201
2.4999987000153903
2.4999986991995127
2.499998698382566
2.499998697564548
2.4999986967454575
2.499998695925292
2.4999986951040483
2.499998694281725
2.4999986934583203
2.4999986926338313
2.4999986918082566
2.4999986909815934
2.4999986901538396
2.4999986893249937
2.499998688495053
2.4999986876640152
2.4999986868318786
2.4999986859986403
2.499998685164299
2.4999986843288515
2.4999986834922963
2.4999986826546308
2.4999986818158524
2.4999986809759602
2.4999986801349507
2.4999986792928226
2.4999986784495727
2.4999986776051992
2.4999986767597004
2.4999986759130723
2.499998675065315
2.499998674216424
2.4999986733663984
2.4999986725152357
2.499998671662933
2.4999986708094895
2.4999986699549006
2.499998669099165
2.499998668242282
2.4999986673842467
2.499998666525058
2.4999986656647137
2.4999986648032113
2.499998663940548
2.499998663076722
2.4999986622117305
2.499998661345572
2.499998660478243
2.4999986596097408
2.4999986587400644
2.499998657869211
2.4999986569971777
2.4999986561239624
2.4999986552495623
2.4999986543739756
2.4999986534971996
2.4999986526192317
2.49999865174007
2.4999986508597107
2.4999986499781532
2.4999986490953936
2.49999864821143
2.49999864732626
2.49999864643988
2.4999986455522896
2.4999986446634845
2.4999986437734636
2.4999986428822227
2.4999986419897606
2.499998641096074
2.499998640201161
2.4999986393050193
2.4999986384076456
2.499998637509037
2.4999986366091917
2.499998635708107
2.49999863480578
2.499998633902209
2.4999986329973902
2.4999986320913217
2.499998631184001
2.499998630275425
2.4999986293655914
2.4999986284544975
2.49999862754214
2.499998626628518
2.4999986257136277
2.499998624797466
2.4999986238800305
2.499998622961319
2.499998622041329
2.499998621120057
2.4999986201975006
2.499998619273657
2.499998618348524
2.4999986174220985
2.499998616494378
2.4999986155653593
2.49999861463504
2.499998613703417
2.4999986127704883
2.4999986118362507
2.4999986109007004
2.499998609963837
2.4999986090256554
2.499998608086154
2.4999986071453297
2.49999860620318
2.499998605259701
2.4999986043148916
2.499998603368747
2.499998602421266
2.499998601472445
2.4999986005222814
2.4999985995707714
2.499998598617914
2.499998597663704
2.499998596708141
2.4999985957512196
2.499998594792939
2.499998593833295
2.499998592872285
2.4999985919099066
2.4999985909461557
2.49999858998103
2.4999985890145267
2.499998588046643
2.4999985870773753
2.499998586106721
2.499998585134677
2.49999858416124
2.4999985831864078
2.4999985822101767
2.499998581232544
2.499998580253506
2.4999985792730604
2.4999985782912035
2.499998577307933
2.4999985763232457
2.4999985753371377
2.499998574349607
2.49999857336065
2.499998572370263
2.499998571378444
2.4999985703851886
2.499998569390495
2.499998568394359
2.499998567396778
2.499998566397749
2.4999985653972683
2.499998564395333
2.499998563391939
2.499998562387085
2.499998561380766
2.49999856037298
2.499998559363723
2.4999985583529925
2.499998557340784
2.4999985563270957
2.4999985553119237
2.499998554295264
2.4999985532771145
2.499998552257471
2.499998551236331
2.4999985502136903
2.499998549189546
2.4999985481638953
2.4999985471367334
2.499998546108059
2.499998545077867
2.4999985440461545
2.4999985430129184
2.499998541978155
2.499998540941861
2.499998539904033
2.499998538864668
2.4999985378237617
2.499998536781311
2.4999985357373133
2.499998534691764
2.4999985336446593
2.499998532595997
2.499998531545773
2.4999985304939836
2.4999985294406257
2.4999985283856954
2.499998527329189
2.4999985262711037
2.499998525211435
2.49999852415018
2.499998523087335
2.4999985220228957
2.4999985209568596
2.4999985198892225
2.499998518819981
2.499998517749131
2.499998516676669
2.4999985156025923
2.499998514526896
2.4999985134495764
2.4999985123706305
2.4999985112900545
2.499998510207844
2.499998509123996
2.499998508038507
2.499998506951372
2.4999985058625884
2.4999985047721522
2.499998503680059
2.499998502586306
2.499998501490888
2.499998500393803
2.4999984992950455
2.499998498194613
2.4999984970925
2.499998495988704
2.499998494883221
2.4999984937760464
2.499998492667177
2.4999984915566085
2.4999984904443373
2.499998489330359
2.49999848821467
2.499998487097266
2.4999984859781432
2.499998484857298
2.4999984837347253
2.4999984826104225
2.4999984814843845
2.499998480356608
2.499998479227089
2.499998478095822
2.4999984769628045
2.4999984758280314
2.4999984746914996
2.4999984735532044
2.4999984724131417
2.499998471271307
2.4999984701276965
2.4999984689823065
2.499998467835132
2.4999984666861694
2.4999984655354144
2.499998464382862
2.499998463228509
2.4999984620723508
2.4999984609143833
2.499998459754601
2.4999984585930015
2.4999984574295797
2.499998456264331
2.499998455097251
2.4999984539283364
2.4999984527575814
2.499998451584983
2.4999984504105353
2.499998449234235
2.4999984480560773
2.499998446876058
2.499998445694173
2.499998444510417
2.4999984433247855
2.499998442137275
2.49999844094788
2.499998439756597
2.4999984385634204
2.4999984373683466
2.4999984361713707
2.4999984349724875
2.4999984337716934
2.499998432568983
2.499998431364352
2.4999984301577967
2.4999984289493105
2.4999984277388907
2.499998426526531
2.4999984253122283
2.4999984240959763
2.499998422877771
2.499998421657608
2.499998420435482
2.4999984192113893
2.4999984179853234
2.4999984167572813
2.4999984155272563
2.499998414295245
2.4999984130612423
2.499998411825243
2.4999984105872426
2.499998409347236
2.499998408105218
2.499998406861184
2.499998405615129
2.4999984043670485
2.499998403116937
2.4999984018647896
2.4999984006106013
2.499998399354367
2.499998398096082
2.499998396835741
2.4999983955733387
2.49999839430887
2.499998393042331
2.499998391773715
2.4999983905030176
2.4999983892302335
2.499998387955358
2.4999983866783855
2.49999838539931
2.499998384118128
2.499998382834833
2.49999838154942
2.499998380261884
2.499998378972219
2.499998377680421
2.499998376386483
2.499998375090401
2.4999983737921694
2.4999983724917825
2.499998371189235
2.4999983698845214
2.499998368577636
2.4999983672685744
2.4999983659573304
2.499998364643898
2.4999983633282725
2.499998362010448
2.4999983606904195
2.4999983593681803
2.499998358043726
2.4999983567170507
2.4999983553881475
2.499998354057013
2.4999983527236402
2.4999983513880233
2.4999983500501575
2.4999983487100357
2.499998347367654
2.4999983460230046
2.4999983446760834
2.499998343326884
2.4999983419754
2.4999983406216266
2.499998339265557
2.4999983379071864
2.499998336546508
2.499998335183516
2.499998333818205
2.499998332450569
2.499998331080601
2.499998329708296
2.499998328333648
2.499998326956651
2.4999983255772973
2.499998324195583
2.499998322811501
2.499998321425046
2.49999832003621
2.4999983186449892
2.499998317251375
2.499998315855364
2.4999983144569473
2.4999983130561203
2.4999983116528757
2.4999983102472085
2.499998308839111
2.4999983074285774
2.4999983060156015
2.4999983046001772
2.4999983031822977
2.499998301761956
2.499998300339147
2.499998298913863
2.4999982974860986
2.499998296055846
2.4999982946231
2.499998293187853
2.4999982917500994
2.4999982903098315
2.4999982888670433
2.499998287421728
2.499998285973879
2.4999982845234894
2.4999982830705534
2.4999982816150625
2.4999982801570115
2.499998278696393
2.4999982772332
2.499998275767426
2.4999982742990645
2.499998272828108
2.4999982713545488
2.4999982698783816
2.4999982683995987
2.499998266918193
2.499998265434158
2.499998263947486
2.49999826245817
2.499998260966203
2.4999982594715786
2.4999982579742888
2.4999982564743264
2.4999982549716853
2.4999982534663565
2.4999982519583344
2.499998250447611
2.4999982489341788
2.499998247418031
2.4999982458991603
2.4999982443775584
2.499998242853219
2.4999982413261344
2.4999982397962963
2.4999982382636983
2.4999982367283327
2.499998235190191
2.4999982336492668
2.4999982321055523
2.4999982305590396
2.4999982290097207
2.4999982274575885
2.4999982259026354
2.4999982243448535
2.499998222784235
2.4999982212207716
2.499998219654456
2.4999982180852807
2.499998216513237
2.4999982149383175
2.4999982133605148
2.4999982117798196
2.4999982101962255
2.499998208609723
2.4999982070203046
2.4999982054279624
2.4999982038326882
2.499998202234474
2.4999982006333115
2.4999981990291924
2.499998197422109
2.4999981958120516
2.499998194199014
2.4999981925829866
2.4999981909639604
2.4999981893419285
2.499998187716882
2.4999981860888125
2.499998184457711
2.4999981828235693
2.499998181186379
2.499998179546131
2.499998177902817
2.4999981762564296
2.499998174606958
2.499998172954395
2.499998171298731
2.499998169639958
2.4999981679780663
2.4999981663130475
2.4999981646448934
2.4999981629735943
2.4999981612991413
2.4999981596215255
2.499998157940738
2.49999815625677
2.4999981545696124
2.499998152879255
2.4999981511856904
2.499998149488908
2.4999981477888995
2.499998146085655
2.4999981443791657
2.499998142669422
2.4999981409564147
2.4999981392401347
2.499998137520572
2.499998135797717
2.499998134071561
2.4999981323420943
2.4999981306093066
2.499998128873189
2.4999981271337313
2.4999981253909245
2.4999981236447586
2.499998121895224
2.49999812014231
2.4999981183860083
2.499998116626307
2.4999981148631982
2.4999981130966713
2.4999981113267156
2.499998109553322
2.49999810777648
2.4999981059961796
2.4999981042124104
2.4999981024251627
2.499998100634426
2.49999809884019
2.4999980970424445
2.499998095241178
2.499998093436383
2.499998091628046
2.4999980898161587
2.4999980880007096
2.499998086181688
2.4999980843590834
2.4999980825328856
2.499998080703084
2.499998078869667
2.499998077032625
2.499998075191946
2.49999807334762
2.499998071499636
2.499998069647983
2.4999980677926503
2.499998065933626
2.4999980640709
2.4999980622044604
2.499998060334297
2.4999980584603976
2.4999980565827515
2.4999980547013476
2.4999980528161734
2.4999980509272195
2.499998049034473
2.499998047137923
2.4999980452375574
2.4999980433333655
2.499998041425335
2.4999980395134545
2.4999980375977127
2.499998035678097
2.499998033754596
2.4999980318271984
2.4999980298958917
2.499998027960664
2.4999980260215033
2.4999980240783977
2.499998022131335
2.4999980201803034
2.4999980182252903
2.4999980162662836
2.4999980143032707
2.49999801233624
2.4999980103651787
2.499998008390074
2.4999980064109146
2.4999980044276864
2.499998002440378
2.499998000448976
2.499997998453468
2.4999979964538412
2.499997994450083
2.4999979924421805
2.4999979904301206
2.4999979884138908
2.499997986393477
2.4999979843688673
2.499997982340048
2.499997980307006
2.4999979782697284
2.499997976228201
2.4999979741824117
2.4999979721323458
2.4999979700779913
2.499997968019333
2.4999979659563594
2.499997963889055
2.4999979618174066
2.499997959741401
2.499997957661024
2.499997955576262
2.499997953487101
2.4999979513935267
2.4999979492955253
2.4999979471930827
2.499997945086185
2.499997942974817
2.4999979408589654
2.499997938738616
2.499997936613754
2.4999979344843646
2.499997932350434
2.499997930211947
2.4999979280688898
2.4999979259212464
2.499997923769003
2.4999979216121444
2.4999979194506556
2.4999979172845226
2.499997915113729
2.4999979129382606
2.499997910758102
2.499997908573237
2.4999979063836526
2.4999979041893314
2.4999979019902585
2.499997899786419
2.4999978975777974
2.499997895364377
2.4999978931461424
2.4999978909230784
2.499997888695169
2.4999978864623986
2.4999978842247503
2.499997881982209
2.4999978797347584
2.499997877482382
2.4999978752250636
2.499997872962787
2.4999978706955357
2.4999978684232937
2.499997866146044
2.49999786386377
2.499997861576455
2.4999978592840826
2.4999978569866355
2.499997854684097
2.49999785237645
2.4999978500636777
2.499997847745763
2.499997845422688
2.4999978430944365
2.4999978407609906
2.4999978384223325
2.499997836078445
2.4999978337293105
2.499997831374912
2.4999978290152307
2.499997826650249
2.499997824279949
2.499997821904314
2.4999978195233235
2.499997817136961
2.4999978147452078
2.4999978123480457
2.4999978099454565
2.499997807537421
2.4999978051239213
2.4999978027049385
2.499997800280454
2.4999977978504484
2.4999977954149037
2.4999977929738004
2.4999977905271193
2.4999977880748414
2.4999977856169475
2.499997783153418
2.4999977806842337
2.499997778209375
2.499997775728822
2.4999977732425553
2.499997770750556
2.499997768252802
2.499997765749275
2.499997763239955
2.4999977607248205
2.4999977582038526
2.4999977556770303
2.499997753144333
2.499997750605741
2.4999977480612325
2.4999977455107874
2.499997742954385
2.4999977403920046
2.499997737823624
2.499997735249223
2.49999773266878
2.4999977300822738
2.499997727489683
2.4999977248909864
2.499997722286162
2.4999977196751875
2.4999977170580423
2.499997714434704
2.4999977118051495
2.499997709169358
2.499997706527307
2.4999977038789734
2.4999977012243355
2.4999976985633707
2.499997695896056
2.4999976932223684
2.499997690542285
2.499997687855784
2.4999976851628407
2.499997682463433
2.499997679757537
2.499997677045129
2.499997674326186
2.499997671600684
2.499997668868599
2.499997666129908
2.4999976633845864
2.4999976606326095
2.4999976578739536
2.499997655108594
2.499997652336507
2.4999976495576677
2.499997646772051
2.4999976439796314
2.4999976411803857
2.4999976383742872
2.4999976355613116
2.499997632741433
2.4999976299146263
2.499997627080866
2.4999976242401254
2.49999762139238
2.499997618537603
2.499997615675768
2.49999761280685
2.499997609930822
2.499997607047657
2.4999976041573286
2.4999976012598104
2.4999975983550757
2.499997595443097
2.499997592523847
2.4999975895972986
2.4999975866634245
2.4999975837221973
2.499997580773589
2.499997577817571
2.4999975748541168
2.4999975718831977
2.499997568904785
2.4999975659188505
2.499997562925366
2.499997559924302
2.4999975569156305
2.4999975538993224
2.499997550875348
2.499997547843679
2.499997544804285
2.4999975417571365
2.4999975387022038
2.4999975356394577
2.499997532568867
2.499997529490403
2.4999975264040337
2.49999752330973
2.4999975202074602
2.499997517097194
2.4999975139789004
2.4999975108525483
2.4999975077181062
2.4999975045755423
2.499997501424826
2.499997498265925
2.4999974950988064
2.49999749192344
2.4999974887397913
2.4999974855478295
2.4999974823475215
2.499997479138834
2.499997475921735
2.49999747269619
2.499997469462168
2.4999974662196327
2.499997462968552
2.499997459708892
2.499997456440618
2.499997453163697
2.499997449878093
2.499997446583773
2.499997443280701
2.499997439968843
2.4999974366481634
2.4999974333186272
2.499997429980198
2.4999974266328415
2.499997423276521
2.4999974199112
2.4999974165368433
2.4999974131534137
2.4999974097608746
2.4999974063591894
2.499997402948321
2.4999973995282323
2.4999973960988857
2.4999973926602435
2.4999973892122673
2.49999738575492
2.499997382288163
2.4999973788119574
2.499997375326265
2.499997371831047
2.4999973683262633
2.4999973648118763
2.4999973612878446
2.49999735775413
2.4999973542106915
2.4999973506574893
2.499997347094483
2.499997343521631
2.4999973399388944
2.499997336346231
2.499997332743599
2.499997329130957
2.4999973255082644
2.4999973218754783
2.499997318232556
2.499997314579456
2.499997310916135
2.49999730724255
2.499997303558658
2.4999972998644155
2.499997296159779
2.4999972924447045
2.4999972887191477
2.499997284983064
2.499997281236409
2.499997277479138
2.4999972737112053
2.4999972699325657
2.4999972661431733
2.4999972623429825
2.499997258531947
2.4999972547100207
2.499997250877156
2.499997247033306
2.4999972431784236
2.499997239312462
2.499997235435372
2.499997231547107
2.4999972276476177
2.4999972237368553
2.4999972198147713
2.4999972158813164
2.4999972119364404
2.4999972079800945
2.4999972040122285
2.4999972000327917
2.4999971960417335
2.499997192039003
2.4999971880245484
2.4999971839983193
2.4999971799602627
2.499997175910327
2.4999971718484595
2.4999971677746076
2.499997163688718
2.499997159590738
2.499997155480613
2.499997151358289
2.4999971472237124
2.4999971430768277
2.49999713891758
2.4999971347459145
2.499997130561775
2.4999971263651064
2.499997122155851
2.4999971179339533
2.4999971136993553
2.499997109452001
2.499997105191831
2.499997100918788
2.499997096632814
2.4999970923338504
2.4999970880218374
2.499997083696716
2.499997079358426
2.4999970750069074
2.4999970706420998
2.4999970662639424
2.499997061872373
2.499997057467331
2.499997053048754
2.4999970486165792
2.4999970441707444
2.499997039711186
2.4999970352378407
2.4999970307506443
2.499997026249532
2.49999702173444
2.499997017205303
2.4999970126620545
2.499997008104629
2.4999970035329606
2.4999969989469815
2.499996994346626
2.499996989731825
2.4999969851025106
2.4999969804586155
2.499996975800069
2.499996971126803
2.4999969664387476
2.499996961735832
2.499996957017986
2.499996952285138
2.4999969475372175
2.499996942774151
2.499996937995867
2.4999969332022918
2.499996928393353
2.499996923568976
2.4999969187290865
2.499996913873609
2.49999690900247
2.499996904115592
2.499996899212899
2.4999968942943154
2.499996889359762
2.4999968844091627
2.4999968794424383
2.4999968744595105
2.4999968694602996
2.4999968644447255
2.499996859412708
2.4999968543641673
2.4999968492990208
2.499996844217187
2.4999968391185834
2.4999968340031264
2.4999968288707333
2.49999682372132
2.499996818554801
2.4999968133710917
2.4999968081701063
2.499996802951758
2.4999967977159594
2.4999967924626247
2.4999967871916646
2.4999967819029907
2.4999967765965128
2.4999967712721425
2.4999967659297884
2.4999967605693594
2.499996755190764
2.49999674979391
2.4999967443787043
2.499996738945053
2.4999967334928623
2.499996728022037
2.4999967225324817
2.499996717024101
2.499996711496796
2.4999967059504713
2.499996700385028
2.4999966948003673
2.499996689196389
2.499996683572994
2.499996677930081
2.4999966722675486
2.4999966665852935
2.499996660883214
2.4999966551612056
2.499996649419164
2.4999966436569845
2.4999966378745606
2.499996632071786
2.499996626248553
2.4999966204047532
2.4999966145402786
2.499996608655019
2.499996602748864
2.4999965968217026
2.499996590873422
2.49999658490391
2.499996578913053
2.499996572900736
2.499996566866845
2.4999965608112626
2.4999965547338725
2.4999965486345572
2.4999965425131974
2.4999965363696743
2.4999965302038674
2.4999965240156556
2.499996517804916
2.4999965115715272
2.4999965053153645
2.4999964990363033
2.4999964927342178
2.4999964864089814
2.499996480060467
2.4999964736885456
2.4999964672930886
2.4999964608739655
2.4999964544310447
2.499996447964194
2.499996441473281
2.49999643495817
2.4999964284187266
2.4999964218548154
2.4999964152662972
2.4999964086530357
2.4999964020148906
2.4999963953517224
2.499996388663389
2.499996381949748
2.499996375210656
2.4999963684459687
2.4999963616555396
2.4999963548392232
2.4999963479968708
2.499996341128333
2.499996334233461
2.4999963273121013
2.4999963203641036
2.499996313389313
2.499996306387575
2.4999962993587346
2.499996292302633
2.4999962852191127
2.4999962781080134
2.4999962709691754
2.4999962638024353
2.49999625660763
2.4999962493845955
2.4999962421331654
2.4999962348531723
2.499996227544448
2.499996220206822
2.499996212840124
2.499996205444181
2.499996198018819
2.499996190563863
2.4999961830791353
2.499996175564459
2.4999961680196536
2.499996160444539
2.499996152838933
2.4999961452026507
2.499996137535507
2.4999961298373163
2.4999961221078886
2.4999961143470344
2.4999961065545637
2.4999960987302816
2.4999960908739953
2.4999960829855077
2.4999960750646215
2.4999960671111374
2.4999960591248542
2.4999960511055694
2.499996043053079
2.4999960349671775
2.499996026847656
2.4999960186943064
2.499996010506917
2.499996002285275
2.4999959940291663
2.499995985738374
2.4999959774126794
2.4999959690518634
2.4999959606557045
2.4999959522239776
2.4999959437564585
2.4999959352529184
2.499995926713129
2.499995918136858
2.499995909523873
2.4999959008739374
2.499995892186815
2.4999958834622658
2.499995874700049
2.49999586589992
2.4999958570616347
2.4999958481849442
2.4999958392695993
2.4999958303153473
2.499995821321935
2.4999958122891055
2.4999958032166
2.4999957941041577
2.4999957849515155
2.4999957757584084
2.499995766524567
2.499995757249723
2.4999957479336037
2.4999957385759326
2.4999957291764336
2.4999957197348266
2.4999957102508286
2.4999957007241553
2.4999956911545196
2.499995681541631
2.4999956718851974
2.4999956621849226
2.49999565244051
2.4999956426516574
2.499995632818063
2.4999956229394202
2.4999956130154195
2.4999956030457504
2.4999955930300977
2.4999955829681437
2.499995572859569
2.4999955627040498
2.49999555250126
2.49999554225087
2.499995531952548
2.4999955216059577
2.4999955112107624
2.4999955007666186
2.499995490273182
2.4999954797301047
2.499995469137035
2.499995458493619
2.499995447799498
2.4999954370543103
2.4999954262576916
2.4999954154092743
2.499995404508685
2.4999953935555492
2.499995382549488
2.4999953714901184
2.4999953603770546
2.4999953492099065
2.49999533798828
2.4999953267117783
2.499995315379999
2.4999953039925376
2.499995292548984
2.4999952810489257
2.499995269491945
2.49999525787762
2.499995246205526
2.4999952344752328
2.499995222686306
2.499995210838308
2.4999951989307956
2.4999951869633215
2.4999951749354343
2.4999951628466786
2.4999951506965923
2.4999951384847114
2.499995126210565
2.4999951138736782
2.499995101473573
2.4999950890097633
2.49999507648176
2.4999950638890684
2.49999505123119
2.49999503850762
2.4999950257178476
2.499995012861359
2.4999949999376327
2.499994986946144
2.499994973886361
2.4999949607577467
2.4999949475597587
2.4999949342918506
2.499994920953466
2.499994907544047
2.4999948940630268
2.4999948805098353
2.4999948668838936
2.499994853184618
2.499994839411419
2.4999948255637006
2.4999948116408586
2.499994797642285
2.499994783567364
2.4999947694154727
2.4999947551859822
2.499994740878256
2.499994726491652
2.4999947120255195
2.4999946974792016
2.4999946828520336
2.4999946681433443
2.499994653352455
2.499994638478678
2.49999462352132
2.4999946084796787
2.499994593353045
2.4999945781406994
2.499994562841918
2.4999945474559655
2.4999945319821006
2.4999945164195725
2.499994500767621
2.49999448502548
2.4999944691923712
2.4999944532675102
2.499994437250102
2.4999944211393434
2.499994404934421
2.499994388634513
2.4999943722387865
2.499994355746401
2.4999943391565043
2.4999943224682353
2.499994305680723
2.4999942887930855
2.4999942718044297
2.4999942547138536
2.499994237520444
2.499994220223276
2.4999942028214144
2.4999941853139127
2.4999941676998128
2.499994149978145
2.4999941321479278
2.4999941142081687
2.499994096157862
2.4999940779959906
2.499994059721524
2.4999940413334203
2.4999940228306228
2.4999940042120645
2.4999939854766624
2.499993966623322
2.4999939476509354
2.499993928558378
2.4999939093445143
2.499993890008193
2.499993870548249
2.499993850963501
2.4999938312527545
2.4999938114147993
2.499993791448408
2.4999937713523406
2.4999937511253387
2.4999937307661284
2.4999937102734195
2.4999936896459056
2.499993668882261
2.4999936479811464
2.4999936269412015
2.4999936057610497
2.4999935844392964
2.4999935629745282
2.499993541365313
2.499993519610199
2.4999934977077167
2.4999934756563746
2.499993453454663
2.4999934311010517
2.4999934085939888
2.4999933859319015
2.4999933631131963
2.499993340136258
2.4999933169994475
2.499993293701106
2.4999932702395493
2.4999932466130708
2.4999932228199406
2.499993198858404
2.4999931747266815
2.4999931504229704
2.49999312594544
2.4999931012922363
2.499993076461477
2.4999930514512534
2.4999930262596304
2.4999930008846447
2.499992975324304
2.4999929495765887
2.499992923639449
2.499992897510805
2.4999928711885477
2.4999928446705355
2.4999928179545967
2.499992791038527
2.4999927639200905
2.499992736597015
2.4999927090669987
2.499992681327703
2.4999926533767534
2.499992625211741
2.49999259683022
2.499992568229708
2.4999925394076845
2.49999251036159
2.4999924810888254
2.4999924515867518
2.4999924218526917
2.4999923918839224
2.4999923616776805
2.49999233123116
2.4999923005415097
2.4999922696058343
2.499992238421191
2.4999922069845932
2.4999921752930034
2.4999921433433374
2.4999921111324617
2.4999920786571903
2.4999920459142877
2.4999920129004645
2.499991979612378
2.4999919460466304
2.4999919121997682
2.4999918780682813
2.4999918436486004
2.4999918089370965
2.4999917739300814
2.4999917386238035
2.4999917030144494
2.499991667098139
2.4999916308709276
2.4999915943288036
2.499991557467685
2.4999915202834204
2.499991482771788
2.4999914449284897
2.499991406749154
2.499991368229334
2.4999913293645024
2.4999912901500534
2.4999912505812985
2.4999912106534667
2.4999911703617004
2.4999911297010557
2.499991088666499
2.4999910472529057
2.499991005455058
2.499990963267641
2.4999909206852444
2.4999908777023574
2.499990834313365
2.4999907905125514
2.49999074629409
2.499990701652048
2.499990656580377
2.4999906110729175
2.4999905651233907
2.4999905187253972
2.4999904718724157
2.4999904245577986
2.4999903767747678
2.499990328516416
2.4999902797756963
2.499990230545427
2.4999901808182825
2.499990130586791
2.4999900798433328
2.499990028580134
2.4999899767892653
2.499989924462634
2.499989871591985
2.4999898181688938
2.499989764184761
2.4999897096308112
2.4999896544980857
2.499989598777438
2.4999895424595313
2.49998948553483
2.499989427993597
2.499989369825888
2.4999893110215434
2.4999892515701885
2.49998919146122
2.4999891306838062
2.499989069226877
2.49998900707912
2.4999889442289716
2.4999888806646107
2.499988816373952
2.4999887513446395
2.4999886855640363
2.49998861901922
2.4999885516969718
2.499988483583768
2.4999884146657743
2.499988344928834
2.4999882743584596
2.4999882029398224
2.4999881306577434
2.499988057496684
2.4999879834407315
2.499987908473593
2.4999878325785803
2.4999877557385974
2.499987677936133
2.4999875991532416
2.4999875193715355
2.499987438572167
2.499987356735816
2.499987273842676
2.499987189872437
2.49998710480427
2.4999870186168125
2.499986931288147
2.4999868427957876
2.4999867531166595
2.499986662227079
2.4999865701027355
2.4999864767186684
2.4999863820492467
2.499986286068147
2.4999861887483306
2.499986090062015
2.499985989980654
2.499985888474909
2.4999857855146197
2.4999856810687784
2.4999855751055
2.499985467591986
2.4999853584945018
2.499985247778332
2.499985135407752
2.4999850213459904
2.4999849055551886
2.499984787996361
2.4999846686293554
2.499984547412807
2.4999844243040936
2.499984299259288
2.4999841722331064
2.499984043178859
2.499983912048393
2.4999837787920365
2.499983643358538
2.4999835056950035
2.4999833657468327
2.499983223457647
2.49998307876922
2.4999829316213975
2.499982781952026
2.49998262969686
2.499982474789481
2.4999823171612015
2.4999821567409706
2.49998199345527
2.499981827228011
2.499981657980417
2.499981485630909
2.4999813100949773
2.499981131285055
2.499980949110373
2.4999807634768194
2.499980574286784
2.4999803814389936
2.4999801848283414
2.499979984345708
2.4999797798777657
2.4999795713067776
2.4999793585103847
2.499979141361376
2.4999789197274502
2.499978693470959
2.499978462448639
2.499978226511323
2.499977985503638
2.499977739263681
2.4999774876226755
2.4999772304046073
2.499976967425835
2.49997669849468
2.4999764234109803
2.499976141965628
2.4999758539400636
2.4999755591057435
2.4999752572235705
2.4999749480432825
2.4999746313027997
2.499974306727529
2.4999739740296123
2.4999736329071296
2.499973283043234
2.499972924105232
2.499972555743591
2.4999721775908688
2.4999717892605715
2.499971390345911
2.499970980418473
2.499970559026779
2.499970125694729
2.4999696799199245
2.4999692211718427
2.499968748889872
2.499968262481169
2.4999677613183433
2.49996724473693
2.49996671203265
2.499966162458417
2.4999655952210835
2.4999650094778776
2.499964404332514
2.499963778830937
2.499963131956651
2.499962462625603
2.4999617696805503
2.4999610518848683
2.499960307915721
2.4999595363565277
2.49995873568863
2.4999579042820668
2.4999570403853446
2.499956142114065
2.499955207438278
2.49995423416837
2.4999532199393055
2.4999521621929883
2.499951058158477
2.4999499048297498
2.499948698940662
2.499947436936673
2.499946114942863
2.49994472872765
2.4999432736615406
2.4999417446700973
2.4999401361801863
2.4999384420583475
2.4999366555399485
2.499934769147476
2.4999327745960085
2.499930662683489
2.49992842316291
2.499926044592888
2.499923514162296
2.4999208174836354
2.499917938348537
2.4999148584371857
2.4999115569713566
2.499908010298106
2.4999041913876665
2.499900069224554
2.499895608064915
2.499890766525185
2.4998854964564856
2.499879741544799
2.499873435557338
2.4998665001284994
2.4998588419411383
2.499850349105923
2.499840886465943
2.4998302894446853
2.4998183558957545
2.4998048351753432
2.4997894132999967
2.499771692501322
2.4997511626267195
2.4997271604564912
2.499698810754339
2.499664939093971
2.4996239400099496
2.499573572506456
2.4995106338522293
2.499430422429793
2.499325820673199
2.499185662897461
2.4989916858600045
2.498712492354934
2.4982907261499316
2.497613256494776
2.49643294965926
2.4941242609316263
2.4886760727723476
2.469743110922332
2.1743930353308563
0.17059080011147812
2.7562506533945103E-7
The correct rate for BP: 100.00% 
