2.546038339458092
2.499718563031448
2.499780063298375
2.4997745957614037
2.499760257972676
2.4997428513771096
2.499722709629371
2.4996993298205727
2.4996719155526455
2.4996393681145648
2.499600157352971
2.4995520950864822
2.499491947558455
2.499414742426107
2.4993124530273123
2.4991713069336314
2.4989657321934353
2.498642921891193
2.498075956582199
2.4968780196684968
2.4932110545885187
2.448279877862283
0.13952433400564548
0.5122914380946342
0.011291086553135016
6.706844607954728E-7
The correct rate for BP: 100.00% 
