2.686347203694516
2.4999988000117193
2.499999230859493
2.499999274595952
2.4999992800710147
2.49999928061213
2.4999992804944426
2.4999992802882804
2.4999992800701287
2.499999279850252
2.4999992796300274
2.4999992794096406
2.4999992791891157
2.499999278968456
2.499999278747662
2.4999992785267335
2.4999992783056704
2.499999278084473
2.4999992778631404
2.4999992776416726
2.49999927742007
2.499999277198332
2.499999276976459
2.4999992767544503
2.4999992765323062
2.4999992763100263
2.4999992760876104
2.499999275865059
2.4999992756423715
2.4999992754195475
2.499999275196587
2.499999274973491
2.4999992747502575
2.4999992745268873
2.499999274303381
2.499999274079737
2.4999992738559564
2.4999992736320387
2.4999992734079832
2.4999992731837906
2.4999992729594607
2.4999992727349927
2.4999992725103874
2.4999992722856437
2.4999992720607613
2.4999992718357418
2.4999992716105837
2.499999271385287
2.4999992711598518
2.4999992709342775
2.499999270708565
2.4999992704827134
2.499999270256723
2.499999270030593
2.4999992698043236
2.499999269577915
2.4999992693513664
2.4999992691246784
2.4999992688978505
2.4999992686708827
2.4999992684437746
2.4999992682165266
2.499999267989138
2.499999267761609
2.499999267533939
2.4999992673061286
2.499999267078177
2.499999266850085
2.4999992666218516
2.499999266393477
2.4999992661649606
2.499999265936303
2.4999992657075034
2.4999992654785625
2.4999992652494796
2.499999265020254
2.499999264790887
2.4999992645613776
2.4999992643317253
2.499999264101931
2.499999263871993
2.4999992636419135
2.49999926341169
2.4999992631813233
2.499999262950814
2.499999262720161
2.4999992624893648
2.4999992622584246
2.499999262027341
2.499999261796113
2.4999992615647413
2.4999992613332256
2.4999992611015647
2.4999992608697603
2.4999992606378107
2.4999992604057173
2.499999260173478
2.4999992599410943
2.4999992597085656
2.4999992594758917
2.4999992592430718
2.4999992590101066
2.499999258776996
2.499999258543739
2.499999258310337
2.4999992580767887
2.499999257843094
2.4999992576092525
2.4999992573752654
2.4999992571411314
2.49999925690685
2.4999992566724223
2.4999992564378477
2.4999992562031257
2.4999992559682567
2.49999925573324
2.4999992554980754
2.4999992552627637
2.499999255027304
2.499999254791696
2.49999925455594
2.499999254320036
2.4999992540839835
2.499999253847782
2.4999992536114326
2.4999992533749342
2.499999253138286
2.4999992529014894
2.499999252664544
2.4999992524274486
2.4999992521902037
2.499999251952809
2.499999251715265
2.499999251477571
2.499999251239726
2.499999251001732
2.499999250763587
2.499999250525292
2.4999992502868458
2.499999250048249
2.4999992498095014
2.4999992495706023
2.4999992493315526
2.499999249092351
2.499999248852998
2.4999992486134937
2.4999992483738374
2.499999248134029
2.4999992478940687
2.4999992476539563
2.4999992474136916
2.499999247173274
2.499999246932704
2.4999992466919814
2.499999246451105
2.4999992462100766
2.4999992459688944
2.499999245727559
2.49999924548607
2.4999992452444273
2.499999245002631
2.4999992447606805
2.499999244518576
2.4999992442763173
2.499999244033904
2.4999992437913363
2.499999243548614
2.4999992433057368
2.4999992430627045
2.4999992428195172
2.4999992425761746
2.4999992423326765
2.4999992420890234
2.4999992418452135
2.4999992416012486
2.4999992413571275
2.49999924111285
2.499999240868416
2.499999240623826
2.499999240379079
2.499999240134176
2.4999992398891155
2.499999239643898
2.499999239398523
2.4999992391529915
2.4999992389073014
2.4999992386614545
2.499999238415449
2.4999992381692864
2.499999237922965
2.4999992376764855
2.4999992374298476
2.4999992371830517
2.4999992369360964
2.4999992366889825
2.4999992364417096
2.4999992361942773
2.499999235946686
2.499999235698935
2.4999992354510243
2.499999235202954
2.499999234954724
2.499999234706333
2.4999992344577824
2.499999234209071
2.4999992339601995
2.499999233711167
2.499999233461974
2.4999992332126197
2.4999992329631042
2.4999992327134275
2.499999232463589
2.4999992322135896
2.4999992319634274
2.4999992317131037
2.499999231462618
2.49999923121197
2.49999923096116
2.4999992307101864
2.499999230459051
2.4999992302077523
2.4999992299562903
2.499999229704666
2.4999992294528774
2.4999992292009257
2.49999922894881
2.4999992286965305
2.4999992284440875
2.49999922819148
2.4999992279387078
2.499999227685772
2.499999227432671
2.499999227179405
2.4999992269259743
2.4999992266723785
2.499999226418617
2.499999226164691
2.4999992259105985
2.499999225656341
2.4999992254019165
2.499999225147327
2.499999224892571
2.4999992246376483
2.49999922438256
2.4999992241273037
2.499999223871881
2.499999223616291
2.4999992233605344
2.4999992231046098
2.499999222848518
2.4999992225922583
2.499999222335831
2.4999992220792353
2.499999221822472
2.4999992215655396
2.499999221308439
2.4999992210511692
2.4999992207937316
2.4999992205361243
2.499999220278348
2.499999220020402
2.4999992197622873
2.4999992195040024
2.4999992192455474
2.4999992189869227
2.4999992187281275
2.4999992184691626
2.499999218210027
2.4999992179507204
2.499999217691243
2.499999217431595
2.499999217171775
2.4999992169117844
2.499999216651622
2.499999216391288
2.499999216130782
2.4999992158701034
2.499999215609254
2.499999215348231
2.499999215087036
2.4999992148256682
2.4999992145641277
2.499999214302414
2.499999214040527
2.499999213778467
2.499999213516233
2.4999992132538256
2.499999212991244
2.4999992127284885
2.499999212465559
2.499999212202454
2.4999992119391754
2.4999992116757217
2.4999992114120935
2.4999992111482894
2.4999992108843108
2.4999992106201567
2.4999992103558264
2.499999210091321
2.499999209826639
2.499999209561781
2.4999992092967473
2.499999209031536
2.4999992087661487
2.4999992085005847
2.4999992082348435
2.499999207968925
2.4999992077028295
2.499999207436556
2.4999992071701045
2.499999206903476
2.4999992066366685
2.499999206369683
2.4999992061025194
2.4999992058351768
2.4999992055676556
2.4999992052999556
2.499999205032076
2.4999992047640176
2.4999992044957793
2.4999992042273615
2.499999203958764
2.499999203689986
2.4999992034210283
2.49999920315189
2.4999992028825706
2.499999202613071
2.4999992023433903
2.4999992020735284
2.4999992018034853
2.4999992015332606
2.4999992012628547
2.4999992009922662
2.499999200721496
2.499999200450544
2.499999200179409
2.4999991999080917
2.4999991996365916
2.499999199364909
2.499999199093043
2.4999991988209933
2.49999919854876
2.499999198276343
2.4999991980037426
2.499999197730958
2.4999991974579894
2.4999991971848363
2.499999196911498
2.4999991966379755
2.4999991963642683
2.4999991960903754
2.4999991958162973
2.4999991955420335
2.499999195267584
2.4999991949929488
2.499999194718127
2.4999991944431197
2.499999194167925
2.499999193892544
2.499999193616977
2.499999193341222
2.49999919306528
2.4999991927891503
2.499999192512833
2.4999991922363285
2.499999191959636
2.499999191682755
2.4999991914056854
2.4999991911284276
2.499999190850981
2.499999190573345
2.49999919029552
2.4999991900175065
2.499999189739303
2.499999189460909
2.499999189182326
2.499999188903553
2.499999188624589
2.499999188345435
2.49999918806609
2.4999991877865546
2.4999991875068277
2.49999918722691
2.4999991869468006
2.4999991866664995
2.4999991863860065
2.4999991861053217
2.499999185824444
2.4999991855433743
2.499999185262112
2.4999991849806573
2.499999184699009
2.4999991844171676
2.499999184135133
2.4999991838529043
2.4999991835704822
2.499999183287866
2.4999991830050554
2.4999991827220507
2.4999991824388514
2.4999991821554572
2.4999991818718676
2.4999991815880835
2.4999991813041036
2.499999181019928
2.499999180735557
2.4999991804509896
2.499999180166226
2.499999179881266
2.4999991795961094
2.4999991793107563
2.499999179025206
2.4999991787394586
2.4999991784535136
2.499999178167371
2.4999991778810307
2.499999177594492
2.4999991773077554
2.49999917702082
2.499999176733686
2.499999176446354
2.499999176158822
2.499999175871091
2.4999991755831608
2.499999175295031
2.4999991750067005
2.4999991747181705
2.4999991744294405
2.4999991741405094
2.4999991738513776
2.4999991735620455
2.4999991732725118
2.4999991729827773
2.4999991726928408
2.4999991724027026
2.4999991721123624
2.49999917182182
2.4999991715310754
2.499999171240128
2.4999991709489784
2.4999991706576252
2.499999170366069
2.499999170074309
2.4999991697823463
2.499999169490179
2.4999991691978076
2.4999991689052323
2.499999168612452
2.4999991683194676
2.499999168026278
2.4999991677328834
2.4999991674392836
2.4999991671454778
2.4999991668514667
2.499999166557249
2.4999991662628256
2.499999165968196
2.499999165673359
2.499999165378316
2.4999991650830653
2.499999164787608
2.4999991644919426
2.4999991641960695
2.4999991638999886
2.4999991636037
2.4999991633072023
2.4999991630104965
2.499999162713582
2.499999162416458
2.499999162119125
2.499999161821583
2.4999991615238306
2.499999161225869
2.499999160927697
2.499999160629314
2.4999991603307214
2.4999991600319174
2.499999159732903
2.499999159433677
2.4999991591342394
2.4999991588345907
2.4999991585347296
2.499999158234657
2.499999157934371
2.499999157633873
2.4999991573331624
2.499999157032239
2.499999156731102
2.4999991564297517
2.4999991561281876
2.49999915582641
2.499999155524417
2.499999155222211
2.4999991549197897
2.4999991546171545
2.4999991543143034
2.499999154011237
2.4999991537079556
2.499999153404458
2.499999153100745
2.499999152796815
2.4999991524926695
2.499999152188307
2.4999991518837277
2.499999151578931
2.4999991512739173
2.499999150968686
2.499999150663237
2.49999915035757
2.4999991500516843
2.4999991497455807
2.4999991494392577
2.499999149132716
2.4999991488259554
2.4999991485189756
2.4999991482117756
2.4999991479043557
2.499999147596716
2.499999147288856
2.4999991469807754
2.499999146672474
2.4999991463639515
2.4999991460552073
2.499999145746242
2.4999991454370547
2.4999991451276458
2.4999991448180143
2.4999991445081604
2.499999144198084
2.499999143887784
2.499999143577262
2.499999143266516
2.499999142955546
2.499999142644352
2.499999142332934
2.4999991420212924
2.4999991417094254
2.4999991413973333
2.4999991410850164
2.4999991407724744
2.4999991404597064
2.4999991401467128
2.499999139833493
2.4999991395200474
2.4999991392063743
2.499999138892475
2.4999991385783487
2.499999138263995
2.4999991379494135
2.499999137634604
2.499999137319567
2.499999137004302
2.4999991366888077
2.499999136373085
2.4999991360571334
2.4999991357409526
2.499999135424542
2.4999991351079016
2.4999991347910315
2.499999134473931
2.4999991341566
2.4999991338390384
2.4999991335212455
2.4999991332032216
2.499999132884966
2.4999991325664785
2.4999991322477593
2.4999991319288077
2.4999991316096235
2.499999131290207
2.499999130970557
2.4999991306506737
2.499999130330557
2.4999991300102065
2.499999129689622
2.499999129368803
2.49999912904775
2.4999991287264614
2.4999991284049385
2.4999991280831804
2.4999991277611864
2.499999127438956
2.4999991271164905
2.499999126793788
2.4999991264708497
2.4999991261476735
2.4999991258242606
2.4999991255006107
2.499999125176723
2.499999124852597
2.4999991245282334
2.4999991242036312
2.49999912387879
2.4999991235537102
2.4999991232283914
2.499999122902833
2.4999991225770346
2.4999991222509967
2.499999121924718
2.4999991215981994
2.4999991212714394
2.4999991209444388
2.499999120617197
2.499999120289713
2.4999991199619878
2.4999991196340203
2.4999991193058104
2.499999118977358
2.4999991186486628
2.499999118319724
2.4999991179905425
2.499999117661117
2.499999117331447
2.4999991170015337
2.499999116671375
2.499999116340972
2.499999116010324
2.49999911567943
2.4999991153482912
2.4999991150169065
2.4999991146852754
2.499999114353398
2.499999114021274
2.499999113688903
2.4999991133562847
2.499999113023419
2.499999112690305
2.499999112356944
2.499999112023334
2.4999991116894758
2.4999991113553683
2.499999111021012
2.499999110686406
2.4999991103515504
2.4999991100164447
2.4999991096810894
2.499999109345483
2.499999109009626
2.499999108673518
2.499999108337158
2.4999991080005475
2.499999107663684
2.499999107326569
2.499999106989201
2.4999991066515803
2.4999991063137066
2.4999991059755797
2.4999991056371993
2.4999991052985653
2.4999991049596764
2.4999991046205334
2.499999104281135
2.4999991039414824
2.4999991036015743
2.499999103261411
2.499999102920991
2.499999102580315
2.499999102239383
2.4999991018981937
2.499999101556748
2.4999991012150447
2.4999991008730835
2.499999100530865
2.4999991001883877
2.499999099845652
2.4999990995026575
2.4999990991594045
2.4999990988158918
2.499999098472119
2.499999098128087
2.4999990977837943
2.499999097439241
2.4999990970944275
2.4999990967493524
2.4999990964040157
2.499999096058418
2.4999990957125577
2.4999990953664355
2.4999990950200504
2.4999990946734028
2.499999094326492
2.499999093979317
2.4999990936318786
2.4999990932841767
2.4999990929362097
2.4999990925879785
2.499999092239482
2.4999990918907207
2.499999091541693
2.4999990911924
2.499999090842841
2.499999090493015
2.499999090142923
2.4999990897925635
2.4999990894419364
2.499999089091042
2.4999990887398793
2.4999990883884484
2.499999088036749
2.4999990876847806
2.499999087332543
2.499999086980036
2.499999086627259
2.499999086274212
2.4999990859208947
2.4999990855673064
2.4999990852134473
2.4999990848593163
2.499999084504914
2.4999990841502395
2.4999990837952932
2.499999083440074
2.499999083084582
2.499999082728817
2.499999082372778
2.4999990820164655
2.4999990816598783
2.499999081303017
2.4999990809458805
2.4999990805884695
2.499999080230783
2.49999907987282
2.4999990795145823
2.499999079156067
2.4999990787972757
2.4999990784382073
2.499999078078861
2.499999077719238
2.4999990773593366
2.4999990769991567
2.4999990766386984
2.499999076277961
2.499999075916944
2.4999990755556483
2.4999990751940726
2.4999990748322167
2.4999990744700797
2.4999990741076625
2.4999990737449633
2.499999073381983
2.499999073018721
2.499999072655177
2.49999907229135
2.4999990719272405
2.499999071562848
2.499999071198172
2.499999070833212
2.4999990704679678
2.4999990701024397
2.499999069736626
2.499999069370528
2.499999069004144
2.4999990686374747
2.499999068270519
2.4999990679032766
2.4999990675357475
2.499999067167932
2.4999990667998286
2.499999066431437
2.4999990660627582
2.4999990656937907
2.499999065324534
2.4999990649549884
2.4999990645851535
2.4999990642150287
2.4999990638446135
2.4999990634739087
2.499999063102912
2.499999062731625
2.4999990623600463
2.4999990619881753
2.499999061616013
2.4999990612435576
2.4999990608708096
2.4999990604977684
2.4999990601244333
2.4999990597508046
2.499999059376882
2.4999990590026644
2.499999058628152
2.4999990582533447
2.4999990578782416
2.4999990575028423
2.499999057127147
2.4999990567511547
2.499999056374866
2.4999990559982797
2.4999990556213953
2.499999055244213
2.499999054866733
2.4999990544889537
2.499999054110875
2.499999053732498
2.49999905335382
2.4999990529748426
2.499999052595564
2.4999990522159856
2.499999051836105
2.4999990514559234
2.4999990510754397
2.4999990506946537
2.499999050313565
2.499999049932174
2.4999990495504782
2.49999904916848
2.499999048786177
2.49999904840357
2.4999990480206584
2.499999047637441
2.4999990472539184
2.4999990468700903
2.4999990464859554
2.499999046101514
2.499999045716766
2.4999990453317102
2.499999044946347
2.499999044560676
2.4999990441746958
2.4999990437884074
2.4999990434018096
2.4999990430149026
2.4999990426276852
2.499999042240158
2.4999990418523197
2.4999990414641706
2.4999990410757102
2.499999040686938
2.499999040297854
2.4999990399084573
2.4999990395187477
2.4999990391287246
2.499999038738388
2.499999038347738
2.4999990379567727
2.4999990375654932
2.4999990371738985
2.4999990367819884
2.4999990363897626
2.49999903599722
2.499999035604361
2.499999035211185
2.499999034817692
2.499999034423881
2.4999990340297513
2.4999990336353033
2.499999033240537
2.499999032845451
2.499999032450045
2.4999990320543195
2.499999031658273
2.4999990312619063
2.499999030865218
2.4999990304682083
2.4999990300708763
2.4999990296732215
2.4999990292752448
2.4999990288769447
2.4999990284783205
2.499999028079373
2.4999990276801007
2.499999027280504
2.499999026880582
2.4999990264803342
2.4999990260797613
2.4999990256788616
2.499999025277635
2.4999990248760815
2.4999990244742003
2.499999024071992
2.4999990236694547
2.4999990232665885
2.4999990228633937
2.4999990224598694
2.499999022056015
2.4999990216518304
2.499999021247315
2.4999990208424685
2.49999902043729
2.499999020031781
2.499999019625939
2.4999990192197634
2.4999990188132557
2.4999990184064145
2.499999017999239
2.4999990175917293
2.499999017183885
2.499999016775705
2.49999901636719
2.499999015958339
2.499999015549151
2.499999015139627
2.4999990147297653
2.4999990143195663
2.499999013909029
2.499999013498153
2.4999990130869385
2.499999012675385
2.4999990122634914
2.4999990118512576
2.4999990114386836
2.4999990110257686
2.499999010612512
2.499999010198914
2.4999990097849736
2.4999990093706903
2.499999008956064
2.499999008541095
2.4999990081257812
2.499999007710123
2.4999990072941207
2.4999990068777733
2.49999900646108
2.4999990060440407
2.4999990056266546
2.499999005208922
2.4999990047908422
2.4999990043724143
2.4999990039536386
2.4999990035345143
2.4999990031150405
2.4999990026952177
2.499999002275045
2.499999001854522
2.499999001433648
2.499999001012423
2.4999990005908463
2.499999000168917
2.4999989997466363
2.499998999324002
2.499998998901014
2.4999989984776727
2.499998998053977
2.499998997629927
2.4999989972055214
2.49999899678076
2.499998996355643
2.4999989959301696
2.499998995504339
2.499998995078151
2.4999989946516052
2.4999989942247014
2.4999989937974387
2.4999989933698172
2.4999989929418356
2.4999989925134942
2.4999989920847927
2.4999989916557297
2.499998991226305
2.499998990796519
2.499998990366371
2.49999898993586
2.4999989895049857
2.4999989890737475
2.4999989886421448
2.4999989882101787
2.4999989877778463
2.4999989873451494
2.499998986912086
2.4999989864786563
2.4999989860448597
2.499998985610696
2.4999989851761644
2.4999989847412643
2.4999989843059955
2.4999989838703582
2.4999989834343506
2.4999989829979725
2.4999989825612245
2.4999989821241053
2.4999989816866144
2.4999989812487518
2.4999989808105165
2.4999989803719083
2.4999989799329265
2.499998979493571
2.4999989790538413
2.4999989786137364
2.4999989781732563
2.4999989777324005
2.499998977291168
2.4999989768495596
2.499998976407573
2.4999989759652097
2.499998975522468
2.499998975079347
2.4999989746358473
2.4999989741919686
2.499998973747709
2.499998973303069
2.4999989728580476
2.4999989724126452
2.4999989719668605
2.4999989715206934
2.499998971074143
2.4999989706272094
2.4999989701798917
2.4999989697321894
2.4999989692841025
2.4999989688356297
2.4999989683867714
2.4999989679375263
2.4999989674878944
2.4999989670378744
2.4999989665874676
2.4999989661366717
2.4999989656854864
2.4999989652339125
2.4999989647819483
2.4999989643295937
2.4999989638768483
2.4999989634237116
2.499998962970183
2.499998962516261
2.4999989620619467
2.499998961607239
2.4999989611521376
2.4999989606966415
2.49999896024075
2.4999989597844636
2.499998959327781
2.4999989588707017
2.499998958413226
2.499998957955352
2.49999895749708
2.49999895703841
2.499998956579341
2.499998956119872
2.4999989556600024
2.499998955199733
2.499998954739062
2.4999989542779892
2.499998953816515
2.4999989533546376
2.499998952892357
2.499998952429672
2.4999989519665835
2.4999989515030903
2.499998951039192
2.499998950574887
2.4999989501101765
2.4999989496450583
2.4999989491795325
2.4999989487135994
2.4999989482472578
2.4999989477805067
2.4999989473133466
2.4999989468457757
2.4999989463777945
2.4999989459094025
2.4999989454405984
2.4999989449713818
2.499998944501753
2.4999989440317107
2.499998943561254
2.4999989430903837
2.4999989426190976
2.4999989421473967
2.4999989416752797
2.499998941202746
2.499998940729795
2.4999989402564267
2.4999989397826394
2.4999989393084343
2.4999989388338095
2.4999989383587646
2.4999989378832996
2.499998937407413
2.4999989369311058
2.499998936454376
2.4999989359772234
2.4999989354996477
2.4999989350216483
2.4999989345432247
2.4999989340643762
2.4999989335851023
2.4999989331054024
2.499998932625276
2.499998932144722
2.4999989316637405
2.499998931182331
2.4999989307004924
2.499998930218225
2.499998929735527
2.4999989292523987
2.499998928768839
2.499998928284848
2.499998927800424
2.4999989273155685
2.499998926830279
2.499998926344555
2.4999989258583972
2.4999989253718042
2.499998924884775
2.49999892439731
2.499998923909408
2.499998923421068
2.4999989229322908
2.4999989224430745
2.499998921953419
2.499998921463324
2.4999989209727884
2.4999989204818127
2.4999989199903943
2.4999989194985344
2.4999989190062313
2.4999989185134854
2.499998918020295
2.4999989175266606
2.4999989170325807
2.4999989165380554
2.4999989160430838
2.4999989155476654
2.4999989150517994
2.4999989145554853
2.499998914058722
2.49999891356151
2.4999989130638482
2.4999989125657356
2.499998912067172
2.4999989115681567
2.499998911068689
2.499998910568768
2.4999989100683937
2.4999989095675654
2.4999989090662824
2.4999989085645438
2.49999890806235
2.4999989075596982
2.49999890705659
2.499998906553024
2.499998906048999
2.499998905544515
2.499998905039572
2.499998904534168
2.4999989040283035
2.499998903521977
2.4999989030151886
2.499998902507937
2.4999989020002222
2.4999989014920434
2.4999989009833996
2.499998900474291
2.499998899964716
2.499998899454674
2.4999988989441655
2.499998898433188
2.4999988979217433
2.499998897409829
2.4999988968974445
2.49999889638459
2.499998895871264
2.4999988953574666
2.4999988948431966
2.4999988943284537
2.4999988938132374
2.4999988932975463
2.4999988927813805
2.499998892264739
2.4999988917476212
2.4999988912300264
2.499998890711954
2.499998890193404
2.499998889674375
2.499998889154866
2.499998888634877
2.4999988881144066
2.4999988875934553
2.499998887072022
2.4999988865501055
2.4999988860277056
2.4999988855048216
2.4999988849814523
2.4999988844575984
2.499998883933258
2.49999888340843
2.4999988828831152
2.4999988823573123
2.4999988818310204
2.4999988813042386
2.4999988807769666
2.499998880249204
2.49999887972095
2.4999988791922036
2.4999988786629643
2.499998878133231
2.4999988776030038
2.4999988770722816
2.4999988765410635
2.4999988760093492
2.4999988754771376
2.4999988749444286
2.4999988744112214
2.4999988738775145
2.4999988733433085
2.4999988728086016
2.4999988722733932
2.499998871737683
2.4999988712014702
2.4999988706647547
2.499998870127534
2.4999988695898097
2.4999988690515798
2.4999988685128436
2.4999988679736003
2.49999886743385
2.4999988668935913
2.499998866352823
2.4999988658115457
2.499998865269758
2.499998864727459
2.4999988641846485
2.4999988636413253
2.4999988630974883
2.499998862553138
2.499998862008273
2.4999988614628923
2.4999988609169956
2.499998860370582
2.499998859823651
2.4999988592762015
2.499998858728233
2.4999988581797448
2.499998857630736
2.4999988570812057
2.499998856531154
2.4999988559805795
2.499998855429481
2.4999988548778584
2.4999988543257112
2.499998853773038
2.499998853219839
2.4999988526661125
2.499998852111858
2.499998851557075
2.499998851001762
2.4999988504459196
2.499998849889546
2.499998849332641
2.499998848775203
2.499998848217232
2.4999988476587274
2.499998847099688
2.4999988465401133
2.499998845980002
2.499998845419354
2.499998844858168
2.499998844296444
2.4999988437341805
2.4999988431713764
2.499998842608032
2.499998842044146
2.4999988414797176
2.4999988409147464
2.499998840349231
2.4999988397831707
2.4999988392165653
2.499998838649413
2.499998838081715
2.499998837513468
2.499998836944673
2.4999988363753283
2.4999988358054335
2.499998835234988
2.49999883466399
2.49999883409244
2.499998833520337
2.4999988329476794
2.499998832374467
2.4999988318006987
2.499998831226374
2.4999988306514918
2.499998830076052
2.499998829500053
2.499998828923494
2.4999988283463748
2.499998827768694
2.4999988271904514
2.499998826611645
2.4999988260322756
2.4999988254523413
2.499998824871841
2.4999988242907754
2.4999988237091424
2.499998823126942
2.4999988225441716
2.499998821960833
2.499998821376923
2.499998820792442
2.4999988202073897
2.499998819621764
2.499998819035565
2.499998818448791
2.499998817861442
2.4999988172735166
2.499998816685014
2.4999988160959337
2.4999988155062747
2.499998814916036
2.499998814325217
2.4999988137338165
2.4999988131418345
2.499998812549269
2.4999988119561203
2.4999988113623863
2.499998810768067
2.499998810173161
2.4999988095776686
2.499998808981587
2.4999988083849174
2.499998807787658
2.499998807189807
2.499998806591365
2.499998805992331
2.499998805392703
2.499998804792481
2.499998804191664
2.499998803590251
2.4999988029882414
2.499998802385634
2.499998801782428
2.4999988011786227
2.499998800574217
2.49999879996921
2.4999987993636013
2.4999987987573893
2.4999987981505734
2.4999987975431526
2.4999987969351265
2.4999987963264934
2.499998795717253
2.4999987951074045
2.4999987944969466
2.499998793885878
2.499998793274199
2.4999987926619083
2.499998792049004
2.499998791435486
2.4999987908213535
2.499998790206605
2.4999987895912406
2.499998788975258
2.4999987883586576
2.499998787741438
2.4999987871235976
2.4999987865051363
2.499998785886053
2.499998785266347
2.499998784646016
2.499998784025061
2.49999878340348
2.4999987827812724
2.499998782158437
2.499998781534973
2.4999987809108792
2.499998780286155
2.499998779660799
2.4999987790348115
2.49999877840819
2.4999987777809345
2.4999987771530434
2.4999987765245164
2.499998775895352
2.4999987752655497
2.4999987746351082
2.4999987740040264
2.499998773372304
2.4999987727399393
2.499998772106932
2.4999987714732805
2.4999987708389844
2.499998770204042
2.499998769568453
2.4999987689322163
2.49999876829533
2.499998767657795
2.4999987670196084
2.499998766380771
2.49999876574128
2.499998765101136
2.4999987644603365
2.4999987638188816
2.4999987631767704
2.4999987625340006
2.4999987618905726
2.499998761246485
2.4999987606017364
2.4999987599563265
2.4999987593102535
2.4999987586635166
2.4999987580161154
2.499998757368048
2.499998756719314
2.499998756069912
2.499998755419842
2.499998754769101
2.49999875411769
2.4999987534656065
2.4999987528128504
2.4999987521594207
2.4999987515053155
2.499998750850534
2.4999987501950756
2.4999987495389395
2.499998748882124
2.4999987482246286
2.499998747566452
2.4999987469075924
2.49999874624805
2.4999987455878228
2.499998744926911
2.499998744265312
2.4999987436030255
2.4999987429400505
2.499998742276386
2.4999987416120306
2.4999987409469835
2.499998740281243
2.499998739614809
2.49999873894768
2.4999987382798547
2.4999987376113326
2.499998736942112
2.4999987362721923
2.499998735601572
2.49999873493025
2.4999987342582255
2.4999987335854974
2.499998732912064
2.4999987322379256
2.49999873156308
2.4999987308875258
2.499998730211263
2.4999987295342896
2.4999987288566046
2.4999987281782077
2.4999987274990967
2.499998726819271
2.4999987261387293
2.499998725457471
2.499998724775495
2.4999987240927988
2.499998723409383
2.4999987227252456
2.499998722040385
2.4999987213548014
2.4999987206684926
2.499998719981458
2.4999987192936963
2.499998718605206
2.4999987179159864
2.4999987172260365
2.4999987165353548
2.49999871584394
2.4999987151517913
2.4999987144589073
2.499998713765287
2.499998713070929
2.4999987123758327
2.4999987116799964
2.499998710983419
2.4999987102861
2.499998709588037
2.4999987088892297
2.499998708189677
2.4999987074893766
2.499998706788329
2.4999987060865316
2.499998705383984
2.4999987046806846
2.4999987039766327
2.4999987032718267
2.4999987025662653
2.4999987018599477
2.499998701152872
2.4999987004450377
2.4999986997364436
2.4999986990270875
2.4999986983169697
2.499998697606088
2.499998696894442
2.499998696182029
2.499998695468849
2.4999986947549004
2.499998694040182
2.4999986933246925
2.4999986926084308
2.499998691891396
2.4999986911735856
2.499998690455
2.4999986897356368
2.4999986890154955
2.499998688294574
2.4999986875728717
2.499998686850387
2.499998686127119
2.499998685403066
2.4999986846782276
2.4999986839526014
2.499998683226187
2.4999986824989824
2.499998681770987
2.499998681042199
2.4999986803126175
2.499998679582241
2.499998678851068
2.499998678119098
2.499998677386329
2.4999986766527598
2.499998675918389
2.4999986751832157
2.499998674447239
2.4999986737104565
2.4999986729728674
2.4999986722344705
2.4999986714952644
2.499998670755247
2.4999986700144188
2.499998669272777
2.499998668530321
2.4999986677870485
2.4999986670429593
2.4999986662980516
2.499998665552324
2.499998664805775
2.4999986640584035
2.4999986633102083
2.4999986625611883
2.4999986618113414
2.4999986610606664
2.4999986603091626
2.4999986595568275
2.499998658803661
2.4999986580496607
2.4999986572948263
2.499998656539155
2.499998655782647
2.4999986550253
2.4999986542671127
2.4999986535080834
2.4999986527482116
2.4999986519874953
2.4999986512259333
2.4999986504635237
2.4999986497002658
2.4999986489361588
2.499998648171199
2.4999986474053872
2.499998646638721
2.4999986458711994
2.4999986451028207
2.4999986443335835
2.4999986435634867
2.4999986427925283
2.4999986420207074
2.4999986412480224
2.4999986404744714
2.4999986397000535
2.4999986389247675
2.499998638148611
2.4999986373715837
2.4999986365936833
2.499998635814909
2.4999986350352588
2.499998634254731
2.499998633473325
2.499998632691039
2.4999986319078715
2.4999986311238205
2.499998630338885
2.4999986295530636
2.499998628766355
2.499998627978757
2.4999986271902688
2.4999986264008887
2.499998625610615
2.499998624819446
2.4999986240273806
2.499998623234418
2.4999986224405553
2.499998621645792
2.4999986208501257
2.4999986200535558
2.49999861925608
2.499998618457697
2.499998617658406
2.4999986168582042
2.4999986160570913
2.4999986152550644
2.4999986144521236
2.499998613648266
2.499998612843491
2.499998612037796
2.4999986112311805
2.499998610423642
2.4999986096151794
2.4999986088057917
2.4999986079954764
2.499998607184232
2.4999986063720576
2.499998605558951
2.4999986047449108
2.4999986039299356
2.4999986031140238
2.499998602297173
2.499998601479383
2.499998600660651
2.4999985998409766
2.499998599020356
2.4999985981987902
2.499998597376276
2.499998596552812
2.499998595728397
2.4999985949030292
2.4999985940767067
2.499998593249428
2.499998592421192
2.499998591591996
2.4999985907618387
2.499998589930719
2.499998589098635
2.499998588265585
2.499998587431567
2.49999858659658
2.4999985857606215
2.4999985849236905
2.4999985840857852
2.4999985832469034
2.4999985824070436
2.4999985815662056
2.499998580724385
2.499998579881583
2.499998579037795
2.499998578193021
2.49999857734726
2.4999985765005084
2.4999985756527656
2.49999857480403
2.499998573954299
2.4999985731035714
2.499998572251846
2.49999857139912
2.499998570545393
2.499998569690662
2.499998568834925
2.499998567978182
2.4999985671204294
2.499998566261667
2.4999985654018917
2.499998564541103
2.4999985636792976
2.499998562816475
2.4999985619526326
2.499998561087769
2.499998560221883
2.4999985593549714
2.4999985584870337
2.4999985576180674
2.4999985567480714
2.499998555877043
2.4999985550049804
2.4999985541318828
2.499998553257747
2.4999985523825723
2.4999985515063563
2.4999985506290976
2.499998549750794
2.499998548871443
2.4999985479910443
2.499998547109595
2.4999985462270935
2.499998545343538
2.4999985444589266
2.4999985435732572
2.4999985426865283
2.4999985417987376
2.4999985409098833
2.499998540019964
2.4999985391289767
2.4999985382369214
2.4999985373437945
2.4999985364495942
2.4999985355543197
2.4999985346579683
2.4999985337605377
2.499998532862027
2.499998531962434
2.4999985310617556
2.499998530159991
2.4999985292571387
2.4999985283531956
2.4999985274481604
2.4999985265420306
2.4999985256348047
2.499998524726481
2.499998523817057
2.499998522906531
2.499998521994901
2.4999985210821647
2.49999852016832
2.4999985192533654
2.4999985183372995
2.499998517420119
2.499998516501822
2.4999985155824076
2.499998514661873
2.4999985137402163
2.499998512817435
2.499998511893528
2.499998510968492
2.4999985100423263
2.4999985091150285
2.4999985081865965
2.4999985072570277
2.4999985063263206
2.4999985053944727
2.4999985044614825
2.4999985035273475
2.4999985025920655
2.4999985016556345
2.499998500718053
2.499998499779318
2.499998498839428
2.4999984978983814
2.499998496956175
2.4999984960128065
2.499998495068275
2.499998494122578
2.499998493175713
2.4999984922276774
2.49999849127847
2.4999984903280885
2.49999848937653
2.4999984884237936
2.4999984874698757
2.4999984865147753
2.4999984855584896
2.499998484601017
2.4999984836423543
2.4999984826825
2.4999984817214522
2.4999984807592077
2.499998479795766
2.499998478831123
2.4999984778652777
2.4999984768982273
2.4999984759299694
2.4999984749605026
2.4999984739898236
2.499998473017931
2.499998472044823
2.4999984710704957
2.499998470094948
2.4999984691181774
2.4999984681401815
2.4999984671609585
2.499998466180505
2.4999984651988205
2.4999984642159006
2.4999984632317447
2.49999846224635
2.4999984612597137
2.4999984602718337
2.4999984592827085
2.4999984582923345
2.4999984573007104
2.499998456307833
2.4999984553137002
2.4999984543183102
2.4999984533216604
2.499998452323748
2.4999984513245708
2.4999984503241266
2.499998449322413
2.499998448319428
2.499998447315168
2.499998446309632
2.4999984453028166
2.49999844429472
2.4999984432853393
2.4999984422746726
2.499998441262717
2.499998440249471
2.4999984392349304
2.4999984382190945
2.4999984372019597
2.4999984361835237
2.4999984351637847
2.4999984341427397
2.4999984331203864
2.4999984320967226
2.499998431071745
2.499998430045452
2.49999842901784
2.499998427988908
2.499998426958652
2.4999984259270702
2.49999842489416
2.4999984238599193
2.4999984228243446
2.499998421787434
2.4999984207491854
2.499998419709595
2.499998418668661
2.4999984176263803
2.4999984165827516
2.499998415537771
2.499998414491436
2.4999984134437447
2.499998412394694
2.499998411344282
2.499998410292505
2.499998409239361
2.4999984081848474
2.4999984071289614
2.4999984060717
2.499998405013061
2.499998403953042
2.4999984028916393
2.4999984018288517
2.4999984007646754
2.499998399699108
2.499998398632147
2.499998397563789
2.499998396494033
2.4999983954228737
2.4999983943503112
2.49999839327634
2.49999839220096
2.4999983911241666
2.499998390045958
2.4999983889663304
2.4999983878852823
2.4999983868028104
2.4999983857189116
2.4999983846335834
2.499998383546823
2.4999983824586276
2.4999983813689943
2.499998380277921
2.4999983791854032
2.49999837809144
2.4999983769960274
2.4999983758991626
2.4999983748008434
2.4999983737010663
2.499998372599829
2.499998371497128
2.499998370392961
2.4999983692873244
2.499998368180216
2.4999983670716324
2.499998365961571
2.4999983648500286
2.499998363737003
2.4999983626224904
2.4999983615064885
2.4999983603889935
2.499998359270003
2.499998358149514
2.499998357027524
2.4999983559040295
2.499998354779027
2.499998353652515
2.4999983525244893
2.4999983513949466
2.499998350263885
2.499998349131301
2.499998347997191
2.499998346861553
2.4999983457243826
2.4999983445856784
2.499998343445436
2.4999983423036527
2.499998341160326
2.4999983400154515
2.4999983388690277
2.4999983377210504
2.4999983365715166
2.499998335420423
2.499998334267768
2.4999983331135462
2.499998331957756
2.4999983308003935
2.499998329641456
2.49999832848094
2.499998327318843
2.499998326155161
2.4999983249898907
2.4999983238230294
2.499998322654574
2.49999832148452
2.499998320312866
2.499998319139608
2.4999983179647427
2.4999983167882665
2.4999983156101764
2.4999983144304694
2.499998313249142
2.4999983120661904
2.499998310881612
2.4999983096954033
2.499998308507561
2.499998307318082
2.4999983061269617
2.4999983049341985
2.4999983037397877
2.499998302543727
2.4999983013460123
2.4999983001466406
2.499998298945608
2.499998297742912
2.4999982965385477
2.499998295332513
2.499998294124804
2.499998292915417
2.4999982917043493
2.4999982904915967
2.499998289277156
2.4999982880610236
2.499998286843197
2.499998285623671
2.4999982844024435
2.49999828317951
2.499998281954867
2.499998280728512
2.4999982795004407
2.49999827827065
2.4999982770391354
2.499998275805894
2.499998274570922
2.4999982733342163
2.4999982720957727
2.499998270855588
2.4999982696136582
2.4999982683699797
2.4999982671245493
2.4999982658773625
2.499998264628417
2.499998263377708
2.4999982621252315
2.499998260870985
2.499998259614964
2.499998258357165
2.4999982570975843
2.4999982558362186
2.499998254573063
2.4999982533081146
2.4999982520413697
2.499998250772824
2.499998249502474
2.499998248230316
2.499998246956346
2.4999982456805605
2.4999982444029554
2.4999982431235264
2.499998241842271
2.4999982405591834
2.4999982392742615
2.4999982379875005
2.4999982366988966
2.499998235408446
2.4999982341161444
2.499998232821989
2.499998231525975
2.4999982302280985
2.499998228928355
2.4999982276267416
2.499998226323254
2.4999982250178876
2.499998223710639
2.499998222401504
2.499998221090479
2.499998219777559
2.499998218462741
2.49999821714602
2.4999982158273926
2.499998214506854
2.4999982131844014
2.4999982118600292
2.499998210533734
2.4999982092055113
2.499998207875358
2.4999982065432684
2.49999820520924
2.4999982038732673
2.499998202535346
2.4999982011954733
2.4999981998536436
2.499998198509853
2.499998197164098
2.499998195816374
2.499998194466676
2.499998193115
2.4999981917613425
2.4999981904056985
2.499998189048064
2.4999981876884343
2.4999981863268053
2.499998184963173
2.4999981835975325
2.4999981822298794
2.499998180860209
2.499998179488518
2.4999981781148017
2.4999981767390547
2.4999981753612737
2.4999981739814534
2.4999981725995895
2.4999981712156782
2.4999981698297145
2.4999981684416936
2.4999981670516114
2.499998165659463
2.499998164265245
2.499998162868951
2.499998161470578
2.4999981600701204
2.4999981586675744
2.4999981572629344
2.4999981558561974
2.499998154447357
2.499998153036409
2.499998151623349
2.4999981502081727
2.499998148790876
2.499998147371452
2.4999981459498977
2.499998144526207
2.499998143100377
2.499998141672402
2.4999981402422766
2.499998138809997
2.4999981373755578
2.4999981359389545
2.4999981345001823
2.499998133059236
2.4999981316161106
2.499998130170802
2.499998128723305
2.4999981272736145
2.499998125821725
2.4999981243676332
2.4999981229113324
2.4999981214528186
2.499998119992087
2.499998118529132
2.499998117063949
2.4999981155965325
2.499998114126878
2.4999981126549797
2.4999981111808336
2.4999981097044337
2.4999981082257756
2.499998106744854
2.499998105261663
2.499998103776199
2.499998102288455
2.499998100798427
2.4999980993061097
2.499998097811498
2.4999980963145862
2.4999980948153695
2.499998093313842
2.499998091809999
2.4999980903038352
2.499998088795345
2.4999980872845233
2.4999980857713653
2.4999980842558647
2.499998082738016
2.4999980812178153
2.4999980796952554
2.499998078170332
2.49999807664304
2.499998075113373
2.4999980735813256
2.499998072046893
2.499998070510069
2.4999980689708488
2.4999980674292264
2.499998065885196
2.4999980643387527
2.4999980627898903
2.4999980612386037
2.499998059684887
2.499998058128735
2.4999980565701407
2.4999980550091
2.499998053445607
2.4999980518796554
2.49999805031124
2.499998048740354
2.499998047166993
2.4999980455911506
2.499998044012821
2.4999980424319985
2.499998040848677
2.499998039262852
2.4999980376745152
2.4999980360836624
2.4999980344902877
2.4999980328943843
2.499998031295947
2.4999980296949698
2.4999980280914462
2.4999980264853714
2.499998024876738
2.4999980232655408
2.499998021651773
2.4999980200354295
2.4999980184165036
2.4999980167949896
2.4999980151708807
2.4999980135441717
2.4999980119148555
2.4999980102829267
2.4999980086483786
2.4999980070112047
2.4999980053713995
2.499998003728957
2.4999980020838697
2.4999980004361326
2.499997998785738
2.499997997132681
2.499997995476954
2.4999979938185515
2.4999979921574664
2.499997990493693
2.499997988827224
2.4999979871580544
2.4999979854861762
2.499997983811584
2.4999979821342704
2.4999979804542285
2.4999979787714537
2.499997977085938
2.4999979753976747
2.4999979737066576
2.499997972012879
2.4999979703163344
2.4999979686170155
2.4999979669149157
2.4999979652100284
2.4999979635023477
2.4999979617918657
2.4999979600785758
2.4999979583624716
2.4999979566435466
2.4999979549217923
2.499997953197204
2.4999979514697728
2.4999979497394933
2.499997948006358
2.4999979462703594
2.4999979445314913
2.499997942789746
2.499997941045117
2.499997939297597
2.4999979375471795
2.499997935793856
2.499997934037621
2.499997932278466
2.499997930516385
2.4999979287513696
2.4999979269834136
2.499997925212509
2.499997923438649
2.499997921661826
2.4999979198820332
2.499997918099263
2.4999979163135073
2.49999791452476
2.4999979127330128
2.4999979109382586
2.4999979091404896
2.4999979073396985
2.499997905535878
2.49999790372902
2.4999979019191176
2.4999979001061634
2.499997898290149
2.4999978964710667
2.4999978946489096
2.49999789282367
2.4999978909953393
2.499997889163911
2.499997887329376
2.499997885491727
2.4999978836509564
2.499997881807057
2.4999978799600195
2.499997878109837
2.4999978762565016
2.4999978744000044
2.4999978725403387
2.4999978706774955
2.4999978688114672
2.4999978669422456
2.499997865069823
2.499997863194191
2.4999978613153417
2.4999978594332664
2.499997857547957
2.499997855659406
2.499997853767605
2.499997851872545
2.499997849974218
2.499997848072616
2.4999978461677306
2.499997844259553
2.499997842348075
2.4999978404332883
2.4999978385151844
2.4999978365937547
2.499997834668991
2.499997832740884
2.4999978308094257
2.4999978288746076
2.4999978269364203
2.499997824994856
2.4999978230499065
2.499997821101561
2.4999978191498125
2.499997817194652
2.49999781523607
2.4999978132740575
2.499997811308607
2.499997809339708
2.499997807367353
2.4999978053915317
2.4999978034122363
2.4999978014294566
2.4999977994431846
2.4999977974534104
2.4999977954601253
2.49999779346332
2.4999977914629854
2.4999977894591123
2.4999977874516914
2.499997785440713
2.4999977834261684
2.499997781408048
2.4999977793863426
2.4999977773610427
2.499997775332139
2.4999977732996213
2.499997771263481
2.4999977692237074
2.499997767180292
2.4999977651332252
2.499997763082497
2.4999977610280975
2.4999977589700175
2.4999977569082468
2.4999977548427754
2.4999977527735946
2.499997750700693
2.4999977486240623
2.4999977465436913
2.499997744459571
2.499997742371691
2.499997740280041
2.499997738184611
2.4999977360853913
2.4999977339823714
2.499997731875542
2.4999977297648917
2.4999977276504106
2.499997725532089
2.4999977234099156
2.499997721283881
2.499997719153974
2.499997717020186
2.499997714882504
2.4999977127409188
2.49999771059542
2.4999977084459966
2.499997706292638
2.499997704135334
2.4999977019740736
2.4999976998088465
2.4999976976396407
2.4999976954664467
2.499997693289253
2.4999976911080495
2.4999976889228246
2.499997686733567
2.4999976845402667
2.4999976823429115
2.4999976801414916
2.499997677935995
2.499997675726411
2.499997673512728
2.4999976712949348
2.499997669073021
2.4999976668469737
2.4999976646167825
2.4999976623824365
2.499997660143924
2.4999976579012326
2.4999976556543513
2.499997653403269
2.4999976511479733
2.499997648888453
2.4999976466246965
2.499997644356692
2.499997642084428
2.499997639807892
2.499997637527072
2.4999976352419573
2.499997632952535
2.4999976306587928
2.49999762836072
2.4999976260583034
2.4999976237515313
2.499997621440391
2.499997619124871
2.4999976168049587
2.4999976144806415
2.4999976121519074
2.4999976098187444
2.4999976074811396
2.49999760513908
2.4999976027925537
2.4999976004415485
2.499997598086051
2.4999975957260485
2.499997593361529
2.4999975909924785
2.4999975886188857
2.499997586240737
2.4999975838580193
2.4999975814707196
2.4999975790788254
2.4999975766823233
2.4999975742812
2.499997571875443
2.4999975694650383
2.4999975670499732
2.4999975646302337
2.4999975622058073
2.49999755977668
2.499997557342839
2.4999975549042697
2.4999975524609597
2.4999975500128944
2.4999975475600613
2.4999975451024454
2.499997542640034
2.4999975401728123
2.499997537700767
2.499997535223884
2.499997532742149
2.499997530255549
2.499997527764069
2.4999975252676956
2.499997522766413
2.499997520260209
2.499997517749068
2.4999975152329763
2.499997512711919
2.4999975101858816
2.49999750765485
2.4999975051188095
2.4999975025777452
2.499997500031643
2.4999974974804875
2.499997494924264
2.4999974923629575
2.4999974897965536
2.4999974872250372
2.4999974846483926
2.4999974820666058
2.4999974794796604
2.499997476887542
2.4999974742902356
2.499997471687725
2.4999974690799953
2.499997466467031
2.4999974638488167
2.4999974612253366
2.4999974585965745
2.499997455962516
2.499997453323145
2.4999974506784444
2.4999974480283997
2.4999974453729945
2.4999974427122127
2.4999974400460383
2.4999974373744553
2.4999974346974474
2.4999974320149985
2.499997429327092
2.4999974266337115
2.499997423934841
2.4999974212304634
2.499997418520562
2.499997415805121
2.4999974130841225
2.499997410357551
2.4999974076253886
2.499997404887619
2.499997402144225
2.4999973993951894
2.4999973966404947
2.4999973938801254
2.4999973911140625
2.499997388342289
2.499997385564788
2.4999973827815416
2.499997379992532
2.499997377197743
2.4999973743971546
2.4999973715907515
2.4999973687785144
2.4999973659604255
2.499997363136467
2.499997360306621
2.4999973574708694
2.499997354629193
2.499997351781576
2.499997348927997
2.4999973460684397
2.4999973432028852
2.4999973403313143
2.499997337453709
2.4999973345700504
2.499997331680319
2.499997328784497
2.499997325882565
2.499997322974504
2.4999973200602947
2.499997317139918
2.499997314213355
2.4999973112805858
2.4999973083415914
2.4999973053963522
2.4999973024448483
2.499997299487061
2.4999972965229693
2.4999972935525543
2.499997290575795
2.499997287592673
2.499997284603167
2.499997281607257
2.4999972786049227
2.4999972755961446
2.4999972725809014
2.499997269559173
2.4999972665309387
2.499997263496178
2.4999972604548693
2.4999972574069926
2.4999972543525275
2.4999972512914517
2.499997248223745
2.4999972451493857
2.4999972420683525
2.499997238980624
2.49999723588618
2.4999972327849966
2.4999972296770543
2.4999972265623303
2.4999972234408028
2.4999972203124496
2.49999721717725
2.4999972140351803
2.499997210886219
2.499997207730344
2.499997204567533
2.4999972013977625
2.4999971982210107
2.4999971950372553
2.4999971918464725
2.4999971886486403
2.4999971854437355
2.4999971822317337
2.499997179012614
2.4999971757863517
2.4999971725529235
2.499997169312307
2.499997166064477
2.49999716280941
2.499997159547084
2.499997156277473
2.4999971530005545
2.499997149716304
2.4999971464246964
2.499997143125708
2.4999971398193153
2.4999971365054923
2.499997133184215
2.499997129855459
2.4999971265191987
2.49999712317541
2.499997119824067
2.4999971164651456
2.4999971130986194
2.4999971097244638
2.4999971063426525
2.4999971029531607
2.499997099555962
2.499997096151031
2.4999970927383415
2.4999970893178682
2.4999970858895835
2.499997082453462
2.4999970790094768
2.499997075557602
2.499997072097811
2.4999970686300754
2.4999970651543704
2.499997061670668
2.499997058178941
2.4999970546791626
2.4999970511713046
2.49999704765534
2.4999970441312414
2.499997040598981
2.4999970370585305
2.499997033509862
2.4999970299529473
2.499997026387759
2.499997022814268
2.499997019232445
2.4999970156422626
2.4999970120436914
2.499997008436703
2.499997004821268
2.4999970011973573
2.499996997564941
2.4999969939239914
2.499996990274477
2.499996986616369
2.499996982949637
2.499996979274252
2.499996975590183
2.4999969718974
2.499996968195873
2.4999969644855713
2.499996960766464
2.49999695703852
2.499996953301709
2.499996949555999
2.4999969458013602
2.49999694203776
2.499996938265167
2.49999693448355
2.499996930692877
2.4999969268931155
2.4999969230842343
2.4999969192662
2.4999969154389814
2.4999969116025453
2.4999969077568585
2.4999969039018892
2.4999969000376034
2.4999968961639687
2.4999968922809512
2.4999968883885173
2.499996884486633
2.499996880575266
2.4999968766543805
2.4999968727239437
2.499996868783921
2.4999968648342774
2.4999968608749787
2.49999685690599
2.4999968529272762
2.4999968489388027
2.499996844940534
2.4999968409324334
2.499996836914467
2.4999968328865982
2.4999968288487913
2.49999682480101
2.4999968207432177
2.4999968166753783
2.499996812597455
2.4999968085094113
2.499996804411209
2.4999968003028123
2.4999967961841834
2.499996792055284
2.4999967879160776
2.4999967837665253
2.4999967796065894
2.499996775436231
2.4999967712554128
2.4999967670640952
2.4999967628622395
2.4999967586498064
2.499996754426757
2.499996750193052
2.4999967459486525
2.4999967416935167
2.4999967374276064
2.49999673315088
2.499996728863298
2.4999967245648196
2.4999967202554036
2.49999671593501
2.4999967116035964
2.499996707261122
2.4999967029075445
2.4999966985428235
2.4999966941669154
2.499996689779779
2.499996685381371
2.49999668097165
2.4999966765505715
2.499996672118094
2.4999966676741727
2.499996663218765
2.499996658751827
2.4999966542733145
2.4999966497831836
2.49999664528139
2.499996640767888
2.499996636242634
2.4999966317055824
2.4999966271566882
2.499996622595905
2.499996618023188
2.4999966134384906
2.4999966088417667
2.49999660423297
2.4999965996120537
2.4999965949789704
2.499996590333674
2.499996585676116
2.4999965810062488
2.4999965763240244
2.4999965716293957
2.4999965669223134
2.4999965622027287
2.499996557470593
2.4999965527258574
2.499996547968472
2.499996543198387
2.499996538415553
2.4999965336199197
2.499996528811436
2.499996523990052
2.499996519155716
2.4999965143083775
2.4999965094479846
2.499996504574485
2.499996499687828
2.49999649478796
2.4999964898748286
2.499996484948381
2.4999964800085643
2.499996475055325
2.4999964700886097
2.4999964651083633
2.4999964601145326
2.4999964551070626
2.4999964500858987
2.4999964450509853
2.499996440002267
2.499996434939688
2.499996429863193
2.4999964247727244
2.499996419668227
2.4999964145496425
2.499996409416915
2.499996404269986
2.4999963991087975
2.4999963939332916
2.4999963887434102
2.499996383539094
2.499996378320284
2.4999963730869212
2.499996367838945
2.499996362576296
2.4999963572989135
2.4999963520067365
2.4999963466997044
2.4999963413777557
2.4999963360408284
2.4999963306888606
2.4999963253217903
2.4999963199395543
2.499996314542089
2.4999963091293322
2.4999963037012187
2.4999962982576855
2.4999962927986674
2.4999962873241
2.4999962818339174
2.499996276328055
2.499996270806446
2.499996265269025
2.4999962597157244
2.4999962541464775
2.499996248561217
2.499996242959875
2.4999962373423834
2.499996231708674
2.499996226058677
2.4999962203923234
2.4999962147095443
2.4999962090102685
2.499996203294426
2.499996197561946
2.499996191812757
2.499996186046787
2.499996180263965
2.4999961744642176
2.499996168647472
2.4999961628136544
2.499996156962692
2.4999961510945106
2.4999961452090345
2.4999961393061896
2.4999961333859
2.4999961274480906
2.4999961214926842
2.4999961155196044
2.499996109528774
2.4999961035201155
2.4999960974935505
2.4999960914490003
2.4999960853863863
2.4999960793056295
2.499996073206648
2.499996067089364
2.499996060953696
2.499996054799561
2.4999960486268793
2.4999960424355674
2.4999960362255433
2.4999960299967228
2.4999960237490226
2.499996017482359
2.499996011196647
2.499996004891801
2.4999959985677362
2.499995992224365
2.499995985861602
2.499995979479359
2.499995973077549
2.499995966656084
2.499995960214874
2.49999595375383
2.4999959472728626
2.499995940771881
2.4999959342507947
2.499995927709512
2.499995921147941
2.4999959145659885
2.4999959079635623
2.4999959013405677
2.4999958946969114
2.499995888032498
2.4999958813472323
2.499995874641018
2.499995867913759
2.4999958611653574
2.499995854395716
2.499995847604737
2.4999958407923195
2.4999958339583666
2.4999958271027762
2.4999958202254478
2.499995813326281
2.499995806405173
2.4999957994620208
2.4999957924967218
2.499995785509172
2.4999957784992666
2.4999957714669003
2.4999957644119677
2.4999957573343625
2.4999957502339765
2.499995743110702
2.499995735964432
2.4999957287950547
2.4999957216024624
2.499995714386544
2.4999957071471877
2.4999956998842827
2.499995692597715
2.499995685287371
2.4999956779531383
2.4999956705949007
2.4999956632125437
2.4999956558059497
2.4999956483750023
2.4999956409195847
2.499995633439577
2.49999562593486
2.4999956184053147
2.49999561085082
2.499995603271253
2.499995595666493
2.499995588036416
2.499995580380899
2.499995572699816
2.4999955649930423
2.4999955572604513
2.4999955495019157
2.4999955417173076
2.4999955339064983
2.499995526069358
2.4999955182057563
2.4999955103155616
2.4999955023986415
2.499995494454864
2.499995486484094
2.4999954784861975
2.499995470461038
2.499995462408479
2.499995454328383
2.4999954462206118
2.499995438085026
2.4999954299214853
2.499995421729848
2.499995413509973
2.499995405261717
2.499995396984935
2.499995388679482
2.4999953803452133
2.4999953719819814
2.4999953635896377
2.4999953551680334
2.4999953467170193
2.4999953382364435
2.499995329726154
2.4999953211859998
2.499995312615824
2.499995304015473
2.4999952953847906
2.499995286723619
2.4999952780318004
2.499995269309175
2.499995260555583
2.4999952517708626
2.499995242954851
2.499995234107384
2.499995225228297
2.499995216317424
2.4999952073745977
2.4999951983996493
2.4999951893924104
2.499995180352709
2.499995171280374
2.4999951621752317
2.499995153037108
2.4999951438658274
2.4999951346612135
2.499995125423088
2.499995116151271
2.4999951068455823
2.499995097505841
2.4999950881318624
2.4999950787234635
2.499995069280458
2.4999950598026586
2.499995050289878
2.4999950407419247
2.4999950311586097
2.499995021539739
2.4999950118851193
2.499995002194556
2.4999949924678515
2.4999949827048087
2.4999949729052275
2.499994963068907
2.4999949531956456
2.4999949432852384
2.499994933337481
2.4999949233521663
2.499994913329086
2.499994903268031
2.4999948931687888
2.499994883031147
2.4999948728548906
2.499994862639805
2.499994852385671
2.49999484209227
2.4999948317593814
2.4999948213867826
2.499994810974249
2.4999948005215553
2.499994790028474
2.4999947794947754
2.499994768920229
2.4999947583046023
2.4999947476476603
2.4999947369491675
2.4999947262088855
2.4999947154265754
2.4999947046019946
2.4999946937349007
2.499994682825048
2.4999946718721895
2.499994660876076
2.499994649836457
2.4999946387530803
2.49999462762569
2.4999946164540305
2.499994605237843
2.4999945939768664
2.499994582670838
2.4999945713194935
2.499994559922567
2.4999945484797887
2.4999945369908882
2.4999945254555924
2.4999945138736264
2.4999945022447125
2.499994490568572
2.4999944788449233
2.499994467073482
2.499994455253963
2.4999944433860763
2.499994431469534
2.499994419504041
2.499994407489303
2.4999943954250226
2.4999943833108995
2.499994371146632
2.4999943589319154
2.499994346666442
2.4999943343499025
2.4999943219819842
2.499994309562375
2.4999942970907543
2.4999942845668053
2.4999942719902037
2.499994259360626
2.4999942466777445
2.4999942339412278
2.499994221150745
2.499994208305959
2.4999941954065323
2.4999941824521232
2.499994169442388
2.49999415637698
2.49999414325555
2.499994130077745
2.4999941168432094
2.499994103551585
2.4999940902025113
2.499994076795623
2.4999940633305524
2.49999404980693
2.4999940362243813
2.4999940225825306
2.4999940088809973
2.4999939951193983
2.499993981297348
2.499993967414456
2.49999395347033
2.4999939394645727
2.4999939253967858
2.4999939112665657
2.4999938970735056
2.499993882817196
2.4999938684972234
2.4999938541131703
2.4999938396646164
2.4999938251511375
2.499993810572306
2.4999937959276894
2.499993781216853
2.499993766439357
2.499993751594759
2.4999937366826113
2.499993721702464
2.4999937066538616
2.4999936915363454
2.4999936763494532
2.499993661092718
2.4999936457656675
2.4999936303678276
2.499993614898718
2.499993599357856
2.499993583744753
2.4999935680589163
2.4999935522998493
2.4999935364670507
2.4999935205600146
2.49999350457823
2.4999934885211834
2.4999934723883537
2.499993456179217
2.499993439893244
2.4999934235299
2.4999934070886476
2.499993390568942
2.499993373970234
2.49999335729197
2.499993340533592
2.4999933236945346
2.4999933067742286
2.499993289772099
2.4999932726875667
2.499993255520046
2.499993238268945
2.499993220933668
2.499993203513613
2.499993186008172
2.4999931684167316
2.4999931507386726
2.4999931329733696
2.4999931151201915
2.4999930971785016
2.4999930791476563
2.4999930610270065
2.4999930428158974
2.4999930245136652
2.499993006119644
2.4999929876331572
2.4999929690535247
2.4999929503800593
2.499992931612065
2.499992912748841
2.49999289378968
2.4999928747338664
2.4999928555806785
2.499992836329387
2.499992816979255
2.49999279752954
2.4999927779794904
2.4999927583283483
2.4999927385753473
2.4999927187197146
2.4999926987606678
2.4999926786974185
2.4999926585291696
2.4999926382551165
2.499992617874445
2.499992597386335
2.4999925767899556
2.499992556084469
2.499992535269029
2.4999925143427797
2.4999924933048576
2.499992472154389
2.499992450890493
2.4999924295122775
2.499992408018843
2.49999238640928
2.499992364682669
2.499992342838082
2.49999232087458
2.4999922987912164
2.4999922765870317
2.499992254261058
2.499992231812318
2.4999922092398226
2.4999921865425723
2.4999921637195577
2.4999921407697587
2.4999921176921434
2.49999209448567
2.4999920711492845
2.4999920476819226
2.4999920240825073
2.4999920003499505
2.4999919764831535
2.4999919524810035
2.4999919283423773
2.499991904066138
2.4999918796511382
2.4999918550962157
2.4999918304001967
2.499991805561895
2.4999917805801104
2.499991755453629
2.4999917301812244
2.499991704761656
2.4999916791936694
2.4999916534759965
2.499991627607354
2.499991601586445
2.499991575411958
2.499991549082566
2.499991522596927
2.4999914959536853
2.499991469151466
2.4999914421888834
2.4999914150645317
2.4999913877769915
2.499991360324825
2.4999913327065797
2.499991304920785
2.499991276965954
2.4999912488405807
2.4999912205431443
2.4999911920721036
2.4999911634259004
2.499991134602958
2.4999911056016817
2.499991076420456
2.499991047057648
2.499991017511605
2.4999909877806537
2.4999909578631008
2.499990927757233
2.499990897461317
2.4999908669735977
2.499990836292299
2.499990805415622
2.499990774341748
2.499990743068834
2.4999907115950157
2.499990679918405
2.499990648037091
2.499990615949139
2.49999058365259
2.4999905511454616
2.4999905184257445
2.499990485491407
2.4999904523403895
2.4999904189706075
2.499990385379949
2.4999903515662782
2.4999903175274283
2.4999902832612073
2.4999902487653944
2.4999902140377404
2.4999901790759673
2.499990143877767
2.499990108440802
2.4999900727627047
2.499990036841077
2.499990000673487
2.4999899642574737
2.499989927590543
2.4999898906701663
2.4999898534937843
2.4999898160588008
2.4999897783625875
2.4999897404024796
2.4999897021757764
2.4999896636797416
2.499989624911602
2.499989585868546
2.499989546547724
2.4999895069462497
2.4999894670611935
2.4999894268895897
2.499989386428429
2.4999893456746607
2.4999893046251938
2.499989263276893
2.4999892216265787
2.499989179671028
2.499989137406973
2.4999890948310988
2.4999890519400445
2.499989008730401
2.4999889651987104
2.499988921341467
2.4999888771551135
2.4999888326360424
2.499988787780593
2.4999887425850535
2.499988697045657
2.4999886511585823
2.4999886049199516
2.499988558325831
2.4999885113722287
2.4999884640550945
2.4999884163703165
2.499988368313724
2.499988319881082
2.4999882710680934
2.499988221870396
2.4999881722835626
2.4999881223030984
2.4999880719244403
2.4999880211429564
2.499987969953943
2.499987918352625
2.4999878663341537
2.499987813893605
2.499987761025979
2.499987707726198
2.4999876539891046
2.4999875998094607
2.499987545181945
2.499987490101154
2.4999874345615964
2.4999873785576954
2.4999873220837836
2.499987265134104
2.499987207702806
2.4999871497839448
2.499987091371479
2.4999870324592695
2.499986973041076
2.499986913110557
2.4999868526612654
2.4999867916866485
2.4999867301800434
2.499986668134678
2.4999866055436657
2.499986542400005
2.499986478696576
2.4999864144261386
2.499986349581329
2.4999862841546583
2.4999862181385093
2.499986151525134
2.4999860843066504
2.49998601647504
2.499985948022144
2.4999858789396625
2.4999858092191483
2.499985738852007
2.49998566782949
2.4999855961426958
2.4999855237825614
2.499985450739864
2.4999853770052125
2.4999853025690486
2.499985227421638
2.499985151553071
2.4999850749532553
2.499984997611914
2.4999849195185795
2.4999848406625915
2.49998476103309
2.499984680619012
2.4999845994090877
2.4999845173918334
2.4999844345555493
2.4999843508883113
2.4999842663779686
2.499984181012136
2.4999840947781897
2.4999840076632625
2.499983919654235
2.4999838307377322
2.4999837409001158
2.499983650127479
2.4999835584056385
2.499983465720129
2.4999833720561955
2.4999832773987873
2.499983181732548
2.49998308504181
2.4999829873105868
2.499982888522565
2.499982788661093
2.499982687709177
2.4999825856494677
2.4999824824642567
2.4999823781354604
2.4999822726446146
2.4999821659728663
2.4999820581009566
2.4999819490092174
2.499981838677556
2.4999817270854456
2.4999816142119133
2.4999815000355277
2.499981384534386
2.499981267686104
2.4999811494678
2.49998102985608
2.4999809088270286
2.49998078635619
2.4999806624185537
2.4999805369885406
2.4999804100399867
2.4999802815461236
2.499980151479565
2.4999800198122872
2.49997988651561
2.499979751560179
2.4999796149159472
2.4999794765521504
2.499979336437289
2.4999791945391077
2.49997905082457
2.4999789052598356
2.4999787578102377
2.4999786084402547
2.499978457113488
2.4999783037926324
2.4999781484394497
2.4999779910147386
2.4999778314783043
2.4999776697889304
2.4999775059043414
2.499977339781175
2.499977171374942
2.4999770006399937
2.4999768275294834
2.499976651995327
2.499976473988161
2.499976293457305
2.4999761103507123
2.499975924614929
2.4999757361950454
2.4999755450346437
2.4999753510757516
2.4999751542587862
2.4999749545224987
2.4999747518039177
2.49997454603829
2.499974337159014
2.4999741250975784
2.4999739097834937
2.499973691144219
2.4999734691050906
2.4999732435892437
2.499973014517531
2.499972781808443
2.4999725453780135
2.4999723051397345
2.4999720610044567
2.4999718128802906
2.4999715606725035
2.4999713042834077
2.499971043612249
2.4999707785550833
2.499970509004658
2.4999702348502737
2.4999699559776527
2.499969672268792
2.4999693836018144
2.499969089850811
2.499968790885674
2.499968486571925
2.499968176770532
2.4999678613377174
2.499967540124757
2.4999672129777726
2.4999668797375043
2.4999665402390816
2.499966194311777
2.4999658417787463
2.4999654824567585
2.49996511615591
2.4999647426793214
2.4999643618228196
2.4999639733746037
2.4999635771148907
2.4999631728155425
2.499962760239672
2.4999623391412245
2.4999619092645404
2.4999614703438877
2.499961022102971
2.4999605642544083
2.499960096499181
2.499959618526046
2.499959130010919
2.4999586306162134
2.4999581199901444
2.499957597765985
2.4999570635612796
2.499956516977006
2.4999559575966845
2.4999553849854284
2.4999547986889334
2.4999541982324023
2.499953583119396
2.499952952830607
2.4999523068225518
2.4999516445261722
2.4999509653453402
2.499950268655258
2.499949553800744
2.499948820094396
2.4999480668146234
2.499947293203534
2.4999464984646607
2.499945681760524
2.4999448422100037
2.4999439788855153
2.4999430908099582
2.4999421769534313
2.4999412362296844
2.499940267492283
2.499939269530459
2.499938241064622
2.4999371807414867
2.4999360871287992
2.499934958709594
2.499933793875963
2.499932590922266
2.499931348037737
2.499930063298414
2.499928734658331
2.4999273599398752
2.499925936823242
2.4999244628348642
2.499922935334712
2.499921351502334
2.499919708321488
2.4999180025631924
2.499916230767025
2.499914389220426
2.4999124739357885
2.499910480625031
2.4999084046713476
2.499906241097752
2.499903984531999
2.499901629167385
2.4998991687188674
2.4998965963738313
2.499893904736753
2.4998910857668526
2.4998881307077006
2.499885030007556
2.499881773228989
2.499878348946101
2.4998747446273244
2.499870946501421
2.4998669394038444
2.4998627066000503
2.499858229581688
2.499853487830747
2.499848458545702
2.4998431163224115
2.4998374327809305
2.4998313761273723
2.4998249106374266
2.4998179960449294
2.4998105868147618
2.499802631274104
2.4997940705692465
2.4997848374063043
2.4997748545225376
2.499764032819618
2.4997522690696745
2.4997394430773703
2.4997254141438146
2.499710016626727
2.499693054320023
2.499674293276004
2.4996534525513447
2.499630192153586
2.499604097166252
2.4995746565875803
2.4995412347492136
2.499503032153085
2.4994590309516287
2.499407917708002
2.499347971815289
2.499276900754205
2.4991915908127478
2.4990877192147107
2.4989591309876924
2.498796800059736
2.4985870200917466
2.4983080860294034
2.4979238105676913
2.4973698202374153
2.496521508845262
2.4951082123951775
2.4924342642394235
2.48614775919631
2.4623194869368703
1.624125877484142
0.9055333795849562
2.9361501222112446E-6
The correct rate for BP: 100.00% 
