2.900341201882399
2.4999246346504442
2.4999490872980106
2.499951278524407
2.4999512114099653
2.4999508465478097
2.4999504362346228
2.49995001400985
2.4999495842334714
2.499949147348329
2.4999487032671186
2.4999482518267064
2.4999477928489178
2.4999473261484977
2.4999468515339767
2.49994636880757
2.4999458777649406
2.4999453781949317
2.4999448698792817
2.499944352592327
2.499943826100686
2.499943290162933
2.49994274452925
2.4999421889410622
2.499941623130654
2.4999410468207683
2.4999404597241783
2.499939861543242
2.4999392519694292
2.4999386306828244
2.4999379973516014
2.4999373516314694
2.499936693165089
2.4999360215814512
2.499935336495228
2.4999346375060787
2.499933924197919
2.499933196138149
2.499932452876831
2.4999316939458236
2.499930918857858
2.4999301271055634
2.4999293181604285
2.4999284914716995
2.4999276464652103
2.499926782542137
2.499925899077676
2.499924995419627
2.4999240708868986
2.4999231247678995
2.499922156318835
2.4999211647618798
2.499920149283229
2.4999191090310178
2.499918043113089
2.4999169505946117
2.499915830495519
2.499914681787775
2.4999135033924262
2.4999122941764473
2.4999110529493462
2.49990977845951
2.4999084693902742
2.4999071243556865
2.4999057418959354
2.4999043204724156
2.499902858462397
2.499901354153257
2.499899805736235
2.499898211299664
2.4998965688216246
2.4998948761619686
2.499893131053642
2.4998913310932394
2.4998894737307125
2.4998875562581313
2.499885575797412
2.4998835292868864
2.4998814134665914
2.499879224862129
2.499876959766939
2.4998746142228003
2.499872183998342
2.499869664565341
2.4998670510725183
2.4998643383165424
2.4998615207098753
2.499858592245051
2.4998555464549375
2.4998523763684313
2.4998490744609687
2.499845632599143
2.499842041978589
2.4998382930541734
2.4998343754613557
2.499830277927407
2.499825988170927
2.4998214927878415
2.499816777121716
2.4998118251158297
2.4998066191439703
2.4998011398163085
2.499795365755997
2.499789273341247
2.4997828364065446
2.499776025895292
2.4997688094544865
2.499761150959914
2.4997530099576473
2.4997443410042615
2.499735092883833
2.49972520767423
2.499714619628006
2.499703253823834
2.4996910245321113
2.4996778332220733
2.499663566116001
2.499648091166791
2.4996312542952217
2.4996128746683572
2.499592738724095
2.4995705925392206
2.4995461319847205
2.499518989889682
2.4994887191082045
2.4994547698950895
2.499416459252213
2.4993729287524578
2.49932308551472
2.4992655180221575
2.4991983734954295
2.4991191749584356
2.4990245408641325
2.498909741888164
2.4987679748454648
2.4985891224732133
2.498357527625136
2.4980477535613317
2.497615895476899
2.496980057657372
2.495970901067219
2.494184167545111
2.490422571994907
2.479566480139042
2.4099480960296047
0.5409469987789888
1.7810959346633108
0.0017770620971785285
9.938865964517765E-4
8.338831857131366E-4
7.487255633704698E-4
6.842416597769609E-4
6.308857439273487E-4
5.855270109917151E-4
5.464042097285882E-4
5.122879194846047E-4
4.8226156757195373E-4
4.556224051306298E-4
4.318214692365037E-4
4.1042332120654046E-4
3.910779455363138E-4
3.735006551693731E-4
3.574574431832768E-4
3.42754125024473E-4
3.2922816968773076E-4
3.1674247086132325E-4
3.0518053912414843E-4
2.9444274955104386E-4
2.844433831016978E-4
2.7510827195618883E-4
2.6637290926972523E-4
2.581809195754493E-4
2.5048281180891155E-4
2.43234955688093E-4
2.3639873600577339E-4
2.299398496829808E-4
2.2382771816851512E-4
2.1803499363834286E-4
2.1253714193819547E-4
2.073120886745683E-4
2.0233991754924926E-4
1.9760261213653797E-4
1.9308383396035654E-4
1.8876873104193068E-4
1.8464377213662478E-4
1.8069660271860115E-4
1.7691591944936892E-4
1.7329136041531966E-4
1.6981340886644937E-4
1.6647330855419873E-4
1.6326298906712975E-4
1.6017499981119566E-4
1.5720245148711712E-4
1.5433896408835357E-4
1.5157862058623345E-4
1.489159255883506E-4
1.4634576835722987E-4
1.4386338966120398E-4
1.414643520013181E-4
1.3914451281926097E-4
1.369000003433129E-4
1.347271917737168E-4
1.326226935469643E-4
1.3058332345113914E-4
1.286060943926236E-4
1.2668819963872045E-4
1.2482699938176156E-4
1.2302000848853182E-4
1.2126488531454332E-4
1.1955942147669271E-4
1.17901532489608E-4
1.1628924918176547E-4
1.1472070981650558E-4
1.1319415285126791E-4
1.1170791027545722E-4
1.1026040147363669E-4
1.0885012756629972E-4
1.0747566618536361E-4
1.0613566664586996E-4
1.0482884547922932E-4
1.0355398229679305E-4
1.023099159555859E-4
1.0109554100066127E-4
9.990980436114137E-5
The correct rate for BP: 100.00% 
