1.915637154057959
0.65642700809857
1.07271204745165
0.22328680576242488
0.12633385863104793
0.076402586774637
0.05128957660772391
0.0389166686205788
0.03129298049178291
0.026004985709020035
0.022144329342132972
0.01922307623908466
0.016944628105324492
0.015122140370502368
0.013633821095049457
0.01239730809078204
0.011354998461751658
0.010465433297894823
0.009698040613543813
0.009029803631168907
0.008443078453742587
0.007924123894072415
0.007462086818121681
0.007048286878663217
0.006675702736363009
0.0063385967476426025
0.006032236609003361
0.005752686048855121
0.0054966454519484904
0.005261329102503095
0.005044369629054276
0.004843742895799828
0.004657708431304773
0.004484761783935315
0.004323596118732988
0.004173071037868233
0.004032187093662385
0.003900064822039516
0.0037759273914175074
0.0036590861627508278
0.0035489286085323853
0.0034449081547605815
0.0033465355993366045
0.0032533718297297174
0.003165021616914246
0.003081128305150582
0.0030013692508432093
0.002925451890481675
0.002853110339084096
0.0027841024377810906
0.002718207183092809
0.0026552224817512817
0.0025949631841392317
0.002537259356969783
0.002481954762048006
0.0024289055130907408
0.0023779788868415145
0.002329052268263611
0.0022820122125580427
0.00223675360923761
0.0021931789355783635
0.0021511975885335176
0.002110725285688048
0.002071683527100071
0.002033999110953816
0.0019976036968716642
0.0019624334115206764
0.0019284284918270787
0.001895532961694346
0.001863694338623535
0.001832863367068839
0.0018029937757383077
0.0017740420563760802
0.0017459672618479326
0.0017187308215995372
0.0016922963727740111
0.0016666296054654354
0.0016416981207513118
0.0016174713002936533
0.0015939201864272107
0.001571017371767138
0.0015487368974687497
0.0015270541593610852
0.001505945821254644
0.0014853897347937967
0.001465364865286377
0.0014458512229985183
0.0014268297994521567
0.0014082825083065438
0.0013901921304448972
0.0013725422629222931
0.0013553172714627793
0.0013385022462220407
0.0013220829605574999
0.0013060458325707606
0.0012903778892079572
0.0012750667327224147
0.0012601005093206862
0.001245467879828524
0.0012311579922269955
0.0012171604559215988
0.001203465317618338
0.0011900630386916446
0.0011769444739373905
0.0011641008516139204
0.0011515237546808406
0.0011392051031529481
0.0011271371374929938
0.001115312402972704
0.0011037237349372105
0.0010923642449125756
0.0010812273075010562
0.001070306548012403
0.0010595958307837816
0.0010490892481439746
0.001038781109980956
0.0010286659338748845
0.001018738435761023
0.0010089935210899857
9.994262764545766E-4
9.900319616549555E-4
9.80806002175631E-4
9.717439820495924E-4
9.628416370866606E-4
9.540948484446105E-4
9.454996365229956E-4
9.37052155161071E-4
9.287486861222752E-4
9.20585633848987E-4
9.125595204722322E-4
9.046669810621149E-4
8.969047591054695E-4
8.892697021982938E-4
8.817587579411108E-4
8.743689700262666E-4
8.670974745068137E-4
8.599414962371737E-4
8.528983454766008E-4
8.459654146466759E-4
8.391401752348695E-4
8.324201748365997E-4
8.258030343285128E-4
8.192864451664065E-4
8.12868166801328E-4
8.065460242079646E-4
8.003179055196425E-4
7.941817597646519E-4
7.881355946988446E-4
7.821774747298222E-4
7.763055189282002E-4
7.70517899121768E-4
7.648128380685173E-4
7.591886077048033E-4
7.536435274650272E-4
7.481759626694962E-4
7.427843229772753E-4
7.374670609009252E-4
7.322226703804344E-4
7.270496854133792E-4
7.219466787389639E-4
7.169122605734032E-4
7.119450773942819E-4
7.070438107718102E-4
7.022071762447919E-4
6.974339222393844E-4
6.927228290287202E-4
6.880727077316479E-4
6.834823993488539E-4
6.789507738348072E-4
6.744767292039033E-4
6.700591906694366E-4
6.656971098139425E-4
6.613894637896294E-4
6.571352545476081E-4
6.529335080947511E-4
6.487832737770103E-4
6.446836235880942E-4
6.406336515025117E-4
6.366324728319566E-4
6.326792236040748E-4
6.287730599627407E-4
6.249131575889997E-4
6.210987111417688E-4
6.173289337176316E-4
6.13603056328873E-4
6.099203273991185E-4
6.062800122757965E-4
6.026813927589084E-4
5.991237666453452E-4
5.95606447288224E-4
5.921287631706869E-4
5.886900574935183E-4
5.852896877762318E-4
5.819270254708936E-4
5.786014555884567E-4
5.753123763369023E-4
5.72059198770949E-4
5.688413464527812E-4
5.656582551234357E-4
5.625093723844786E-4
5.593941573895554E-4
5.563120805454904E-4
5.53262623222618E-4
5.502452774739149E-4
5.472595457627588E-4
5.443049406989124E-4
5.413809847824704E-4
5.384872101555114E-4
5.356231583611454E-4
5.327883801097399E-4
5.299824350520711E-4
5.272048915591497E-4
5.244553265084774E-4
5.217333250765617E-4
5.190384805374439E-4
5.163703940670606E-4
5.137286745532056E-4
5.111129384109587E-4
5.085228094033376E-4
5.059579184670755E-4
5.034179035432848E-4
5.009024094128881E-4
4.984110875366611E-4
4.95943595899702E-4
4.93499598860251E-4
4.910787670026379E-4
4.886807769942895E-4
4.863053114466618E-4
4.839520587799175E-4
4.816207130913016E-4
4.7931097402706564E-4
4.770225466578134E-4
4.747551413571974E-4
4.7250847368384937E-4
4.7028226426640795E-4
4.680762386916215E-4
4.6589012739537696E-4
4.6372366555657175E-4
4.615765929937415E-4
4.594486540644139E-4
4.573395975670209E-4
4.552491766453508E-4
4.5317714869543945E-4
4.511232752748527E-4
4.490873220142529E-4
4.4706905853123696E-4
4.450682583462978E-4
4.430846988009396E-4
4.4111816097780184E-4
4.3916842962280845E-4
4.3723529306922336E-4
4.353185431635724E-4
4.3341797519341947E-4
4.315333878168786E-4
4.2966458299386804E-4
4.278113659190217E-4
4.25973544956226E-4
4.241509315747451E-4
4.2234334028686953E-4
4.205505885870435E-4
4.18772496892488E-4
4.1700888848516794E-4
4.1525958945518894E-4
4.1352442864549466E-4
4.118032375978745E-4
4.1009585050021905E-4
4.084021041350189E-4
4.067218378290568E-4
4.0505489340425706E-4
4.034011151296538E-4
4.017603496744734E-4
4.001324460623089E-4
3.985172556263016E-4
3.9691463196535055E-4
3.9532443090131367E-4
3.937465104371864E-4
3.921807307161985E-4
3.906269539818266E-4
3.890850445387025E-4
3.8755486871438593E-4
3.860362948219951E-4
3.845291931236315E-4
3.830334357946377E-4
3.8154889688861524E-4
3.8007545230321675E-4
3.7861297974666565E-4
3.771613587050365E-4
3.7572047041018245E-4
3.742901978084059E-4
3.728704255297721E-4
3.7146103985807524E-4
3.700619287014593E-4
3.686729815636467E-4
3.6729408951578703E-4
3.6592514516888274E-4
3.645660426468098E-4
3.6321667755987575E-4
3.618769469789627E-4
3.6054674941018565E-4
3.592259847700688E-4
3.5791455436125935E-4
3.566123608487107E-4
3.553193082363676E-4
3.540353018443348E-4
3.5276024828649605E-4
3.5149405544858804E-4
3.5023663246672035E-4
3.4898788970634016E-4
3.4774773874159847E-4
3.465160923351314E-4
3.4529286441826334E-4
3.440779700715777E-4
3.4287132550590925E-4
3.416728480436557E-4
3.4048245610051117E-4
3.3930006916754187E-4
3.381256077935892E-4
3.369589935680336E-4
3.358001491039118E-4
3.3464899802133013E-4
3.335054649312046E-4
3.323694754193223E-4
3.3124095603072833E-4
3.301198342543479E-4
3.2900603850797287E-4
3.2789949812349654E-4
3.268001433324273E-4
3.2570790525169875E-4
3.246227158697075E-4
3.2354450803265603E-4
3.224732154311346E-4
3.2140877258693656E-4
3.203511148401391E-4
3.193001783364291E-4
3.1825590001462693E-4
3.172182175944941E-4
3.161870695647232E-4
3.151623951711494E-4
3.1414413440521036E-4
3.1313222799258215E-4
3.1212661738202644E-4
3.1112724473447435E-4
3.101340529122483E-4
3.091469854685329E-4
3.081659866369927E-4
3.071910013216149E-4
3.062219750866918E-4
3.052588541470228E-4
3.0430158535825616E-4
3.033501162074146E-4
3.024043948036001E-4
3.014643698688398E-4
3.0052999072911367E-4
2.996012073055036E-4
2.9867797010555807E-4
2.9776023021474234E-4
2.9684793928808436E-4
2.9594104954192436E-4
2.9503951374584825E-4
2.94143285214729E-4
2.932523178009117E-4
2.923665658865486E-4
2.914859843760342E-4
2.9061052868860495E-4
2.89740154751024E-4
2.888748189904301E-4
2.880144783272797E-4
2.871590901684123E-4
2.8630861240025067E-4
2.8546300338207274E-4
2.84622221939451E-4
2.837862273577569E-4
2.8295497937579333E-4
2.821284381795227E-4
2.8130656439591075E-4
2.80489319086865E-4
2.7967666374326074E-4
2.788685602790828E-4
2.7806497102565833E-4
2.7726585872598025E-4
2.764711865291177E-4
2.756809179847331E-4
2.7489501703765974E-4
2.741134480226082E-4
2.733361756589167E-4
2.72563165045399E-4
2.717943816553081E-4
2.7102979133130094E-4
2.7026936028058326E-4
2.695130550700485E-4
2.6876084262153623E-4
2.680126902071445E-4
2.6726856544464844E-4
2.6652843629295254E-4
2.6579227104762395E-4
2.650600383365199E-4
2.643317071154445E-4
2.6360724666391077E-4
2.6288662658093963E-4
2.6216981678094234E-4
2.614567874896498E-4
2.607475092401242E-4
2.6004195286880456E-4
2.5934008951165833E-4
2.586418906003277E-4
2.5794732785839355E-4
2.5725637329766424E-4
2.5656899921452697E-4
2.558851781863616E-4
2.5520488306799186E-4
2.545280869882159E-4
2.5385476334634916E-4
2.5318488580887893E-4
2.5251842830609585E-4
2.5185536502884097E-4
2.511956704252507E-4
2.505393191975909E-4
2.498862862991116E-4
2.492365469309542E-4
2.485900765391023E-4
2.4794685081138676E-4
2.4730684567452876E-4
2.466700372912154E-4
2.4603640205724534E-4
2.4540591659867833E-4
2.447785577690625E-4
2.441543026466736E-4
2.4353312853181354E-4
2.4291501294414073E-4
2.4229993362002875E-4
2.416878685099866E-4
2.4107879577608734E-4
2.4047269378945385E-4
2.3986954112777437E-4
2.392693165728571E-4
2.3867199910820633E-4
2.380775679166419E-4
2.3748600237795785E-4
2.3689728206661474E-4
2.3631138674943774E-4
2.357282963833837E-4
2.3514799111331677E-4
2.345704512698178E-4
2.339956573670333E-4
2.3342359010054538E-4
2.3285423034527094E-4
2.3228755915340359E-4
2.3172355775234998E-4
2.3116220754275155E-4
2.3060349009646446E-4
2.3004738715462443E-4
2.2949388062571823E-4
2.2894295258365553E-4
2.283945852659138E-4
2.2784876107167547E-4
2.273054625600006E-4
2.2676467244802035E-4
2.2622637360916615E-4
2.256905490714012E-4
2.251571820155041E-4
2.246262557733475E-4
2.240977538262194E-4
2.2357165980315665E-4
2.2304795747930036E-4
2.2252663077429252E-4
2.220076637506539E-4
2.2149104061222038E-4
2.209767457025965E-4
2.2046476350359395E-4
2.1995507863373765E-4
2.1944767584676598E-4
2.189425400301474E-4
2.1843965620362569E-4
2.1793900951778798E-4
2.1744058525264483E-4
2.1694436881621547E-4
2.1645034574316205E-4
2.1595850169341485E-4
2.1546882245082976E-4
2.1498129392185766E-4
2.1449590213422188E-4
2.1401263323564184E-4
2.1353147349252954E-4
2.130524092887409E-4
2.1257542712432742E-4
2.1210051361430287E-4
2.1162765548742458E-4
2.1115683958498725E-4
2.106880528596566E-4
2.1022128237428454E-4
2.0975651530075182E-4
2.0929373891883266E-4
2.0883294061506337E-4
2.0837410788163672E-4
2.0791722831528476E-4
2.0746228961622006E-4
2.0700927958703806E-4
2.0655818613168263E-4
2.061089972543665E-4
2.0566170105857788E-4
2.052162857460338E-4
2.0477273961567362E-4
2.0433105106267767E-4
2.0389120857747389E-4
2.03453200744768E-4
2.03017016242584E-4
2.0258264384132106E-4
2.0215007240280682E-4
2.0171929087938953E-4
2.0129028831300202E-4
2.0086305383427847E-4
2.004375766616582E-4
2.0001384610048828E-4
1.9959185154218276E-4
1.9917158246333426E-4
1.987530284248794E-4
1.983361790712531E-4
1.9792102412957254E-4
1.9750755340878278E-4
1.9709575679889018E-4
1.9668562427013232E-4
1.9627714587219702E-4
1.958703117334412E-4
1.9546511206010612E-4
1.950615371355781E-4
1.946595773196082E-4
1.9425922304758072E-4
1.938604648297762E-4
1.9346329325063021E-4
1.9306769896803276E-4
1.9267367271259876E-4
1.92281205286976E-4
1.9189028756514372E-4
1.9150091049172655E-4
1.911130650813152E-4
1.9072674241779776E-4
1.903419336536887E-4
1.899586300094773E-4
1.8957682277298774E-4
1.891965032987091E-4
1.8881766300720104E-4
1.8844029338443052E-4
1.8806438598117757E-4
1.8768993241240455E-4
1.8731692435666267E-4
1.8694535355548428E-4
1.865752118127963E-4
1.862064909943346E-4
1.8583918302706226E-4
1.8547327989859287E-4
1.8510877365663354E-4
1.847456564084171E-4
1.8438392032015286E-4
1.8402355761647907E-4
1.8366456057991465E-4
1.8330692155033837E-4
1.8295063292444045E-4
1.825956871552172E-4
1.8224207675143186E-4
1.8188979427712567E-4
1.8153883235109625E-4
1.8118918364640294E-4
1.808408408898612E-4
1.8049379686156444E-4
1.8014804439439987E-4
1.7980357637355403E-4
1.7946038573605233E-4
1.791184654702831E-4
1.7877780861553963E-4
1.784384082615542E-4
1.781002575480411E-4
1.7776334966426605E-4
1.77427677848573E-4
1.7709323538796923E-4
1.767600156176762E-4
1.7642801192070903E-4
1.760972177274392E-4
1.7576762651517932E-4
1.7543923180777474E-4
1.7511202717517067E-4
1.7478600623302656E-4
1.744611626422919E-4
1.7413749010882426E-4
1.7381498238298797E-4
1.734936332592542E-4
1.7317343657582594E-4
1.7285438621425107E-4
1.725364760990408E-4
1.7221970019729995E-4
1.7190405251834778E-4
1.7158952711336057E-4
1.7127611807500194E-4
1.7096381953705947E-4
1.7065262567410482E-4
1.7034253070111785E-4
1.7003352887316539E-4
1.6972561448503E-4
1.6941878187088106E-4
1.691130254039442E-4
1.6880833949615284E-4
1.6850471859782443E-4
1.6820215719732753E-4
1.679006498207658E-4
1.6760019103165394E-4
1.6730077543059384E-4
1.6700239765496703E-4
1.667050523786202E-4
1.6640873431155692E-4
1.6611343819963753E-4
1.658191588242674E-4
1.655258910021077E-4
1.65233629584773E-4
1.6494236945853918E-4
1.6465210554406304E-4
1.6436283279607075E-4
1.640745462031091E-4
1.6378724078722722E-4
1.635009116037279E-4
1.6321555374087187E-4
1.6293116231961324E-4
1.6264773249332668E-4
1.6236525944754494E-4
1.6208373839968586E-4
1.618031645987936E-4
1.615235333252742E-4
1.6124483989065003E-4
1.6096707963729598E-4
1.6069024793818158E-4
1.60414340196632E-4
1.6013935184607946E-4
1.5986527834980954E-4
1.595921152007269E-4
1.593198579211124E-4
1.590485020623856E-4
1.5877804320486594E-4
1.5850847695753978E-4
1.58239798957837E-4
1.5797200487139047E-4
1.5770509039182115E-4
1.5743905124050093E-4
1.5717388316634253E-4
1.5690958194556484E-4
1.5664614338149242E-4
1.563835633043269E-4
1.5612183757093563E-4
1.558609620646446E-4
1.5560093269501114E-4
1.5534174539764788E-4
1.550833961339831E-4
1.5482588089108033E-4
1.5456919568142133E-4
1.543133365427177E-4
1.540582995377002E-4
1.5380408075393108E-4
1.5355067630361022E-4
1.532980823233801E-4
1.5304629497412377E-4
1.527953104407976E-4
1.5254512493222518E-4
1.5229573468092197E-4
1.5204713594290398E-4
1.5179932499751126E-4
1.5155229814722382E-4
1.513060517174892E-4
1.5106058205653132E-4
1.5081588553519175E-4
1.5057195854674296E-4
1.5032879750672337E-4
1.5008639885275528E-4
1.498447590443975E-4
1.4960387456295314E-4
1.4936374191132156E-4
1.4912435761381868E-4
1.4888571821602988E-4
1.486478202846313E-4
1.484106604072483E-4
1.481742351922764E-4
1.4793854126874214E-4
1.4770357528613398E-4
1.4746933391425715E-4
1.4723581384307416E-4
1.470030117825587E-4
1.4677092446253588E-4
1.4653954863254312E-4
1.4630888106167972E-4
1.4607891853845694E-4
1.458496578706573E-4
1.4562109588518892E-4
1.4539322942794128E-4
1.451660553636509E-4
1.4493957057574867E-4
1.4471377196623362E-4
1.4448865645553144E-4
1.4426422098235786E-4
1.440404625035757E-4
1.4381737799408058E-4
1.4359496444664522E-4
1.4337321887180772E-4
1.4315213829772683E-4
1.4293171977005953E-4
1.4271196035183328E-4
1.4249285712331295E-4
1.4227440718188601E-4
1.4205660764192579E-4
1.4183945563467723E-4
1.4162294830812687E-4
1.4140708282688998E-4
1.411918563720784E-4
1.409772661411927E-4
1.407633093479944E-4
1.4054998322240016E-4
1.4033728501034378E-4
1.4012521197369452E-4
1.3991376139010778E-4
1.3970293055293607E-4
1.394927167711028E-4
1.3928311736900007E-4
1.3907412968636927E-4
1.388657510782041E-4
1.38657978914622E-4
1.3845081058078173E-4
1.3824424347675285E-4
1.380382750174257E-4
1.3783290263240285E-4
1.3762812376589127E-4
1.374239358765941E-4
1.3722033643762796E-4
1.3701732293639978E-4
1.3681489287451946E-4
1.3661304376769726E-4
1.3641177314563518E-4
1.3621107855194998E-4
1.3601095754404958E-4
1.3581140769306158E-4
1.3561242658371813E-4
1.3541401181427814E-4
1.352161609964119E-4
1.3501887175512947E-4
1.3482214172867198E-4
1.3462596856843412E-4
1.3443034993886497E-4
1.3423528351736585E-4
1.3404076699423322E-4
1.3384679807253573E-4
1.3365337446804226E-4
1.3346049390914E-4
1.3326815413673148E-4
1.3307635290416695E-4
1.3288508797714498E-4
1.3269435713363342E-4
1.3250415816378746E-4
1.3231448886986383E-4
1.321253470661391E-4
1.3193673057882672E-4
1.317486372460018E-4
1.315610649175107E-4
1.3137401145489722E-4
1.3118747473132484E-4
1.3100145263149652E-4
1.3081594305157875E-4
1.306309438991138E-4
1.304464530929602E-4
1.3026246856320402E-4
1.3007898825108727E-4
1.298960101089341E-4
1.2971353210007735E-4
1.2953155219878423E-4
1.2935006839017707E-4
1.291690786701723E-4
1.2898858104539782E-4
1.2880857353313085E-4
1.2862905416122073E-4
1.2845002096802688E-4
1.2827147200233132E-4
1.2809340532329486E-4
1.279158190003657E-4
1.2773871111322296E-4
1.2756207975171728E-4
1.2738592301578114E-4
1.272102390153837E-4
1.2703502587045476E-4
1.2686028171082146E-4
1.2668600467614214E-4
1.2651219291584873E-4
1.2633884458906902E-4
1.2616595786458254E-4
1.259935309207394E-4
1.2582156194541089E-4
1.256500491359171E-4
1.2547899069897776E-4
1.2530838485064227E-4
1.2513822981622712E-4
1.2496852383026924E-4
1.2479926513644964E-4
1.2463045198754863E-4
1.244620826453797E-4
1.242941553807354E-4
1.2412666847331816E-4
1.2395962021170175E-4
1.237930088932633E-4
1.2362683282412536E-4
1.234610903191075E-4
1.2329577970166195E-4
1.2313089930382945E-4
1.2296644746617098E-4
1.2280242253772574E-4
1.2263882287595282E-4
1.2247564684667598E-4
1.2231289282402884E-4
1.2215055919041502E-4
1.2198864433643833E-4
1.2182714666086066E-4
1.2166606457054898E-4
1.2150539648042696E-4
1.2134514081342289E-4
1.2118529600041236E-4
1.210258604801769E-4
1.2086683269935706E-4
1.2070821111239071E-4
1.2054999418147346E-4
1.203921803765139E-4
1.2023476817507463E-4
1.2007775606232957E-4
1.1992114253102182E-4
1.1976492608140526E-4
1.1960910522121304E-4
1.1945367846559433E-4
1.1929864433708504E-4
1.1914400136554382E-4
1.1898974808813089E-4
1.188358830492379E-4
1.1868240480045974E-4
1.1852931190054162E-4
1.183766029153428E-4
1.1822427641778715E-4
1.180723309878216E-4
1.1792076521237407E-4
1.177695776853097E-4
1.1761876700738347E-4
1.1746833178621281E-4
1.1731827063622146E-4
1.1716858217859976E-4
1.1701926504127224E-4
1.1687031785884935E-4
1.1672173927258469E-4
1.1657352793034776E-4
1.1642568248656535E-4
1.1627820160220065E-4
1.161310839446978E-4
1.1598432818795102E-4
1.1583793301226957E-4
1.1569189710432636E-4
1.155462191571387E-4
1.1540089787000437E-4
1.1525593194849245E-4
1.1511132010438244E-4
1.1496706105564382E-4
1.148231535263892E-4
1.146795962468375E-4
1.1453638795328374E-4
1.1439352738806158E-4
1.1425101329950534E-4
1.1410884444190891E-4
1.1396701957550219E-4
1.1382553746640926E-4
1.1368439688661115E-4
1.1354359661391659E-4
1.1340313543192567E-4
1.1326301212999426E-4
1.1312322550320191E-4
1.1298377435231716E-4
1.1284465748376502E-4
1.127058737095918E-4
1.1256742184743457E-4
1.1242930072048957E-4
1.1229150915747417E-4
1.121540459926007E-4
1.1201691006553977E-4
1.1188010022139174E-4
1.1174361531065494E-4
1.1160745418918843E-4
1.1147161571819299E-4
1.113360987641667E-4
1.1120090219888256E-4
1.1106602489935422E-4
1.1093146574781557E-4
1.1079722363166778E-4
1.1066329744347443E-4
1.1052968608092109E-4
1.1039638844677899E-4
1.1026340344889289E-4
1.1013073000013149E-4
1.0999836701837977E-4
1.0986631342648971E-4
1.0973456815226798E-4
1.0960313012844117E-4
1.0947199829262288E-4
1.0934117158729469E-4
1.0921064895977755E-4
1.0908042936219518E-4
1.0895051175145755E-4
1.088208950892265E-4
1.086915783418935E-4
1.0856256048054772E-4
1.0843384048095635E-4
1.0830541732353215E-4
1.0817728999330827E-4
1.0804945747991465E-4
1.0792191877755236E-4
1.0779467288496268E-4
1.076677188054106E-4
1.0754105554664547E-4
1.0741468212089607E-4
1.0728859754482152E-4
1.0716280083950905E-4
1.0703729103043213E-4
1.0691206714743506E-4
1.0678712822471013E-4
1.0666247330076684E-4
1.065381014184045E-4
1.0641401162470452E-4
1.062902029709961E-4
1.061666745128224E-4
1.0604342530994186E-4
1.059204544262836E-4
1.0579776092993047E-4
1.0567534389310265E-4
1.055532023921267E-4
1.0543133550741687E-4
1.0530974232345004E-4
1.0518842192874666E-4
1.0506737341584888E-4
1.0494659588129019E-4
1.0482608842558687E-4
1.0470585015320487E-4
1.0458588017254343E-4
1.0446617759591229E-4
1.0434674153951361E-4
1.0422757112341487E-4
1.0410866547152854E-4
1.0399002371159817E-4
1.0387164497517099E-4
1.0375352839758196E-4
1.0363567311792683E-4
1.0351807827904412E-4
1.0340074302749909E-4
1.0328366651355636E-4
1.0316684789117546E-4
1.0305028631796367E-4
1.0293398095518446E-4
1.0281793096772141E-4
1.0270213552406222E-4
1.0258659379627975E-4
1.0247130496001533E-4
1.0235626819445756E-4
1.0224148268232E-4
1.0212694760983094E-4
1.0201266216670302E-4
1.0189862554612731E-4
1.017848369447418E-4
1.0167129556262208E-4
1.0155800060326358E-4
1.0144495127355933E-4
1.0133214678377867E-4
1.0121958634755582E-4
1.0110726918187429E-4
1.0099519450703708E-4
1.0088336154666141E-4
1.0077176952765629E-4
1.0066041768020696E-4
1.005493052377525E-4
1.0043843143697309E-4
1.0032779551777267E-4
1.0021739672326362E-4
1.0010723429974609E-4
9.999730749669103E-5
The correct rate for BP: 100.00% 
