2.9221467776216623
2.4999461223961674
2.499964042641473
2.499965735865864
2.4999658117600134
2.4999656774335155
2.499965513668439
2.499965344569229
2.4999651733490227
2.499965000419029
2.4999648258140468
2.499964649517967
2.499964471507447
2.499964291757767
2.499964110243603
2.4999639269391234
2.499963741817988
2.4999635548533417
2.4999633660177967
2.4999631752834253
2.499962982621742
2.4999627880036916
2.499962591399634
2.4999623927793304
2.499962192111928
2.499961989365943
2.4999617845092454
2.4999615775090436
2.4999613683318658
2.4999611569435416
2.499960943309185
2.499960727393177
2.499960509159143
2.4999602885699335
2.499960065587607
2.4999598401734047
2.499959612287728
2.4999593818901205
2.4999591489392397
2.499958913392835
2.499958675207723
2.4999584343397596
2.4999581907438158
2.4999579443737487
2.499957695182372
2.4999574431214286
2.4999571881415594
2.49995693019227
2.4999566692219
2.499956405177588
2.4999561380052384
2.4999558676494824
2.499955594053642
2.499955317159692
2.499955036908219
2.4999547532383772
2.4999544660878508
2.4999541753928027
2.499953881087834
2.499953583105931
2.4999532813784198
2.49995297583491
2.499952666403244
2.4999523530094407
2.4999520355776372
2.499951714030028
2.499951388286804
2.4999510582660864
2.4999507238838627
2.49995038505391
2.499950041687729
2.4999496936944636
2.4999493409808258
2.499948983451011
2.4999486210066157
2.4999482535465436
2.49994788096692
2.49994750316099
2.4999471200190224
2.499946731428202
2.4999463372725232
2.4999459374326753
2.4999455317859245
2.49994512020599
2.499944702562917
2.4999442787229387
2.49994384854834
2.499943411897308
2.4999429686237797
2.4999425185772823
2.4999420616027637
2.4999415975404204
2.499941126225512
2.4999406474881707
2.4999401611531997
2.499939667039863
2.4999391649616647
2.4999386547261206
2.4999381361345128
2.499937608981637
2.499937073055538
2.4999365281372268
2.4999359740003886
2.4999354104110756
2.4999348371273804
2.4999342538990965
2.49993366046736
2.4999330565642714
2.4999324419125
2.4999318162248656
2.4999311792038945
2.4999305305413597
2.49992986991779
2.4999291970019506
2.4999285114502996
2.499927812906412
2.4999271010003703
2.4999263753481205
2.4999256355507917
2.499924881193976
2.4999241118469646
2.4999233270619396
2.499922526373118
2.4999217092958426
2.499920875325616
2.4999200239370776
2.499919154582916
2.4999182666927093
2.4999173596716964
2.4999164328994663
2.4999154857285593
2.499914517482983
2.4999135274566195
2.4999125149115375
2.4999114790761743
2.499910419143407
2.499909334268479
2.4999082235667833
2.49990708611149
2.4999059209309964
2.499904727006196
2.499903503267543
2.4999022485918934
2.4999009617991126
2.4998996416484167
2.4998982868344304
2.4998968959829324
2.4998954676462644
2.499894000298362
2.49989249232938
2.499890942039872
2.4998893476344732
2.499887707215046
2.499886018773226
2.499884280182315
2.499882489188442
2.499880643400928
2.499878740281753
2.4998767771340447
2.499874751089466
2.499872659094382
2.4998704978946726
2.4998682640190197
2.4998659537605032
2.49986356315629
2.4998610879651877
2.499858523642799
2.4998558653139633
2.499853107742146
2.4998502452953626
2.4998472719081772
2.4998441810392427
2.499840965623746
2.4998376180200514
2.4998341299496785
2.4998304924296435
2.499826695695991
2.499822729117164
2.499818581095583
2.4998142389555493
2.499809688815178
2.4998049154396593
2.499799902072597
2.4997946302415066
2.499789079532746
2.4997832273301204
2.4997770485101625
2.4997705150854648
2.4997635957854687
2.4997562555615365
2.4997484549999043
2.4997401496219007
2.4997312890454024
2.499721815974397
2.4997116649741997
2.4997007609774675
2.4996890174495388
2.4996763341191697
2.499662594149997
2.4996476605855626
2.49963137184131
2.499613535932685
2.499593923007391
2.4995722555731925
2.499548195550679
2.499521326884925
2.499491131841284
2.4994569581532877
2.49941797264934
2.499373094437221
2.4993208963890567
2.499259456041567
2.499186123098781
2.4990971441876173
2.498987032408142
2.498847456656973
2.4986651703573672
2.49841787061793
2.498065167455944
2.497526550804958
2.4966188994052074
2.4948368797716527
2.490274376894564
2.4697199033125594
1.8273395696878132
0.05275877443178006
5.213209489470361E-4
1.10037388460634E-4
8.65393101571629E-5
The correct rate for BP: 100.00% 
