2.5739817182661326
2.499909011035935
2.4999372583900596
2.49993960651605
2.499939254140309
2.4999385351023427
2.499937750247974
2.4999369391112256
2.49993610632949
2.499935251827076
2.4999343748598575
2.4999334745556077
2.499932549983976
2.4999316001631398
2.49993062405774
2.499929620575408
2.499928588562828
2.4999275268014567
2.4999264340028664
2.4999253088036886
2.49992414976011
2.499922955341884
2.4999217239257963
2.4999204537885316
2.4999191430988765
2.499917789909188
2.4999163921460346
2.499914947599934
2.4999134539140644
2.4999119085718426
2.499910308883229
2.499908651969601
2.4999069347470284
2.4999051539077395
2.49990330589955
2.4999013869029993
2.4998993928058733
2.499897319174774
2.499895161223324
2.49989291377654
2.4998905712308126
2.4998881275088696
2.4998855760089644
2.499882909547407
2.4998801202934144
2.499877199695047
2.499874138394788
2.4998709261330476
2.499867551637522
2.4998640024959515
2.4998602650093082
2.49985632402182
2.499852162723478
2.499847762419708
2.499843102261692
2.4998381589292955
2.499832906256659
2.4998273147880306
2.4998213512482765
2.4998149779084375
2.4998081518213535
2.499800823895413
2.4997929377652155
2.4997844284055613
2.4997752204184676
2.499765225900177
2.4997543417637225
2.499742446348924
2.4997293950899993
2.4997150149227494
2.4996990969852906
2.4996813869776697
2.4996615722629607
2.4996392643606367
2.4996139748100923
2.499585081309702
2.4995517792845705
2.499513011093312
2.4994673599865975
2.4994128867869216
2.499346870195732
2.4992653783071
2.4991625302807283
2.499029156740362
2.4988502124400833
2.498599376858042
2.4982266185782107
2.497625558325939
2.4965306041815047
2.4940871167182683
2.4857979669110275
2.1924127297392375
0.878530978895883
4.11864765821392E-5
The correct rate for BP: 100.00% 
