1.3103662037796198
1.982320812499241
1.9997185776259596
1.9998110153421982
1.999817686142075
1.9998157574450273
1.9998126208247993
1.9998092207605616
1.9998056778364137
1.9998020023906007
1.9997981895526005
1.9997942319466453
1.9997901213529472
1.9997858488821765
1.9997814049447749
1.999776779186339
1.9997719604111523
1.9997669364957944
1.9997616942918717
1.9997562195163183
1.9997504966274002
1.9997445086842112
1.9997382371870527
1.9997316618956187
1.9997247606213149
1.999717508989338
1.999709880165296
1.9997018445400756
1.9996933693653782
1.999684418330734
1.9996749510707972
1.9996649225892462
1.9996542825824495
1.9996429746420952
1.999630935310935
1.999618092959301
1.999604366441743
1.9995896634822823
1.9995738787226212
1.9995568913489885
1.9995385621884436
1.9995187301321669
1.9994972076981463
1.9994737754838665
1.9994481751742226
1.9994201006502186
1.9993891865745055
1.9993549935861772
1.999316988882063
1.9992745204356006
1.9992267823114251
1.9991727673160238
1.9991112013157268
1.9990404504915817
1.9989583877655415
1.9988621961172095
1.9987480716518304
1.9986107624215743
1.9984428284642657
1.9982334089508222
1.997966075386481
1.9976148918482972
1.9971367109252334
1.9964548797061128
1.9954211708104055
1.993714383615699
1.990516439971914
1.9831524405568355
1.9578759845954223
1.7599762871580975
0.006077813825379754
0.00474025735816681
0.0028832654838337117
0.0020334138481888308
0.0016111153969711758
0.0013604100781534545
0.0011915873140910427
0.001068341926439442
9.733558260976975E-4
8.972463939839698E-4
8.34448477687824E-4
7.814373628448655E-4
7.358662137091864E-4
6.961087685503026E-4
6.610002007014262E-4
6.296824442039321E-4
6.0150790858636E-4
5.759774013913933E-4
5.52698887101335E-4
5.313593635893004E-4
5.11705235628599E-4
4.935283321097729E-4
4.766557562865109E-4
4.6094239203830524E-4
4.462652843894246E-4
4.32519364843797E-4
4.196141565620921E-4
4.0747120365555907E-4
3.9602204270500625E-4
3.852065853119833E-4
3.7497181581860466E-4
3.652707332904569E-4
3.560614847157715E-4
3.473066493068253E-4
3.38972643261223E-4
3.31029221352299E-4
3.2344905696013226E-4
3.16207386112101E-4
3.0928170411621413E-4
3.0265150568631506E-4
2.9629806125193984E-4
2.9020422354571646E-4
2.843542596621917E-4
2.787337046537433E-4
2.7332923342420444E-4
2.6812854823841E-4
2.6312027961580223E-4
2.5829389874163937E-4
2.536396398274199E-4
2.491484310968564E-4
2.448118332755273E-4
2.4062198462946848E-4
2.3657155173714096E-4
2.3265368529556686E-4
2.2886198035903472E-4
2.2519044049116931E-4
2.2163344538065802E-4
2.1818572153019494E-4
2.148423156784285E-4
2.1159857065787267E-4
2.0845010342859644E-4
2.0539278505925414E-4
2.0242272245450595E-4
1.99536241651421E-4
1.9672987252820825E-4
1.9400033478628672E-4
1.9134452508249707E-4
1.887595052016826E-4
1.8624249117196937E-4
1.837908432354041E-4
1.8140205659590033E-4
1.7907375287457664E-4
1.768036722096272E-4
1.7458966594438138E-4
1.724296898526764E-4
1.7032179785576095E-4
1.6826413618937255E-4
1.6625493798355195E-4
1.642925182213552E-4
1.6237526904574963E-4
1.6050165538679742E-4
1.586702108838231E-4
1.5687953407946624E-4
1.5512828486465444E-4
1.534151811552686E-4
1.5173899578307666E-4
1.5009855358486408E-4
1.4849272867518016E-4
1.4692044188923414E-4
1.4538065838368489E-4
1.4387238538400685E-4
1.423946700680847E-4
1.4094659757645582E-4
1.3952728914047534E-4
1.3813590032027182E-4
1.3677161934505007E-4
1.3543366554885313E-4
1.3412128789544074E-4
1.3283376358638808E-4
1.31570396746969E-4
1.30330517184805E-4
1.2911347921661312E-4
1.279186605586893E-4
1.2674546127719544E-4
1.2559330279444275E-4
1.2446162694773654E-4
1.233498950975936E-4
1.22257587282304E-4
1.2118420141602887E-4
1.2012925252789931E-4
1.1909227203963533E-4
1.1807280707943776E-4
1.1707041983007778E-4
1.1608468690915238E-4
1.1511519877973211E-4
1.141615591896189E-4
1.1322338463764154E-4
1.1230030386547088E-4
1.1139195737353198E-4
1.104979969597024E-4
1.0961808527954835E-4
1.0875189542693349E-4
1.0789911053391814E-4
1.0705942338889272E-4
1.0623253607202921E-4
1.0541815960709852E-4
1.046160136288187E-4
1.0382582606494175E-4
1.0304733283230778E-4
1.022802775461584E-4
1.0152441124204953E-4
1.0077949210972002E-4
1.0004528523832314E-4
9.932156237246631E-5
The correct rate for BP: 100.00% 
