0.7976923787736937
1.998842645771769
1.9999971558417933
1.9999986646257442
1.999998791528193
1.9999988070495607
1.9999988085828933
1.9999988082548608
1.9999988076767548
1.999998807064546
1.9999988064472143
1.9999988058286489
1.9999988052093716
1.9999988045894497
1.9999988039688938
1.999998803347703
1.9999988027258768
1.9999988021034147
1.9999988014803145
1.9999988008565763
1.9999988002321993
1.9999987996071813
1.9999987989815222
1.9999987983552217
1.9999987977282774
1.9999987971006903
1.9999987964724566
1.9999987958435776
1.9999987952140519
1.999998794583877
1.999998793953054
1.9999987933215806
1.9999987926894565
1.9999987920566809
1.9999987914232518
1.9999987907891685
1.9999987901544312
1.9999987895190372
1.9999987888829867
1.9999987882462775
1.9999987876089105
1.9999987869708826
1.9999987863321942
1.9999987856928438
1.9999987850528307
1.9999987844121534
1.999998783770811
1.9999987831288024
1.9999987824861276
1.9999987818427842
1.9999987811987716
1.9999987805540889
1.9999987799087362
1.9999987792627096
1.9999987786160112
1.9999987779686377
1.9999987773205898
1.9999987766718648
1.9999987760224625
1.999998775372383
1.9999987747216226
1.9999987740701826
1.9999987734180604
1.9999987727652568
1.9999987721117687
1.9999987714575957
1.9999987708027376
1.9999987701471926
1.99999876949096
1.9999987688340375
1.9999987681764264
1.9999987675181234
1.999998766859128
1.9999987661994403
1.9999987655390576
1.99999876487798
1.9999987642162058
1.9999987635537344
1.9999987628905642
1.9999987622266944
1.9999987615621238
1.999998760896851
1.9999987602308762
1.9999987595641964
1.9999987588968124
1.9999987582287215
1.9999987575599234
1.999998756890417
1.9999987562202004
1.9999987555492744
1.9999987548776357
1.9999987542052846
1.9999987535322188
1.9999987528584395
1.9999987521839424
1.9999987515087287
1.9999987508327965
1.999998750156144
1.9999987494787719
1.9999987488006774
1.99999874812186
1.9999987474423186
1.9999987467620517
1.9999987460810584
1.999998745399338
1.999998744716888
1.9999987440337088
1.9999987433497988
1.9999987426651564
1.9999987419797807
1.9999987412936713
1.9999987406068254
1.999998739919243
1.9999987392309229
1.9999987385418634
1.999998737852064
1.9999987371615227
1.9999987364702387
1.9999987357782116
1.999998735085439
1.9999987343919206
1.9999987336976546
1.9999987330026405
1.9999987323068764
1.9999987316103616
1.9999987309130944
1.9999987302150735
1.9999987295162989
1.9999987288167689
1.9999987281164815
1.999998727415436
1.9999987267136312
1.9999987260110659
1.9999987253077391
1.9999987246036492
1.9999987238987955
1.9999987231931757
1.99999872248679
1.999998721779636
1.999998721071713
1.9999987203630203
1.9999987196535551
1.9999987189433177
1.9999987182323065
1.9999987175205196
1.999998716807957
1.9999987160946158
1.9999987153804955
1.9999987146655958
1.9999987139499138
1.9999987132334498
1.9999987125162015
1.9999987117981675
1.9999987110793478
1.999998710359739
1.9999987096393421
1.9999987089181546
1.9999987081961754
1.999998707473404
1.9999987067498375
1.9999987060254756
1.9999987053003176
1.9999987045743606
1.999998703847605
1.9999987031200488
1.9999987023916905
1.9999987016625285
1.9999987009325624
1.9999987002017903
1.9999986994702108
1.9999986987378229
1.999998698004626
1.999998697270617
1.9999986965357959
1.9999986958001614
1.999998695063711
1.999998694326445
1.9999986935883611
1.999998692849458
1.9999986921097341
1.9999986913691892
1.9999986906278202
1.9999986898856277
1.999998689142609
1.9999986883987635
1.9999986876540883
1.9999986869085844
1.9999986861622492
1.9999986854150806
1.9999986846670788
1.9999986839182418
1.9999986831685679
1.9999986824180558
1.9999986816667046
1.9999986809145114
1.999998680161477
1.9999986794075986
1.9999986786528756
1.9999986778973058
1.9999986771408886
1.999998676383622
1.9999986756255048
1.9999986748665355
1.9999986741067128
1.9999986733460353
1.9999986725845016
1.9999986718221099
1.9999986710588593
1.999998670294748
1.9999986695297753
1.9999986687639386
1.9999986679972377
1.9999986672296706
1.999998666461235
1.999998665691931
1.9999986649217558
1.9999986641507093
1.999998663378789
1.999998662605994
1.9999986618323224
1.9999986610577731
1.9999986602823439
1.9999986595060342
1.9999986587288425
1.9999986579507667
1.9999986571718056
1.9999986563919585
1.9999986556112226
1.9999986548295974
1.9999986540470809
1.9999986532636713
1.999998652479368
1.9999986516941695
1.9999986509080727
1.9999986501210785
1.999998649333183
1.9999986485443861
1.999998647754686
1.9999986469640816
1.99999864617257
1.9999986453801517
1.9999986445868232
1.9999986437925845
1.9999986429974332
1.9999986422013676
1.9999986414043869
1.9999986406064894
1.999998639807672
1.9999986390079354
1.9999986382072772
1.9999986374056957
1.9999986366031892
1.9999986357997563
1.9999986349953953
1.999998634190105
1.9999986333838835
1.9999986325767292
1.9999986317686405
1.9999986309596163
1.9999986301496535
1.999998629338753
1.999998628526911
1.9999986277141262
1.9999986269003989
1.9999986260857257
1.999998625270104
1.999998624453535
1.9999986236360152
1.9999986228175433
1.999998621998118
1.9999986211777372
1.999998620356399
1.999998619534103
1.999998618710846
1.999998617886628
1.999998617061446
1.9999986162352992
1.999998615408185
1.9999986145801025
1.9999986137510504
1.9999986129210259
1.999998612090028
1.999998611258055
1.9999986104251053
1.9999986095911764
1.9999986087562676
1.9999986079203769
1.9999986070835023
1.9999986062456432
1.9999986054067964
1.9999986045669604
1.9999986037261348
1.9999986028843164
1.9999986020415041
1.999998601197696
1.9999986003528918
1.9999985995070877
1.9999985986602824
1.9999985978124746
1.9999985969636624
1.9999985961138445
1.9999985952630184
1.999998594411183
1.9999985935583358
1.9999985927044759
1.9999985918496013
1.9999985909937095
1.9999985901367991
1.9999985892788692
1.999998588419917
1.9999985875599404
1.9999985866989385
1.9999985858369096
1.9999985849738515
1.999998584109762
1.99999858324464
1.999998582378483
1.9999985815112897
1.999998580643058
1.9999985797737867
1.9999985789034727
1.9999985780321157
1.9999985771597122
1.9999985762862622
1.999998575411762
1.9999985745362119
1.999998573659607
1.9999985727819483
1.999998571903233
1.9999985710234585
1.9999985701426235
1.9999985692607267
1.9999985683777652
1.999998567493738
1.999998566608642
1.9999985657224766
1.9999985648352392
1.999998563946928
1.9999985630575416
1.999998562167077
1.9999985612755333
1.9999985603829071
1.999998559489199
1.9999985585944051
1.9999985576985235
1.9999985568015535
1.9999985559034916
1.9999985550043373
1.9999985541040874
1.9999985532027411
1.9999985523002957
1.9999985513967493
1.9999985504920996
1.999998549586346
1.999998548679485
1.999998547771514
1.999998546862434
1.9999985459522402
1.999998545040932
1.9999985441285064
1.9999985432149623
1.999998542300298
1.9999985413845096
1.9999985404675968
1.999998539549557
1.9999985386303882
1.9999985377100884
1.9999985367886555
1.9999985358660874
1.9999985349423823
1.9999985340175377
1.9999985330915522
1.9999985321644236
1.9999985312361486
1.9999985303067263
1.9999985293761549
1.9999985284444313
1.999998527511554
1.999998526577521
1.9999985256423303
1.999998524705979
1.9999985237684652
1.999998522829787
1.999998521889943
1.9999985209489304
1.9999985200067465
1.9999985190633895
1.9999985181188578
1.9999985171731491
1.999998516226261
1.9999985152781912
1.999998514328938
1.9999985133784988
1.9999985124268718
1.999998511474054
1.9999985105200444
1.9999985095648398
1.9999985086084386
1.9999985076508384
1.9999985066920365
1.9999985057320318
1.9999985047708215
1.9999985038084032
1.9999985028447749
1.9999985018799342
1.9999985009138788
1.999998499946607
1.9999984989781154
1.9999984980084027
1.9999984970374665
1.9999984960653048
1.9999984950919143
1.9999984941172944
1.9999984931414407
1.9999984921643532
1.9999984911860273
1.9999984902064623
1.9999984892256557
1.9999984882436046
1.9999984872603072
1.9999984862757605
1.999998485289963
1.9999984843029115
1.999998483314605
1.9999984823250394
1.9999984813342135
1.9999984803421251
1.9999984793487708
1.9999984783541493
1.999998477358257
1.9999984763610934
1.9999984753626545
1.9999984743629386
1.9999984733619425
1.999998472359665
1.9999984713561025
1.9999984703512534
1.9999984693451158
1.9999984683376855
1.9999984673289615
1.9999984663189407
1.9999984653076215
1.9999984642950002
1.9999984632810752
1.9999984622658435
1.9999984612493036
1.9999984602314518
1.9999984592122864
1.9999984581918044
1.9999984571700034
1.999998456146881
1.999998455122436
1.9999984540966638
1.999998453069562
1.99999845204113
1.9999984510113635
1.999998449980261
1.9999984489478186
1.9999984479140354
1.9999984468789074
1.999998445842433
1.9999984448046098
1.9999984437654343
1.9999984427249045
1.9999984416830168
1.99999844063977
1.9999984395951615
1.9999984385491876
1.9999984375018462
1.999998436453135
1.999998435403051
1.9999984343515913
1.9999984332987542
1.9999984322445352
1.9999984311889338
1.999998430131946
1.9999984290735693
1.9999984280138026
1.999998426952641
1.9999984258900825
1.9999984248261247
1.9999984237607638
1.9999984226939993
1.999998421625827
1.999998420556244
1.9999984194852487
1.9999984184128365
1.9999984173390064
1.9999984162637552
1.9999984151870802
1.9999984141089777
1.999998413029446
1.9999984119484815
1.999998410866082
1.9999984097822447
1.9999984086969667
1.999998407610245
1.9999984065220773
1.9999984054324593
1.99999840434139
1.9999984032488658
1.9999984021548838
1.9999984010594414
1.9999983999625348
1.9999983988641625
1.9999983977643205
1.9999983966630064
1.9999983955602176
1.999998394455951
1.9999983933502032
1.9999983922429723
1.9999983911342536
1.9999983900240461
1.9999983889123463
1.9999983877991505
1.9999983866844568
1.9999983855682615
1.9999983844505616
1.9999983833313544
1.9999983822106373
1.9999983810884066
1.9999983799646597
1.9999983788393936
1.999998377712605
1.9999983765842912
1.9999983754544484
1.9999983743230745
1.9999983731901663
1.9999983720557208
1.9999983709197346
1.9999983697822048
1.9999983686431277
1.999998367502501
1.9999983663603218
1.9999983652165865
1.999998364071292
1.9999983629244347
1.9999983617760124
1.9999983606260219
1.9999983594744597
1.9999983583213221
1.9999983571666065
1.9999983560103105
1.9999983548524298
1.9999983536929615
1.999998352531903
1.9999983513692494
1.9999983502049998
1.9999983490391495
1.9999983478716954
1.9999983467026345
1.999998345531964
1.9999983443596798
1.999998343185779
1.999998342010259
1.999998340833115
1.9999983396543453
1.9999983384739457
1.9999983372919128
1.9999983361082438
1.9999983349229349
1.9999983337359828
1.9999983325473851
1.9999983313571374
1.9999983301652364
1.9999983289716794
1.9999983277764624
1.999998326579582
1.9999983253810358
1.9999983241808188
1.9999983229789284
1.9999983217753619
1.9999983205701144
1.9999983193631838
1.9999983181545655
1.999998316944257
1.9999983157322547
1.9999983145185543
1.999998313303153
1.9999983120860472
1.9999983108672328
1.9999983096467076
1.999998308424467
1.9999983072005076
1.999998305974826
1.9999983047474188
1.999998303518283
1.9999983022874133
1.9999983010548075
1.9999982998204622
1.9999982985843725
1.9999982973465362
1.9999982961069485
1.9999982948656057
1.9999982936225058
1.9999982923776436
1.9999982911310161
1.999998289882619
1.9999982886324499
1.9999982873805036
1.9999982861267769
1.999998284871267
1.9999982836139691
1.9999982823548794
1.9999982810939954
1.9999982798313114
1.9999982785668253
1.9999982773005325
1.9999982760324297
1.999998274762513
1.9999982734907777
1.999998272217222
1.99999827094184
1.9999982696646295
1.9999982683855848
1.9999982671047034
1.999998265821981
1.9999982645374135
1.9999982632509985
1.9999982619627301
1.999998260672605
1.99999825938062
1.999998258086771
1.9999982567910526
1.9999982554934628
1.9999982541939965
1.9999982528926497
1.9999982515894192
1.9999982502843001
1.999998248977289
1.9999982476683815
1.999998246357574
1.9999982450448623
1.999998243730242
1.9999982424137088
1.9999982410952597
1.9999982397748903
1.9999982384525956
1.9999982371283722
1.999998235802216
1.9999982344741232
1.9999982331440882
1.9999982318121081
1.9999982304781787
1.9999982291422953
1.9999982278044548
1.9999982264646512
1.9999982251228814
1.9999982237791412
1.9999982224334263
1.9999982210857319
1.999998219736054
1.9999982183843885
1.9999982170307313
1.999998215675078
1.9999982143174235
1.9999982129577643
1.9999982115960964
1.9999982102324145
1.9999982088667145
1.9999982074989924
1.9999982061292434
1.999998204757464
1.9999982033836479
1.9999982020077922
1.9999982006298929
1.9999981992499438
1.9999981978679418
1.9999981964838816
1.9999981950977592
1.99999819370957
1.99999819231931
1.9999981909269735
1.9999981895325567
1.999998188136055
1.9999981867374643
1.9999981853367792
1.9999981839339953
1.9999981825291075
1.9999981811221126
1.9999981797130044
1.9999981783017795
1.9999981768884325
1.9999981754729592
1.9999981740553545
1.9999981726356133
1.999998171213732
1.9999981697897051
1.9999981683635284
1.999998166935196
1.999998165504704
1.999998164072048
1.999998162637223
1.9999981612002231
1.9999981597610448
1.9999981583196829
1.9999981568761318
1.9999981554303876
1.9999981539824447
1.9999981525322987
1.9999981510799447
1.9999981496253776
1.9999981481685918
1.999998146709583
1.999998145248347
1.9999981437848777
1.9999981423191704
1.9999981408512204
1.999998139381022
1.9999981379085712
1.9999981364338613
1.9999981349568885
1.9999981334776473
1.9999981319961329
1.9999981305123395
1.9999981290262632
1.9999981275378984
1.9999981260472386
1.9999981245542797
1.9999981230590171
1.9999981215614446
1.9999981200615577
1.9999981185593503
1.999998117054818
1.999998115547955
1.9999981140387562
1.9999981125272157
1.9999981110133287
1.9999981094970902
1.9999981079784945
1.9999981064575363
1.9999981049342104
1.9999981034085113
1.9999981018804334
1.999998100349971
1.9999980988171189
1.9999980972818718
1.9999980957442243
1.9999980942041702
1.999998092661705
1.999998091116823
1.999998089569518
1.9999980880197845
1.9999980864676177
1.9999980849130112
1.9999980833559596
1.999998081796457
1.9999980802344985
1.999998078670078
1.9999980771031898
1.9999980755338282
1.999998073961987
1.9999980723876618
1.9999980708108456
1.9999980692315331
1.9999980676497182
1.9999980660653955
1.999998064478559
1.9999980628892031
1.9999980612973212
1.9999980597029088
1.9999980581059582
1.9999980565064652
1.999998054904423
1.999998053299825
1.9999980516926668
1.9999980500829408
1.9999980484706423
1.9999980468557654
1.9999980452383024
1.9999980436182485
1.999998041995598
1.9999980403703435
1.9999980387424798
1.9999980371120003
1.9999980354788993
1.9999980338431702
1.9999980322048072
1.9999980305638037
1.9999980289201538
1.9999980272738511
1.9999980256248897
1.999998023973262
1.9999980223189635
1.9999980206619872
1.9999980190023254
1.999998017339974
1.999998015674925
1.9999980140071727
1.99999801233671
1.9999980106635316
1.9999980089876301
1.9999980073089991
1.999998005627632
1.999998003943523
1.9999980022566655
1.9999980005670517
1.999997998874676
1.9999979971795323
1.9999979954816127
1.9999979937809114
1.9999979920774211
1.9999979903711353
1.9999979886620476
1.9999979869501519
1.9999979852354401
1.9999979835179054
1.9999979817975417
1.9999979800743424
1.9999979783483006
1.9999979766194083
1.9999979748876597
1.9999979731530484
1.999997971415566
1.9999979696752062
1.9999979679319622
1.9999979661858276
1.9999979644367936
1.9999979626848545
1.9999979609300034
1.999997959172232
1.9999979574115345
1.9999979556479026
1.9999979538813306
1.9999979521118105
1.9999979503393346
1.9999979485638963
1.9999979467854883
1.999997945004103
1.9999979432197335
1.9999979414323725
1.9999979396420124
1.9999979378486454
1.9999979360522648
1.9999979342528633
1.9999979324504333
1.9999979306449667
1.999997928836457
1.9999979270248962
1.9999979252102764
1.9999979233925909
1.9999979215718315
1.9999979197479907
1.9999979179210603
1.9999979160910348
1.9999979142579034
1.9999979124216603
1.9999979105822983
1.9999979087398079
1.9999979068941827
1.9999979050454137
1.9999979031934947
1.9999979013384162
1.9999978994801713
1.999997897618752
1.9999978957541498
1.9999978938863572
1.9999978920153663
1.9999978901411684
1.9999978882637564
1.9999978863831218
1.9999978844992565
1.9999978826121518
1.9999978807218013
1.9999978788281945
1.9999978769313247
1.9999978750311835
1.9999978731277623
1.999997871221053
1.9999978693110474
1.9999978673977366
1.999997865481113
1.999997863561168
1.9999978616378928
1.9999978597112795
1.9999978577813196
1.9999978558480038
1.9999978539113243
1.9999978519712722
1.999997850027839
1.999997848081016
1.9999978461307952
1.999997844177167
1.9999978422201232
1.9999978402596545
1.9999978382957528
1.999997836328409
1.9999978343576146
1.999997832383361
1.9999978304056378
1.9999978284244375
1.9999978264397513
1.999997824451569
1.9999978224598822
1.9999978204646827
1.9999978184659604
1.999997816463706
1.999997814457911
1.9999978124485664
1.9999978104356626
1.99999780841919
1.9999978063991408
1.999997804375504
1.9999978023482716
1.9999978003174335
1.9999977982829806
1.9999977962449031
1.9999977942031917
1.9999977921578374
1.9999977901088304
1.999997788056161
1.9999977859998201
1.999997783939797
1.999997781876084
1.9999977798086692
1.9999977777375444
1.9999977756626992
1.9999977735841241
1.9999977715018094
1.9999977694157447
1.9999977673259208
1.9999977652323275
1.999997763134955
1.999997761033793
1.9999977589288318
1.9999977568200615
1.9999977547074714
1.9999977525910517
1.9999977504707924
1.9999977483466829
1.999997746218714
1.999997744086874
1.9999977419511534
1.9999977398115427
1.9999977376680294
1.9999977355206047
1.9999977333692585
1.9999977312139785
1.9999977290547561
1.9999977268915798
1.9999977247244396
1.999997722553324
1.9999977203782229
1.9999977181991253
1.9999977160160207
1.999997713828899
1.9999977116377483
1.999997709442558
1.9999977072433173
1.999997705040016
1.9999977028326414
1.9999977006211846
1.999997698405633
1.9999976961859756
1.9999976939622026
1.9999976917343012
1.9999976895022615
1.999997687266072
1.9999976850257206
1.9999976827811967
1.999997680532489
1.9999976782795856
1.9999976760224758
1.9999976737611471
1.9999976714955885
1.9999976692257888
1.999997666951736
1.9999976646734188
1.9999976623908244
1.9999976601039433
1.9999976578127603
1.9999976555172672
1.9999976532174502
1.9999976509132984
1.999997648604798
1.9999976462919384
1.9999976439747083
1.9999976416530936
1.9999976393270846
1.9999976369966663
1.9999976346618293
1.9999976323225592
1.9999976299788451
1.9999976276306741
1.9999976252780338
1.9999976229209113
1.999997620559296
1.999997618193173
1.9999976158225308
1.9999976134473572
1.999997611067639
1.999997608683363
1.9999976062945175
1.9999976039010896
1.9999976015030658
1.9999975991004333
1.99999759669318
1.9999975942812915
1.999997591864756
1.9999975894435602
1.9999975870176903
1.9999975845871336
1.9999975821518767
1.9999975797119067
1.9999975772672098
1.9999975748177732
1.9999975723635832
1.9999975699046253
1.999997567440888
1.9999975649723565
1.9999975624990167
1.9999975600208562
1.9999975575378597
1.9999975550500146
1.999997552557308
1.9999975500597236
1.9999975475572491
1.9999975450498693
1.999997542537572
1.9999975400203418
1.9999975374981644
1.9999975349710266
1.9999975324389134
1.9999975299018105
1.9999975273597035
1.999997524812578
1.9999975222604203
1.999997519703215
1.9999975171409479
1.9999975145736038
1.9999975120011688
1.9999975094236286
1.9999975068409663
1.9999975042531692
1.9999975016602214
1.9999974990621083
1.9999974964588147
1.999997493850325
1.9999974912366247
1.999997488617699
1.9999974859935314
1.9999974833641077
1.9999974807294114
1.9999974780894285
1.9999974754441423
1.9999974727935381
1.9999974701375993
1.999997467476311
1.9999974648096583
1.9999974621376233
1.999997459460191
1.9999974567773462
1.9999974540890726
1.9999974513953542
1.9999974486961742
1.999997445991517
1.9999974432813667
1.9999974405657064
1.9999974378445198
1.9999974351177903
1.9999974323855025
1.9999974296476384
1.9999974269041825
1.9999974241551175
1.9999974214004275
1.9999974186400946
1.9999974158741023
1.999997413102434
1.9999974103250724
1.9999974075420004
1.9999974047532012
1.9999974019586573
1.9999973991583517
1.999997396352266
1.999997393540384
1.9999973907226885
1.9999973878991606
1.9999973850697839
1.9999973822345394
1.9999973793934107
1.9999973765463799
1.9999973736934278
1.999997370834537
1.9999973679696907
1.9999973650988687
1.9999973622220546
1.9999973593392295
1.999997356450375
1.9999973535554718
1.9999973506545035
1.9999973477474504
1.999997344834293
1.9999973419150137
1.9999973389895935
1.9999973360580139
1.9999973331202558
1.999997330176299
1.9999973272261262
1.999997324269717
1.999997321307053
1.9999973183381141
1.9999973153628816
1.9999973123813357
1.999997309393457
1.9999973063992253
1.9999973033986216
1.999997300391626
1.9999972973782183
1.999997294358379
1.9999972913320885
1.999997288299325
1.9999972852600691
1.9999972822143013
1.9999972791620009
1.999997276103147
1.999997273037719
1.9999972699656972
1.9999972668870596
1.9999972638017869
1.9999972607098568
1.999997257611249
1.9999972545059428
1.9999972513939166
1.9999972482751494
1.99999724514962
1.9999972420173062
1.999997238878188
1.9999972357322424
1.9999972325794486
1.9999972294197843
1.9999972262532284
1.999997223079758
1.9999972198993519
1.9999972167119875
1.9999972135176427
1.999997210316295
1.9999972071079233
1.9999972038925031
1.9999972006700137
1.9999971974404311
1.9999971942037327
1.9999971909598961
1.9999971877088982
1.999997184450716
1.999997181185326
1.9999971779127053
1.9999971746328304
1.9999971713456781
1.9999971680512245
1.9999971647494459
1.999997161440319
1.9999971581238196
1.9999971547999231
1.9999971514686072
1.9999971481298462
1.9999971447836165
1.9999971414298936
1.9999971380686534
1.9999971346998702
1.9999971313235212
1.9999971279395794
1.9999971245480213
1.9999971211488212
1.9999971177419547
1.9999971143273967
1.9999971109051213
1.999997107475103
1.9999971040373163
1.9999971005917365
1.9999970971383363
1.9999970936770912
1.9999970902079744
1.9999970867309596
1.9999970832460214
1.9999970797531332
1.9999970762522679
1.9999970727433996
1.9999970692265017
1.9999970657015471
1.9999970621685093
1.9999970586273608
1.9999970550780755
1.9999970515206242
1.9999970479549807
1.9999970443811175
1.9999970407990073
1.999997037208621
1.9999970336099326
1.999997030002913
1.9999970263875344
1.999997022763768
1.9999970191315863
1.9999970154909599
1.999997011841861
1.9999970081842604
1.99999700451813
1.9999970008434398
1.9999969971601603
1.9999969934682638
1.99999698976772
1.999996986058499
1.9999969823405723
1.999996978613909
1.9999969748784794
1.9999969711342547
1.9999969673812028
1.9999969636192951
1.9999969598484992
1.9999969560687862
1.9999969522801244
1.9999969484824844
1.999996944675833
1.9999969408601415
1.999996937035376
1.9999969332015064
1.999996929358502
1.9999969255063292
1.9999969216449571
1.9999969177743542
1.9999969138944869
1.9999969100053248
1.9999969061068341
1.9999969021989825
1.9999968982817375
1.9999968943550657
1.999996890418934
1.9999968864733109
1.9999968825181607
1.999996878553451
1.9999968745791479
1.9999968705952178
1.9999968666016268
1.9999968625983404
1.9999968585853247
1.999996854562545
1.9999968505299668
1.9999968464875553
1.9999968424352756
1.9999968383730922
1.9999968343009706
1.9999968302188746
1.9999968261267702
1.9999968220246194
1.999996817912387
1.9999968137900381
1.999996809657536
1.9999968055148432
1.9999968013619231
1.9999967971987407
1.9999967930252578
1.9999967888414367
1.9999967846472415
1.999996780442634
1.999996776227576
1.9999967720020315
1.9999967677659605
1.9999967635193263
1.9999967592620893
1.9999967549942115
1.9999967507156546
1.9999967464263786
1.9999967421263456
1.9999967378155152
1.9999967334938493
1.9999967291613068
1.9999967248178487
1.9999967204634346
1.9999967160980248
1.9999967117215778
1.9999967073340545
1.9999967029354122
1.9999966985256112
1.9999966941046103
1.999996689672368
1.9999966852288416
1.9999966807739906
1.9999966763077721
1.9999966718301443
1.9999966673410652
1.999996662840491
1.99999665832838
1.9999966538046885
1.9999966492693733
1.9999966447223911
1.999996640163699
1.9999966355932501
1.9999966310110044
1.9999966264169142
1.9999966218109364
1.9999966171930268
1.9999966125631394
1.9999966079212295
1.9999966032672511
1.9999965986011587
1.9999965939229067
1.999996589232449
1.9999965845297396
1.9999965798147303
1.9999965750873763
1.9999965703476288
1.999996565595442
1.999996560830768
1.9999965560535578
1.9999965512637652
1.9999965464613403
1.9999965416462357
1.999996536818403
1.9999965319777924
1.9999965271243547
1.9999965222580407
1.9999965173788015
1.999996512486585
1.9999965075813426
1.9999965026630242
1.999996497731578
1.9999964927869527
1.9999964878290986
1.999996482857963
1.9999964778734947
1.999996472875641
1.99999646786435
1.9999964628395694
1.9999964578012466
1.9999964527493272
1.9999964476837588
1.9999964426044878
1.99999643751146
1.9999964324046209
1.9999964272839168
1.999996422149292
1.999996417000692
1.9999964118380618
1.999996406661345
1.9999964014704859
1.999996396265429
1.9999963910461163
1.999996385812493
1.9999963805644996
1.9999963753020806
1.9999963700251782
1.999996364733734
1.999996359427689
1.999996354106986
1.9999963487715648
1.9999963434213668
1.9999963380563326
1.999996332676402
1.999996327281515
1.9999963218716117
1.9999963164466301
1.99999631100651
1.9999963055511898
1.9999963000806067
1.9999962945947005
1.9999962890934067
1.9999962835766645
1.9999962780444098
1.9999962724965792
1.9999962669331088
1.9999962613539348
1.9999962557589928
1.999996250148217
1.9999962445215438
1.9999962388789065
1.9999962332202397
1.999996227545477
1.9999962218545524
1.9999962161473985
1.9999962104239473
1.9999962046841326
1.9999961989278856
1.999996193155137
1.9999961873658203
1.999996181559864
1.9999961757371996
1.9999961698977575
1.999996164041467
1.999996158168257
1.9999961522780574
1.999996146370796
1.999996140446402
1.9999961345048007
1.9999961285459227
1.999996122569692
1.999996116576037
1.999996110564884
1.999996104536157
1.9999960984897827
1.9999960924256859
1.999996086343791
1.9999960802440218
1.9999960741263016
1.9999960679905546
1.9999960618367028
1.9999960556646683
1.9999960494743745
1.9999960432657413
1.9999960370386907
1.9999960307931421
1.999996024529017
1.9999960182462346
1.9999960119447144
1.9999960056243742
1.9999959992851328
1.9999959929269084
1.9999959865496184
1.9999959801531786
1.9999959737375077
1.9999959673025192
1.99999596084813
1.9999959543742545
1.9999959478808074
1.9999959413677035
1.999995934834855
1.9999959282821753
1.9999959217095775
1.9999959151169733
1.9999959085042736
1.99999590187139
1.9999958952182333
1.9999958885447127
1.9999958818507388
1.9999958751362186
1.9999958684010626
1.999995861645177
1.9999958548684695
1.999995848070848
1.9999958412522174
1.9999958344124835
1.999995827551552
1.9999958206693267
1.9999958137657126
1.9999958068406125
1.9999957998939288
1.999995792925564
1.999995785935421
1.9999957789233993
1.9999957718894006
1.9999957648333238
1.999995757755069
1.999995750654535
1.9999957435316194
1.9999957363862197
1.9999957292182338
1.9999957220275568
1.9999957148140848
1.9999957075777126
1.9999957003183353
1.999995693035846
1.9999956857301382
1.9999956784011041
1.9999956710486355
1.9999956636726244
1.9999956562729597
1.999995648849533
1.999995641402232
1.9999956339309464
1.9999956264355634
1.9999956189159696
1.9999956113720525
1.9999956038036975
1.9999955962107894
1.9999955885932121
1.9999955809508505
1.9999955732835861
1.9999955655913015
1.999995557873879
1.9999955501311986
1.99999554236314
1.9999955345695832
1.9999955267504057
1.9999955189054857
1.9999955110347003
1.9999955031379255
1.9999954952150365
1.9999954872659087
1.999995479290415
1.9999954712884287
1.999995463259822
1.999995455204467
1.9999954471222334
1.999995439012991
1.99999543087661
1.9999954227129566
1.9999954145218999
1.9999954063033052
1.9999953980570389
1.9999953897829656
1.9999953814809481
1.9999953731508509
1.9999953647925361
1.9999953564058632
1.9999953479906944
1.999995339546888
1.999995331074303
1.999995322572798
1.9999953140422275
1.9999953054824489
1.999995296893316
1.9999952882746843
1.9999952796264058
1.9999952709483315
1.9999952622403145
1.9999952535022034
1.9999952447338472
1.9999952359350948
1.9999952271057928
1.9999952182457865
1.999995209354923
1.9999952004330441
1.9999951914799947
1.9999951824956153
1.9999951734797474
1.999995164432231
1.9999951553529038
1.9999951462416052
1.9999951370981717
1.999995127922437
1.999995118714237
1.9999951094734054
1.9999951001997733
1.999995090893172
1.9999950815534313
1.9999950721803816
1.9999950627738483
1.9999950533336588
1.999995043859639
1.9999950343516122
1.999995024809401
1.999995015232828
1.999995005621713
1.999994995975876
1.999994986295135
1.9999949765793055
1.999994966828204
1.999994957041645
1.9999949472194405
1.9999949373614032
1.9999949274673425
1.9999949175370688
1.999994907570388
1.999994897567109
1.9999948875270337
1.9999948774499678
1.9999948673357133
1.9999948571840709
1.999994846994841
1.9999948367678206
1.9999948265028074
1.9999948161995953
1.9999948058579795
1.9999947954777515
1.9999947850587028
1.9999947746006228
1.9999947641032998
1.9999947535665188
1.9999947429900664
1.999994732373725
1.9999947217172767
1.9999947110205012
1.9999947002831784
1.9999946895050842
1.999994678685995
1.999994667825685
1.999994656923925
1.9999946459804867
1.9999946349951392
1.999994623967649
1.999994612897782
1.999994601785302
1.9999945906299719
1.9999945794315512
1.9999945681897986
1.9999945569044717
1.9999945455753254
1.9999945342021126
1.9999945227845852
1.999994511322493
1.999994499815583
1.9999944882636016
1.999994476666293
1.9999944650234
1.999994453334662
1.9999944415998174
1.999994429818603
1.999994417990752
1.9999944061159982
1.9999943941940712
1.9999943822247006
1.9999943702076104
1.9999943581425266
1.9999943460291707
1.9999943338672632
1.9999943216565228
1.9999943093966632
1.9999942970873996
1.9999942847284427
1.9999942723195028
1.9999942598602851
1.9999942473504961
1.9999942347898372
1.9999942221780096
1.9999942095147107
1.9999941967996355
1.9999941840324784
1.9999941712129294
1.9999941583406764
1.9999941454154067
1.999994132436804
1.9999941194045476
1.9999941063183175
1.9999940931777898
1.9999940799826375
1.999994066732532
1.9999940534271414
1.999994040066132
1.9999940266491651
1.9999940131759038
1.999993999646004
1.9999939860591212
1.9999939724149085
1.999993958713014
1.9999939449530852
1.9999939311347663
1.9999939172576973
1.9999939033215177
1.9999938893258618
1.9999938752703614
1.999993861154647
1.999993846978344
1.9999938327410767
1.999993818442464
1.9999938040821237
1.9999937896596693
1.9999937751747126
1.99999376062686
1.9999937460157173
1.9999937313408844
1.99999371660196
1.999993701798538
1.99999368693021
1.9999936719965643
1.9999936569971837
1.9999936419316506
1.9999936267995417
1.9999936116004313
1.99999359633389
1.9999935809994833
1.9999935655967753
1.9999935501253254
1.9999935345846893
1.999993518974418
1.9999935032940606
1.999993487543161
1.9999934717212606
1.999993455827894
1.9999934398625954
1.9999934238248924
1.9999934077143104
1.9999933915303685
1.9999933752725847
1.9999933589404697
1.9999933425335328
1.9999933260512757
1.9999933094931996
1.9999932928587982
1.9999932761475627
1.99999325935898
1.9999932424925304
1.9999932255476918
1.999993208523936
1.9999931914207318
1.9999931742375425
1.999993156973825
1.9999931396290345
1.9999931222026186
1.9999931046940227
1.9999930871026845
1.9999930694280381
1.9999930516695132
1.9999930338265326
1.9999930158985155
1.9999929978848745
1.9999929797850189
1.9999929615983494
1.9999929433242654
1.9999929249621577
1.999992906511412
1.9999928879714104
1.999992869341526
1.9999928506211309
1.9999928318095859
1.9999928129062496
1.9999927939104742
1.9999927748216046
1.9999927556389818
1.9999927363619376
1.999992716989801
1.9999926975218916
1.999992677957526
1.9999926582960112
1.9999926385366487
1.999992618678735
1.9999925987215579
1.9999925786643997
1.9999925585065357
1.9999925382472343
1.9999925178857565
1.9999924974213563
1.9999924768532817
1.999992456180772
1.9999924354030598
1.9999924145193713
1.9999923935289232
1.9999923724309276
1.9999923512245847
1.9999923299090916
1.9999923084836337
1.999992286947392
1.999992265299536
1.99999224353923
1.999992221665628
1.9999921996778773
1.9999921775751162
1.9999921553564737
1.999992133021071
1.99999211056802
1.9999920879964246
1.9999920653053804
1.9999920424939714
1.9999920195612744
1.9999919965063562
1.9999919733282758
1.9999919500260805
1.9999919265988082
1.9999919030454893
1.9999918793651414
1.999991855556774
1.9999918316193859
1.999991807551967
1.999991783353494
1.9999917590229346
1.9999917345592466
1.9999917099613769
1.9999916852282604
1.999991660358821
1.9999916353519733
1.9999916102066184
1.9999915849216463
1.999991559495936
1.9999915339283558
1.9999915082177593
1.9999914823629912
1.9999914563628802
1.9999914302162467
1.9999914039218945
1.9999913774786184
1.9999913508851983
1.9999913241404006
1.9999912972429803
1.9999912701916769
1.9999912429852182
1.9999912156223165
1.9999911881016714
1.9999911604219687
1.9999911325818773
1.9999911045800547
1.9999910764151425
1.9999910480857657
1.999991019590537
1.9999909909280524
1.9999909620968925
1.9999909330956214
1.9999909039227879
1.9999908745769253
1.99999084505655
1.9999908153601602
1.9999907854862398
1.9999907554332539
1.9999907251996503
1.9999906947838608
1.9999906641842966
1.9999906333993538
1.9999906024274086
1.9999905712668176
1.9999905399159215
1.999990508373039
1.9999904766364702
1.999990444704497
1.9999904125753787
1.9999903802473569
1.9999903477186516
1.9999903149874612
1.9999902820519646
1.9999902489103174
1.9999902155606553
1.9999901820010901
1.999990148229713
1.9999901142445915
1.9999900800437693
1.9999900456252693
1.9999900109870867
1.9999899761271969
1.9999899410435478
1.9999899057340629
1.9999898701966428
1.9999898344291585
1.9999897984294597
1.9999897621953655
1.9999897257246715
1.999989689015144
1.9999896520645235
1.9999896148705205
1.999989577430819
1.9999895397430727
1.999989501804907
1.999989463613917
1.999989425167668
1.9999893864636944
1.9999893474994999
1.9999893082725546
1.9999892687803003
1.9999892290201415
1.9999891889894534
1.9999891486855763
1.9999891081058152
1.9999890672474414
1.9999890261076907
1.9999889846837635
1.9999889429728226
1.9999889009719947
1.999988858678368
1.9999888160889945
1.9999887732008848
1.9999887300110109
1.9999886865163057
1.9999886427136602
1.999988598599924
1.9999885541719047
1.9999885094263676
1.9999884643600325
1.9999884189695785
1.9999883732516364
1.999988327202792
1.9999882808195852
1.9999882340985085
1.9999881870360061
1.9999881396284722
1.9999880918722535
1.9999880437636437
1.9999879952988862
1.9999879464741723
1.9999878972856395
1.9999878477293702
1.9999877978013942
1.999987747497682
1.999987696814149
1.9999876457466523
1.9999875942909897
1.9999875424428988
1.999987490198055
1.999987437552074
1.9999873845005043
1.999987331038834
1.9999872771624816
1.9999872228668014
1.9999871681470787
1.9999871129985294
1.9999870574162981
1.9999870013954593
1.9999869449310117
1.9999868880178822
1.9999868306509203
1.9999867728248975
1.999986714534508
1.999986655774365
1.9999865965390005
1.999986536822861
1.999986476620312
1.999986415925629
1.9999863547330008
1.9999862930365278
1.9999862308302152
1.9999861681079802
1.9999861048636396
1.9999860410909163
1.999985976783434
1.9999859119347156
1.9999858465381821
1.9999857805871477
1.9999857140748214
1.9999856469943043
1.9999855793385841
1.9999855111005373
1.9999854422729237
1.9999853728483867
1.9999853028194472
1.9999852321785065
1.9999851609178383
1.9999850890295907
1.9999850165057798
1.9999849433382897
1.9999848695188691
1.9999847950391267
1.9999847198905332
1.9999846440644116
1.9999845675519383
1.9999844903441417
1.9999844124318944
1.9999843338059118
1.9999842544567517
1.9999841743748055
1.9999840935503002
1.9999840119732888
1.9999839296336543
1.999983846521098
1.99998376262514
1.9999836779351157
1.9999835924401694
1.999983506129252
1.9999834189911143
1.9999833310143056
1.9999832421871677
1.9999831524978284
1.9999830619342005
1.9999829704839744
1.9999828781346136
1.9999827848733498
1.9999826906871756
1.9999825955628436
1.9999824994868565
1.9999824024454622
1.9999823044246487
1.9999822054101388
1.9999821053873814
1.999982004341548
1.9999819022575231
1.9999817991198998
1.999981694912971
1.9999815896207225
1.9999814832268288
1.99998137571464
1.9999812670671784
1.999981157267127
1.9999810462968257
1.9999809341382562
1.9999808207730414
1.9999807061824284
1.9999805903472845
1.999980473248085
1.9999803548649042
1.9999802351774059
1.9999801141648306
1.9999799918059877
1.9999798680792409
1.9999797429625004
1.9999796164332075
1.999979488468326
1.999979359044325
1.9999792281371707
1.9999790957223098
1.9999789617746564
1.999978826268578
1.9999786891778808
1.999978550475795
1.9999784101349567
1.9999782681273945
1.9999781244245112
1.9999779789970669
1.9999778318151615
1.9999776828482134
1.9999775320649456
1.9999773794333617
1.999977224920727
1.9999770684935467
1.9999769101175455
1.9999767497576433
1.9999765873779325
1.999976422941654
1.9999762564111734
1.9999760877479513
1.9999759169125206
1.9999757438644574
1.99997556856235
1.9999753909637734
1.9999752110252533
1.999975028702239
1.999974843949068
1.9999746567189298
1.9999744669638335
1.9999742746345697
1.9999740796806704
1.999973882050372
1.999973681690571
1.9999734785467858
1.9999732725631052
1.9999730636821476
1.9999728518450133
1.9999726369912292
1.999972419058702
1.9999721979836635
1.9999719737006112
1.999971746142255
1.9999715152394526
1.9999712809211472
1.9999710431143023
1.9999708017438345
1.99997055673254
1.999970308001022
1.9999700554676114
1.9999697990482892
1.9999695386566
1.999969274203566
1.9999690055975934
1.9999687327443816
1.9999684555468176
1.999968173904878
1.9999678877155167
1.999967596872553
1.9999673012665538
1.999967000784708
1.999966695310701
1.999966384724575
1.9999660689025902
1.9999657477170758
1.999965421036277
1.9999650887241889
1.9999647506403901
1.999964406639863
1.9999640565728067
1.9999637002844421
1.999963337614806
1.9999629683985367
1.9999625924646443
1.9999622096362764
1.9999618197304692
1.9999614225578795
1.9999610179225167
1.9999606056214443
1.9999601854444828
1.9999597571738807
1.9999593205839812
1.999958875440863
1.999958421501965
1.9999579585156908
1.999957486220988
1.9999570043469082
1.9999565126121435
1.9999560107245287
1.9999554983805246
1.999954975264667
1.9999544410489825
1.9999538953923761
1.9999533379399725
1.9999527683224303
1.9999521861552039
1.999951591037769
1.999950982552794
1.999950360265265
1.9999497237215533
1.9999490724484255
1.9999484059519874
1.9999477237165653
1.9999470252035079
1.9999463098499135
1.999945577067276
1.9999448262400252
1.9999440567239906
1.9999432678447377
1.9999424588958035
1.9999416291368
1.9999407777913898
1.9999399040451091
1.9999390070430374
1.999938085887296
1.9999371396343577
1.9999361672921574
1.999935167816981
1.9999341401101156
1.9999330830142368
1.9999319953095152
1.9999308757094054
1.9999297228560982
1.9999285353156022
1.9999273115724132
1.9999260500237315
1.999924748973198
1.999923406624074
1.999922021071838
1.9999205902961117
1.999919112151865
1.9999175843598225
1.9999160044959636
1.9999143699800548
1.9999126780630718
1.999910925813406
1.9999091101017161
1.9999072275842589
1.9999052746845314
1.9999032475730105
1.9999011421447728
1.9998989539947187
1.999896678390112
1.9998943102400843
1.9998918440617097
1.9998892739422032
1.9998865934967047
1.999883795821068
1.9998808734389215
1.9998778182422163
1.9998746214242944
1.9998712734043707
1.9998677637421356
1.9998640810409405
1.9998602128377683
1.9998561454778563
1.9998518639714398
1.9998473518295874
1.9998425908755346
1.999837561027165
1.9998322400454087
1.9998266032422412
1.9998206231405529
1.9998142690764915
1.9998075067326961
1.9998002975881366
1.9997925982668179
1.9997843597631972
1.999775526516474
1.9997660352985407
1.999755813870777
1.9997447793521783
1.999732836224519
1.9997198738776947
1.999705763567952
1.9996903546200713
1.9996734696471148
1.9996548984810096
1.9996343903935958
1.9996116440247533
1.999586294196919
1.999557894444366
1.9995258935574607
1.9994896036320444
1.9994481558452997
1.999400438145976
1.9993450057029758
1.9992799492982496
1.9992026969629852
1.9991097062381642
1.9989959705866167
1.9988541963664412
1.9986733660094462
1.9984360874297886
1.998113362561996
1.9976533477658276
1.9969543955884785
1.9957899680859004
1.9935486695211668
1.9879466716511711
1.9605559625142677
0.5467707141575705
0.0010094272985722763
0.04691308540656399
9.798035060785157E-6
The correct rate for BP: 100.00% 
