2.703926521780351
2.499919450849932
2.499944484236191
2.49994637013881
2.4999458567248505
2.4999450087463098
2.499944091506886
2.4999431392822284
2.499942155460309
2.4999411392126047
2.4999400890638865
2.499939003364766
2.49993788034811
2.4999367181289363
2.4999355146959883
2.4999342679013408
2.499932975448819
2.499931634881208
2.4999302435661295
2.499928798680423
2.499927297192852
2.499925735844914
2.4999241111295225
2.499922419267266
2.4999206561799423
2.4999188174609785
2.49991689834232
2.4999148936572855
2.499912797798811
2.499910604672408
2.4999083076430493
2.4999058994750523
2.499903372263878
2.499900717358565
2.4998979252732623
2.499894985586087
2.499891886823118
2.4998886163249865
2.499885160092945
2.4998815026107026
2.4998776266375002
2.499873512966928
2.499869140144783
2.4998644841376962
2.499859517942369
2.499854211122759
2.49984852925946
2.499842433291469
2.499835878725318
2.4998288146797694
2.4998211827253294
2.499812915466024
2.4998039347951027
2.499794149735071
2.499783453743529
2.499771721326523
2.4997588037458827
2.499744523529296
2.4997286673812495
2.4997109769332133
2.4996911365374714
2.4996687569606233
2.4996433533052076
2.499614314673396
2.499580861803056
2.4995419868363546
2.4994963659569374
2.4994422298053784
2.4993771663493534
2.49929781225542
2.4991993534792676
2.4990746855594383
2.4989129366081744
2.4986967254650994
2.4983967264731435
2.4979599745511307
2.497281894398227
2.4961291409624637
2.4938780171367294
2.4882745515173683
2.4633498977910024
1.034112573511357
0.40034562454847145
0.00852995064026835
9.293146536177724E-6
The correct rate for BP: 100.00% 
