1.6422257661855486
0.7003199078712437
0.41265279790711695
0.14663717828792766
0.08575472237566222
0.05862700119892675
0.04402629955629862
0.03521500882452419
0.029288413939725155
0.025008029259101394
0.021772344775411394
0.019244715625350243
0.017218795237852
0.015560777292745733
0.014180228820628965
0.013013918711884113
0.012016344750700519
0.011153948080317638
0.010401449477907323
0.009739453859010767
0.009152839376246131
0.008629647114146268
0.008160299026761325
0.007737036371161261
0.007353509474820789
0.007004473383978819
0.006685558884554545
0.006393098024994207
0.006123989615406218
0.005875594433391106
0.005645652770919752
0.005432218969197897
0.005233609003459823
0.005048358187773765
0.004875186797077664
0.00471297193414105
0.00456072436028676
0.004417569299983259
0.004282730448352737
0.004155516576640298
0.00403531025759035
0.003921558330436419
0.0038137638010751055
0.0037114789322719175
0.0036142993253677493
0.003521858831847355
0.0034338251624995153
0.0033498960854051905
0.003269796122907714
0.003193273673018589
0.003120098493148047
0.0030500594942013183
0.0029829628014088273
0.002918630045114595
0.0028568968504179256
0.002797611499270036
0.0027406337425490424
0.0026858337429161595
0.0026330911320076953
0.002582294167833659
0.0025333389802104983
0.00248612889371265
0.0024405738190357486
0.002396589704864227
0.0023540980433614076
0.0023130254232781194
0.0022733031254308688
0.0022348667559494917
0.002197655913255596
0.0021616138852176836
0.002126687373349702
0.002092826241285321
0.0020599832850785728
0.002028114023159037
0.001997176504013161
0.0019671311298756437
0.0019379404949019612
0.0019095692364570094
0.0018819838983001752
0.001855152804574102
0.001829045943617903
0.0018036348607252369
0.0017788925590563971
0.0017547934079922632
0.0017313130582881186
0.00170842836344747
0.0016861173067920924
0.0016643589337538237
0.00164313328895844
0.0016224213577116762
0.001602205011533209
0.0015824669574166406
0.0015631906905222877
0.0015443604500356143
0.001525961177947638
0.0015079784805348423
0.0014903985923350033
0.0014732083424329882
0.0014563951228859378
0.001439946859131582
0.0014238519822363863
0.0014080994028517002
0.0013926784867569462
0.0013775790318784921
0.001362791246681625
0.0013483057298411185
0.0013341134511033156
0.0013202057332591757
0.0013065742351541054
0.0012932109356657033
0.001280108118586047
0.0012672583583495673
0.0012546545065520508
0.0012422896792101306
0.0012301572447145255
0.0012182508124333742
0.0012065642219251799
0.0011950915327239278
0.0011838270146612394
0.0011727651386929817
0.0011619005682001787
0.0011512281507357308
0.001140742910190751
0.0011304400393558213
0.0011203148928541995
0.0011103629804256148
0.0011005799605403911
0.0010909616343254016
0.0010815039397840923
0.0010722029462941634
0.0010630548493676657
0.0010540559656588286
0.0010452027282063616
0.0010364916818972716
0.0010279194791404651
0.0010194828757388666
0.0010111787269495296
0.0010030039837218747
9.949556891047468E-4
9.870309748135444E-4
9.792270579491956E-4
9.715412378611753E-4
9.639708931473774E-4
9.565134787837696E-4
9.491665233775136E-4
9.419276265373213E-4
9.347944563552898E-4
9.277647469947673E-4
9.20836296379068E-4
9.140069639761748E-4
9.072746686748645E-4
9.006373867477832E-4
8.940931498975443E-4
8.876400433817023E-4
8.8127620421314E-4
8.749998194322488E-4
8.688091244475763E-4
8.627024014418988E-4
8.566779778406601E-4
8.507342248399672E-4
8.448695559914839E-4
8.390824258416711E-4
8.333713286229873E-4
8.277347969946685E-4
8.221714008310478E-4
8.166797460552344E-4
8.112584735162037E-4
8.059062579075057E-4
8.006218067257034E-4
7.954038592669183E-4
7.902511856598532E-4
7.851625859337623E-4
7.801368891199223E-4
7.751729523851582E-4
7.702696601961439E-4
7.654259235132579E-4
7.606406790126689E-4
7.559128883356059E-4
7.512415373636769E-4
7.466256355192011E-4
7.420642150895331E-4
7.375563305744622E-4
7.331010580557322E-4
7.286974945878754E-4
7.243447576094551E-4
7.2004198437397E-4
7.157883313996818E-4
7.115829739375365E-4
7.074251054566585E-4
7.033139371465582E-4
6.992486974355715E-4
6.952286315248343E-4
6.912530009372791E-4
6.873210830810019E-4
6.834321708265461E-4
6.795855720975917E-4
6.757806094744995E-4
6.72016619810269E-4
6.682929538584991E-4
6.646089759128679E-4
6.609640634577319E-4
6.573576068294658E-4
6.53789008888111E-4
6.502576846990631E-4
6.467630612243357E-4
6.433045770231289E-4
6.398816819613822E-4
6.364938369299419E-4
6.33140513571166E-4
6.298211940134752E-4
6.265353706138374E-4
6.232825457076731E-4
6.200622313660909E-4
6.168739491601412E-4
6.137172299318466E-4
6.105916135718243E-4
6.074966488032504E-4
6.044318929719531E-4
6.013969118424419E-4
5.983912793997126E-4
5.954145776565395E-4
5.924663964662253E-4
5.895463333404869E-4
5.866539932724033E-4
5.837889885642447E-4
5.809509386599893E-4
5.781394699824301E-4
5.753542157747164E-4
5.725948159461406E-4
5.698609169220998E-4
5.67152171498094E-4
5.644682386975759E-4
5.6180878363363E-4
5.591734773742603E-4
5.565619968112544E-4
5.539740245324851E-4
5.514092486975269E-4
5.488673629165451E-4
5.463480661322656E-4
5.438510625050295E-4
5.41376061300798E-4
5.389227767819932E-4
5.364909281011262E-4
5.340802391971682E-4
5.316904386944371E-4
5.293212598041465E-4
5.269724402283191E-4
5.246437220661649E-4
5.223348517227456E-4
5.200455798199116E-4
5.177756611094331E-4
5.155248543882638E-4
5.132929224158776E-4
5.110796318335993E-4
5.088847530859285E-4
5.067080603437127E-4
5.045493314292108E-4
5.024083477429571E-4
5.002848941922959E-4
4.981787591217345E-4
4.960897342448386E-4
4.940176145777887E-4
4.919621983744964E-4
4.899232870632118E-4
4.8790068518463406E-4
4.858942003314565E-4
4.8390364308931053E-4
4.8192882697904656E-4
4.7996956840038114E-4
4.78025686576803E-4
4.7609700350176456E-4
4.741833438860439E-4
4.72284535106366E-4
4.704004071551157E-4
4.685307925912413E-4
4.666755264922028E-4
4.648344464070335E-4
4.6300739231040794E-4
4.6119420655777485E-4
4.593947338414253E-4
4.5760882114755374E-4
4.5583631771427366E-4
4.540770749905196E-4
4.5233094659584915E-4
4.505977882811481E-4
4.4887745789013795E-4
4.4716981532173013E-4
4.4547472249320845E-4
4.437920433041585E-4
4.421216436011992E-4
4.4046339114343886E-4
4.3881715556867663E-4
4.371828083603082E-4
4.3556022281493695E-4
4.339492740106423E-4
4.3234983877592584E-4
4.3076179565930384E-4
4.2918502489952044E-4
4.276194083963744E-4
4.260648296821692E-4
4.2452117389370594E-4
4.2298832774489737E-4
4.214661794998967E-4
4.199546189468009E-4
4.184535373718612E-4
4.169628275342561E-4
4.15482383641316E-4
4.1401210132428843E-4
4.125518776145507E-4
4.111016109203406E-4
4.0966120100390115E-4
4.082305489591193E-4
4.0680955718955654E-4
4.053981293869726E-4
4.039961705102114E-4
4.026035867645512E-4
4.012202855814E-4
3.9984617559843074E-4
3.9848116664008715E-4
3.9712516969845284E-4
3.957780969145085E-4
3.944398615597267E-4
3.93110378018038E-4
3.917895617681195E-4
3.904773293660466E-4
3.891735984282429E-4
3.878782876147716E-4
3.865913166129366E-4
3.8531260612117795E-4
3.840420778333043E-4
3.8277965442297314E-4
3.815252595284795E-4
3.8027881773784066E-4
3.7904025457413513E-4
3.778094964811234E-4
3.765864708091142E-4
3.7537110580112393E-4
3.741633305792474E-4
3.729630751313165E-4
3.71770270297759E-4
3.705848477587402E-4
3.694067400214888E-4
3.682358804078921E-4
3.6707220304228955E-4
3.659156428394872E-4
3.647661354929943E-4
3.636236174634606E-4
3.6248802596732356E-4
3.61359298965652E-4
3.6023737515318165E-4
3.591221939475607E-4
3.580136954787601E-4
3.569118205786995E-4
3.5581651077101046E-4
3.5472770826102144E-4
3.536453559258809E-4
3.525693973048833E-4
3.514997765899305E-4
3.5043643861617396E-4
3.4937932885282207E-4
3.4832839339408317E-4
3.4728357895029075E-4
3.462448328391478E-4
3.4521210297715384E-4
3.441853378711464E-4
3.4316448660999283E-4
3.421494988564427E-4
3.4114032483907754E-4
3.401369153444433E-4
3.3913922170926154E-4
3.38147195812811E-4
3.3716079006941845E-4
3.3617995742107063E-4
3.352046513301492E-4
3.342348257723057E-4
3.3327043522940914E-4
3.3231143468266504E-4
3.3135777960578304E-4
3.3040942595831066E-4
3.2946633017906605E-4
3.2852844917962765E-4
3.275957403379959E-4
3.2666816149231676E-4
3.2574567093470987E-4
3.248282274052075E-4
3.2391579008578323E-4
3.230083185944784E-4
3.221057729796073E-4
3.212081137140798E-4
3.203153016897992E-4
3.1942729821213316E-4
3.185440649945149E-4
3.1766556415306385E-4
3.167917582013665E-4
3.1592261004527173E-4
3.150580829778174E-4
3.141981406741869E-4
3.1334274718679256E-4
3.1249186694040784E-4
3.1164546472736937E-4
3.10803505702866E-4
3.0996595538031283E-4
3.0913277962674564E-4
3.083039446583549E-4
3.074794170360252E-4
3.066591636609873E-4
3.0584315177050386E-4
3.050313489336342E-4
3.042237230470851E-4
3.0342024233106E-4
3.026208753252551E-4
3.018255908848391E-4
3.010343581765427E-4
3.002471466747868E-4
2.994639261578573E-4
2.9868466670417105E-4
2.979093386885596E-4
2.971379127786182E-4
2.963703599311377E-4
2.956066513885391E-4
2.9484675867539624E-4
2.9409065359499816E-4
2.93338308225964E-4
2.9258969491889543E-4
2.9184478629310255E-4
2.911035552333456E-4
2.90365974886642E-4
2.8963201865913094E-4
2.8890166021294404E-4
2.8817487346317623E-4
2.8745163257483657E-4
2.8673191195989554E-4
2.8601568627435286E-4
2.853029304153328E-4
2.845936195182534E-4
2.838877289540072E-4
2.831852343261849E-4
2.8248611146837086E-4
2.8179033644142303E-4
2.8109788553082674E-4
2.8040873524408865E-4
2.7972286230813873E-4
2.7904024366679815E-4
2.783608564782624E-4
2.776846781126218E-4
2.77011686149431E-4
2.763418583752964E-4
2.7567517278149925E-4
2.750116075616541E-4
2.7435114110939727E-4
2.736937520161119E-4
2.7303941906868913E-4
2.723881212472821E-4
2.717398377231484E-4
2.710945478564809E-4
2.704522311942763E-4
2.6981286746823816E-4
2.6917643659271075E-4
2.685429186626195E-4
2.67912293951472E-4
2.672845429093609E-4
2.666596461609941E-4
2.6603758450376863E-4
2.6541833890585587E-4
2.648018905043036E-4
2.641882206031964E-4
2.635773106717939E-4
2.629691423427431E-4
2.6236369741026327E-4
2.617609578284072E-4
2.6116090570929145E-4
2.6056352332140076E-4
2.5996879308787176E-4
2.593766975848346E-4
2.587872195397303E-4
2.582003418297155E-4
2.576160474800268E-4
2.570343196623931E-4
2.564551416934689E-4
2.5587849703328743E-4
2.553043692837124E-4
2.547327421869474E-4
2.541635996240425E-4
2.535969256134075E-4
2.530327043093667E-4
2.524709200007206E-4
2.519115571093292E-4
2.5135460018872E-4
2.508000339226838E-4
2.50247843123939E-4
2.4969801273275075E-4
2.491505278156369E-4
2.4860537356401907E-4
2.480625352929483E-4
2.475219984398079E-4
2.469837485630594E-4
2.464477713409837E-4
2.459140525704468E-4
2.453825781656812E-4
2.4485333415709046E-4
2.443263066900312E-4
2.4380148202367787E-4
2.4327884652982628E-4
2.4275838669176068E-4
2.4224008910313273E-4
2.4172394046681023E-4
2.4120992759380126E-4
2.4069803740215493E-4
2.4018825691587417E-4
2.3968057326384087E-4
2.3917497367880537E-4
2.3867144549628285E-4
2.3816997615357612E-4
2.3767055318873722E-4
2.3717316423956718E-4
2.366777970426184E-4
2.3618443943222752E-4
2.3569307933953468E-4
2.352037047915346E-4
2.3471630391012305E-4
2.3423086491116768E-4
2.3374737610358192E-4
2.3326582588841465E-4
2.3278620275794863E-4
2.3230849529479633E-4
2.3183269217104475E-4
2.3135878214735012E-4
2.3088675407211071E-4
2.3041659688059342E-4
2.2994829959410707E-4
2.2948185131915218E-4
2.2901724124662164E-4
2.2855445865097344E-4
2.280934928894382E-4
2.276343334012133E-4
2.2717696970668615E-4
2.2672139140666406E-4
2.2626758818158983E-4
2.2581554979080696E-4
2.2536526607178726E-4
2.2491672693940578E-4
2.244699223852063E-4
2.2402484247666538E-4
2.235814773564936E-4
2.2313981724191354E-4
2.226998524239719E-4
2.2226157326682834E-4
2.2182497020709326E-4
2.213900337531395E-4
2.2095675448443485E-4
2.205251230508778E-4
2.2009513017214364E-4
2.1966676663704612E-4
2.1924002330288262E-4
2.1881489109481714E-4
2.1839136100523942E-4
2.179694240931519E-4
2.175490714835669E-4
2.17130294366886E-4
2.1671308399830784E-4
2.162974316972404E-4
2.1588332884670236E-4
2.1547076689275993E-4
2.1505973734394418E-4
2.1465023177067962E-4
2.1424224180473765E-4
2.138357591386668E-4
2.134307755252533E-4
2.1302728277698143E-4
2.1262527276547764E-4
2.1222473742099954E-4
2.11825668731911E-4
2.1142805874414296E-4
2.1103189956069894E-4
2.106371833411296E-4
2.1024390230105008E-4
2.098520487116151E-4
2.0946161489905258E-4
2.0907259324415915E-4
2.0868497618182672E-4
2.0829875620055434E-4
2.0791392584199275E-4
2.0753047770045665E-4
2.0714840442248217E-4
2.0676769870635415E-4
2.0638835330166565E-4
2.0601036100885786E-4
2.0563371467878337E-4
2.0525840721226742E-4
2.0488443155967565E-4
2.0451178072047912E-4
2.0414044774283522E-4
2.037704257231548E-4
2.034017078057076E-4
2.0303428718218636E-4
2.0266815709131026E-4
2.023033108184224E-4
2.0193974169509447E-4
2.0157744309871021E-4
2.012164084521072E-4
2.0085663122315352E-4
2.0049810492438864E-4
2.0014082311264127E-4
1.9978477938864135E-4
1.994299673966596E-4
1.9907638082413627E-4
1.9872401340131546E-4
1.9837285890088083E-4
1.9802291113760602E-4
1.9767416396800162E-4
1.9732661128994976E-4
1.9698024704238064E-4
1.9663506520490866E-4
1.9629105979750744E-4
1.959482248801673E-4
1.956065545525589E-4
1.9526604295371162E-4
1.949266842616827E-4
1.9458847269323757E-4
1.9425140250351817E-4
1.9391546798574682E-4
1.9358066347089362E-4
1.9324698332737588E-4
1.929144219607467E-4
1.925829738133995E-4
1.9225263336424383E-4
1.9192339512843774E-4
1.9159525365706703E-4
1.9126820353686908E-4
1.9094223938992958E-4
1.9061735587340027E-4
1.902935476792283E-4
1.899708095338491E-4
1.8964913619793318E-4
1.8932852246608242E-4
1.8900896316659084E-4
1.886904531611362E-4
1.883729873445497E-4
1.8805656064451717E-4
1.8774116802133798E-4
1.874268044676492E-4
1.871134650081865E-4
1.8680114469950553E-4
1.864898386297476E-4
1.861795419183743E-4
1.858702497159359E-4
1.8556195720381035E-4
1.8525465959396353E-4
1.849483521287135E-4
1.8464303008048366E-4
1.8433868875156987E-4
1.840353234739064E-4
1.8373292960883388E-4
1.8343150254686134E-4
1.8313103770744674E-4
1.8283153053877526E-4
1.8253297651752188E-4
1.82235371148632E-4
1.8193870996511502E-4
1.8164298852781612E-4
1.8134820242519538E-4
1.810543472731252E-4
1.8076141871467408E-4
1.8046941241990153E-4
1.8017832408563403E-4
1.798881494352792E-4
1.7959888421861244E-4
1.7931052421157458E-4
1.7902306521607375E-4
1.7873650305978166E-4
1.7845083359594696E-4
1.7816605270318698E-4
1.7788215628531442E-4
1.7759914027112056E-4
1.773170006142044E-4
1.7703573329278218E-4
1.7675533430949362E-4
1.764757996912256E-4
1.7619712548891994E-4
1.7591930777740688E-4
1.7564234265521057E-4
1.7536622624438004E-4
1.7509095469030961E-4
1.7481652416156347E-4
1.7454293084970187E-4
1.742701709691192E-4
1.739982407568559E-4
1.7372713647244664E-4
1.734568543977473E-4
1.731873908367617E-4
1.7291874211549125E-4
1.7265090458176225E-4
1.7238387460506878E-4
1.7211764857640952E-4
1.718522229081376E-4
1.715875940337897E-4
1.7132375840794143E-4
1.7106071250605086E-4
1.7079845282430803E-4
1.705369758794702E-4
1.7027627820873138E-4
1.7001635636955932E-4
1.6975720693955315E-4
1.6949882651628775E-4
1.692412117171885E-4
1.6898435917937207E-4
1.6872826555950092E-4
1.6847292753365592E-4
1.6821834179718662E-4
1.679645050645735E-4
1.677114140692877E-4
1.6745906556366402E-4
1.6720745631875497E-4
1.6695658312420529E-4
1.6670644278810688E-4
1.664570321368857E-4
1.6620834801515106E-4
1.659603872855753E-4
1.6571314682877126E-4
1.6546662354314807E-4
1.652208143448031E-4
1.6497571616738485E-4
1.6473132596197398E-4
1.6448764069695534E-4
1.6424465735790487E-4
1.6400237294745157E-4
1.6376078448517668E-4
1.6351988900748703E-4
1.6327968356749122E-4
1.630401652348882E-4
1.6280133109585143E-4
1.625631782529129E-4
1.6232570382484376E-4
1.620889049465533E-4
1.618527787689631E-4
1.6161732245890465E-4
1.6138253319900796E-4
1.6114840818758062E-4
1.609149446385201E-4
1.6068213978118876E-4
1.604499908603108E-4
1.6021849513587292E-4
1.59987649883012E-4
1.5975745239191157E-4
1.595278999677062E-4
1.5929898993036808E-4
1.5907071961461207E-4
1.5884308636979119E-4
1.5861608755980277E-4
1.5838972056297993E-4
1.581639827720039E-4
1.5793887159379556E-4
1.577143844494249E-4
1.5749051877402177E-4
1.5726727201666069E-4
1.5704464164028424E-4
1.568226251216101E-4
1.5660121995101994E-4
1.5638042363249228E-4
1.5616023368348014E-4
1.5594064763485834E-4
1.5572166303079706E-4
1.5550327742869664E-4
1.5528548839909419E-4
1.5506829352556276E-4
1.548516904046408E-4
1.546356766457401E-4
1.5442024987105392E-4
1.542054077154822E-4
1.5399114782653885E-4
1.5377746786427446E-4
1.5356436550118547E-4
1.5335183842213798E-4
1.531398843242877E-4
1.529285009169888E-4
1.5271768592173003E-4
1.5250743707203652E-4
1.5229775211339825E-4
1.5208862880320082E-4
1.5188006491062878E-4
1.5167205821660812E-4
1.5146460651371382E-4
1.512577076060992E-4
1.5105135930942501E-4
1.50845559450785E-4
1.5064030586860885E-4
1.504355964126247E-4
1.5023142894376098E-4
1.5002780133407972E-4
1.4982471146670557E-4
1.496221572357556E-4
1.4942013654626842E-4
1.492186473141237E-4
1.490176874659921E-4
1.4881725493924312E-4
1.4861734768189811E-4
1.48417963652544E-4
1.4821910082027552E-4
1.4802075716462224E-4
1.4782293067549442E-4
1.4762561935309653E-4
1.4742882120787762E-4
1.472325342604603E-4
1.4703675654157878E-4
1.4684148609200593E-4
1.466467209625041E-4
1.4645245921374915E-4
1.462586989162717E-4
1.460654381503978E-4
1.4587267500618443E-4
1.4568040758335948E-4
1.4548863399125987E-4
1.452973523487653E-4
1.4510656078425182E-4
1.4491625743552158E-4
1.447264404497455E-4
1.4453710798340973E-4
1.4434825820224738E-4
1.4415988928119104E-4
1.4397199940431395E-4
1.4378458676476489E-4
1.4359764956471663E-4
1.434111860153204E-4
1.4322519433662839E-4
1.4303967275755666E-4
1.4285461951582513E-4
1.4267003285789643E-4
1.4248591103893318E-4
1.4230225232273567E-4
1.4211905498169288E-4
1.419363172967312E-4
1.4175403755725178E-4
1.4157221406109545E-4
1.4139084511447376E-4
1.412099290319292E-4
1.4102946413627917E-4
1.4084944875856594E-4
1.4066988123800954E-4
1.404907599219594E-4
1.4031208316583294E-4
1.4013384933307557E-4
1.3995605679511998E-4
1.3977870393131871E-4
1.396017891289126E-4
1.394253107829751E-4
1.392492672963656E-4
1.3907365707968225E-4
1.3889847855122177E-4
1.3872373013692124E-4
1.3854941027032305E-4
1.3837551739252527E-4
1.3820204995213325E-4
1.3802900640522053E-4
1.378563852152771E-4
1.3768418485317205E-4
1.3751240379710316E-4
1.373410405325576E-4
1.371700935522733E-4
1.3699956135617913E-4
1.3682944245137243E-4
1.36659735352058E-4
1.3649043857952325E-4
1.3632155066208327E-4
1.3615307013504417E-4
1.3598499554065866E-4
1.358173254280949E-4
1.3565005835338253E-4
1.3548319287937875E-4
1.3531672757573118E-4
1.351506610188312E-4
1.3498499179177994E-4
1.3481971848434675E-4
1.3465483969292655E-4
1.3449035402050746E-4
1.343262600766292E-4
1.3416255647734585E-4
1.3399924184518466E-4
1.3383631480911419E-4
1.336737740045042E-4
1.335116180730805E-4
1.3334984566290255E-4
1.3318845542831598E-4
1.33027446029925E-4
1.3286681613454556E-4
1.3270656441517488E-4
1.3254668955095885E-4
1.3238719022715136E-4
1.322280651350845E-4
1.3206931297212677E-4
1.3191093244165454E-4
1.3175292225301366E-4
1.315952811214909E-4
1.3143800776826997E-4
1.3128110092040207E-4
1.311245593107886E-4
1.3096838167811405E-4
1.3081256676684692E-4
1.3065711332718095E-4
1.3050202011502171E-4
1.303472858919468E-4
1.301929094251657E-4
1.3003888948749832E-4
1.29885224857346E-4
1.2973191431864538E-4
1.2957895666085276E-4
1.2942635067889798E-4
1.2927409517317606E-4
1.2912218894948381E-4
1.289706308190209E-4
1.2881941959834304E-4
1.2866855410933342E-4
1.285180331791748E-4
1.2836785564032096E-4
1.2821802033046774E-4
1.2806852609251963E-4
1.2791937177456227E-4
1.2777055622983715E-4
1.276220783167058E-4
1.2747393689863264E-4
1.2732613084414298E-4
1.2717865902680774E-4
1.2703152032520282E-4
1.2688471362289378E-4
1.2673823780839753E-4
1.2659209177516643E-4
1.2644627442154658E-4
1.263007846507671E-4
1.261556213708947E-4
1.260107834948314E-4
1.2586626994025844E-4
1.2572207962963683E-4
1.2557821149016771E-4
1.2543466445376532E-4
1.2529143745703162E-4
1.251485294412437E-4
1.2500593935231048E-4
1.2486366614075477E-4
1.2472170876169254E-4
1.2458006617480295E-4
1.24438737344301E-4
1.2429772123891505E-4
1.2415701683187355E-4
1.2401662310085668E-4
1.2387653902800014E-4
1.2373676359984684E-4
1.235972958073388E-4
1.2345813464578777E-4
1.2331927911484846E-4
1.231807282184988E-4
1.2304248096502263E-4
1.229045363669753E-4
1.227668934411673E-4
1.2262955120863938E-4
1.224925086946439E-4
1.223557649286129E-4
1.22219318944148E-4
1.2208316977898958E-4
1.219473164749946E-4
1.2181175807812278E-4
1.2167649363840395E-4
1.2154152220992596E-4
1.214068428508051E-4
1.2127245462317306E-4
1.211383565931459E-4
1.2100454783081055E-4
1.2087102741020459E-4
1.2073779440928619E-4
1.206048479099221E-4
1.204721869978665E-4
1.2033981076273874E-4
1.202077182979963E-4
1.2007590870092781E-4
1.1994438107262231E-4
1.1981313451795716E-4
1.1968216814556915E-4
1.1955148106784442E-4
1.1942107240088898E-4
1.1929094126452095E-4
1.1916108678224128E-4
1.1903150808121877E-4
1.1890220429226837E-4
1.1877317454983801E-4
1.1864441799198317E-4
1.1851593376034987E-4
1.1838772100016359E-4
1.1825977886019461E-4
1.1813210649275708E-4
1.1800470305367903E-4
1.178775677022886E-4
1.177506996013954E-4
1.1762409791727467E-4
1.1749776181964485E-4
1.1737169048165232E-4
1.1724588307985808E-4
1.1712033879421132E-4
1.1699505680803625E-4
1.1687003630801928E-4
1.1674527648418729E-4
1.1662077652988894E-4
1.1649653564177894E-4
1.1637255301980789E-4
1.1624882786719143E-4
1.1612535939040949E-4
1.160021467991784E-4
1.1587918930643673E-4
1.1575648612833269E-4
1.1563403648420811E-4
1.1551183959657458E-4
1.1538989469110715E-4
1.1526820099661685E-4
1.1514675774504997E-4
1.1502556417145671E-4
1.1490461951399082E-4
1.1478392301387571E-4
1.1466347391540691E-4
1.1454327146593054E-4
1.1442331491581658E-4
1.1430360351846247E-4
1.1418413653026718E-4
1.1406491321061567E-4
1.1394593282186609E-4
1.1382719462933854E-4
1.1370869790129789E-4
1.1359044190892935E-4
1.1347242592634038E-4
1.1335464923053964E-4
1.1323711110141549E-4
1.1311981082172791E-4
1.1300274767710019E-4
1.1288592095599106E-4
1.1276932994969378E-4
1.126529739523163E-4
1.1253685226075898E-4
1.1242096417472011E-4
1.123053089966651E-4
1.1218988603181848E-4
1.1207469458815403E-4
1.1195973397637755E-4
1.1184500350991286E-4
1.1173050250488506E-4
1.1161623028012399E-4
1.1150218615712496E-4
1.1138836946005708E-4
1.112747795157434E-4
1.1116141565364036E-4
1.110482772058377E-4
1.1093536350704186E-4
1.1082267389455059E-4
1.1071020770826021E-4
1.105979642906405E-4
1.1048594298672634E-4
1.1037414314410045E-4
1.1026256411288733E-4
1.1015120524574034E-4
1.1004006589782375E-4
1.0992914542680735E-4
1.0981844319284555E-4
1.0970795855857983E-4
1.095976908891127E-4
1.0948763955199986E-4
1.0937780391724241E-4
1.092681833572748E-4
1.0915877724694239E-4
1.0904958496351052E-4
1.0894060588663134E-4
1.0883183939833975E-4
1.0872328488305559E-4
1.086149417275487E-4
1.0850680932094714E-4
1.083988870547116E-4
1.0829117432264005E-4
1.081836705208388E-4
1.0807637504772607E-4
1.0796928730401327E-4
1.0786240669269581E-4
1.077557326190448E-4
1.0764926449058954E-4
1.0754300171711524E-4
1.0743694371064674E-4
1.0733108988544401E-4
1.0722543965797754E-4
1.071199924469366E-4
1.0701474767320887E-4
1.0690970475986227E-4
1.0680486313215684E-4
1.0670022221750959E-4
1.0659578144550137E-4
1.0649154024785935E-4
1.0638749805845136E-4
1.0628365431327108E-4
1.0618000845042825E-4
1.0607655991014611E-4
1.0597330813474124E-4
1.0587025256861968E-4
1.0576739265827E-4
1.0566472785224677E-4
1.05562257601163E-4
1.0545998135768548E-4
1.0535789857651758E-4
1.0525600871439379E-4
1.0515431123007585E-4
1.050528055843289E-4
1.0495149123992624E-4
1.0485036766163554E-4
1.0474943431620848E-4
1.0464869067236752E-4
1.0454813620080415E-4
1.0444777037417032E-4
1.0434759266706245E-4
1.0424760255601496E-4
1.0414779951949548E-4
1.0404818303789114E-4
1.039487525935018E-4
1.0384950767053204E-4
1.0375044775507813E-4
1.0365157233513184E-4
1.0355288090054865E-4
1.0345437294306677E-4
1.0335604795627657E-4
1.0325790543562375E-4
1.0315994487839815E-4
1.0306216578372316E-4
1.0296456765255061E-4
1.0286714998765092E-4
1.0276991229360696E-4
1.0267285407679514E-4
1.025759748454006E-4
1.0247927410937975E-4
1.0238275138048028E-4
1.022864061722063E-4
1.0219023799983694E-4
1.0209424638039593E-4
1.0199843083265514E-4
1.0190279087712915E-4
1.0180732603605827E-4
1.0171203583340573E-4
1.0161691979485272E-4
1.0152197744778239E-4
1.0142720832128636E-4
1.0133261194613584E-4
1.0123818785479983E-4
1.0114393558141257E-4
1.010498546617843E-4
1.0095594463338873E-4
1.0086220503534456E-4
1.0076863540843033E-4
1.0067523529505551E-4
1.0058200423926423E-4
1.0048894178672757E-4
1.0039604748473425E-4
1.0030332088218053E-4
1.0021076152957294E-4
1.001183689790085E-4
1.0002614278417795E-4
9.993408250034992E-5
The correct rate for BP: 100.00% 
