2.6707964999752685
2.4996371874695824
2.499714647388353
2.4997148612660136
2.499706074650924
2.499695493388355
2.499683990383411
2.499671607458331
2.4996582642358383
2.4996438506505907
2.4996282367164158
2.499611270552185
2.499592773994764
2.4995725367929236
2.499550309163828
2.4995257921970033
2.499498625356793
2.4994683700179268
2.4994344875006176
2.49939630936141
2.4993529965966736
2.4993034826768685
2.4992463925136663
2.499179924779305
2.4991016769789702
2.4990083784846924
2.4988954706630575
2.498756423226536
2.498581575209974
2.498356074029833
2.498055995010034
2.4976405054905504
2.4970345918650425
2.496086410947939
2.494444534355255
2.491117075144701
2.482208897005706
2.4367284101213444
1.110237745352555
0.7774430808173981
0.0014748366839023902
4.290818473031597E-4
3.308011526746288E-4
2.9681713381163734E-4
2.737341102286525E-4
2.5459141323120216E-4
2.3800082520774804E-4
2.234172294196395E-4
2.1048857410593003E-4
1.989477502953954E-4
1.8858323585913342E-4
1.7922457329085065E-4
1.707327442899078E-4
1.6299321660794274E-4
1.5591077257468605E-4
1.49405598726173E-4
1.4341028994498549E-4
1.3786752741408207E-4
1.3272825970685794E-4
1.279502641053011E-4
1.2349699844002742E-4
1.1933667717252213E-4
1.1544152219359461E-4
1.1178715094225691E-4
1.0835207333314923E-4
1.0511727555651894E-4
1.0206587373088995E-4
9.918282409802448E-5
The correct rate for BP: 100.00% 
