2.6956709552135605
2.4998436987480592
2.499890418209549
2.499894010797168
2.499893100884825
2.499891564987165
2.4998899019373355
2.499888176312776
2.49988639462171
2.4998845554488556
2.4998826561678418
2.49988069382978
2.4998786652692147
2.499876567103726
2.499874395717755
2.499872147242639
2.4998698175342478
2.499867402148176
2.4998648963122143
2.4998622948957494
2.499859592375687
2.4998567827984397
2.4998538597374242
2.499850816245459
2.499847644801321
2.4998443372496215
2.4998408847330102
2.499837277615542
2.499833505395842
2.4998295566084576
2.4998254187114894
2.4998210779582313
2.4998165192501167
2.4998117259677333
2.499806679776019
2.499801360398934
2.4997957453579263
2.4997898096672424
2.4997835254776146
2.499776861657865
2.499769783301529
2.4997622511424464
2.4997542208592165
2.4997456422432625
2.4997364581984414
2.4997266035313386
2.4997160034796804
2.4997045719107827
2.499692209101065
2.4996787989793403
2.4996642056777905
2.499648269180719
2.4996307997857503
2.499611570984931
2.499590310218836
2.4995666867310544
2.499540295415061
2.4995106350382903
2.499477078446204
2.4994388311175912
2.499394872456961
2.4993438709249927
2.4992840585135636
2.4992130402286614
2.4991274962761336
2.499022700435067
2.4988917097299947
2.498723935884774
2.498502481837477
2.4981988237543287
2.497761241337977
2.497086687700646
2.4959412727320855
2.493680464210059
2.487837240707917
2.4580408834038803
0.7938652525704298
0.7476437440744063
1.0626626200497162E-4
6.859902926352116E-5
The correct rate for BP: 100.00% 
