2.70577868319187
2.49106471824824
2.4867645838703716
2.4710715264205136
2.320237136426333
0.12484045091652184
0.5309695199800636
0.0018482787623158052
6.82736605829124E-4
5.675534103591754E-4
5.279856094995475E-4
5.004266599773124E-4
4.7677940293902E-4
4.556342153090742E-4
4.3652486595989205E-4
4.1916066121850553E-4
4.033134021444276E-4
3.8879426137186315E-4
3.754445797889543E-4
3.6312991796453133E-4
3.517355783808295E-4
3.4116310359515027E-4
3.313274979859979E-4
3.221550024024352E-4
3.1358129698839097E-4
3.055500388479221E-4
2.980116638296199E-4
2.909223983090736E-4
2.842434391811217E-4
2.779402695279998E-4
2.719820844372718E-4
2.66341306795511E-4
2.6099317700417954E-4
2.5591540376016013E-4
2.5108786554058917E-4
2.4649235439490655E-4
2.421123552018891E-4
2.379328547865524E-4
2.339401762832066E-4
2.3012183492890657E-4
2.2646641211739526E-4
2.2296344506902443E-4
2.196033299013568E-4
2.1637723623767462E-4
2.132770317809322E-4
2.1029521552133374E-4
2.07424858445472E-4
2.0465955078160852E-4
2.019933549554172E-4
1.9942076354750459E-4
1.969366616431236E-4
1.9453629304781297E-4
1.9221522991380772E-4
1.8996934538222058E-4
1.8779478889755728E-4
1.8568796389512133E-4
1.8364550759962715E-4
1.8166427270588403E-4
1.7974131074040197E-4
1.7787385692695634E-4
1.7605931640021313E-4
1.7429525162965855E-4
1.7257937093201518E-4
1.7090951796404314E-4
1.692836620998855E-4
1.6769988960747538E-4
1.6615639554806892E-4
1.646514763309122E-4
1.6318352286233894E-4
1.6175101423499964E-4
1.6035251190836352E-4
1.5898665433678366E-4
1.5765215200570963E-4
1.563477828405068E-4
1.5507238795597867E-4
1.5382486771762735E-4
1.5260417808850334E-4
1.5140932723800473E-4
1.5023937239119984E-4
1.4909341689908702E-4
1.4797060751221928E-4
1.468701318415085E-4
1.4579121599159973E-4
1.447331223533822E-4
1.4369514754348015E-4
1.426766204795896E-4
1.4167690058136892E-4
1.4069537608768143E-4
1.39731462481521E-4
1.3878460101479715E-4
1.378542573258631E-4
1.369399201430114E-4
1.360411000679933E-4
1.3515732843386589E-4
1.3428815623204606E-4
1.334331531037804E-4
1.3259190639167487E-4
1.3176402024718908E-4
1.3094911479038114E-4
1.301468253183955E-4
1.293568015595217E-4
1.285787069698262E-4
1.2781221806962143E-4
1.2705702381717672E-4
1.2631282501736498E-4
1.2557933376298062E-4
1.2485627290669937E-4
1.2414337556179676E-4
1.234403846298392E-4
1.2274705235366715E-4
1.2206313989420389E-4
1.2138841692957243E-4
1.207226612752697E-4
1.2006565852407618E-4
1.1941720170458886E-4
1.1877709095724632E-4
1.1814513322689324E-4
1.1752114197084222E-4
1.1690493688164096E-4
1.1629634362360784E-4
1.1569519358248809E-4
1.1510132362734193E-4
1.1451457588411667E-4
1.1393479752017789E-4
1.1336184053922827E-4
1.127955615860361E-4
1.1223582176045471E-4
1.1168248644021204E-4
1.1113542511202116E-4
1.1059451121056026E-4
1.1005962196490105E-4
1.0953063825200872E-4
1.0900744445691997E-4
1.0848992833930075E-4
1.0797798090598167E-4
1.0747149628923501E-4
1.069703716304663E-4
1.064745069690439E-4
1.0598380513603047E-4
1.054981716525416E-4
1.0501751463253413E-4
1.0454174468976604E-4
1.0407077484877726E-4
1.0360452045963247E-4
1.031428991162892E-4
1.0268583057839841E-4
1.0223323669637934E-4
1.0178504133960011E-4
1.0134117032752887E-4
1.0090155136371501E-4
1.0046611397245906E-4
1.0003478943804888E-4
9.960751074644873E-5
The correct rate for BP: 100.00% 
