2.739266542739299
2.4999982755995123
2.4999989658374036
2.499999031904771
2.4999990399955823
2.4999990406671335
2.4999990403488357
2.499999039897416
2.4999990394277503
2.499999038955254
2.499999038481997
2.499999038008255
2.499999037534065
2.4999990370594314
2.4999990365843545
2.499999036108834
2.499999035632869
2.499999035156458
2.4999990346796017
2.4999990342022995
2.49999903372455
2.4999990332463535
2.499999032767708
2.499999032288614
2.4999990318090703
2.499999031329077
2.499999030848633
2.4999990303677375
2.49999902988639
2.4999990294045906
2.4999990289223377
2.499999028439631
2.49999902795647
2.499999027472854
2.4999990269887826
2.4999990265042547
2.4999990260192697
2.4999990255338274
2.499999025047927
2.4999990245615678
2.4999990240747487
2.4999990235874705
2.4999990230997313
2.4999990226115303
2.499999022122868
2.4999990216337427
2.4999990211441543
2.499999020654102
2.499999020163585
2.499999019672603
2.499999019181155
2.4999990186892407
2.4999990181968594
2.49999901770401
2.4999990172106923
2.499999016716906
2.4999990162226498
2.499999015727923
2.499999015232725
2.499999014737056
2.499999014240914
2.4999990137442993
2.499999013247211
2.4999990127496488
2.499999012251611
2.499999011753098
2.499999011254108
2.4999990107546415
2.4999990102546974
2.499999009754275
2.4999990092533735
2.4999990087519928
2.499999008250131
2.499999007747789
2.4999990072449654
2.4999990067416586
2.4999990062378696
2.499999005733596
2.4999990052288386
2.4999990047235965
2.4999990042178686
2.499999003711654
2.4999990032049526
2.4999990026977628
2.499999002190085
2.499999001681918
2.499999001173261
2.4999990006641135
2.499999000154475
2.499998999644345
2.4999989991337213
2.4999989986226048
2.4999989981109945
2.499998997598889
2.4999989970862884
2.499998996573192
2.4999989960595985
2.4999989955455075
2.499998995030918
2.49999899451583
2.4999989940002423
2.499998993484154
2.499998992967565
2.4999989924504744
2.4999989919328804
2.4999989914147838
2.499998990896184
2.4999989903770787
2.499998989857468
2.4999989893373513
2.4999989888167287
2.499998988295598
2.499998987773959
2.499998987251811
2.499998986729153
2.4999989862059855
2.4999989856823066
2.4999989851581153
2.499998984633412
2.499998984108195
2.499998983582464
2.4999989830562184
2.499998982529457
2.4999989820021793
2.499998981474385
2.499998980946073
2.4999989804172422
2.4999989798878923
2.499998979358022
2.4999989788276316
2.499998978296719
2.499998977765285
2.4999989772333273
2.499998976700846
2.4999989761678405
2.49999897563431
2.499998975100253
2.4999989745656697
2.499998974030558
2.499998973494919
2.4999989729587506
2.4999989724220524
2.4999989718848235
2.4999989713470634
2.4999989708087713
2.4999989702699463
2.4999989697305876
2.4999989691906945
2.499998968650266
2.4999989681093018
2.4999989675678007
2.499998967025762
2.499998966483185
2.4999989659400694
2.499998965396413
2.4999989648522165
2.499998964307479
2.499998963762199
2.4999989632163757
2.4999989626700088
2.4999989621230974
2.4999989615756406
2.499998961027637
2.499998960479087
2.499998959929989
2.4999989593803424
2.4999989588301466
2.499998958279401
2.4999989577281037
2.4999989571762544
2.499998956623853
2.4999989560708986
2.4999989555173894
2.4999989549633255
2.499998954408705
2.4999989538535288
2.4999989532977946
2.4999989527415023
2.4999989521846504
2.4999989516272394
2.499998951069267
2.499998950510733
2.499998949951637
2.499998949391977
2.499998948831754
2.4999989482709655
2.4999989477096114
2.49999894714769
2.499998946585202
2.499998946022146
2.49999894545852
2.4999989448943247
2.4999989443295587
2.499998943764221
2.4999989431983107
2.499998942631827
2.499998942064769
2.4999989414971364
2.4999989409289283
2.4999989403601424
2.4999989397907796
2.499998939220838
2.4999989386503176
2.4999989380792167
2.4999989375075353
2.4999989369352718
2.499998936362425
2.4999989357889953
2.4999989352149807
2.4999989346403813
2.499998934065195
2.499998933489422
2.4999989329130607
2.4999989323361107
2.4999989317585714
2.4999989311804414
2.4999989306017194
2.4999989300224055
2.4999989294424982
2.4999989288619964
2.4999989282809
2.4999989276992074
2.499998927116918
2.499998926534031
2.4999989259505453
2.49999892536646
2.4999989247817744
2.4999989241964875
2.4999989236105984
2.499998923024106
2.4999989224370096
2.4999989218493086
2.4999989212610014
2.4999989206720876
2.4999989200825663
2.4999989194924357
2.4999989189016967
2.499998918310346
2.499998917718385
2.499998917125811
2.4999989165326237
2.4999989159388227
2.4999989153444067
2.499998914749374
2.4999989141537253
2.4999989135574583
2.4999989129605726
2.4999989123630675
2.4999989117649406
2.499998911166193
2.4999989105668226
2.4999989099668287
2.49999890936621
2.4999989087649666
2.499998908163096
2.499998907560599
2.499998906957473
2.4999989063537176
2.4999989057493326
2.4999989051443166
2.4999989045386677
2.499998903932386
2.4999989033254706
2.4999989027179197
2.4999989021097333
2.499998901500909
2.499998900891448
2.499998900281348
2.499998899670607
2.499998899059226
2.499998898447203
2.499998897834537
2.499998897221227
2.4999988966072726
2.499998895992672
2.499998895377425
2.49999889476153
2.4999988941449858
2.4999988935277924
2.499998892909948
2.499998892291452
2.4999988916723024
2.4999988910524995
2.4999988904320416
2.4999988898109287
2.499998889189158
2.4999988885667297
2.499998887943643
2.4999988873198955
2.4999988866954883
2.4999988860704176
2.4999988854446853
2.499998884818288
2.499998884191226
2.4999988835634985
2.4999988829351034
2.4999988823060404
2.4999988816763077
2.4999988810459057
2.4999988804148314
2.4999988797830857
2.499998879150666
2.499998878517572
2.499998877883803
2.4999988772493573
2.499998876614234
2.4999988759784317
2.4999988753419506
2.4999988747047883
2.499998874066944
2.499998873428417
2.499998872789206
2.4999988721493103
2.499998871508728
2.4999988708674588
2.4999988702255016
2.4999988695828548
2.499998868939518
2.4999988682954895
2.4999988676507683
2.4999988670053535
2.499998866359244
2.4999988657124383
2.4999988650649367
2.499998864416736
2.499998863767837
2.499998863118237
2.4999988624679363
2.499998861816933
2.499998861165226
2.4999988605128145
2.4999988598596974
2.4999988592058733
2.499998858551341
2.4999988578960997
2.499998857240148
2.4999988565834848
2.4999988559261093
2.49999885526802
2.499998854609217
2.499998853949697
2.49999885328946
2.4999988526285053
2.499998851966831
2.4999988513044364
2.49999885064132
2.4999988499774806
2.499998849312918
2.4999988486476297
2.4999988479816158
2.499998847314874
2.499998846647404
2.499998845979204
2.499998845310273
2.499998844640611
2.499998843970215
2.4999988432990845
2.499998842627219
2.499998841954616
2.4999988412812755
2.499998840607196
2.4999988399323763
2.499998839256815
2.499998838580511
2.4999988379034632
2.4999988372256707
2.4999988365471313
2.499998835867845
2.4999988351878093
2.499998834507024
2.4999988338254884
2.4999988331432
2.4999988324601583
2.4999988317763613
2.499998831091809
2.4999988304064993
2.499998829720431
2.4999988290336037
2.4999988283460155
2.499998827657665
2.499998826968551
2.499998826278673
2.499998825588029
2.499998824896618
2.499998824204439
2.4999988235114903
2.499998822817771
2.4999988221232794
2.4999988214280147
2.499998820731975
2.4999988200351604
2.499998819337568
2.4999988186391975
2.499998817940048
2.499998817240117
2.499998816539404
2.499998815837908
2.499998815135627
2.4999988144325602
2.499998813728706
2.4999988130240633
2.4999988123186307
2.4999988116124072
2.499998810905391
2.4999988101975816
2.499998809488977
2.4999988087795755
2.499998808069377
2.4999988073583794
2.4999988066465813
2.4999988059339824
2.4999988052205797
2.4999988045063737
2.4999988037913616
2.4999988030755427
2.499998802358916
2.499998801641479
2.4999988009232315
2.499998800204172
2.499998799484299
2.499998798763611
2.499998798042107
2.499998797319785
2.499998796596644
2.499998795872683
2.4999987951479
2.499998794422295
2.4999987936958648
2.4999987929686087
2.499998792240526
2.499998791511614
2.499998790781873
2.4999987900513
2.4999987893198954
2.4999987885876562
2.4999987878545813
2.49999878712067
2.4999987863859205
2.499998785650331
2.4999987849139007
2.4999987841766287
2.499998783438512
2.4999987826995502
2.499998781959742
2.499998781219086
2.49999878047758
2.4999987797352237
2.4999987789920146
2.499998778247951
2.4999987775030337
2.499998776757259
2.499998776010626
2.4999987752631343
2.499998774514781
2.499998773765566
2.4999987730154865
2.499998772264542
2.4999987715127303
2.499998770760051
2.499998770006502
2.4999987692520813
2.499998768496788
2.499998767740621
2.4999987669835786
2.4999987662256586
2.4999987654668603
2.4999987647071817
2.4999987639466217
2.499998763185179
2.4999987624228517
2.4999987616596377
2.4999987608955374
2.499998760130547
2.499998759364667
2.499998758597894
2.4999987578302276
2.4999987570616664
2.499998756292209
2.499998755521853
2.499998754750597
2.49999875397844
2.4999987532053805
2.4999987524314164
2.4999987516565465
2.4999987508807693
2.499998750104083
2.499998749326487
2.499998748547978
2.4999987477685557
2.499998746988218
2.499998746206964
2.499998745424792
2.499998744641699
2.4999987438576854
2.499998743072748
2.499998742286887
2.4999987415000984
2.4999987407123827
2.499998739923737
2.4999987391341616
2.499998738343652
2.4999987375522092
2.49999873675983
2.4999987359665137
2.499998735172258
2.499998734377062
2.499998733580923
2.4999987327838404
2.499998731985812
2.4999987311868366
2.499998730386912
2.499998729586037
2.4999987287842096
2.4999987279814286
2.499998727177692
2.499998726372999
2.4999987255673455
2.4999987247607325
2.4999987239531576
2.499998723144618
2.499998722335113
2.4999987215246415
2.499998720713201
2.4999987199007894
2.499998719087406
2.499998718273048
2.4999987174577143
2.4999987166414037
2.4999987158241135
2.499998715005843
2.4999987141865896
2.4999987133663524
2.4999987125451284
2.499998711722917
2.499998710899716
2.4999987100755243
2.499998709250339
2.4999987084241595
2.4999987075969834
2.4999987067688094
2.4999987059396345
2.4999987051094585
2.499998704278279
2.499998703446095
2.4999987026129027
2.4999987017787015
2.4999987009434905
2.499998700107267
2.4999986992700287
2.4999986984317752
2.4999986975925035
2.499998696752212
2.4999986959108993
2.4999986950685638
2.499998694225203
2.499998693380815
2.499998692535399
2.499998691688952
2.4999986908414726
2.499998689992959
2.499998689143409
2.499998688292822
2.499998687441195
2.499998686588526
2.499998685734814
2.4999986848800564
2.4999986840242516
2.4999986831673984
2.499998682309494
2.499998681450536
2.499998680590524
2.4999986797294556
2.4999986788673283
2.4999986780041406
2.4999986771398905
2.4999986762745765
2.4999986754081966
2.4999986745407483
2.49999867367223
2.49999867280264
2.4999986719319764
2.4999986710602364
2.4999986701874195
2.499998669313522
2.499998668438544
2.4999986675624815
2.499998666685334
2.4999986658070994
2.499998664927775
2.4999986640473586
2.499998663165849
2.499998662283245
2.4999986613995424
2.4999986605147413
2.4999986596288384
2.4999986587418324
2.499998657853721
2.499998656964502
2.499998656074174
2.4999986551827345
2.499998654290181
2.4999986533965126
2.4999986525017266
2.499998651605821
2.499998650708794
2.4999986498106432
2.4999986489113666
2.4999986480109624
2.4999986471094284
2.4999986462067625
2.499998645302963
2.499998644398027
2.4999986434919528
2.4999986425847385
2.499998641676382
2.499998640766881
2.4999986398562335
2.4999986389444375
2.49999863803149
2.4999986371173906
2.499998636202136
2.499998635285724
2.499998634368153
2.49999863344942
2.499998632529524
2.499998631608462
2.4999986306862327
2.4999986297628327
2.499998628838261
2.499998627912515
2.499998626985592
2.499998626057491
2.499998625128208
2.499998624197743
2.4999986232660922
2.499998622333254
2.4999986213992256
2.4999986204640057
2.4999986195275916
2.499998618589981
2.4999986176511717
2.499998616711162
2.499998615769949
2.4999986148275304
2.4999986138839043
2.4999986129390686
2.499998611993021
2.4999986110457586
2.4999986100972795
2.4999986091475814
2.499998608196662
2.4999986072445197
2.499998606291151
2.499998605336554
2.499998604380727
2.499998603423667
2.4999986024653724
2.4999986015058395
2.4999986005450676
2.4999985995830536
2.499998598619795
2.4999985976552894
2.499998596689535
2.499998595722529
2.499998594754269
2.499998593784753
2.499998592813978
2.4999985918419423
2.499998590868643
2.4999985898940786
2.499998588918245
2.4999985879411413
2.499998586962765
2.4999985859831124
2.499998585002183
2.4999985840199725
2.4999985830364793
2.4999985820517012
2.499998581065635
2.4999985800782794
2.4999985790896306
2.499998578099687
2.4999985771084456
2.499998576115905
2.4999985751220617
2.4999985741269133
2.4999985731304566
2.499998572132691
2.4999985711336126
2.499998570133219
2.499998569131508
2.4999985681284773
2.4999985671241234
2.4999985661184443
2.499998565111438
2.499998564103101
2.499998563093431
2.499998562082426
2.499998561070083
2.499998560056399
2.499998559041372
2.4999985580249997
2.4999985570072787
2.4999985559882067
2.4999985549677812
2.499998553945999
2.4999985529228588
2.4999985518983565
2.4999985508724905
2.499998549845257
2.4999985488166545
2.4999985477866797
2.49999854675533
2.4999985457226037
2.4999985446884962
2.4999985436530068
2.4999985426161313
2.499998541577867
2.4999985405382126
2.499998539497164
2.4999985384547196
2.4999985374108755
2.4999985363656294
2.499998535318979
2.4999985342709214
2.4999985332214534
2.499998532170572
2.4999985311182757
2.499998530064561
2.499998529009424
2.499998527952864
2.4999985268948763
2.49999852583546
2.4999985247746097
2.499998523712325
2.499998522648602
2.499998521583438
2.4999985205168302
2.4999985194487753
2.499998518379271
2.499998517308314
2.499998516235902
2.499998515162032
2.4999985140867
2.499998513009905
2.4999985119316426
2.4999985108519103
2.4999985097707054
2.4999985086880243
2.4999985076038653
2.4999985065182244
2.4999985054310985
2.4999985043424857
2.499998503252382
2.4999985021607856
2.499998501067692
2.499998499973099
2.4999984988770034
2.4999984977794028
2.4999984966802935
2.4999984955796726
2.499998494477537
2.4999984933738846
2.499998492268711
2.499998491162014
2.4999984900537897
2.499998488944036
2.499998487832749
2.4999984867199263
2.499998485605565
2.499998484489661
2.4999984833722113
2.499998482253214
2.499998481132664
2.4999984800105604
2.4999984788868987
2.4999984777616757
2.4999984766348886
2.4999984755065343
2.499998474376609
2.4999984732451104
2.4999984721120345
2.4999984709773786
2.4999984698411395
2.4999984687033137
2.4999984675638984
2.4999984664228894
2.4999984652802842
2.49999846413608
2.4999984629902725
2.4999984618428592
2.4999984606938366
2.499998459543201
2.4999984583909494
2.4999984572370786
2.4999984560815847
2.4999984549244654
2.4999984537657167
2.499998452605335
2.499998451443318
2.4999984502796613
2.499998449114362
2.499998447947416
2.4999984467788208
2.499998445608573
2.4999984444366685
2.499998443263104
2.499998442087877
2.499998440910983
2.4999984397324186
2.499998438552181
2.4999984373702664
2.4999984361866714
2.499998435001392
2.4999984338144254
2.499998432625768
2.499998431435416
2.499998430243366
2.4999984290496142
2.4999984278541576
2.499998426656992
2.4999984254581147
2.4999984242575217
2.4999984230552084
2.499998421851173
2.4999984206454102
2.499998419437918
2.499998418228692
2.4999984170177285
2.4999984158050235
2.499998414590574
2.4999984133743762
2.499998412156426
2.4999984109367204
2.499998409715255
2.4999984084920266
2.499998407267032
2.499998406040266
2.4999984048117256
2.499998403581408
2.499998402349308
2.4999984011154224
2.4999983998797473
2.499998398642279
2.4999983974030138
2.4999983961619483
2.499998394919078
2.499998393674399
2.4999983924279077
2.499998391179601
2.4999983899294738
2.4999983886775228
2.4999983874237444
2.4999983861681345
2.499998384910689
2.4999983836514033
2.4999983823902747
2.499998381127299
2.499998379862472
2.49999837859579
2.4999983773272487
2.499998376056844
2.4999983747845724
2.4999983735104294
2.4999983722344115
2.4999983709565146
2.4999983696767343
2.4999983683950666
2.4999983671115076
2.499998365826053
2.4999983645386994
2.499998363249442
2.4999983619582764
2.4999983606651996
2.4999983593702066
2.4999983580732934
2.4999983567744564
2.4999983554736906
2.4999983541709927
2.4999983528663576
2.4999983515597815
2.4999983502512606
2.4999983489407898
2.499998347628366
2.4999983463139834
2.499998344997639
2.4999983436793283
2.4999983423590466
2.4999983410367905
2.4999983397125547
2.499998338386335
2.4999983370581282
2.4999983357279283
2.4999983343957317
2.499998333061534
2.499998331725331
2.4999983303871183
2.499998329046891
2.4999983277046454
2.499998326360376
2.49999832501408
2.4999983236657513
2.4999983223153865
2.4999983209629804
2.4999983196085287
2.4999983182520276
2.4999983168934707
2.499998315532856
2.499998314170177
2.49999831280543
2.4999983114386106
2.4999983100697127
2.499998308698734
2.499998307325668
2.4999983059505113
2.499998304573259
2.4999983031939053
2.4999983018124468
2.4999983004288784
2.499998299043195
2.4999982976553925
2.499998296265466
2.4999982948734107
2.499998293479222
2.4999982920828954
2.499998290684425
2.499998289283807
2.499998287881036
2.4999982864761074
2.499998285069017
2.4999982836597594
2.4999982822483293
2.4999982808347223
2.4999982794189335
2.4999982780009575
2.49999827658079
2.499998275158426
2.4999982737338606
2.499998272307088
2.499998270878104
2.499998269446904
2.499998268013482
2.499998266577833
2.499998265139953
2.4999982636998355
2.499998262257477
2.4999982608128706
2.4999982593660133
2.4999982579168982
2.499998256465521
2.4999982550118762
2.4999982535559595
2.4999982520977646
2.499998250637286
2.49999824917452
2.4999982477094607
2.4999982462421024
2.4999982447724403
2.499998243300469
2.4999982418261832
2.499998240349578
2.4999982388706474
2.499998237389386
2.4999982359057893
2.499998234419851
2.499998232931566
2.4999982314409297
2.4999982299479355
2.4999982284525784
2.4999982269548533
2.4999982254547546
2.499998223952276
2.499998222447413
2.4999982209401597
2.4999982194305104
2.4999982179184603
2.499998216404003
2.4999982148871327
2.4999982133678444
2.4999982118461332
2.4999982103219915
2.4999982087954153
2.4999982072663984
2.499998205734935
2.4999982042010194
2.4999982026646457
2.4999982011258086
2.4999981995845024
2.4999981980407204
2.499998196494458
2.4999981949457086
2.499998193394467
2.4999981918407266
2.499998190284482
2.4999981887257268
2.499998187164456
2.499998185600663
2.499998184034342
2.499998182465487
2.4999981808940923
2.499998179320152
2.499998177743659
2.499998176164609
2.4999981745829936
2.4999981729988088
2.4999981714120483
2.499998169822705
2.4999981682307735
2.4999981666362476
2.4999981650391203
2.4999981634393866
2.4999981618370395
2.4999981602320736
2.4999981586244813
2.4999981570142578
2.499998155401396
2.4999981537858895
2.4999981521677324
2.499998150546918
2.4999981489234404
2.4999981472972927
2.4999981456684695
2.4999981440369625
2.499998142402767
2.499998140765876
2.4999981391262827
2.499998137483981
2.4999981358389634
2.499998134191225
2.499998132540758
2.499998130887556
2.499998129231613
2.499998127572922
2.499998125911476
2.499998124247269
2.4999981225802936
2.4999981209105435
2.499998119238012
2.4999981175626917
2.499998115884577
2.4999981142036605
2.499998112519935
2.4999981108333937
2.4999981091440304
2.499998107451838
2.4999981057568093
2.499998104058937
2.4999981023582154
2.4999981006546363
2.4999980989481934
2.499998097238879
2.4999980955266867
2.4999980938116098
2.49999809209364
2.4999980903727703
2.499998088648995
2.499998086922306
2.4999980851926957
2.499998083460157
2.499998081724684
2.499998079986268
2.4999980782449023
2.4999980765005794
2.4999980747532917
2.499998073003033
2.4999980712497942
2.4999980694935697
2.4999980677343507
2.4999980659721306
2.4999980642069017
2.4999980624386557
2.499998060667387
2.499998058893086
2.499998057115746
2.49999805533536
2.4999980535519195
2.499998051765417
2.4999980499758454
2.4999980481831963
2.4999980463874625
2.4999980445886356
2.499998042786709
2.4999980409816738
2.4999980391735224
2.4999980373622472
2.4999980355478404
2.4999980337302943
2.4999980319096
2.4999980300857505
2.499998028258738
2.4999980264285533
2.49999802459519
2.4999980227586382
2.4999980209188912
2.4999980190759405
2.4999980172297778
2.4999980153803953
2.4999980135277844
2.499998011671937
2.4999980098128445
2.4999980079505
2.499998006084893
2.4999980042160175
2.499998002343864
2.4999980004684237
2.499997998589689
2.499997996707651
2.499997994822301
2.499997992933632
2.4999979910416332
2.499997989146298
2.499997987247616
2.4999979853455807
2.4999979834401813
2.4999979815314113
2.4999979796192604
2.4999979777037202
2.4999979757847823
2.4999979738624374
2.4999979719366774
2.499997970007493
2.4999979680748754
2.499997966138815
2.4999979641993044
2.4999979622563333
2.4999979603098934
2.4999979583599754
2.4999979564065704
2.499997954449669
2.499997952489262
2.499997950525341
2.4999979485578967
2.4999979465869187
2.4999979446123985
2.499997942634327
2.499997940652695
2.4999979386674926
2.499997936678711
2.499997934686341
2.499997932690372
2.499997930690795
2.499997928687601
2.4999979266807806
2.499997924670324
2.4999979226562203
2.4999979206384615
2.4999979186170376
2.4999979165919384
2.4999979145631546
2.499997912530676
2.499997910494493
2.4999979084545965
2.499997906410975
2.4999979043636205
2.499997902312521
2.499997900257669
2.499997898199052
2.4999978961366613
2.4999978940704866
2.499997892000518
2.4999978899267443
2.499997887849157
2.499997885767744
2.499997883682496
2.4999978815934036
2.499997879500455
2.499997877403641
2.4999978753029497
2.499997873198372
2.4999978710898967
2.4999978689775135
2.499997866861212
2.4999978647409815
2.4999978626168113
2.4999978604886905
2.4999978583566094
2.499997856220556
2.49999785408052
2.4999978519364903
2.499997849788457
2.4999978476364078
2.4999978454803333
2.499997843320221
2.499997841156061
2.499997838987842
2.4999978368155524
2.4999978346391813
2.499997832458718
2.499997830274151
2.499997828085468
2.49999782589266
2.499997823695714
2.499997821494618
2.499997819289362
2.4999978170799344
2.4999978148663233
2.499997812648517
2.4999978104265037
2.499997808200273
2.4999978059698122
2.4999978037351096
2.499997801496154
2.4999977992529328
2.4999977970054346
2.499997794753648
2.49999779249756
2.4999977902371597
2.499997787972435
2.4999977857033726
2.4999977834299614
2.499997781152189
2.4999977788700436
2.4999977765835126
2.499997774292584
2.4999977719972444
2.4999977696974836
2.4999977673932867
2.499997765084643
2.499997762771539
2.4999977604539634
2.4999977581319017
2.499997755805343
2.499997753474273
2.4999977511386806
2.499997748798552
2.4999977464538743
2.4999977441046353
2.4999977417508217
2.4999977393924206
2.4999977370294184
2.499997734661803
2.49999773228956
2.499997729912678
2.4999977275311425
2.49999772514494
2.499997722754058
2.4999977203584827
2.499997717958201
2.4999977155531994
2.4999977131434634
2.4999977107289806
2.4999977083097367
2.4999977058857183
2.499997703456912
2.499997701023303
2.499997698584879
2.4999976961416244
2.499997693693527
2.499997691240571
2.4999976887827438
2.4999976863200306
2.4999976838524174
2.49999768137989
2.499997678902434
2.499997676420035
2.4999976739326795
2.499997671440352
2.4999976689430383
2.499997666440724
2.499997663933395
2.4999976614210357
2.4999976589036326
2.4999976563811694
2.499997653853632
2.499997651321006
2.4999976487832765
2.4999976462404274
2.4999976436924443
2.4999976411393123
2.4999976385810165
2.4999976360175413
2.499997633448871
2.4999976308749905
2.4999976282958847
2.499997625711538
2.499997623121935
2.4999976205270595
2.4999976179268972
2.4999976153214307
2.4999976127106454
2.499997610094525
2.4999976074730546
2.4999976048462167
2.499997602213996
2.4999975995763766
2.4999975969333423
2.499997594284877
2.499997591630964
2.499997588971587
2.4999975863067303
2.499997583636377
2.4999975809605104
2.499997578279114
2.4999975755921717
2.4999975728996655
2.49999757020158
2.499997567497898
2.499997564788602
2.4999975620736756
2.499997559353101
2.4999975566268624
2.4999975538949415
2.4999975511573216
2.499997548413985
2.499997545664914
2.4999975429100925
2.4999975401495016
2.4999975373831247
2.4999975346109427
2.4999975318329395
2.499997529049096
2.499997526259395
2.4999975234638185
2.499997520662349
2.4999975178549674
2.499997515041656
2.499997512222396
2.4999975093971702
2.4999975065659585
2.4999975037287445
2.499997500885508
2.4999974980362314
2.499997495180896
2.499997492319482
2.4999974894519714
2.4999974865783448
2.499997483698584
2.4999974808126693
2.4999974779205814
2.499997475022301
2.4999974721178093
2.499997469207087
2.499997466290114
2.499997463366871
2.499997460437339
2.4999974575014967
2.499997454559326
2.4999974516108066
2.499997448655918
2.4999974456946403
2.499997442726954
2.4999974397528377
2.499997436772272
2.4999974337852366
2.4999974307917108
2.499997427791674
2.499997424785106
2.499997421771985
2.499997418752291
2.4999974157260034
2.4999974126931
2.4999974096535613
2.4999974066073656
2.499997403554491
2.499997400494917
2.499997397428622
2.4999973943555838
2.499997391275782
2.4999973881891933
2.4999973850957975
2.4999973819955716
2.499997378888495
2.499997375774544
2.4999973726536977
2.499997369525933
2.499997366391228
2.4999973632495607
2.499997360100908
2.4999973569452467
2.499997353782555
2.49999735061281
2.4999973474359884
2.4999973442520678
2.4999973410610243
2.499997337862835
2.499997334657477
2.4999973314449266
2.49999732822516
2.499997324998154
2.499997321763885
2.4999973185223285
2.499997315273461
2.4999973120172587
2.4999973087536973
2.499997305482753
2.4999973022044006
2.4999972989186157
2.4999972956253744
2.499997292324652
2.4999972890164237
2.499997285700664
2.499997282377349
2.4999972790464526
2.4999972757079503
2.4999972723618162
2.4999972690080257
2.499997265646553
2.499997262277372
2.499997258900457
2.4999972555157823
2.4999972521233227
2.4999972487230506
2.4999972453149417
2.499997241898968
2.499997238475104
2.499997235043323
2.4999972316035977
2.4999972281559018
2.499997224700209
2.4999972212364914
2.4999972177647223
2.4999972142848743
2.49999721079692
2.499997207300832
2.4999972037965827
2.499997200284144
2.499997196763488
2.4999971932345875
2.499997189697414
2.499997186151939
2.4999971825981344
2.4999971790359714
2.4999971754654213
2.4999971718864558
2.4999971682990463
2.4999971647031627
2.4999971610987766
2.4999971574858586
2.499997153864379
2.499997150234309
2.4999971465956183
2.499997142948277
2.499997139292255
2.499997135627523
2.499997131954051
2.499997128271807
2.4999971245807617
2.4999971208808844
2.4999971171721445
2.4999971134545103
2.4999971097279516
2.4999971059924366
2.4999971022479346
2.499997098494413
2.4999970947318415
2.4999970909601874
2.499997087179419
2.4999970833895047
2.499997079590411
2.4999970757821073
2.4999970719645597
2.4999970681377364
2.4999970643016036
2.4999970604561295
2.49999705660128
2.4999970527370223
2.499997048863323
2.4999970449801485
2.499997041087465
2.4999970371852385
2.4999970332734347
2.4999970293520195
2.499997025420959
2.4999970214802185
2.4999970175297626
2.4999970135695575
2.499997009599567
2.499997005619757
2.4999970016300916
2.499996997630535
2.499996993621052
2.4999969896016063
2.499996985572162
2.499996981532683
2.4999969774831334
2.4999969734234755
2.4999969693536737
2.4999969652736906
2.4999969611834887
2.4999969570830314
2.499996952972281
2.4999969488511997
2.4999969447197494
2.4999969405778937
2.4999969364255925
2.4999969322628086
2.4999969280895034
2.4999969239056377
2.4999969197111724
2.4999969155060695
2.499996911290289
2.499996907063791
2.4999969028265365
2.4999968985784857
2.4999968943195983
2.4999968900498337
2.499996885769152
2.499996881477512
2.4999968771748744
2.499996872861196
2.499996868536437
2.499996864200555
2.4999968598535096
2.4999968554952576
2.4999968511257586
2.4999968467449682
2.4999968423528456
2.4999968379493476
2.4999968335344307
2.499996829108053
2.4999968246701703
2.499996820220739
2.4999968157597166
2.4999968112870574
2.4999968068027183
2.4999968023066548
2.499996797798822
2.4999967932791756
2.4999967887476693
2.4999967842042587
2.4999967796488987
2.4999967750815424
2.4999967705021446
2.4999967659106592
2.499996761307039
2.4999967566912384
2.4999967520632094
2.4999967474229052
2.499996742770279
2.4999967381052826
2.4999967334278677
2.499996728737987
2.499996724035592
2.499996719320634
2.4999967145930637
2.4999967098528324
2.499996705099891
2.499996700334189
2.4999966955556774
2.499996690764306
2.4999966859600242
2.499996681142781
2.4999966763125263
2.4999966714692086
2.499996666612776
2.4999966617431775
2.4999966568603607
2.499996651964274
2.499996647054864
2.499996642132078
2.499996637195864
2.4999966322461677
2.499996627282936
2.4999966223061145
2.49999661731565
2.499996612311487
2.4999966072935713
2.499996602261848
2.4999965972162608
2.499996592156756
2.499996587083276
2.4999965819957652
2.4999965768941674
2.499996571778426
2.4999965666484827
2.4999965615042816
2.499996556345764
2.4999965511728726
2.4999965459855487
2.4999965407837337
2.4999965355673686
2.4999965303363942
2.4999965250907517
2.49999651983038
2.49999651455522
2.4999965092652103
2.499996503960291
2.4999964986404
2.4999964933054764
2.499996487955458
2.499996482590283
2.499996477209889
2.4999964718142134
2.4999964664031915
2.499996460976761
2.4999964555348586
2.4999964500774188
2.4999964446043776
2.4999964391156704
2.4999964336112317
2.499996428090996
2.4999964225548967
2.499996417002868
2.4999964114348434
2.499996405850755
2.4999964002505366
2.4999963946341195
2.499996389001436
2.499996383352417
2.499996377686993
2.499996372005097
2.499996366306657
2.4999963605916036
2.4999963548598667
2.499996349111375
2.4999963433460572
2.499996337563842
2.4999963317646574
2.4999963259484304
2.4999963201150885
2.499996314264558
2.499996308396766
2.499996302511638
2.4999962966090985
2.499996290689074
2.4999962847514885
2.499996278796266
2.499996272823331
2.4999962668326057
2.4999962608240143
2.499996254797478
2.49999624875292
2.4999962426902607
2.499996236609422
2.499996230510325
2.499996224392889
2.499996218257034
2.4999962121026793
2.499996205929744
2.4999961997381464
2.499996193527804
2.4999961872986347
2.499996181050556
2.499996174783483
2.4999961684973324
2.49999616219202
2.4999961558674606
2.499996149523568
2.4999961431602573
2.4999961367774413
2.4999961303750333
2.4999961239529456
2.499996117511091
2.49999611104938
2.4999961045677237
2.4999960980660325
2.4999960915442165
2.499996085002185
2.499996078439848
2.4999960718571117
2.499996065253885
2.499996058630075
2.499996051985588
2.499996045320331
2.4999960386342086
2.499996031927126
2.4999960251989877
2.499996018449698
2.4999960116791593
2.499996004887275
2.4999959980739463
2.499995991239076
2.4999959843825637
2.4999959775043106
2.499995970604216
2.4999959636821787
2.499995956738098
2.499995949771871
2.4999959427833955
2.499995935772568
2.499995928739285
2.4999959216834404
2.4999959146049298
2.4999959075036475
2.499995900379487
2.4999958932323407
2.4999958860621008
2.4999958788686585
2.499995871651905
2.49999586441173
2.4999958571480234
2.499995849860674
2.499995842549569
2.499995835214597
2.499995827855643
2.4999958204725945
2.4999958130653357
2.4999958056337523
2.4999957981777268
2.499995790697143
2.4999957831918826
2.4999957756618283
2.49999576810686
2.4999957605268586
2.4999957529217025
2.4999957452912707
2.499995737635441
2.4999957299540903
2.4999957222470957
2.4999957145143314
2.4999957067556724
2.4999956989709933
2.4999956911601666
2.499995683323065
2.499995675459559
2.49999566756952
2.4999956596528174
2.4999956517093205
2.499995643738897
2.499995635741415
2.499995627716739
2.4999956196647366
2.4999956115852715
2.499995603478207
2.499995595343407
2.499995587180733
2.4999955789900463
2.4999955707712065
2.4999955625240737
2.499995554248505
2.4999955459443592
2.499995537611492
2.499995529249759
2.4999955208590148
2.4999955124391127
2.499995503989906
2.499995495511246
2.4999954870029835
2.4999954784649683
2.499995469897048
2.499995461299072
2.499995452670886
2.499995444012335
2.499995435323265
2.499995426603519
2.4999954178529387
2.4999954090713667
2.499995400258643
2.4999953914146062
2.4999953825390953
2.4999953736319473
2.4999953646929978
2.4999953557220818
2.4999953467190337
2.499995337683685
2.4999953286158685
2.499995319515413
2.499995310382149
2.499995301215904
2.4999952920165045
2.499995282783776
2.499995273517544
2.4999952642176306
2.499995254883858
2.4999952455160472
2.4999952361140183
2.499995226677588
2.499995217206574
2.4999952077007928
2.4999951981600574
2.499995188584182
2.4999951789729775
2.4999951693262554
2.4999951596438237
2.499995149925491
2.4999951401710634
2.4999951303803463
2.4999951205531428
2.4999951106892557
2.4999951007884857
2.4999950908506325
2.4999950808754936
2.499995070862866
2.4999950608125445
2.499995050724324
2.4999950405979945
2.4999950304333485
2.499995020230174
2.49999500998826
2.4999949997073916
2.499994989387354
2.499994979027929
2.499994968628899
2.4999949581900442
2.4999949477111425
2.49999493719197
2.4999949266323025
2.499994916031912
2.4999949053905723
2.4999948947080517
2.499994883984119
2.4999948732185406
2.4999948624110817
2.499994851561506
2.499994840669573
2.499994829735044
2.499994818757676
2.499994807737225
2.499994796673446
2.4999947855660904
2.499994774414909
2.4999947632196506
2.4999947519800614
2.4999947406958865
2.499994729366869
2.49999471799275
2.4999947065732675
2.499994695108159
2.49999468359716
2.499994672040003
2.4999946604364185
2.499994648786136
2.499994637088882
2.499994625344381
2.4999946135523565
2.499994601712528
2.499994589824614
2.4999945778883306
2.4999945659033918
2.499994553869509
2.4999945417863927
2.4999945296537485
2.4999945174712828
2.4999945052386967
2.4999944929556914
2.4999944806219645
2.4999944682372126
2.499994455801127
2.4999944433133994
2.499994430773718
2.499994418181769
2.4999944055372354
2.499994392839797
2.499994380089134
2.4999943672849207
2.499994354426831
2.4999943415145345
2.499994328547699
2.4999943155259907
2.499994302449071
2.499994289316601
2.4999942761282363
2.499994262883632
2.4999942495824388
2.4999942362243055
2.4999942228088785
2.4999942093358
2.4999941958047094
2.4999941822152447
2.499994168567039
2.499994154859724
2.499994141092927
2.499994127266274
2.499994113379385
2.49999409943188
2.4999940854233738
2.4999940713534787
2.4999940572218033
2.4999940430279546
2.4999940287715336
2.499994014452141
2.4999940000693703
2.499993985622816
2.4999939711120662
2.4999939565367058
2.4999939418963173
2.4999939271904794
2.499993912418766
2.4999938975807483
2.4999938826759944
2.499993867704068
2.4999938526645287
2.4999938375569335
2.499993822380834
2.4999938071357795
2.4999937918213138
2.4999937764369786
2.49999376098231
2.4999937454568415
2.499993729860101
2.4999937141916133
2.499993698450899
2.499993682637473
2.4999936667508496
2.4999936507905347
2.4999936347560316
2.4999936186468403
2.499993602462454
2.499993586202363
2.499993569866054
2.499993553453006
2.499993536962696
2.4999935203945958
2.4999935037481715
2.499993487022886
2.4999934702181954
2.499993453333553
2.499993436368405
2.499993419322194
2.4999934021943577
2.4999933849843283
2.499993367691532
2.4999933503153904
2.49999333285532
2.499993315310732
2.4999932976810326
2.499993279965621
2.4999932621638914
2.4999932442752337
2.49999322629903
2.499993208234659
2.4999931900814922
2.499993171838895
2.4999931535062276
2.4999931350828435
2.499993116568091
2.4999930979613114
2.4999930792618406
2.499993060469007
2.499993041582134
2.4999930226005382
2.4999930035235285
2.499992984350409
2.4999929650804757
2.4999929457130183
2.49999292624732
2.4999929066826576
2.499992887018299
2.499992867253507
2.499992847387535
2.499992827419633
2.499992807349039
2.499992787174987
2.499992766896702
2.4999927465134015
2.4999927260242956
2.499992705428586
2.499992684725468
2.4999926639141274
2.499992642993742
2.4999926219634823
2.49999260082251
2.4999925795699784
2.4999925582050326
2.499992536726809
2.4999925151344344
2.499992493427028
2.4999924716037
2.4999924496635506
2.499992427605672
2.499992405429146
2.4999923831330464
2.499992360716436
2.4999923381783695
2.4999923155178903
2.499992292734033
2.4999922698258215
2.499992246792271
2.499992223632385
2.4999922003451562
2.499992176929569
2.4999921533845946
2.499992129709196
2.4999921059023227
2.4999920819629153
2.4999920578899006
2.4999920336821972
2.4999920093387105
2.499991984858333
2.499991960239949
2.4999919354824267
2.4999919105846247
2.4999918855453886
2.4999918603635516
2.4999918350379344
2.499991809567345
2.499991783950578
2.4999917581864146
2.4999917322736236
2.4999917062109605
2.4999916799971658
2.4999916536309663
2.499991627111077
2.499991600436195
2.4999915736050062
2.4999915466161804
2.499991519468372
2.499991492160222
2.4999914646903547
2.4999914370573793
2.4999914092598905
2.499991381296465
2.4999913531656643
2.499991324866035
2.4999912963961046
2.499991267754386
2.4999912389393733
2.4999912099495445
2.4999911807833595
2.4999911514392608
2.499991121915672
2.499991092211
2.499991062323631
2.4999910322519345
2.49999100199426
2.4999909715489363
2.4999909409142753
2.4999909100885667
2.4999908790700807
2.4999908478570667
2.4999908164477542
2.4999907848403513
2.4999907530330425
2.499990721023994
2.4999906888113466
2.499990656393222
2.4999906237677156
2.499990590932903
2.4999905578868344
2.4999905246275356
2.49999049115301
2.4999904574612364
2.499990423550167
2.49999038941773
2.499990355061828
2.499990320480337
2.4999902856711067
2.49999025063196
2.4999902153606923
2.4999901798550717
2.499990144112838
2.499990108131702
2.4999900719093464
2.4999900354434232
2.499989998731556
2.4999899617713357
2.4999899245603245
2.499989887096053
2.499989849376018
2.4999898113976866
2.4999897731584895
2.4999897346558284
2.4999896958870673
2.499989656849537
2.499989617540533
2.499989577957316
2.4999895380971093
2.4999894979571007
2.4999894575344377
2.4999894168262333
2.4999893758295597
2.4999893345414503
2.4999892929588983
2.4999892510788566
2.4999892088982367
2.499989166413907
2.4999891236226945
2.4999890805213827
2.49998903710671
2.49998899337537
2.499988949324012
2.4999889049492365
2.499988860247599
2.4999888152156045
2.499988769849711
2.499988724146326
2.4999886781018064
2.4999886317124567
2.4999885849745307
2.4999885378842275
2.4999884904376914
2.4999884426310137
2.499988394460227
2.4999883459213073
2.4999882970101734
2.4999882477226834
2.4999881980546363
2.4999881480017687
2.499988097559754
2.4999880467242033
2.4999879954906623
2.49998794385461
2.4999878918114584
2.499987839356552
2.499987786485164
2.4999877331924973
2.499987679473682
2.4999876253237745
2.4999875707377557
2.4999875157105316
2.4999874602369276
2.4999874043116916
2.4999873479294896
2.499987291084905
2.4999872337724374
2.4999871759865004
2.4999871177214206
2.499987058971435
2.499986999730689
2.4999869399932377
2.499986879753039
2.499986819003957
2.4999867577397556
2.4999866959540995
2.4999866336405523
2.499986570792571
2.499986507403508
2.4999864434666073
2.499986378975002
2.499986313921712
2.499986248299643
2.4999861821015825
2.4999861153201985
2.4999860479480365
2.4999859799775166
2.499985911400933
2.4999858422104495
2.4999857723980945
2.499985701955764
2.4999856308752144
2.4999855591480604
2.4999854867657727
2.499985413719674
2.4999853400009378
2.4999852656005817
2.4999851905094674
2.499985114718296
2.4999850382176048
2.4999849609977622
2.499984883048967
2.499984804361241
2.499984724924429
2.4999846447281917
2.499984563762003
2.499984482015145
2.4999843994767055
2.4999843161355724
2.4999842319804273
2.499984146999745
2.499984061181785
2.4999839745145884
2.499983886985973
2.499983798583526
2.4999837092946025
2.4999836191063154
2.4999835280055347
2.499983435978877
2.4999833430127016
2.499983249093107
2.49998315420592
2.499983058336691
2.4999829614706894
2.499982863592894
2.4999827646879864
2.4999826647403465
2.4999825637340396
2.499982461652815
2.4999823584800933
2.4999822541989616
2.499982148792161
2.4999820422420838
2.4999819345307586
2.4999818256398454
2.4999817155506237
2.499981604243985
2.499981491700421
2.499981377900012
2.499981262822421
2.499981146446878
2.4999810287521713
2.499980909716634
2.4999807893181334
2.499980667534058
2.499980544341306
2.4999804197162687
2.499980293634821
2.499980166072304
2.499980037003513
2.49997990640268
2.4999797742434615
2.499979640498917
2.4999795051415004
2.499979368143034
2.4999792294746985
2.49997908910701
2.499978947009802
2.4999788031522088
2.49997865750264
2.499978510028765
2.499978360697487
2.499978209474924
2.499978056326384
2.499977901216341
2.4999777441084103
2.499977584965323
2.499977423748901
2.4999772604200254
2.4999770949386115
2.4999769272635795
2.49997675735282
2.499976585163167
2.499976410650361
2.4999762337690172
2.499976054472589
2.4999758727133314
2.4999756884422633
2.499975501609128
2.4999753121623502
2.4999751200489944
2.4999749252147225
2.4999747276037447
2.4999745271587717
2.4999743238209677
2.499974117529896
2.499973908223466
2.499973695837877
2.4999734803075584
2.499973261565114
2.4999730395412527
2.4999728141647264
2.4999725853622605
2.499972353058482
2.499972117175847
2.499971877634561
2.4999716343524994
2.499971387245122
2.499971136225388
2.4999708812036596
2.499970622087612
2.4999703587821274
2.499970091189196
2.4999698192078026
2.4999695427338158
2.4999692616598663
2.4999689758752264
2.4999686852656735
2.4999683897133607
2.4999680890966673
2.4999677832900558
2.499967472163911
2.4999671555843785
2.4999668334131906
2.4999665055074893
2.499966171719635
2.4999658318970095
2.499965485881808
2.4999651335108206
2.499964774615202
2.499964409020233
2.499964036545066
2.4999636570024566
2.4999632701984886
2.499962875932275
2.4999624739956485
2.499962064172836
2.4999616462401137
2.4999612199654453
2.4999607851080956
2.499960341418233
2.4999598886364964
2.499959426493551
2.49995895470961
2.499958472993932
2.4999579810442922
2.4999574785464165
2.499956965173391
2.499956440585027
2.4999559044271984
2.4999553563311303
2.4999547959126485
2.4999542227713856
2.4999536364899315
2.4999530366329363
2.499952422746156
2.499951794355432
2.499951150965614
2.499950492059405
2.4999498170961347
2.4999491255104487
2.499948416710915
2.4999476900785296
2.4999469449651235
2.4999461806916607
2.4999453965464147
2.4999445917830165
2.4999437656183647
2.499942917230382
2.4999420457556134
2.499941150286638
2.4999402298692965
2.4999392834997023
2.4999383101210295
2.4999373086200474
2.4999362778233865
2.499935216493508
2.499934123324348
2.49993299693661
2.499931835872668
2.4999306385910476
2.4999294034604347
2.4999281287531816
2.499926812638239
2.499925453173473
2.499924048297301
2.49992259581956
2.4999210934115546
2.499919538595165
2.4999179287309397
2.499916261005043
2.499914532414939
2.4999127397536642
2.4999108795925236
2.499908948262033
2.4999069418308926
2.4999048560827553
2.4999026864905174
2.4999004281878263
2.499898075937444
2.49989562409607
2.4998930665751473
2.499890396797123
2.4998876076465324
2.4998846914152084
2.4998816397407566
2.499878443537355
2.4998750929177285
2.499871577104987
2.499867884332776
2.499864001731914
2.499859915201359
2.4998556092609694
2.4998510668830036
2.49984626929877
2.499841195776078
2.4998358233623
2.4998301265867675
2.4998240771148863
2.499817643344723
2.499810789934733
2.4998034772487077
2.4997956607007694
2.499787289979044
2.499778308121355
2.499768650409443
2.499758243039315
2.4997470015138163
2.499734828688254
2.4997216123797523
2.499707222424028
2.499691507026817
2.499674288207511
2.4996553560640393
2.4996344614925885
2.4996113068609676
2.499585533941821
2.4995567081324337
2.499524297576289
2.4994876451850336
2.499445930618802
2.499398117818435
2.49934288135196
2.499278501034357
2.4992027079014205
2.499112453587495
2.4990035554021532
2.498870132589475
2.4987036774467692
2.4984914572383947
2.498213619104708
2.4978376050014734
2.497306499008668
2.4965121399070522
2.4952241278048812
2.4928627470767646
2.4875170175464705
2.468326149661292
1.8227817780671918
0.20920628458192636
0.004208928061619924
2.8853196846967356E-5
The correct rate for BP: 100.00% 
