2.678967103422494
2.4998057222450276
2.499862484520499
2.499866859167067
2.4998656680372067
2.499863700043065
2.4998615727420144
2.4998593660453317
2.499857087948624
2.4998547366330808
2.49985230877805
2.4998498006613596
2.4998472082905305
2.499844527402316
2.4998417534427375
2.4998388815424555
2.499835906489209
2.4998328226972735
2.4998296241736067
2.4998263044802522
2.4998228566925307
2.4998192733524363
2.4998155464166154
2.4998116671981476
2.499807626301286
2.4998034135481237
2.4997990178960134
2.4997944273443515
2.499789628829104
2.499784608103154
2.4997793496002148
2.49977383627961
2.499768049448741
2.499761968559412
2.4997555709734263
2.4997488316919467
2.4997417230419274
2.499734214311507
2.4997262713244446
2.499717855941431
2.49970892547326
2.4996994319872314
2.4996893214835363
2.499678532912436
2.499666996995336
2.4996546348028073
2.4996413560293624
2.4996270568872316
2.4996116175178402
2.4995948987878855
2.4995767382934178
2.499556945335314
2.4995352945456064
2.49951151772539
2.499485293284682
2.4994562324265575
2.499423860850965
2.4993875942012393
2.499346704628807
2.4993002745237813
2.4992471313303133
2.499185753864193
2.499114134624624
2.499029572237701
2.4989283494082972
2.4988052163302386
2.4986525293426896
2.4984587477277764
2.4982056631172846
2.4978629412378273
2.4973764361041755
2.496640342782582
2.495420570719044
2.493095762296689
2.48744390219578
2.46362399859221
1.2960812007296898
1.9574964141386417
1.9990284038280397
1.9993025985025525
1.9993100565482693
1.999288789225955
1.9992622573182597
1.9992333283100674
1.9992022029032641
1.9991686995068645
1.999132553637188
1.999093451830752
1.999051028469756
1.999004855670848
1.9989544296732296
1.998899153356087
1.9988383136838992
1.9987710522991589
1.9986963267125257
1.9986128583947704
1.9985190623195477
1.9984129497560945
1.9982919916993063
1.9981529230582786
1.9979914553978193
1.9978018444101893
1.9975762189242974
1.9973035033821163
1.9969676159629897
1.996544306832332
1.995995277734961
1.9952564301634632
1.994212136502279
1.9926317275494128
1.989984362238309
1.984746631982381
1.9704064476648702
1.8607542402961377
0.03496182547779418
0.010606126949528054
0.005053154590509063
0.003406017911517664
0.0027603563467916894
0.002395718978948752
0.002138873307301569
0.0019376633829722414
0.001771672769701731
0.0016308541016360311
0.0015093249502573384
0.0014031975898138637
0.001309688685563235
0.0012266999288290258
0.0011525948971932028
0.0010860673757357912
0.0010260569830246359
9.716916556382568E-4
9.222466292987323E-4
8.771142059939911E-4
8.357809192814522E-4
7.978099609345234E-4
7.628274534853096E-4
7.305115944759704E-4
7.005839816422562E-4
6.728026176001225E-4
6.469562231521435E-4
6.228595806302842E-4
6.003496952926609E-4
5.79282611662259E-4
5.595307580646001E-4
5.409807200162443E-4
5.235313639703558E-4
5.070922489511008E-4
4.915822760284584E-4
4.769285352849238E-4
4.630653175559493E-4
4.4993326426776687E-4
4.374786335102385E-4
4.256526643402439E-4
4.144110244198402E-4
4.0371332861129864E-4
3.935227182006721E-4
3.8380549209748546E-4
3.7453078273484984E-4
3.6567027052960915E-4
3.5719793170283014E-4
3.490898150425338E-4
3.4132384384313896E-4
3.338796398023852E-4
3.2673836611550535E-4
3.1988258739346174E-4
3.132961443592452E-4
3.06964041553753E-4
3.008723465189084E-4
2.950080991269604E-4
2.8935922989717735E-4
2.839144862888207E-4
2.786633660861872E-4
2.7359605710095165E-4
2.687033825114677E-4
2.63976751240475E-4
2.5940811284367855E-4
2.549899164432155E-4
2.5071507329392793E-4
2.4657692261708026E-4
2.4256920037736765E-4
2.386860107148641E-4
2.3492179977514118E-4
2.312713317086379E-4
2.2772966663457513E-4
2.2429214038657692E-4
2.2095434587588976E-4
2.1771211592524356E-4
2.1456150744113097E-4
2.11498786805722E-4
2.0852041638133682E-4
2.0562304203092393E-4
2.0280348156742652E-4
2.0005871405318426E-4
1.9738586987809182E-4
1.9478222155188416E-4
1.9224517515194477E-4
1.8977226237336658E-4
1.8736113313292554E-4
1.8500954868292587E-4
1.8271537519475196E-4
1.804765777756283E-4
1.7829121488513523E-4
1.7615743312100822E-4
1.7407346234634E-4
1.7203761113262041E-4
1.7004826249522302E-4
1.6810386989994964E-4
1.6620295352086324E-4
1.6434409673139223E-4
1.6252594281205085E-4
1.6074719185949946E-4
1.590065978828564E-4
1.5730296607427847E-4
1.5563515024186539E-4
1.5400205039382955E-4
1.52402610463707E-4
1.508358161672353E-4
1.4930069298214093E-4
1.4779630424274824E-4
1.463217493419898E-4
1.4487616203383855E-4
1.4345870882974556E-4
1.4206858748314768E-4
1.4070502555645696E-4
1.393672790654308E-4
1.3805463119610293E-4
1.3676639108985066E-4
1.3550189269240237E-4
1.34260493662996E-4
1.330415743400289E-4
1.3184453675985354E-4
1.3066880372560854E-4
1.2951381792313362E-4
1.2837904108124894E-4
1.2726395317385795E-4
1.2616805166142084E-4
1.2509085076967764E-4
1.2403188080341098E-4
1.2299068749335542E-4
1.2196683137439839E-4
1.2095988719337372E-4
1.1996944334476375E-4
1.189951013329071E-4
1.1803647525915284E-4
1.1709319133275556E-4
1.1616488740416286E-4
1.1525121251955116E-4
1.1435182649547604E-4
1.13466399512657E-4
1.1259461172780583E-4
1.1173615290265847E-4
1.1089072204930991E-4
1.1005802709100438E-4
1.0923778453765146E-4
1.0842971917528313E-4
1.0763356376881165E-4
1.0684905877738203E-4
1.0607595208176037E-4
1.0531399872312376E-4
1.0456296065272121E-4
1.038226064919079E-4
1.0309271130201288E-4
1.0237305636361946E-4
1.016634289647818E-4
1.0096362219778197E-4
1.0027343476402427E-4
9.959267078669132E-5
The correct rate for BP: 100.00% 
