2.047329514612559
0.4463433271982687
0.03571517512038394
0.008338350908991482
0.003869603437579283
0.0029327926607806486
0.002539175755970495
0.0022979757331221063
0.00212259575071652
0.0019838807005491217
0.0018686418242543465
0.001769784243820555
0.001683075993856638
0.0016058047266892085
0.0015361303414064297
0.0014727435585163433
0.0014146743054327918
0.0013611787920310915
0.0013116701113557367
0.001265673952614118
0.0012227993456860654
0.0011827187075970262
0.0011451538253048534
0.0011098657376437835
0.0010766472486832567
0.0010453172627563072
0.0010157164110458602
9.877036144682004E-4
9.611533394173143E-4
9.359533760059079E-4
9.120030171775813E-4
8.892115502192518E-4
8.674969951835094E-4
8.467850409475534E-4
8.270081412752682E-4
8.081047417399813E-4
7.90018614652973E-4
7.726982838666255E-4
7.56096524916171E-4
7.401699287348589E-4
7.24878519337008E-4
7.101854175646E-4
6.960565443462395E-4
6.824603580030796E-4
6.693676210150566E-4
6.567511923768898E-4
6.44585842261373E-4
6.328480861931827E-4
6.215160363399607E-4
6.105692678648809E-4
5.999886985679148E-4
5.897564802819697E-4
5.798559006925311E-4
5.702712944214758E-4
5.609879623630232E-4
5.519920983855062E-4
5.432707226210918E-4
5.34811620659095E-4
5.266032880391509E-4
5.186348795107699E-4
5.108961625866795E-4
5.033774749705082E-4
4.960696854859316E-4
4.889641581748637E-4
4.82052719268365E-4
4.7532762676493547E-4
4.687815423789403E-4
4.624075056461948E-4
4.561989099953963E-4
4.501494806133773E-4
4.442532539490904E-4
4.3850455871650296E-4
4.3289799826995694E-4
4.274284342377654E-4
4.2209097131039715E-4
4.1688094308944406E-4
4.117938989120271E-4
4.0682559157309344E-4
4.0197196587519806E-4
3.972291479412864E-4
3.9259343523199855E-4
3.880612872138905E-4
3.8362931662962104E-4
3.7929428132535073E-4
3.750530765943429E-4
3.709027279991665E-4
3.6684038463794753E-4
3.6286331282307126E-4
3.58968890143157E-4
3.55154599881466E-4
3.5141802576611026E-4
3.4775684702931665E-4
3.441688337547193E-4
3.4065184249330947E-4
3.3720381213019643E-4
3.338227599855664E-4
3.3050677813454144E-4
3.2725402993178965E-4
3.2406274672769017E-4
3.2093122476390746E-4
3.1785782223705926E-4
3.148409565199141E-4
3.118791015304831E-4
3.089707852397717E-4
3.0611458730988477E-4
3.033091368545494E-4
3.0055311031471044E-4
2.978452294424488E-4
2.951842593867619E-4
2.9256900687530405E-4
2.899983184865452E-4
2.874710790071181E-4
2.8498620986953455E-4
2.8254266766571015E-4
2.80139442732053E-4
2.777755578021452E-4
2.754500667232861E-4
2.731620532333687E-4
2.709106297948771E-4
2.686949364828488E-4
2.6651413992398226E-4
2.6436743228411725E-4
2.622540303015871E-4
2.6017317436398656E-4
2.581241276261725E-4
2.5610617516729964E-4
2.5411862318493444E-4
2.5216079822435605E-4
2.502320464412681E-4
2.4833173289622913E-4
2.4645924087924925E-4
2.446139712630737E-4
2.4279534188367634E-4
2.4100278694672163E-4
2.392357564586887E-4
2.3749371568150413E-4
2.3577614460950846E-4
2.3408253746775562E-4
2.3241240223060596E-4
2.3076526015969342E-4
2.2914064536029726E-4
2.2753810435537593E-4
2.259571956763535E-4
2.2439748946993235E-4
2.2285856712025214E-4
2.213400208856059E-4
2.1984145354914675E-4
2.183624780829247E-4
2.1690271732467662E-4
2.1546180366681532E-4
2.1403937875703183E-4
2.1263509321013083E-4
2.1124860633045008E-4
2.0987958584454706E-4
2.0852770764366935E-4
2.07192655535544E-4
2.058741210051909E-4
2.045718029843019E-4
2.0328540762886167E-4
2.02014648104682E-4
2.0075924438048536E-4
1.9951892302826768E-4
1.9829341703064823E-4
1.9708246559484955E-4
1.9588581397316453E-4
1.9470321328953424E-4
1.9353442037207906E-4
1.9237919759126934E-4
1.912373127036173E-4
1.9010853870056376E-4
1.889926536624215E-4
1.8788944061718383E-4
1.867986874039805E-4
1.8572018654101644E-4
1.846537350978355E-4
1.8359913457170618E-4
1.825561907680541E-4
1.8152471368467447E-4
1.8050451739969433E-4
1.794954199630885E-4
1.7849724329159985E-4
1.7750981306702013E-4
1.765329586375979E-4
1.7556651292257157E-4
1.7461031231962232E-4
1.736641966151989E-4
1.7272800889760878E-4
1.718015954727128E-4
1.7088480578225776E-4
1.699774923246029E-4
1.69079510577877E-4
1.6819071892542099E-4
1.6731097858345043E-4
1.6644015353086945E-4
1.6557811044114624E-4
1.6472471861619838E-4
1.6387984992219682E-4
1.6304337872725014E-4
1.622151818408826E-4
1.6139513845526052E-4
1.605831300881045E-4
1.5977904052722646E-4
1.589827557766405E-4
1.5819416400419904E-4
1.5741315549071272E-4
1.5663962258047898E-4
1.558734596331945E-4
1.5511456297720991E-4
1.5436283086407615E-4
1.536181634243129E-4
1.5288046262444666E-4
1.5214963222514924E-4
1.514255777405658E-4
1.507082063987223E-4
1.4999742710298936E-4
1.4929315039459456E-4
1.4859528841612424E-4
1.4790375487599844E-4
1.4721846501387432E-4
1.4653933556698327E-4
1.4586628473732313E-4
1.451992321597204E-4
1.4453809887072177E-4
1.438828072783E-4
1.4323328113229958E-4
1.425894454957049E-4
1.4195122671657783E-4
1.4131855240076535E-4
1.4069135138524515E-4
1.4006955371219043E-4
1.3945309060365478E-4
1.3884189443691023E-4
1.3823589872037786E-4
1.3763503807018648E-4
1.3703924818727744E-4
1.364484658350977E-4
1.3586262881783403E-4
1.3528167595915606E-4
1.3470554708151862E-4
1.3413418298593516E-4
1.3356752543223845E-4
1.3300551711983264E-4
1.3244810166889015E-4
1.3189522360200986E-4
1.313468283263071E-4
1.308028621159123E-4
1.3026327209490524E-4
1.2972800622064167E-4
1.2919701326746E-4
1.2867024281077856E-4
1.281476452115597E-4
1.2762917160113216E-4
1.27114773866362E-4
1.2660440463516134E-4
1.2609801726233834E-4
1.2559556581576397E-4
1.2509700506283574E-4
1.2460229045728458E-4
1.241113781262407E-4
1.2362422485762142E-4
1.2314078808776434E-4
1.2266102588938757E-4
1.221848969597538E-4
1.217123606091578E-4
1.212433767496198E-4
1.2077790588385839E-4
1.2031590909448535E-4
1.1985734803344726E-4
1.1940218491169393E-4
1.1895038248906179E-4
1.1850190406439046E-4
1.1805671346583899E-4
1.1761477504141717E-4
1.1717605364971369E-4
1.1674051465082562E-4
1.1630812389747955E-4
1.1587884772633376E-4
1.1545265294946844E-4
1.1502950684606742E-4
1.1460937715424298E-4
1.1419223206305843E-4
1.1377804020470714E-4
1.1336677064684826E-4
1.1295839288511066E-4
1.1255287683573536E-4
1.1215019282839083E-4
1.1175031159911383E-4
1.1135320428340486E-4
1.1095884240946754E-4
1.1056719789155975E-4
1.1017824302352179E-4
1.097919504723903E-4
1.0940829327217288E-4
1.0902724481772139E-4
1.0864877885874972E-4
1.0827286949395456E-4
1.0789949116525135E-4
1.075286186521437E-4
1.0716022706617806E-4
1.0679429184551676E-4
1.0643078874962498E-4
1.0606969385405297E-4
1.057109835453099E-4
1.0535463451586263E-4
1.0500062375920369E-4
1.0464892856503077E-4
1.0429952651450536E-4
1.0395239547562233E-4
1.0360751359864307E-4
1.0326485931163116E-4
1.0292441131606753E-4
1.0258614858254812E-4
1.0225005034656526E-4
1.0191609610435904E-4
1.0158426560885707E-4
1.0125453886568552E-4
1.0092689612925637E-4
1.006013178989127E-4
1.0027778491516955E-4
9.995627815600432E-5
The correct rate for BP: 100.00% 
