2.62474293075796
2.4999973659626633
2.499998231900069
2.4999983219281305
2.499998332527758
2.499998332837285
2.4999983317706063
2.4999983305176907
2.499998329238134
2.4999983279533495
2.4999983266662107
2.499998325377097
2.499998324086057
2.499998322793093
2.4999983214982016
2.499998320201379
2.4999983189026214
2.4999983176019236
2.4999983162992816
2.4999983149946914
2.499998313688148
2.499998312379648
2.499998311069186
2.4999983097567586
2.4999983084423607
2.4999983071259884
2.4999983058076367
2.4999983044873026
2.49999830316498
2.499998301840665
2.4999983005143536
2.499998299186041
2.4999982978557225
2.499998296523394
2.499998295189051
2.499998293852688
2.4999982925143027
2.499998291173888
2.499998289831441
2.4999982884869563
2.49999828714043
2.4999982857918566
2.4999982844412325
2.4999982830885523
2.4999982817338116
2.4999982803770058
2.49999827901813
2.49999827765718
2.499998276294151
2.499998274929038
2.499998273561836
2.499998272192541
2.499998270821148
2.4999982694476515
2.499998268072048
2.4999982666943317
2.499998265314498
2.4999982639325427
2.4999982625484596
2.4999982611622453
2.499998259773894
2.4999982583834015
2.4999982569907626
2.4999982555959717
2.499998254199025
2.4999982527999167
2.4999982513986425
2.499998249995197
2.499998248589575
2.4999982471817725
2.499998245771783
2.4999982443596025
2.499998242945226
2.499998241528648
2.4999982401098633
2.499998238688867
2.499998237265654
2.4999982358402195
2.4999982344125575
2.499998232982664
2.499998231550533
2.4999982301161596
2.4999982286795386
2.4999982272406642
2.4999982257995317
2.499998224356136
2.499998222910471
2.499998221462533
2.499998220012315
2.4999982185598126
2.4999982171050203
2.4999982156479326
2.499998214188544
2.4999982127268496
2.499998211262844
2.4999982097965208
2.499998208327875
2.499998206856902
2.499998205383596
2.4999982039079507
2.4999982024299614
2.499998200949622
2.499998199466927
2.4999981979818715
2.4999981964944493
2.4999981950046553
2.499998193512483
2.499998192017928
2.4999981905209836
2.4999981890216447
2.499998187519905
2.4999981860157603
2.4999981845092027
2.4999981830002285
2.4999981814888304
2.499998179975003
2.4999981784587417
2.4999981769400392
2.4999981754188902
2.499998173895289
2.4999981723692297
2.4999981708407057
2.4999981693097126
2.499998167776243
2.4999981662402915
2.4999981647018528
2.49999816316092
2.499998161617487
2.499998160071549
2.499998158523099
2.4999981569721306
2.499998155418638
2.499998153862616
2.499998152304058
2.499998150742957
2.4999981491793077
2.499998147613104
2.499998146044339
2.4999981444730075
2.4999981428991025
2.499998141322618
2.4999981397435476
2.499998138161885
2.499998136577624
2.4999981349907583
2.4999981334012817
2.4999981318091873
2.499998130214469
2.499998128617121
2.4999981270171356
2.499998125414507
2.499998123809229
2.499998122201294
2.4999981205906976
2.499998118977431
2.499998117361489
2.4999981157428643
2.499998114121551
2.4999981124975417
2.49999811087083
2.49999810924141
2.499998107609273
2.4999981059744147
2.499998104336827
2.499998102696504
2.4999981010534373
2.499998099407622
2.49999809775905
2.499998096107715
2.4999980944536095
2.4999980927967274
2.499998091137061
2.4999980894746043
2.4999980878093497
2.4999980861412903
2.4999980844704197
2.49999808279673
2.4999980811202143
2.4999980794408656
2.499998077758677
2.4999980760736413
2.499998074385751
2.4999980726949995
2.4999980710013796
2.4999980693048833
2.499998067605504
2.4999980659032337
2.499998064198066
2.4999980624899933
2.4999980607790087
2.4999980590651036
2.499998057348272
2.4999980556285055
2.499998053905797
2.4999980521801386
2.499998050451524
2.4999980487199442
2.4999980469853926
2.499998045247861
2.499998043507343
2.4999980417638294
2.4999980400173136
2.4999980382677878
2.499998036515244
2.499998034759674
2.499998033001071
2.4999980312394268
2.499998029474734
2.499998027706984
2.4999980259361694
2.4999980241622826
2.4999980223853147
2.499998020605259
2.4999980188221067
2.4999980170358507
2.499998015246481
2.4999980134539923
2.499998011658374
2.49999800985962
2.499998008057721
2.4999980062526683
2.499998004444455
2.4999980026330726
2.499998000818513
2.499997999000767
2.499997997179827
2.4999979953556846
2.499997993528331
2.4999979916977586
2.4999979898639584
2.499997988026922
2.4999979861866417
2.499997984343108
2.4999979824963123
2.499997980646247
2.4999979787929023
2.4999979769362706
2.4999979750763424
2.49999797321311
2.499997971346564
2.499997969476696
2.499997967603497
2.499997965726958
2.49999796384707
2.4999979619638255
2.4999979600772138
2.499997958187227
2.499997956293856
2.499997954397092
2.499997952496925
2.4999979505933467
2.499997948686348
2.4999979467759204
2.499997944862053
2.4999979429447383
2.4999979410239663
2.4999979390997282
2.499997937172014
2.4999979352408146
2.499997933306121
2.499997931367924
2.4999979294262134
2.49999792748098
2.499997925532215
2.4999979235799077
2.4999979216240495
2.4999979196646307
2.4999979177016414
2.499997915735072
2.4999979137649126
2.4999979117911537
2.4999979098137857
2.4999979078327987
2.4999979058481823
2.499997903859928
2.4999979018680243
2.4999978998724623
2.4999978978732313
2.4999978958703224
2.499997893863724
2.4999978918534276
2.499997889839422
2.4999978878216975
2.4999978858002434
2.49999788377505
2.4999978817461073
2.499997879713404
2.4999978776769307
2.4999978756366765
2.499997873592631
2.499997871544784
2.499997869493124
2.4999978674376426
2.4999978653783272
2.4999978633151683
2.4999978612481546
2.4999978591772756
2.499997857102521
2.4999978550238797
2.4999978529413402
2.499997850854893
2.4999978487645262
2.4999978466702295
2.499997844571991
2.4999978424698006
2.499997840363647
2.499997838253519
2.4999978361394057
2.4999978340212956
2.499997831899178
2.4999978297730405
2.499997827642873
2.499997825508664
2.499997823370401
2.499997821228074
2.499997819081671
2.49999781693118
2.49999781477659
2.4999978126178894
2.499997810455066
2.499997808288109
2.499997806117006
2.499997803941745
2.4999978017623152
2.499997799578704
2.499997797390899
2.4999977951988894
2.4999977930026622
2.4999977908022064
2.499997788597509
2.499997786388558
2.499997784175341
2.499997781957847
2.499997779736062
2.499997777509975
2.499997775279573
2.499997773044844
2.4999977708057752
2.4999977685623542
2.499997766314568
2.499997764062405
2.499997761805851
2.499997759544895
2.4999977572795227
2.4999977550097228
2.499997752735481
2.499997750456785
2.4999977481736226
2.49999774588598
2.4999977435938443
2.499997741297202
2.4999977389960404
2.4999977366903465
2.499997734380106
2.4999977320653075
2.4999977297459357
2.499997727421978
2.499997725093421
2.499997722760251
2.499997720422454
2.4999977180800173
2.499997715732927
2.499997713381169
2.4999977110247293
2.499997708663595
2.4999977062977514
2.499997703927185
2.499997701551881
2.4999976991718262
2.4999976967870063
2.499997694397407
2.4999976920030145
2.499997689603813
2.4999976871997904
2.499997684790931
2.49999768237722
2.499997679958644
2.499997677535188
2.4999976751068367
2.499997672673576
2.499997670235391
2.4999976677922677
2.49999766534419
2.4999976628911442
2.4999976604331136
2.499997657970085
2.499997655502042
2.4999976530289705
2.4999976505508545
2.4999976480676787
2.4999976455794286
2.4999976430860875
2.499997640587641
2.499997638084073
2.4999976355753684
2.4999976330615112
2.4999976305424854
2.499997628018276
2.4999976254888665
2.4999976229542415
2.4999976204143843
2.4999976178692793
2.4999976153189105
2.499997612763262
2.4999976102023163
2.4999976076360584
2.4999976050644714
2.4999976024875394
2.499997599905245
2.4999975973175723
2.4999975947245043
2.4999975921260242
2.499997589522116
2.499997586912762
2.4999975842979456
2.4999975816776496
2.4999975790518576
2.4999975764205513
2.499997573783715
2.49999757114133
2.49999756849338
2.499997565839847
2.499997563180714
2.4999975605159626
2.4999975578455764
2.4999975551695366
2.4999975524878253
2.4999975498004257
2.4999975471073195
2.4999975444084885
2.4999975417039146
2.49999753899358
2.4999975362774656
2.499997533555554
2.499997530827826
2.4999975280942643
2.49999752535485
2.499997522609563
2.499997519858387
2.4999975171013014
2.4999975143382875
2.4999975115693274
2.4999975087944017
2.4999975060134907
2.499997503226576
2.499997500433637
2.499997497634656
2.4999974948296133
2.4999974920184886
2.4999974892012626
2.499997486377916
2.4999974835484284
2.4999974807127803
2.4999974778709526
2.499997475022924
2.499997472168675
2.4999974693081852
2.4999974664414344
2.499997463568402
2.4999974606890683
2.4999974578034116
2.4999974549114126
2.49999745201305
2.499997449108303
2.4999974461971504
2.4999974432795713
2.4999974403555445
2.49999743742505
2.499997434488065
2.4999974315445694
2.4999974285945408
2.499997425637958
2.499997422674799
2.4999974197050427
2.499997416728667
2.4999974137456507
2.49999741075597
2.4999974077596048
2.4999974047565314
2.499997401746728
2.4999973987301725
2.499997395706842
2.499997392676714
2.499997389639766
2.4999973865959744
2.4999973835453173
2.499997380487771
2.4999973774233126
2.4999973743519197
2.4999973712735675
2.4999973681882333
2.499997365095894
2.4999973619965252
2.499997358890103
2.4999973557766046
2.4999973526560058
2.4999973495282815
2.4999973463934086
2.499997343251362
2.4999973401021185
2.4999973369456523
2.4999973337819394
2.499997330610955
2.4999973274326743
2.4999973242470723
2.4999973210541246
2.4999973178538046
2.4999973146460883
2.499997311430949
2.4999973082083633
2.499997304978303
2.4999973017407444
2.4999972984956607
2.4999972952430256
2.4999972919828135
2.499997288714998
2.499997285439553
2.499997282156452
2.499997278865668
2.499997275567175
2.4999972722609454
2.4999972689469523
2.499997265625169
2.4999972622955684
2.4999972589581225
2.4999972556128043
2.499997252259586
2.49999724889844
2.499997245529339
2.499997242152254
2.499997238767157
2.499997235374021
2.499997231972816
2.4999972285635144
2.499997225146087
2.499997221720506
2.499997218286741
2.4999972148447647
2.499997211394547
2.499997207936058
2.499997204469269
2.49999720099415
2.4999971975106714
2.499997194018804
2.4999971905185165
2.4999971870097797
2.499997183492563
2.4999971799668357
2.4999971764325677
2.4999971728897274
2.4999971693382848
2.4999971657782085
2.4999971622094668
2.4999971586320298
2.499997155045864
2.4999971514509394
2.4999971478472234
2.499997144234684
2.4999971406132895
2.4999971369830076
2.499997133343806
2.4999971296956516
2.4999971260385117
2.4999971223723536
2.4999971186971446
2.499997115012851
2.4999971113194395
2.4999971076168768
2.499997103905129
2.4999971001841623
2.4999970964539426
2.4999970927144353
2.499997088965607
2.4999970852074225
2.4999970814398473
2.4999970776628464
2.499997073876385
2.4999970700804273
2.499997066274938
2.499997062459882
2.4999970586352234
2.4999970548009265
2.4999970509569542
2.499997047103271
2.499997043239841
2.499997039366626
2.4999970354835908
2.4999970315906967
2.4999970276879084
2.499997023775187
2.4999970198524957
2.499997015919796
2.4999970119770514
2.4999970080242218
2.49999700406127
2.4999970000881575
2.499996996104845
2.4999969921112943
2.499996988107466
2.49999698409332
2.4999969800688184
2.49999697603392
2.4999969719885855
2.4999969679327747
2.4999969638664474
2.4999969597895624
2.49999695570208
2.4999969516039586
2.499996947495157
2.499996943375634
2.4999969392453476
2.499996935104257
2.499996930952319
2.4999969267894926
2.4999969226157335
2.499996918431001
2.4999969142352514
2.499996910028441
2.4999969058105274
2.4999969015814663
2.499996897341214
2.499996893089727
2.499996888826961
2.499996884552871
2.499996880267412
2.49999687597054
2.499996871662209
2.4999968673423743
2.4999968630109897
2.4999968586680095
2.499996854313387
2.4999968499470766
2.4999968455690316
2.499996841179204
2.499996836777548
2.499996832364016
2.4999968279385594
2.499996823501131
2.499996819051683
2.4999968145901663
2.4999968101165324
2.4999968056307322
2.4999968011327174
2.4999967966224372
2.4999967920998434
2.4999967875648847
2.499996783017511
2.499996778457672
2.499996773885317
2.4999967693003957
2.499996764702855
2.4999967600926447
2.499996755469712
2.499996750834005
2.499996746185472
2.499996741524059
2.499996736849713
2.4999967321623813
2.4999967274620096
2.499996722748545
2.4999967180219325
2.4999967132821173
2.4999967085290455
2.499996703762661
2.4999966989829083
2.499996694189733
2.499996689383078
2.4999966845628867
2.499996679729103
2.499996674881669
2.4999966700205287
2.499996665145624
2.499996660256896
2.499996655354288
2.49999665043774
2.4999966455071934
2.49999664056259
2.4999966356038685
2.4999966306309696
2.499996625643834
2.4999966206423996
2.4999966156266065
2.499996610596393
2.4999966055516976
2.4999966004924574
2.499996595418611
2.499996590330096
2.499996585226848
2.499996580108805
2.499996574975902
2.4999965698280753
2.499996564665261
2.499996559487393
2.499996554294407
2.499996549086237
2.499996543862817
2.4999965386240803
2.4999965333699605
2.49999652810039
2.499996522815302
2.4999965175146275
2.499996512198299
2.499996506866247
2.499996501518403
2.4999964961546968
2.499996490775059
2.499996485379419
2.4999964799677064
2.4999964745398486
2.499996469095776
2.4999964636354144
2.4999964581586926
2.499996452665538
2.4999964471558767
2.4999964416296345
2.4999964360867377
2.4999964305271116
2.4999964249506808
2.4999964193573696
2.4999964137471036
2.4999964081198045
2.4999964024753956
2.4999963968138004
2.4999963911349403
2.4999963854387373
2.499996379725113
2.499996373993987
2.499996368245281
2.4999963624789134
2.4999963566948042
2.499996350892872
2.499996345073036
2.4999963392352123
2.4999963333793196
2.499996327505274
2.499996321612992
2.49999631570239
2.4999963097733815
2.4999963038258834
2.4999962978598083
2.4999962918750707
2.4999962858715836
2.499996279849259
2.4999962738080104
2.499996267747748
2.4999962616683833
2.4999962555698265
2.499996249451988
2.499996243314776
2.4999962371581
2.4999962309818686
2.4999962247859884
2.4999962185703675
2.499996212334911
2.4999962060795258
2.4999961998041167
2.4999961935085886
2.4999961871928447
2.49999618085679
2.4999961745003256
2.4999961681233547
2.4999961617257784
2.4999961553074987
2.4999961488684144
2.499996142408426
2.4999961359274323
2.499996129425332
2.499996122902022
2.4999961163574005
2.499996109791363
2.499996103203806
2.4999960965946233
2.499996089963711
2.4999960833109616
2.4999960766362683
2.499996069939524
2.4999960632206193
2.499996056479446
2.4999960497158935
2.4999960429298516
2.499996036121209
2.499996029289854
2.4999960224356736
2.4999960155585548
2.499996008658382
2.4999960017350413
2.499995994788417
2.4999959878183926
2.49999598082485
2.4999959738076725
2.4999959667667393
2.499995959701933
2.499995952613131
2.4999959455002134
2.4999959383630577
2.499995931201541
2.49999592401554
2.4999959168049295
2.499995909569584
2.4999959023093776
2.4999958950241834
2.499995887713873
2.4999958803783175
2.499995873017387
2.499995865630952
2.4999958582188797
2.4999958507810387
2.499995843317295
2.499995835827514
2.4999958283115613
2.4999958207693007
2.499995813200595
2.499995805605306
2.4999957979832956
2.4999957903344225
2.499995782658547
2.4999957749555266
2.4999957672252187
2.4999957594674793
2.4999957516821634
2.499995743869126
2.499995736028219
2.4999957281592944
2.4999957202622047
2.499995712336798
2.499995704382925
2.4999956964004317
2.4999956883891663
2.4999956803489742
2.499995672279699
2.499995664181185
2.499995656053274
2.499995647895808
2.4999956397086263
2.4999956314915677
2.4999956232444704
2.499995614967171
2.4999956066595046
2.499995598321305
2.499995589952406
2.4999955815526387
2.4999955731218337
2.4999955646598213
2.499995556166428
2.4999955476414817
2.499995539084807
2.4999955304962294
2.499995521875571
2.4999955132226535
2.4999955045372975
2.499995495819321
2.499995487068543
2.499995478284779
2.4999954694678443
2.4999954606175523
2.4999954517337146
2.499995442816143
2.4999954338646457
2.4999954248790317
2.499995415859107
2.499995406804676
2.499995397715543
2.4999953885915094
2.499995379432376
2.499995370237942
2.499995361008004
2.499995351742359
2.4999953424408012
2.499995333103123
2.4999953237291157
2.4999953143185687
2.4999953048712706
2.499995295387007
2.499995285865563
2.4999952763067212
2.499995266710264
2.4999952570759696
2.499995247403617
2.4999952376929815
2.499995227943838
2.4999952181559597
2.4999952083291173
2.499995198463078
2.499995188557612
2.499995178612483
2.499995168627455
2.4999951586022893
2.4999951485367458
2.4999951384305827
2.499995128283556
2.4999951180954194
2.499995107865925
2.499995097594823
2.499995087281861
2.4999950769267856
2.4999950665293404
2.499995056089267
2.4999950456063065
2.499995035080195
2.4999950245106692
2.499995013897461
2.499995003240304
2.4999949925389253
2.499994981793052
2.499994971002409
2.499994960166719
2.499994949285701
2.499994938359073
2.4999949273865516
2.499994916367848
2.4999949053026733
2.499994894190736
2.499994883031742
2.499994871825394
2.4999948605713938
2.499994849269438
2.4999948379192243
2.499994826520444
2.4999948150727893
2.499994803575947
2.4999947920296033
2.4999947804334406
2.4999947687871384
2.4999947570903736
2.4999947453428217
2.4999947335441535
2.499994721694038
2.4999947097921416
2.4999946978381264
2.4999946858316537
2.4999946737723806
2.49999466165996
2.499994649494045
2.499994637274282
2.499994625000317
2.499994612671792
2.499994600288346
2.499994587849614
2.4999945753552293
2.4999945628048206
2.4999945501980134
2.499994537534431
2.4999945248136926
2.4999945120354137
2.499994499199207
2.499994486304681
2.4999944733514416
2.4999944603390905
2.4999944472672255
2.4999944341354423
2.4999944209433314
2.4999944076904796
2.49999439437647
2.4999943810008842
2.4999943675632967
2.4999943540632796
2.4999943405004013
2.499994326874225
2.4999943131843123
2.4999942994302176
2.499994285611494
2.4999942717276884
2.499994257778345
2.4999942437630027
2.499994229681196
2.4999942155324564
2.499994201316309
2.499994187032277
2.499994172679876
2.499994158258619
2.4999941437680153
2.4999941292075674
2.499994114576773
2.499994099875127
2.4999940851021187
2.499994070257231
2.4999940553399442
2.4999940403497316
2.4999940252860626
2.499994010148401
2.4999939949362053
2.4999939796489286
2.49999396428602
2.4999939488469214
2.49999393333107
2.499993917737898
2.4999939020668314
2.49999388631729
2.499993870488689
2.499993854580437
2.4999938385919376
2.4999938225225873
2.4999938063717773
2.4999937901388924
2.4999937738233116
2.4999937574244075
2.4999937409415462
2.499993724374087
2.499993707721383
2.499993690982782
2.499993674157624
2.499993657245241
2.4999936402449596
2.499993623156101
2.499993605977976
2.499993588709891
2.4999935713511436
2.4999935539010254
2.49999353635882
2.4999935187238025
2.4999935009952425
2.4999934831724007
2.49999346525453
2.499993447240876
2.4999934291306753
2.4999934109231576
2.4999933926175446
2.499993374213047
2.499993355708872
2.499993337104213
2.499993318398258
2.4999932995901855
2.499993280679165
2.499993261664357
2.499993242544914
2.4999932233199766
2.4999932039886787
2.499993184550144
2.4999931650034855
2.4999931453478075
2.4999931255822045
2.499993105705761
2.4999930857175507
2.4999930656166374
2.499993045402074
2.4999930250729037
2.499993004628158
2.4999929840668598
2.4999929633880176
2.4999929425906307
2.499992921673687
2.4999929006361623
2.499992879477021
2.4999928581952164
2.4999928367896893
2.499992815259367
2.499992793603166
2.499992771819991
2.4999927499087318
2.4999927278682663
2.4999927056974607
2.4999926833951656
2.499992660960219
2.499992638391447
2.4999926156876597
2.499992592847653
2.4999925698702095
2.4999925467540987
2.4999925234980713
2.499992500100868
2.499992476561211
2.499992452877808
2.499992429049352
2.4999924050745186
2.499992380951969
2.499992356680347
2.4999923322582793
2.499992307684378
2.499992282957237
2.499992258075431
2.4999922330375193
2.499992207842044
2.4999921824875266
2.499992156972472
2.499992131295366
2.4999921054546745
2.4999920794488455
2.499992053276307
2.499992026935466
2.4999920004247107
2.4999919737424086
2.4999919468869045
2.4999919198565252
2.499991892649573
2.499991865264329
2.499991837699054
2.4999918099519842
2.4999917820213327
2.4999917539052907
2.4999917256020243
2.4999916971096767
2.499991668426366
2.499991639550185
2.4999916104792015
2.4999915812114577
2.49999155174497
2.499991522077727
2.4999914922076916
2.4999914621327988
2.4999914318509546
2.4999914013600377
2.499991370657898
2.4999913397423543
2.499991308611199
2.4999912772621897
2.4999912456930558
2.4999912139014944
2.499991181885171
2.499991149641718
2.4999911171687352
2.4999910844637876
2.499991051524408
2.4999910183480907
2.4999909849322983
2.499990951274455
2.499990917371948
2.499990883222129
2.4999908488223093
2.499990814169762
2.4999907792617218
2.499990744095382
2.499990708667895
2.499990672976372
2.4999906370178806
2.4999906007894466
2.499990564288051
2.499990527510629
2.4999904904540715
2.4999904531152226
2.4999904154908776
2.499990377577786
2.4999903393726446
2.4999903008721036
2.499990262072759
2.4999902229711566
2.4999901835637885
2.499990143847093
2.4999901038174523
2.499990063471193
2.4999900228045853
2.4999899818138385
2.4999899404951047
2.499989898844474
2.499989856857975
2.499989814531573
2.499989771861168
2.4999897288425954
2.499989685471624
2.4999896417439524
2.4999895976552113
2.4999895532009586
2.49998950837668
2.499989463177789
2.4999894175996196
2.499989371637432
2.4999893252864065
2.4999892785416424
2.4999892313981578
2.4999891838508868
2.4999891358946766
2.4999890875242885
2.499989038734395
2.4999889895195753
2.499988939874317
2.4999888897930136
2.4999888392699585
2.499988788299349
2.499988736875279
2.4999886849917394
2.4999886326426153
2.499988579821684
2.4999885265226114
2.4999884727389508
2.49998841846414
2.4999883636914983
2.499988308414224
2.499988252625393
2.4999881963179544
2.499988139484727
2.4999880821183984
2.499988024211521
2.4999879657565094
2.4999879067456345
2.4999878471710253
2.4999877870246605
2.499987726298367
2.499987664983819
2.4999876030725283
2.4999875405558463
2.4999874774249564
2.499987413670872
2.4999873492844316
2.499987284256295
2.499987218576938
2.499987152236649
2.4999870852255226
2.499987017533458
2.4999869491501516
2.4999868800650913
2.4999868102675538
2.499986739746598
2.4999866684910588
2.499986596489542
2.4999865237304197
2.499986450201822
2.4999863758916314
2.4999863007874774
2.4999862248767304
2.499986148146491
2.4999860705835886
2.4999859921745693
2.4999859129056903
2.499985832762914
2.499985751731895
2.4999856697979785
2.499985586946186
2.4999855031612093
2.499985418427401
2.499985332728765
2.4999852460489467
2.4999851583712234
2.499985069678493
2.4999849799532643
2.4999848891776457
2.499984797333333
2.4999847044015993
2.4999846103632795
2.4999845151987623
2.499984418887971
2.4999843214103574
2.499984222744881
2.4999841228699986
2.4999840217636464
2.4999839194032267
2.499983815765591
2.4999837108270215
2.4999836045632176
2.499983496949273
2.499983387959662
2.4999832775682154
2.4999831657481035
2.4999830524718143
2.4999829377111324
2.4999828214371154
2.499982703620071
2.4999825842295333
2.499982463234237
2.499982340602092
2.499982216300155
2.499982090294601
2.4999819625506965
2.4999818330327677
2.4999817017041654
2.4999815685272364
2.4999814334632884
2.4999812964725514
2.499981157514142
2.4999810165460254
2.499980873524974
2.4999807284065234
2.499980581144933
2.499980431693135
2.4999802800026885
2.4999801260237304
2.4999799697049228
2.4999798109933975
2.4999796498347
2.4999794861727294
2.499979319949677
2.499979151105962
2.499978979580162
2.499978805308942
2.499978628226983
2.4999784482669005
2.4999782653591645
2.4999780794320157
2.4999778904113747
2.4999776982207487
2.4999775027811335
2.499977304010909
2.499977101825735
2.499976896138434
2.499976686858874
2.4999764738938435
2.499976257146921
2.4999760365183317
2.499975811904812
2.4999755831994466
2.4999753502915145
2.4999751130663177
2.499974871405001
2.4999746251843677
2.4999743742766785
2.499974118549443
2.4999738578652018
2.4999735920812896
2.4999733210495934
2.4999730446162887
2.499972762621569
2.4999724748993506
2.499972181276971
2.499971881574856
2.4999715756061835
2.499971263176508
2.4999709440833815
2.499970618115938
2.499970285054456
2.499969944669898
2.499969596723413
2.4999692409658154
2.4999688771370256
2.499968504965474
2.499968124167471
2.4999677344465283
2.499967335492641
2.4999669269815157
2.4999665085737526
2.499966079913963
2.499965640629832
2.4999651903311113
2.499964728608541
2.4999642550326953
2.499963769152739
2.4999632704950985
2.49996275856203
2.499962232830079
2.499961692748421
2.4999611377370803
2.499960567184999
2.4999599804479633
2.4999593768463515
2.499958755662712
2.4999581161391298
2.4999574574743826
2.4999567788208465
2.4999560792811484
2.4999553579045153
2.4999546136828124
2.4999538455462216
2.49995305235853
2.4999522329119874
2.4999513859216846
2.499950510019398
2.499949603746847
2.4999486655482954
2.4999476937624205
2.4999466866133653
2.499945642200883
2.4999445584894584
2.499943433296286
2.499942264277963
2.499941048915738
2.4999397844991256
2.499938468107684
2.4999370965907066
2.499935666544548
2.4999341742872665
2.4999326158302084
2.4999309868460924
2.499929282633107
2.4999274980744146
2.4999256275923925
2.4999236650967904
2.4999216039258703
2.499919436779397
2.499917155642169
2.4999147516965112
2.4999122152218565
2.4999095354791825
2.499906700577614
2.4999036973199495
2.4999005110232035
2.499897125309399
2.499893521860806
2.499889680132514
2.4998855770135653
2.4998811864258097
2.4998764788469647
2.499871420741006
2.4998659738746087
2.4998600944927376
2.4998537323190613
2.4998468293371907
2.499839318295849
2.4998311208639183
2.4998221453381415
2.4998122837747876
2.499801408373339
2.4997893668802647
2.4997759766967342
2.4997610172544995
2.4997442200520688
2.4997252554921374
2.499703715289169
2.49967908865568
2.4996507296165533
2.499617811456963
2.4995792621617006
2.499533671186899
2.4994791519893447
2.499413134481156
2.4993320431713046
2.4992307824062694
2.49910188305759
2.4989340269828317
2.498709363309188
2.498398317332331
2.497948749173481
2.4972609762719635
2.496122205108975
2.4939998130171794
2.4891783377582732
2.4727416362672425
2.2155424654996754
0.19595443282466654
0.0020739085106538484
0.0010463170372031802
7.700914194336523E-4
6.333969616738261E-4
5.446058959851477E-4
4.7998957172869813E-4
4.3019376376447044E-4
3.904057002243913E-4
3.5777220585102635E-4
3.3046030391090906E-4
3.072279694972045E-4
2.871995163146123E-4
2.6973777221473295E-4
2.543669427997175E-4
2.4072391440253666E-4
2.2852636166895433E-4
2.1755120746392258E-4
2.076196863838096E-4
1.9858674800122498E-4
1.903333867826494E-4
1.8276099103539507E-4
1.7578711301885984E-4
1.6934225751551933E-4
1.6336741214517867E-4
1.578121258331927E-4
1.5263299777984197E-4
1.477924775939815E-4
1.4325790392908828E-4
1.3900072780831217E-4
1.3499588032594891E-4
1.3122125420563405E-4
1.2765727588173704E-4
1.2428655010121524E-4
1.2109356303728472E-4
1.1806443292732955E-4
1.1518669955234366E-4
1.1244914564857513E-4
1.0984164471668727E-4
1.0735503076735365E-4
1.0498098638644126E-4
1.0271194617093087E-4
1.0054101311884324E-4
9.846188598250129E-5
The correct rate for BP: 100.00% 
