1.0457824684784367
1.0135168124636686
0.24379894257733098
0.10179669963012516
0.06320065534407401
0.040604417269999554
0.03142599620729535
0.026028012739185542
0.022080433144233858
0.019090951402280024
0.016782593754744616
0.014953990778510545
0.01347045206505374
0.012243082092204326
0.011211358131024519
0.010332512057823009
0.009575375090670385
0.008916671075726888
0.0083386662782483
0.007827616380523598
0.007372708201995285
0.006965320819499415
0.006598498994787207
0.006266571072364581
0.0059648671940335535
0.005689508438360101
0.005437246929030638
0.005205343118446873
0.004991470555837793
0.004793641229397526
0.004610146486578803
0.0044395098749493616
0.004280449194377793
0.004131845731959919
0.003992719145394191
0.003862206823446277
0.0037395468213606213
0.0036240636707010688
0.0035151565154628783
0.003412289142407679
0.0033149815627579477
0.0032228028714076143
0.0031353651635965
0.0030523183312003675
0.0029733455941103213
0.002898159648644004
0.0028264993360749067
0.0027581267513488543
0.00269282472576821
0.002630394628548031
0.0025706544412167857
0.0025134370662594522
0.002458588837506914
0.00240596820481756
0.0023554445697773208
0.002306897252622633
0.0022602145734960328
0.002215293033578976
0.0021720365836939673
0.002130355969695673
0.002090168145432384
0.002051395745300309
0.002013966609469525
0.001977813355762194
0.0019428729929356504
0.0019090865707854644
0.0018763988630535453
0.0018447580796181954
0.0018141156048676168
0.0017844257595272634
0.0017556455835307184
0.0017277346378025136
0.0017006548230639137
0.0016743702139847716
0.0016488469071905486
0.0016240528817962974
0.0015999578712827306
0.0015765332456557396
0.0015537519029416927
0.001531588169169307
0.001510017706075879
0.0014890174258525627
0.001468565412312081
0.0014486408479229404
0.0014292239462084127
0.0014102958890571168
0.001391838768534817
0.0013738355328260278
0.0013562699359683673
0.0013391264910736398
0.001322390426757531
0.0013060476465247578
0.001290084690879026
0.001274488701947535
0.001259247390427933
0.0012443490046823436
0.0012297823018178908
0.0012155365206067683
0.0012016013561111497
0.0011879669358893646
0.0011746237976699397
0.0011615628683890765
0.0011487754444959033
0.0011362531734369465
0.0011239880362387124
0.0011119723311131472
0.001100198658016957
0.0010886599041007325
0.0010773492299887685
0.0010662600568350368
0.0010553860541046187
0.0010447211280337405
0.001034259410725024
0.0010239952498375567
0.0010139231988344694
0.0010040380077531788
9.943346144660587E-4
9.84808136401439E-4
9.754538626970006E-4
9.662672467595151E-4
9.572438992066412E-4
9.483795811681555E-4
9.396701979255561E-4
9.311117928701579E-4
9.227005417615163E-4
9.144327472687301E-4
9.063048337787205E-4
8.983133424562297E-4
8.904549265416916E-4
8.827263468734927E-4
8.75124467622508E-4
8.676462522270821E-4
8.602887595177789E-4
8.530491400214746E-4
8.459246324354023E-4
8.389125602619837E-4
8.320103285960427E-4
8.252154210564427E-4
8.185253968545961E-4
8.119378879928871E-4
8.054505965862299E-4
7.990612923006508E-4
7.927678099028855E-4
7.865680469154842E-4
7.804599613721485E-4
7.744415696683857E-4
7.685109445027718E-4
7.626662129044194E-4
7.569055543424907E-4
7.512271989138065E-4
7.456294256048199E-4
7.401105606244185E-4
7.34668975804247E-4
7.293030870633793E-4
7.240113529343257E-4
7.1879227314757E-4
7.136443872719556E-4
7.085662734083364E-4
7.035565469341133E-4
6.98613859296372E-4
6.937368968514017E-4
6.889243797485864E-4
6.841750608566766E-4
6.794877247305817E-4
6.748611866169347E-4
6.70294291496729E-4
6.657859131634201E-4
6.613349533350132E-4
6.569403407986318E-4
6.526010305862798E-4
6.483160031803319E-4
6.440842637476941E-4
6.399048414013114E-4
6.357767884879142E-4
6.31699179901002E-4
6.27671112417885E-4
6.236917040599665E-4
6.197600934752277E-4
6.158754393420267E-4
6.120369197934116E-4
6.082437318610872E-4
6.044950909382708E-4
6.007902302607045E-4
5.971284004050955E-4
5.935088688043142E-4
5.899309192787501E-4
5.863938515830741E-4
5.828969809679936E-4
5.794396377562847E-4
5.760211669326182E-4
5.726409277467009E-4
5.692982933291176E-4
5.659926503195633E-4
5.627233985068377E-4
5.594899504802976E-4
5.562917312922618E-4
5.53128178131039E-4
5.499987400041464E-4
5.469028774313314E-4
5.438400621471278E-4
5.408097768125148E-4
5.378115147354145E-4
5.348447795996754E-4
5.319090852022696E-4
5.290039551984319E-4
5.261289228543883E-4
5.232835308075114E-4
5.204673308335651E-4
5.17679883620849E-4
5.149207585509646E-4
5.121895334859969E-4
5.094857945619227E-4
5.068091359879688E-4
5.041591598517806E-4
5.0153547593019E-4
4.989377015053661E-4
4.963654611862354E-4
4.938183867349204E-4
4.91296116898075E-4
4.887982972429897E-4
4.8632457999822946E-4
4.8387462389872123E-4
4.8144809403513194E-4
4.7904466170737724E-4
4.7666400428218785E-4
4.7430580505450603E-4
4.719697531127225E-4
4.696555432074753E-4
4.673628756240757E-4
4.6509145605826927E-4
4.628409954953878E-4
4.606112100926636E-4
4.584018210646872E-4
4.5621255457188337E-4
4.5404314161188623E-4
4.518933179138075E-4
4.4976282383519574E-4
4.4765140426171213E-4
4.455588085093792E-4
4.4348479022932833E-4
4.4142910731501036E-4
4.393915218117516E-4
4.373717998286129E-4
4.353697114524867E-4
4.3338503066431944E-4
4.3141753525748305E-4
4.2946700675815393E-4
4.2753323034767134E-4
4.256159947868392E-4
4.237150923420756E-4
4.2183031871336553E-4
4.199614729640274E-4
4.181083574521242E-4
4.1627077776358763E-4
4.1444854264694565E-4
4.1264146394960025E-4
4.108493565556834E-4
4.090720383253339E-4
4.073093300354836E-4
4.05561055321985E-4
4.038270406231705E-4
4.021071151246725E-4
4.004011107056005E-4
3.987088618859194E-4
3.9703020577509215E-4
3.953649820218882E-4
3.937130327653729E-4
3.92074202586979E-4
3.9044833846374705E-4
3.888352897225577E-4
3.872349079954645E-4
3.856470471759999E-4
3.840715633764783E-4
3.825083148862867E-4
3.8095716213104656E-4
3.794179676327684E-4
3.7789059597081385E-4
3.7637491374378133E-4
3.748707895322046E-4
3.733780938620795E-4
3.718966991691936E-4
3.7042647976421006E-4
3.6896731179857263E-4
3.6751907323106896E-4
3.660816437951846E-4
3.6465490496710923E-4
3.632387399344927E-4
3.618330335657801E-4
3.604376723802852E-4
3.590525445188562E-4
3.576775397151666E-4
3.5631254926761437E-4
3.5495746601181815E-4
3.536121842936841E-4
3.522765999430295E-4
3.509506102477691E-4
3.4963411392861945E-4
3.483270111143398E-4
3.470292033174819E-4
3.457405934106231E-4
3.444610856031046E-4
3.431905854182374E-4
3.419289996709541E-4
3.4067623644595064E-4
3.394322050762354E-4
3.381968161221169E-4
3.369699813506294E-4
3.357516137153436E-4
3.345416273366175E-4
3.3333993748219234E-4
3.321464605482049E-4
3.309611140405739E-4
3.297838165567287E-4
3.2861448776773004E-4
3.27453048400703E-4
3.262994202216516E-4
3.2515352601856574E-4
3.2401528958488925E-4
3.228846357032978E-4
3.217614901297677E-4
3.206457795779859E-4
3.1953743170402724E-4
3.184363750913358E-4
3.173425392360032E-4
3.1625585453229506E-4
3.151762522584909E-4
3.141036645629543E-4
3.130380244504769E-4
3.1197926576889413E-4
3.109273231959298E-4
3.09882132226284E-4
3.088436291589807E-4
3.078117510849382E-4
3.0678643587474133E-4
3.057676221667077E-4
3.0475524935508306E-4
3.0374925757853367E-4
3.02749587708791E-4
3.01756181339536E-4
3.007689807754619E-4
2.9978792902155536E-4
2.988129697725506E-4
2.9784404740259684E-4
2.968811069550727E-4
2.9592409413262485E-4
2.949729552873575E-4
2.940276374111991E-4
2.930880881264482E-4
2.9215425567648035E-4
2.912260889166165E-4
2.9030353730514905E-4
2.893865508945348E-4
2.88475080322741E-4
2.875690768047159E-4
2.8666849212405013E-4
2.8577327862475637E-4
2.848833892031737E-4
2.8399877730005374E-4
2.831193968927539E-4
2.8224520248756033E-4
2.81376149112169E-4
2.805121923082508E-4
2.796532881241996E-4
2.7879939310794375E-4
2.7795046429993233E-4
2.771064592261881E-4
2.76267335891517E-4
2.7543305277282144E-4
2.746035688125076E-4
2.737788434120181E-4
2.729588364254756E-4
2.721435081534178E-4
2.7133281933664215E-4
2.705267311501552E-4
2.697252051972158E-4
2.689282035034803E-4
2.6813568851124055E-4
2.673476230737437E-4
2.6656397044964446E-4
2.6578469429748536E-4
2.6500975867032374E-4
2.6423912801041205E-4
2.634727671439759E-4
2.6271064127606224E-4
2.619527159854968E-4
2.6119895721989317E-4
2.604493312907528E-4
2.597038048686543E-4
2.589623449784923E-4
2.582249189948151E-4
2.574914946372279E-4
2.5676203996586054E-4
2.5603652337692016E-4
2.553149135983008E-4
2.545971796852681E-4
2.5388329101620776E-4
2.5317321728844937E-4
2.524669285141285E-4
2.517643950161524E-4
2.510655874241919E-4
2.503704766707485E-4
2.496790339872932E-4
2.4899123090044455E-4
2.483070392282075E-4
2.4762643107628906E-4
2.4694937883444976E-4
2.462758551729125E-4
2.456058330388273E-4
2.449392856528015E-4
2.442761865054661E-4
2.4361650935410045E-4
2.4296022821928938E-4
2.4230731738168054E-4
2.4165775137872174E-4
2.4101150500150187E-4
2.4036855329160592E-4
2.397288715380332E-4
2.3909243527415206E-4
2.3845922027470974E-4
2.3782920255286866E-4
2.3720235835730105E-4
2.3657866416932293E-4
2.359580967000609E-4
2.3534063288767625E-4
2.3472624989461175E-4
2.3411492510488308E-4
2.3350663612143542E-4
2.3290136076347474E-4
2.3229907706391893E-4
2.31699763266818E-4
2.3110339782483774E-4
2.3050995939679364E-4
2.299194268451928E-4
2.2933177923382465E-4
2.2874699582538382E-4
2.2816505607912394E-4
2.275859396485475E-4
2.2700962637913188E-4
2.264360963060759E-4
2.258653296520874E-4
2.252973068251999E-4
2.2473200841661555E-4
2.2416941519858E-4
2.236095081222963E-4
2.2305226831584088E-4
2.2249767708214452E-4
2.219457158969775E-4
2.2139636640695426E-4
2.208496104276046E-4
2.203054299414202E-4
2.1976380709595928E-4
2.1922472420198865E-4
2.186881637316033E-4
2.181541083164251E-4
2.1762254074578666E-4
2.1709344396496518E-4
2.1656680107342232E-4
2.1604259532307648E-4
2.155208101165993E-4
2.1500142900573088E-4
2.1448443568961357E-4
2.1396981401316262E-4
2.1345754796544587E-4
2.1294762167808082E-4
2.1244001942366384E-4
2.1193472561422606E-4
2.1143172479968548E-4
2.109310016663355E-4
2.104325410353663E-4
2.0993632786137287E-4
2.0944234723090804E-4
2.0895058436104557E-4
2.0846102459796368E-4
2.079736534155442E-4
2.0748845641399422E-4
2.0700541931848224E-4
2.0652452797779216E-4
2.0604576836299633E-4
2.0556912656614E-4
2.0509458879895318E-4
2.046221413915678E-4
2.041517707912623E-4
2.0368346356120791E-4
2.0321720637924413E-4
2.027529860366665E-4
2.0229078943701933E-4
2.018306035949234E-4
2.0137241563489508E-4
2.0091621279020363E-4
2.0046198240172375E-4
2.000097119168151E-4
1.995593888882029E-4
1.9911100097289334E-4
1.9866453593107722E-4
1.9821998162506687E-4
1.9777732601823522E-4
1.9733655717397172E-4
1.9689766325466023E-4
1.9646063252064163E-4
1.96025453329226E-4
1.9559211413369001E-4
1.9516060348229587E-4
1.9473091001732614E-4
1.943030224741235E-4
1.9387692968013558E-4
1.934526205539927E-4
1.9303008410458743E-4
1.9260930943014234E-4
1.9219028571733712E-4
1.9177300224038405E-4
1.913574483601864E-4
1.90943613523435E-4
1.9053148726177492E-4
1.9012105919093863E-4
1.8971231900992273E-4
1.8930525650014802E-4
1.8889986152464695E-4
1.8849612402725105E-4
1.8809403403180218E-4
1.8769358164134198E-4
1.8729475703735892E-4
1.8689755047898796E-4
1.8650195230226585E-4
1.8610795291938156E-4
1.8571554281791516E-4
1.8532471256011828E-4
1.849354527821767E-4
1.8454775419348899E-4
1.8416160757597357E-4
1.837770037833427E-4
1.8339393374042446E-4
1.8301238844247784E-4
1.8263235895450133E-4
1.822538364105711E-4
1.81876812013177E-4
1.8150127703257088E-4
1.8112722280611446E-4
1.8075464073763364E-4
1.8038352229680335E-4
1.8001385901850683E-4
1.796456425022081E-4
1.79278864411373E-4
1.789135164728258E-4
1.7854959047618085E-4
1.7818707827323775E-4
1.77825971777395E-4
1.7746626296308077E-4
1.7710794386517446E-4
1.7675100657844368E-4
1.763954432569823E-4
1.7604124611366877E-4
1.756884074196035E-4
1.753369195035817E-4
1.749867747515527E-4
1.746379656060915E-4
1.7429048456587762E-4
1.7394432418517782E-4
1.7359947707333646E-4
1.7325593589426652E-4
1.7291369336595036E-4
1.7257274225994712E-4
1.7223307540090472E-4
1.7189468566606675E-4
1.7155756598480847E-4
1.7122170933814827E-4
1.7088710875829368E-4
1.705537573281665E-4
1.7022164818095026E-4
1.6989077449963233E-4
1.6956112951656895E-4
1.6923270651301908E-4
1.6890549881872941E-4
1.6857949981148224E-4
1.6825470291667284E-4
1.6793110160688893E-4
1.6760868940147864E-4
1.6728745986614984E-4
1.6696740661254587E-4
1.666485232978448E-4
1.6633080362435469E-4
1.6601424133911257E-4
1.656988302334941E-4
1.6538456414283122E-4
1.6507143694599765E-4
1.6475944256506259E-4
1.6444857496489282E-4
1.6413882815277594E-4
1.6383019617805864E-4
1.6352267313178025E-4
1.6321625314630512E-4
1.62910930394968E-4
1.6260669909171397E-4
1.6230355349075844E-4
1.620014878862186E-4
1.6170049661179303E-4
1.6140057404040952E-4
1.6110171458387845E-4
1.6080391269258055E-4
1.6050716285511768E-4
1.6021145959799652E-4
1.5991679748530465E-4
1.5962317111837884E-4
1.5933057513550832E-4
1.5903900421159625E-4
1.587484530578777E-4
1.5845891642158675E-4
1.5817038908566024E-4
1.5788286586844693E-4
1.57596341623394E-4
1.5731081123876507E-4
1.5702626963733383E-4
1.56742711776107E-4
1.5646013264603267E-4
1.5617852727172008E-4
1.5589789071114766E-4
1.5561821805540582E-4
1.5533950442839573E-4
1.5506174498658456E-4
1.547849349187094E-4
1.5450906944552953E-4
1.542341438195536E-4
1.5396015332477884E-4
1.5368709327642977E-4
1.5341495902070578E-4
1.5314374593452894E-4
1.5287344942528007E-4
1.5260406493056286E-4
1.5233558791795165E-4
1.5206801388474366E-4
1.518013383577246E-4
1.5153555689292257E-4
1.5127066507537716E-4
1.5100665851889195E-4
1.5074353286581674E-4
1.5048128378680818E-4
1.502199069806064E-4
1.4995939817380083E-4
1.4969975312061515E-4
1.4944096760267708E-4
1.491830374288149E-4
1.4892595843481573E-4
1.486697264832294E-4
1.4841433746314855E-4
1.4815978728999223E-4
1.479060719053072E-4
1.4765318727654982E-4
1.474011293968935E-4
1.471498942850092E-4
1.4689947798487141E-4
1.4664987656556625E-4
1.4640108612108083E-4
1.4615310277011462E-4
1.4590592265588121E-4
1.456595419459272E-4
1.4541395683191955E-4
1.4516916352948225E-4
1.4492515827799104E-4
1.4468193734039575E-4
1.4443949700303948E-4
1.4419783357546735E-4
1.439569433902569E-4
1.4371682280283612E-4
1.4347746819129846E-4
1.432388759562417E-4
1.430010425205862E-4
1.427639643294042E-4
1.4252763784974837E-4
1.4229205957048678E-4
1.4205722600213312E-4
1.4182313367667621E-4
1.4158977914743032E-4
1.4135715898885444E-4
1.411252697964065E-4
1.4089410818637015E-4
1.4066367079570955E-4
1.4043395428190263E-4
1.402049553227884E-4
1.399766706164167E-4
1.3974909688089458E-4
1.3952223085422451E-4
1.3929606929417138E-4
1.3907060897810385E-4
1.3884584670284823E-4
1.3862177928454422E-4
1.3839840355849773E-4
1.381757163790395E-4
1.379537146193886E-4
1.3773239517149595E-4
1.3751175494592548E-4
1.3729179087169994E-4
1.3707249989616888E-4
1.3685387898487432E-4
1.3663592512141862E-4
1.3641863530731765E-4
1.362020065618941E-4
1.359860359221163E-4
1.3577072044249034E-4
1.3555605719492336E-4
1.3534204326859096E-4
1.3512867576982596E-4
1.349159518219703E-4
1.3470386856527674E-4
1.3449242315676177E-4
1.3428161277010073E-4
1.340714345954961E-4
1.338618858395632E-4
1.3365296372520944E-4
1.3344466549151355E-4
1.332369883936152E-4
1.3302992970259356E-4
1.328234867053499E-4
1.326176567045076E-4
1.324124370182793E-4
1.3220782498036762E-4
1.3200381793985208E-4
1.3180041326108297E-4
1.3159760832355682E-4
1.3139540052182645E-4
1.311937872653869E-4
1.3099276597855968E-4
1.3079233410040787E-4
1.3059248908460735E-4
1.3039322839936262E-4
1.3019454952729873E-4
1.2999644996534545E-4
1.2979892722466218E-4
1.2960197883051186E-4
1.2940560232218003E-4
1.2920979525286484E-4
1.2901455518958568E-4
1.2881987971308606E-4
1.2862576641773347E-4
1.284322129114249E-4
1.282392168155E-4
1.2804677576463372E-4
1.2785488740675377E-4
1.2766354940294949E-4
1.2747275942736857E-4
1.272825151671405E-4
1.2709281432228062E-4
1.2690365460559403E-4
1.2671503374260315E-4
1.2652694947144595E-4
1.2633939954279186E-4
1.261523817197637E-4
1.2596589377783976E-4
1.257799335047789E-4
1.255944987005336E-4
1.2540958717716176E-4
1.2522519675875108E-4
1.2504132528133474E-4
1.248579705928035E-4
1.246751305528375E-4
1.2449280303281055E-4
1.243109859157301E-4
1.2412967709613852E-4
1.239488744800476E-4
1.2376857598485935E-4
1.2358877953928067E-4
1.2340948308325772E-4
1.232306845678982E-4
1.2305238195539048E-4
1.2287457321893586E-4
1.2269725634266718E-4
1.225204293215842E-4
1.2234409016147218E-4
1.2216823687883943E-4
1.2199286750084024E-4
1.218179800651986E-4
1.2164357262014718E-4
1.214696432243555E-4
1.2129618994685788E-4
1.2112321086698425E-4
1.2095070407429581E-4
1.2077866766851119E-4
1.2060709975944629E-4
1.2043599846694582E-4
1.2026536192081236E-4
1.2009518826074653E-4
1.199254756362812E-4
1.1975622220671352E-4
1.1958742614104207E-4
1.19419085617909E-4
1.1925119882552633E-4
1.1908376396162498E-4
1.1891677923338433E-4
1.1875024285737376E-4
1.1858415305948985E-4
1.1841850807490316E-4
1.1825330614798532E-4
1.1808854553225798E-4
1.1792422449033534E-4
1.1776034129385873E-4
1.1759689422344482E-4
1.1743388156862105E-4
1.1727130162777137E-4
1.1710915270808315E-4
1.1694743312548497E-4
1.1678614120459138E-4
1.1662527527865315E-4
1.1646483368949355E-4
1.1630481478745798E-4
1.16145216931361E-4
1.1598603848842617E-4
1.1582727783424266E-4
1.1566893335270164E-4
1.1551100343595034E-4
1.1535348648433446E-4
1.1519638090635653E-4
1.1503968511860781E-4
1.1488339754573057E-4
1.1472751662036446E-4
1.1457204078309264E-4
1.1441696848239434E-4
1.142622981745942E-4
1.1410802832381462E-4
1.1395415740192506E-4
1.1380068388849227E-4
1.1364760627073788E-4
1.134949230434868E-4
1.1334263270911256E-4
1.1319073377750683E-4
1.1303922476601724E-4
1.1288810419940778E-4
1.1273737060981222E-4
1.1258702253668942E-4
1.1243705852677329E-4
1.1228747713403706E-4
1.121382769196344E-4
1.1198945645186817E-4
1.1184101430614189E-4
1.1169294906491353E-4
1.115452593176524E-4
1.113979436608025E-4
1.112510006977304E-4
1.1110442903869118E-4
1.10958227300777E-4
1.1081239410788715E-4
1.1066692809067675E-4
1.1052182788651724E-4
1.103770921394582E-4
1.1023271950019002E-4
1.1008870862599087E-4
1.0994505818070298E-4
1.0980176683467749E-4
1.0965883326474575E-4
1.0951625615418021E-4
1.0937403419264421E-4
1.0923216607616743E-4
1.0909065050709967E-4
1.0894948619407135E-4
1.0880867185196223E-4
1.0866820620185955E-4
1.0852808797102115E-4
1.0838831589283708E-4
1.0824888870680023E-4
1.081098051584583E-4
1.0797106399938801E-4
1.0783266398714952E-4
1.0769460388526412E-4
1.0755688246316253E-4
1.074194984961629E-4
1.0728245076543107E-4
1.0714573805794227E-4
1.0700935916645479E-4
1.068733128894655E-4
1.0673759803118493E-4
1.0660221340150338E-4
1.0646715781594893E-4
1.063324300956613E-4
1.06198029067358E-4
1.0606395356329943E-4
1.0593020242125735E-4
1.0579677448448516E-4
1.0566366860168168E-4
1.0553088362696023E-4
1.0539841841981875E-4
1.0526627184510975E-4
1.0513444277300323E-4
1.0500293007896031E-4
1.048717326437017E-4
1.0474084935317888E-4
1.0461027909853965E-4
1.0448002077609836E-4
1.0435007328731032E-4
1.042204355387419E-4
1.0409110644203168E-4
1.039620849138753E-4
1.0383336987598555E-4
1.0370496025506675E-4
1.0357685498278776E-4
1.0344905299575169E-4
1.0332155323546618E-4
1.0319435464832193E-4
1.0306745618555565E-4
1.0294085680322583E-4
1.0281455546219083E-4
1.026885511280738E-4
1.0256284277123696E-4
1.0243742936675582E-4
1.0231230989439838E-4
1.0218748333858411E-4
1.0206294868837685E-4
1.0193870493743476E-4
1.0181475108400781E-4
1.0169108613089824E-4
1.015677090854379E-4
1.0144461895945979E-4
1.0132181476927859E-4
1.0119929553566384E-4
1.0107706028381266E-4
1.0095510804332121E-4
1.0083343784817253E-4
1.0071204873669728E-4
1.0059093975155965E-4
1.0047010993972752E-4
1.0034955835245223E-4
1.0022928404524348E-4
1.0010928607784052E-4
9.998956351419801E-5
The correct rate for BP: 100.00% 
