1.7509723867346683
0.6107425596727412
0.32735553693535885
0.10734747667532649
0.06683353418280207
0.048737985718507286
0.03761863686711457
0.030497921258849998
0.025593566824561008
0.021996414193399327
0.019241547790469233
0.017066399670208003
0.015308261564991689
0.013859887982347052
0.012647594760868143
0.011619129529114893
0.010736452859584944
0.009971241679510212
0.009301990694017031
0.008712088921140363
0.00818851026637889
0.007720901639590364
0.007300934935852741
0.006921838114243194
0.006578050309294279
0.006264964412167112
0.005978732357750219
0.0057161160407381995
0.005474371889877574
0.0052511605821849655
0.005044475751783724
0.0048525872033159225
0.004673995310671548
0.00450739412048503
0.004351641287822494
0.004205733417075258
0.004068785711028945
0.0039400150777597846
0.003818726031104502
0.003704298862031433
0.003596179666813936
0.0034938719017989723
0.003396929199842198
0.0033049492346200445
0.0032175684593461085
0.0031344575783959156
0.003055317635852699
0.0029798766254454517
0.0029078865428461185
0.002839120814657226
0.0027733720493015456
0.0027104500639228936
0.0026501801487146914
0.002592401536119657
0.0025369660473342362
0.002483736892698942
0.002432587606015965
0.0023834010957316425
0.002336068798354906
0.0022904899215327383
0.002246570765937422
0.002204224116589824
0.0021633686954930626
0.002123928668516613
0.0020858332003826797
0.0020490160523877043
0.00201341521816408
0.00197897259336564
0.001945633675660379
0.0019133472918468955
0.0018820653492864043
0.0018517426091684325
0.0018223364794134863
0.0017938068252634964
0.0017661157958290025
0.001739227665051882
0.0017131086857101355
0.001687726955238273
0.0016630522922663471
0.0016390561228956625
0.001615711375829872
0.0015929923855704077
0.001570874802964306
0.0015493355124635137
0.0015283525555175189
0.0015079050595772656
0.0014879731722382556
0.0014685380000956673
0.001449581551924105
0.001431086685830507
0.001413037060061089
0.0013954170871719475
0.001378211891298785
0.0013614072682851233
0.0013449896484488833
0.0013289460617868635
0.0013132641054332764
0.0012979319132046128
0.0012829381270768926
0.0012682718704542528
0.0012539227230994716
0.0012398806976074836
0.0012261362173126783
0.001212680095529327
0.0011995035160326621
0.0011865980146950976
0.0011739554621990832
0.0011615680477537725
0.0011494282637484448
0.0011375288912806086
0.0011258629865013997
0.0011144238677250706
0.0011032051032533823
0.0010922004998691274
0.00108140409195654
0.0010708101312091216
0.0010604130768884258
0.0010502075865997974
0.0010401885075533904
0.001030350868281114
0.001020689870782042
0.001011200883070814
0.0010018794321050143
9.927211970695566E-4
9.837220029970662E-4
9.748778147050402E-4
9.661847310315472E-4
9.576389793525535E-4
9.492369103650264E-4
9.409749931208933E-4
9.328498102980052E-4
9.248580536950268E-4
9.169965199380225E-4
9.092621063872485E-4
9.016518072334541E-4
8.941627097734019E-4
8.867919908553559E-4
8.795369134853304E-4
8.723948235859038E-4
8.653631468995862E-4
8.584393860293085E-4
8.516211176090395E-4
8.449059895979715E-4
8.38291718691907E-4
8.31776087846161E-4
8.253569439043009E-4
8.190321953275505E-4
8.127998100199478E-4
8.066578132445545E-4
8.00604285626318E-4
7.946373612374544E-4
7.887552257613853E-4
7.82956114731525E-4
7.772383118413795E-4
7.716001473226307E-4
7.660399963880485E-4
7.605562777362199E-4
7.551474521152968E-4
7.498120209430164E-4
7.445485249805391E-4
7.393555430575056E-4
7.342316908462826E-4
7.291756196829394E-4
7.241860154331145E-4
7.192615974006148E-4
7.144011172770562E-4
7.096033581306073E-4
7.048671334322953E-4
7.001912861181359E-4
6.955746876856472E-4
6.910162373232682E-4
6.865148610712749E-4
6.820695110128945E-4
6.776791644943982E-4
6.733428233728714E-4
6.690595132906574E-4
6.648282829752597E-4
6.606482035637453E-4
6.565183679506483E-4
6.52437890158385E-4
6.48405904729355E-4
6.444215661387737E-4
6.404840482275207E-4
6.365925436540959E-4
6.327462633650894E-4
6.289444360832632E-4
6.251863078127652E-4
6.214711413605967E-4
6.177982158739252E-4
6.141668263924733E-4
6.105762834155135E-4
6.070259124828836E-4
6.035150537694788E-4
6.000430616927513E-4
5.966093045327147E-4
5.932131640640357E-4
5.898540351996684E-4
5.865313256457291E-4
5.832444555671259E-4
5.79992857263589E-4
5.767759748556834E-4
5.735932639805516E-4
5.704441914968764E-4
5.673282351989191E-4
5.642448835391313E-4
5.611936353592349E-4
5.58173999629277E-4
5.551854951945286E-4
5.522276505299143E-4
5.493000035016482E-4
5.464021011359556E-4
5.435334993945111E-4
5.406937629564641E-4
5.378824650067689E-4
5.350991870306064E-4
5.323435186137956E-4
5.296150572487881E-4
5.269134081463216E-4
5.242381840523027E-4
5.215890050699226E-4
5.189654984867481E-4
5.163672986066321E-4
5.137940465863381E-4
5.112453902766613E-4
5.087209840679198E-4
5.062204887397312E-4
5.03743571314872E-4
5.012899049170966E-4
4.988591686328357E-4
4.964510473766249E-4
4.940652317601164E-4
4.917014179646327E-4
4.893593076170783E-4
4.8703860766918187E-4
4.8473903027986806E-4
4.824602927007814E-4
4.80202117164764E-4
4.779642307772478E-4
4.7574636541049395E-4
4.7354825760050436E-4
4.7136964844665593E-4
4.6921028351385336E-4
4.6706991273719976E-4
4.649482903290859E-4
4.628451746886491E-4
4.6076032831345997E-4
4.586935177134959E-4
4.566445133272177E-4
4.5461308943974574E-4
4.525990241030692E-4
4.506020990582226E-4
4.4862209965937903E-4
4.4665881479981134E-4
4.447120368396118E-4
4.427815615352658E-4
4.4086718797080044E-4
4.389687184907254E-4
4.3708595863447484E-4
4.352187170724973E-4
4.333668055438105E-4
4.3153003879508835E-4
4.297082345211281E-4
4.2790121330679216E-4
4.26108798570248E-4
4.243308165075803E-4
4.2256709603864795E-4
4.2081746875425626E-4
4.1908176886449813E-4
4.173598331482946E-4
4.156515009041129E-4
4.139566139018109E-4
4.122750163355442E-4
4.106065547777583E-4
4.0895107813426735E-4
4.0730843760024385E-4
4.0567848661730854E-4
4.0406108083147687E-4
4.0245607805213174E-4
4.008633382118363E-4
3.992827233270719E-4
3.977140974598456E-4
3.961573266801012E-4
3.946122790290043E-4
3.93078824482982E-4
3.915568349185827E-4
3.900461840780655E-4
3.8854674753573896E-4
3.870584026650389E-4
3.8558102860628983E-4
3.84114506235177E-4
3.826587181318695E-4
3.8121354855078795E-4
3.797788833910579E-4
3.783546101675261E-4
3.769406179824374E-4
3.755367974976605E-4
3.741430409075143E-4
3.7275924191216414E-4
3.713852956915403E-4
3.7002109887983905E-4
3.686665495404942E-4
3.673215471417174E-4
3.6598599253248116E-4
3.646597879190366E-4
3.6334283684188453E-4
3.620350441532167E-4
3.6073631599480775E-4
3.5944655977636196E-4
3.581656841542917E-4
3.5689359901088435E-4
3.556302154339516E-4
3.543754456968172E-4
3.5312920323873876E-4
3.5189140264570086E-4
3.5066195963157234E-4
3.494407910196773E-4
3.4822781472465704E-4
3.4702294973475834E-4
3.4582611609440805E-4
3.446372348871474E-4
3.4345622821889974E-4
3.422830192015501E-4
3.411175319368393E-4
3.3995969150057525E-4
3.388094239271269E-4
3.37666656194223E-4
3.3653131620805377E-4
3.354033327886138E-4
3.3428263565536426E-4
3.331691554131282E-4
3.3206282353826546E-4
3.309635723651157E-4
3.298713350726689E-4
3.287860456714948E-4
3.2770763899091926E-4
3.266360506664252E-4
3.255712171272856E-4
3.245130755844422E-4
3.2346156401857174E-4
3.224166211683947E-4
3.2137818651918463E-4
3.2034620029149563E-4
3.193206034300746E-4
3.183013375929899E-4
3.172883451409481E-4
3.162815691268024E-4
3.1528095328524244E-4
3.142864420226738E-4
3.132979804072808E-4
3.123155141592464E-4
3.113389896411652E-4
3.1036835384861517E-4
3.094035544008836E-4
3.08444539531892E-4
3.074912580812193E-4
3.065436594853379E-4
3.056016937689663E-4
3.046653115365957E-4
3.0373446396413724E-4
3.02809102790722E-4
3.018891803106533E-4
3.009746493654829E-4
3.0006546333621897E-4
2.9916157613569253E-4
2.982629422010005E-4
2.973695164861474E-4
2.9648125445474023E-4
2.955981120728548E-4
2.9472004580200514E-4
2.938470125922199E-4
2.929789698752584E-4
2.921158755579148E-4
2.9125768801543776E-4
2.9040436608507574E-4
2.8955586905971226E-4
2.8871215668161625E-4
2.878731891362736E-4
2.8703892704635384E-4
2.8620933146572623E-4
2.8538436387364765E-4
2.845639861689537E-4
2.837481606644243E-4
2.829368500811797E-4
2.8213001754320843E-4
2.8132762657196125E-4
2.8052964108103533E-4
2.797360253709512E-4
2.7894674412399573E-4
2.7816176239916525E-4
2.7738104562718394E-4
2.7660455960558877E-4
2.7583227049390565E-4
2.7506414480889664E-4
2.743001494198884E-4
2.7354025154414463E-4
2.7278441874236124E-4
2.7203261891418646E-4
2.7128482029382684E-4
2.7054099144572575E-4
2.698011012603035E-4
2.6906511894976174E-4
2.683330140439595E-4
2.6760475638633525E-4
2.668803161299161E-4
2.6615966373336197E-4
2.654427699571018E-4
2.6472960585948016E-4
2.6402014279302085E-4
2.6331435240069435E-4
2.6261220661227103E-4
2.6191367764074057E-4
2.6121873797872714E-4
2.605273603950338E-4
2.5983951793118735E-4
2.59155183898042E-4
2.584743318724601E-4
2.577969356940024E-4
2.571229694616939E-4
2.5645240753084474E-4
2.557852245098759E-4
2.551213952572424E-4
2.5446089487837027E-4
2.538036987226458E-4
2.5314978238044313E-4
2.524991216802138E-4
2.518516926855919E-4
2.512074716925651E-4
2.505664352266702E-4
2.499285600402273E-4
2.4929382310964114E-4
2.486622016326973E-4
2.4803367302593445E-4
2.474082149220421E-4
2.467858051672825E-4
2.4616642181896634E-4
2.4555004314295777E-4
2.4493664761121055E-4
2.4432621389934594E-4
2.4371872088426073E-4
2.43114147641771E-4
2.4251247344428314E-4
2.4191367775850572E-4
2.4131774024317986E-4
2.407246407468746E-4
2.401343593057512E-4
2.395468761414235E-4
2.3896217165881513E-4
2.3838022644404432E-4
2.378010212623504E-4
2.3722453705603025E-4
2.3665075494243542E-4
2.360796562119572E-4
2.3551122232607442E-4
2.3494543491539525E-4
2.3438227577775837E-4
2.3382172687633099E-4
2.332637703377502E-4
2.3270838845028104E-4
2.321555636620102E-4
2.3160527857904217E-4
2.310575159637476E-4
2.30512258733009E-4
2.2996948995651411E-4
2.2942919285504033E-4
2.2889135079880526E-4
2.2835594730579234E-4
2.278229660401364E-4
2.2729239081050292E-4
2.2676420556851258E-4
2.2623839440716486E-4
2.2571494155929604E-4
2.2519383139605085E-4
2.2467504842538274E-4
2.2415857729056267E-4
2.2364440276870408E-4
2.2313250976933044E-4
2.2262288333292922E-4
2.2211550862956343E-4
2.21610370957448E-4
2.2110745574159874E-4
2.2060674853246416E-4
2.2010823500458987E-4
2.1961190095529535E-4
2.1911773230336005E-4
2.1862571508774202E-4
2.1813583546630375E-4
2.176480797145505E-4
2.1716243422439236E-4
2.1667888550292087E-4
2.1619742017119173E-4
2.1571802496302757E-4
2.152406867238561E-4
2.1476539240952483E-4
2.1429212908515683E-4
2.1382088392402237E-4
2.1335164420639244E-4
2.1288439731846555E-4
2.1241913075124023E-4
2.119558320994486E-4
2.11494489060498E-4
2.110350894333902E-4
2.1057762111770137E-4
2.10122072112548E-4
2.0966843051555892E-4
2.0921668452188923E-4
2.0876682242321513E-4
2.08318832606753E-4
2.0787270355430493E-4
2.0742842384128288E-4
2.0698598213578787E-4
2.065453671976489E-4
2.0610656787752084E-4
2.0566957311596648E-4
2.0523437194255834E-4
2.0480095347498404E-4
2.0436930691817103E-4
2.0393942156342546E-4
2.0351128678755467E-4
2.0308489205203705E-4
2.0266022690218098E-4
2.0223728096629043E-4
2.0181604395484612E-4
2.013965056597135E-4
2.00978655953316E-4
2.005624847878744E-4
2.001479821945995E-4
1.9973513828293972E-4
1.9932394323981655E-4
1.989143873288617E-4
1.98506460889673E-4
1.9810015433709713E-4
1.9769545816047246E-4
1.972923629229339E-4
1.9689085926068983E-4
1.9649093788231975E-4
1.9609258956809183E-4
1.9569580516925683E-4
1.9530057560738291E-4
1.949068918736832E-4
1.9451474502834223E-4
1.9412412619987358E-4
1.9373502658446618E-4
1.9334743744533795E-4
1.929613501121107E-4
1.9257675598017272E-4
1.9219364651006912E-4
1.9181201322688833E-4
1.9143184771964848E-4
1.910531416407009E-4
1.9067588670514812E-4
1.9030007469024346E-4
1.899256974348206E-4
1.8955274683871864E-4
1.8918121486221454E-4
1.8881109352546525E-4
1.884423749079494E-4
1.8807505114793252E-4
1.8770911444190155E-4
1.8734455704405185E-4
1.869813712657501E-4
1.8661954947500137E-4
1.862590840959413E-4
1.8589996760831916E-4
1.8554219254699993E-4
1.851857515014367E-4
1.8483063711521045E-4
1.8447684208551182E-4
1.841243591626639E-4
1.837731811496452E-4
1.8342330090161685E-4
1.8307471132544202E-4
1.8272740537922922E-4
1.8238137607186916E-4
1.8203661646258503E-4
1.8169311966047779E-4
1.8135087882408018E-4
1.8100988716091715E-4
1.8067013792707126E-4
1.8033162442675595E-4
1.799943400118762E-4
1.7965827808161792E-4
1.7932343208202815E-4
1.789897955055977E-4
1.7865736189085358E-4
1.783261248219625E-4
1.7799607792831358E-4
1.776672148841369E-4
1.773395294081146E-4
1.7701301526297145E-4
1.766876662551125E-4
1.7636347623423596E-4
1.7604043909295473E-4
1.7571854876642824E-4
1.7539779923198326E-4
1.7507818450878074E-4
1.747596986574042E-4
1.7444233577955712E-4
1.7412609001767038E-4
1.7381095555456602E-4
1.7349692661312334E-4
1.731839974559128E-4
1.7287216238487407E-4
1.7256141574097922E-4
1.722517519038874E-4
1.7194316529163656E-4
1.7163565036029996E-4
1.7132920160367273E-4
1.7102381355295546E-4
1.7071948077642654E-4
1.7041619787914726E-4
1.7011395950263626E-4
1.6981276032457146E-4
1.695125950584897E-4
1.6921345845347848E-4
1.689153452938816E-4
1.686182503990127E-4
1.6832216862284905E-4
1.6802709485376016E-4
1.6773302401421202E-4
1.6743995106048026E-4
1.6714787098238358E-4
1.668567788029991E-4
1.665666695783862E-4
1.6627753839732026E-4
1.6598938038101153E-4
1.6570219068286597E-4
1.6541596448818943E-4
1.651306970139445E-4
1.648463835084892E-4
1.6456301925131756E-4
1.6428059955281768E-4
1.6399911975399718E-4
1.6371857522626024E-4
1.6343896137114398E-4
1.631602736200848E-4
1.628825074341733E-4
1.626056583039051E-4
1.6232972174896779E-4
1.6205469331798242E-4
1.6178056858828088E-4
1.6150734316568163E-4
1.6123501268425444E-4
1.609635728060884E-4
1.6069301922108526E-4
1.6042334764672633E-4
1.601545538278528E-4
1.598866335364566E-4
1.596195825714521E-4
1.5935339675848104E-4
1.590880719496807E-4
1.5882360402349227E-4
1.5855998888444697E-4
1.5829722246295372E-4
1.5803530071511243E-4
1.5777421962249414E-4
1.5751397519195325E-4
1.5725456345543081E-4
1.569959804697481E-4
1.5673822231642245E-4
1.5648128510147523E-4
1.562251649552327E-4
1.559698580321467E-4
1.557153605105999E-4
1.5546166859273214E-4
1.5520877850424376E-4
1.5495668649421825E-4
1.5470538883495457E-4
1.5445488182176258E-4
1.5420516177280889E-4
1.53956225028939E-4
1.5370806795349614E-4
1.5346068693215004E-4
1.532140783727282E-4
1.5296823870505276E-4
1.527231643807656E-4
1.5247885187316538E-4
1.5223529767704178E-4
1.5199249830851442E-4
1.5175045030487464E-4
1.5150915022441887E-4
1.512685946462968E-4
1.5102878017034517E-4
1.5078970341694426E-4
1.505513610268581E-4
1.5031374966107422E-4
1.5007686600066562E-4
1.498407067466354E-4
1.4960526861976188E-4
1.4937054836045767E-4
1.4913654272862267E-4
1.48903248503508E-4
1.4867066248354415E-4
1.4843878148623838E-4
1.4820760234799608E-4
1.4797712192401424E-4
1.4774733708811422E-4
1.4751824473261996E-4
1.472898417682266E-4
1.4706212512385005E-4
1.4683509174650913E-4
1.466087386011738E-4
1.4638306267065782E-4
1.4615806095547119E-4
1.4593373047369168E-4
1.4571006826085092E-4
1.4548707136978988E-4
1.4526473687054324E-4
1.4504306185021676E-4
1.4482204341285324E-4
1.4460167867931788E-4
1.4438196478718066E-4
1.441628988905873E-4
1.4394447816014144E-4
1.43726699782786E-4
1.4350956096169886E-4
1.4329305891615525E-4
1.4307719088142706E-4
1.428619541086625E-4
1.4264734586477766E-4
1.4243336343233858E-4
1.4222000410945483E-4
1.420072652096619E-4
1.4179514406182134E-4
1.4158363801000532E-4
1.4137274441339336E-4
1.4116246064615367E-4
1.4095278409736043E-4
1.407437121708646E-4
1.4053524228520243E-4
1.403273718734937E-4
1.401200983833289E-4
1.3991341927668477E-4
1.3970733202980337E-4
1.395018341331067E-4
1.3929692309109368E-4
1.3909259642223785E-4
1.3888885165890227E-4
1.386856863472243E-4
1.3848309804703675E-4
1.3828108433176642E-4
1.3807964278833503E-4
1.3787877101707643E-4
1.3767846663163198E-4
1.3747872725887317E-4
1.372795505387965E-4
1.3708093412444E-4
1.3688287568179418E-4
1.3668537288971278E-4
1.3648842343981954E-4
1.3629202503642873E-4
1.3609617539645479E-4
1.359008722493267E-4
1.3570611333689258E-4
1.355118964133631E-4
1.3531821924519057E-4
1.3512507961101753E-4
1.349324753015762E-4
1.3474040411961413E-4
1.345488638798049E-4
1.3435785240867843E-4
1.3416736754453352E-4
1.3397740713736144E-4
1.3378796904876694E-4
1.335990511518889E-4
1.334106513313293E-4
1.3322276748306322E-4
1.3303539751437617E-4
1.3284853934378526E-4
1.326621909009536E-4
1.3247635012663287E-4
1.3229101497257915E-4
1.3210618340148004E-4
1.3192185338688998E-4
1.3173802291313965E-4
1.315546899752973E-4
1.3137185257905534E-4
1.311895087407034E-4
1.3100765648702223E-4
1.3082629385523676E-4
1.3064541889294004E-4
1.304650296580285E-4
1.302851242186282E-4
1.301057006530326E-4
1.2992675704963412E-4
1.2974829150685897E-4
1.2957030213310523E-4
1.2939278704667036E-4
1.2921574437569126E-4
1.2903917225807733E-4
1.288630688414583E-4
1.286874322830995E-4
1.285122607498628E-4
1.2833755241812873E-4
1.2816330547374367E-4
1.2798951811195182E-4
1.2781618853734104E-4
1.2764331496377626E-4
1.274708956143479E-4
1.2729892872130643E-4
1.271274125260041E-4
1.2695634527884096E-4
1.2678572523920162E-4
1.2661555067540041E-4
1.2644581986462838E-4
1.2627653109288626E-4
1.2610768265494072E-4
1.25939272854258E-4
1.2577130000295789E-4
1.256037624217525E-4
1.2543665843989498E-4
1.2526998639511919E-4
1.2510374463360057E-4
1.249379315098862E-4
1.2477254538685245E-4
1.2460758463565065E-4
1.244430476356524E-4
1.242789327743996E-4
1.2411523844755654E-4
1.239519630588523E-4
1.237891050200319E-4
1.2362666275081755E-4
1.2346463467883935E-4
1.2330301923960138E-4
1.231418148764271E-4
1.2298102004040993E-4
1.2282063319036843E-4
1.226606527927948E-4
1.2250107732180967E-4
1.223419052591102E-4
1.2218313509393421E-4
1.220247653230041E-4
1.2186679445047866E-4
1.2170922098791844E-4
1.2155204345423053E-4
1.2139526037562575E-4
1.2123887028557847E-4
1.2108287172477332E-4
1.2092726324107E-4
1.2077204338945663E-4
1.206172107319988E-4
1.2046276383781148E-4
1.2030870128300006E-4
1.2015502165063273E-4
1.2000172353068462E-4
1.198488055200031E-4
1.1969626622226438E-4
1.1954410424793988E-4
1.1939231821423743E-4
1.1924090674508053E-4
1.1908986847105138E-4
1.1893920202936408E-4
1.1878890606381375E-4
1.186389792247443E-4
1.1848942016900763E-4
1.1834022755992358E-4
1.1819140006723798E-4
1.1804293636709109E-4
1.1789483514197496E-4
1.1774709508069483E-4
1.1759971487833792E-4
1.174526932362247E-4
1.1730602886188182E-4
1.1715972046900171E-4
1.1701376677740763E-4
1.1686816651301402E-4
1.1672291840779004E-4
1.1657802119973017E-4
1.1643347363280984E-4
1.1628927445696232E-4
1.161454224280261E-4
1.1600191630772749E-4
1.1585875486363762E-4
1.157159368691351E-4
1.155734611033795E-4
1.1543132635127414E-4
1.1528953140343161E-4
1.1514807505614083E-4
1.1500695611133224E-4
1.1486617337655158E-4
1.1472572566491913E-4
1.1458561179510156E-4
1.1444583059127796E-4
1.1430638088311011E-4
1.1416726150571067E-4
1.1402847129960384E-4
1.1389000911070666E-4
1.1375187379029168E-4
1.1361406419495144E-4
1.1347657918657638E-4
1.1333941763232104E-4
1.1320257840456673E-4
1.1306606038090358E-4
1.1292986244409459E-4
1.1279398348204617E-4
1.1265842238777666E-4
1.1252317805938993E-4
1.123882494000484E-4
1.1225363531793721E-4
1.1211933472624342E-4
1.1198534654312442E-4
1.1185166969167127E-4
1.1171830309990034E-4
1.1158524570070732E-4
1.1145249643184542E-4
1.1132005423589858E-4
1.1118791806025423E-4
1.1105608685708076E-4
1.1092455958328579E-4
1.1079333520050918E-4
1.1066241267507955E-4
1.1053179097799854E-4
1.1040146908490664E-4
1.1027144597606755E-4
1.101417206363344E-4
1.1001229205511892E-4
1.0988315922638283E-4
1.0975432114859591E-4
1.0962577682471653E-4
1.094975252621734E-4
1.0936956547283126E-4
1.0924189647296562E-4
1.0911451728325154E-4
1.0898742692872019E-4
1.0886062443875042E-4
1.0873410884703694E-4
1.0860787919156863E-4
1.0848193451460464E-4
1.0835627386264612E-4
1.0823089628642481E-4
1.0810580084086572E-4
1.0798098658507822E-4
1.0785645258231308E-4
1.0773219789996595E-4
1.0760822160953003E-4
1.0748452278659065E-4
1.0736110051079263E-4
1.0723795386582163E-4
1.071150819393883E-4
1.069924838231937E-4
1.068701586129167E-4
1.0674810540819163E-4
1.0662632331258245E-4
1.0650481143356533E-4
1.0638356888250462E-4
1.062625947746346E-4
1.0614188822904121E-4
1.0602144836862908E-4
1.0590127432011271E-4
1.0578136521399381E-4
1.0566172018453864E-4
1.0554233836975599E-4
1.054232189113814E-4
1.0530436095485671E-4
1.0518576364930417E-4
1.0506742614751603E-4
1.0494934760592479E-4
1.048315271845949E-4
1.0471396404719185E-4
1.0459665736097312E-4
1.0447960629676067E-4
1.043628100289302E-4
1.0424626773537852E-4
1.0412997859752477E-4
1.0401394180027384E-4
1.0389815653200943E-4
1.0378262198456531E-4
1.0366733735322138E-4
1.0355230183666662E-4
1.0343751463700123E-4
1.0332297495970094E-4
1.0320868201361189E-4
1.0309463501092722E-4
1.029808331671665E-4
1.0286727570116813E-4
1.0275396183505913E-4
1.0264089079424851E-4
1.0252806180740794E-4
1.0241547410645036E-4
1.0230312692651238E-4
1.021910195059436E-4
1.0207915108628953E-4
1.0196752091226678E-4
1.0185612823175554E-4
1.0174497229577812E-4
1.016340523584844E-4
1.0152336767713228E-4
1.014129175120818E-4
1.0130270112676418E-4
1.0119271778767702E-4
1.0108296676436228E-4
1.00973447329397E-4
1.0086415875837236E-4
1.0075510032987689E-4
1.0064627132548842E-4
1.0053767102974839E-4
1.0042929873015658E-4
1.0032115371714958E-4
1.0021323528408704E-4
1.0010554272724332E-4
9.999807534577396E-5
The correct rate for BP: 100.00% 
