2.7554906060284368
2.499989161788393
2.4999926442891716
2.499992992519279
2.499993025160105
2.4999930169322786
2.499993003193259
2.4999929886618664
2.4999929739706515
2.499992959204168
2.499992944373421
2.4999929294795438
2.4999929145223403
2.4999928995014318
2.4999928844164145
2.499992869266877
2.4999928540524032
2.4999928387725743
2.4999928234269677
2.499992808015157
2.4999927925367125
2.4999927769912005
2.499992761378183
2.4999927456972184
2.4999927299478615
2.4999927141296636
2.4999926982421714
2.499992682284928
2.4999926662574725
2.499992650159339
2.4999926339900584
2.499992617749158
2.4999926014361598
2.499992585050581
2.499992568591937
2.4999925520597355
2.4999925354534827
2.4999925187726784
2.4999925020168194
2.4999924851853965
2.499992468277897
2.499992451293803
2.499992434232592
2.499992417093737
2.4999923998767057
2.499992382580961
2.4999923652059617
2.49999234775116
2.499992330216005
2.4999923125999386
2.4999922949023996
2.4999922771228205
2.499992259260628
2.4999922413152444
2.4999922232860867
2.499992205172566
2.4999921869740866
2.49999216869005
2.4999921503198497
2.499992131862875
2.499992113318508
2.4999920946861254
2.499992075965099
2.499992057154793
2.499992038254567
2.4999920192637735
2.499992000181758
2.499991981007862
2.499991961741419
2.499991942381756
2.499991922928194
2.499991903380047
2.4999918837366226
2.4999918639972214
2.4999918441611375
2.499991824227658
2.4999918041960623
2.4999917840656236
2.4999917638356073
2.499991743505271
2.4999917230738666
2.499991702540637
2.499991681904818
2.4999916611656374
2.499991640322316
2.4999916193740663
2.499991598320093
2.4999915771595926
2.4999915558917527
2.4999915345157544
2.4999915130307686
2.4999914914359587
2.4999914697304795
2.4999914479134766
2.4999914259840876
2.4999914039414404
2.4999913817846537
2.499991359512838
2.4999913371250937
2.4999913146205124
2.4999912919981755
2.4999912692571558
2.499991246396514
2.4999912234153046
2.4999912003125684
2.4999911770873386
2.4999911537386366
2.4999911302654736
2.4999911066668514
2.4999910829417598
2.4999910590891776
2.4999910351080734
2.499991010997405
2.4999909867561163
2.4999909623831438
2.499990937877409
2.499990913237823
2.4999908884632847
2.4999908635526813
2.4999908385048877
2.4999908133187647
2.4999907879931627
2.4999907625269184
2.499990736918856
2.4999907111677855
2.499990685272504
2.4999906592317953
2.4999906330444297
2.499990606709163
2.4999905802247375
2.499990553589881
2.499990526803306
2.4999904998637112
2.4999904727697806
2.499990445520182
2.4999904181135686
2.499990390548578
2.4999903628238314
2.4999903349379347
2.4999903068894764
2.4999902786770307
2.4999902502991524
2.4999902217543815
2.499990193041239
2.4999901641582287
2.4999901351038383
2.499990105876535
2.49999007647477
2.4999900468969742
2.499990017141561
2.499989987206923
2.499989957091435
2.4999899267934507
2.4999898963113054
2.4999898656433124
2.499989834787766
2.4999898037429373
2.499989772507078
2.4999897410784184
2.4999897094551655
2.499989677635505
2.4999896456175983
2.4999896133995865
2.4999895809795856
2.4999895483556878
2.4999895155259626
2.499989482488453
2.499989449241179
2.499989415782134
2.499989382109287
2.4999893482205793
2.4999893141139276
2.4999892797872203
2.4999892452383192
2.4999892104650576
2.4999891754652412
2.499989140236646
2.499989104777021
2.4999890690840827
2.49998903315552
2.499988996988989
2.499988960582116
2.4999889239324955
2.4999888870376896
2.499988849895227
2.4999888125026044
2.4999887748572838
2.499988736956692
2.4999886987982234
2.4999886603792336
2.499988621697044
2.4999885827489385
2.499988543532164
2.499988504043928
2.4999884642814005
2.4999884242417116
2.4999883839219517
2.4999883433191687
2.4999883024303715
2.4999882612525237
2.4999882197825487
2.4999881780173236
2.4999881359536826
2.499988093588414
2.49998805091826
2.499988007939914
2.4999879646500247
2.4999879210451894
2.499987877121957
2.499987832876824
2.4999877883062385
2.499987743406593
2.4999876981742286
2.499987652605431
2.4999876066964304
2.4999875604434014
2.49998751384246
2.4999874668896642
2.4999874195810117
2.4999873719124404
2.4999873238798243
2.4999872754789756
2.499987226705642
2.499987177555506
2.4999871280241797
2.499987078107212
2.4999870278000786
2.4999869770981857
2.4999869259968666
2.4999868744913805
2.4999868225769135
2.499986770248572
2.4999867175013843
2.4999866643303017
2.499986610730192
2.4999865566958395
2.4999865022219443
2.49998644730312
2.4999863919338923
2.4999863361086962
2.499986279821874
2.499986223067676
2.499986165840255
2.4999861081336667
2.499986049941866
2.4999859912587077
2.4999859320779407
2.499985872393208
2.4999858121980436
2.499985751485872
2.499985690250002
2.4999856284836284
2.499985566179827
2.499985503331553
2.499985439931637
2.499985375972785
2.4999853114475727
2.4999852463484444
2.4999851806677085
2.4999851143975365
2.499985047529959
2.4999849800568623
2.499984911969985
2.499984843260914
2.4999847739210845
2.49998470394177
2.4999846333140865
2.499984562028983
2.499984490077238
2.49998441744946
2.4999843441360774
2.49998427012734
2.49998419541331
2.49998411998386
2.4999840438286687
2.4999839669372155
2.499983889298774
2.4999838109024117
2.499983731736979
2.499983651791108
2.499983571053206
2.4999834895114503
2.499983407153782
2.499983323967898
2.4999832399412503
2.4999831550610336
2.4999830693141827
2.4999829826873654
2.4999828951669736
2.499982806739119
2.499982717389623
2.4999826271040115
2.4999825358675056
2.4999824436650147
2.499982350481127
2.499982256300102
2.4999821611058612
2.4999820648819786
2.499981967611673
2.499981869277796
2.4999817698628233
2.4999816693488435
2.4999815677175503
2.4999814649502254
2.499981361027735
2.49998125593051
2.4999811496385402
2.499981042131359
2.4999809333880285
2.499980823387129
2.499980712106745
2.499980599524448
2.4999804856172845
2.499980370361758
2.499980253733815
2.499980135708828
2.499980016261576
2.49997989536623
2.4999797729963324
2.49997964912478
2.4999795237237987
2.499979396764931
2.499979268219008
2.4999791380561303
2.4999790062456437
2.4999788727561163
2.499978737555314
2.4999786006101723
2.4999784618867733
2.4999783213503153
2.499978178965083
2.4999780346944207
2.499977888500699
2.499977740345284
2.4999775901885006
2.4999774379895996
2.4999772837067207
2.4999771272968556
2.4999769687158055
2.4999768079181433
2.4999766448571674
2.4999764794848596
2.499976311751837
2.499976141607303
2.499975968998997
2.4999757938731424
2.4999756161743907
2.4999754358457613
2.499975252828585
2.4999750670624397
2.499974878485083
2.499974687032386
2.499974492638259
2.499974295234578
2.4999740947511055
2.4999738911154075
2.4999736842527676
2.499973474086097
2.49997326053584
2.4999730435198733
2.4999728229534046
2.499972598748861
2.4999723708157755
2.4999721390606666
2.4999719033869137
2.4999716636946205
2.4999714198804805
2.4999711718376276
2.4999709194554827
2.49997066261959
2.499970401211451
2.499970135108339
2.4999698641831127
2.499969588304017
2.4999693073344718
2.499969021132847
2.499968729552234
2.4999684324401934
2.4999681296384932
2.4999678209828358
2.499967506302562
2.499967185420343
2.499966858151851
2.4999665243054157
2.4999661836816505
2.4999658360730668
2.4999654812636587
2.499965119028461
2.4999647491330843
2.4999643713332182
2.4999639853741007
2.499963590989958
2.499963187903406
2.499962775824808
2.4999623544516
2.499961923467559
2.4999614825420298
2.4999610313290956
2.4999605694666904
2.499960096575652
2.499959612258703
2.4999591160993626
2.49995860766078
2.499958086484474
2.4999575520889916
2.4999570039684538
2.499956441590995
2.4999558643970836
2.499955271797708
2.499954663172419
2.4999540378672176
2.499953395192268
2.499952734419423
2.4999520547795417
2.4999513554595825
2.4999506355994425
2.4999498942885237
2.4999491305619967
2.499948343396725
2.499947531706824
2.4999466943388056
2.499945830066268
2.4999449375840825
2.4999440155020167
2.4999430623377283
2.4999420765090647
2.4999410563255804
2.4999399999791727
2.4999389055337464
2.4999377709137676
2.4999365938915776
2.499935372073306
2.4999341028831976
2.499932783546148
2.4999314110681916
2.4999299822146845
2.4999284934858284
2.499926941089172
2.4999253209086505
2.49992362846963
2.499921858899363
2.49992000688213
2.4999180666082297
2.4999160317158116
2.499913895224359
2.4999116494584066
2.4999092859597862
2.4999067953863485
2.4999041673946936
2.4999013905039034
2.4998984519366085
2.4998953374329265
2.499892031031725
2.4998885148124073
2.4998847685887013
2.499880769543825
2.499876491793632
2.4998719058607395
2.4998669780379714
2.4998616696132334
2.499855935919691
2.4998497251640637
2.4998429769708213
2.4998356205595385
2.4998275724442043
2.499818733503497
2.4998089852145586
2.4997981847617643
2.4997861586138317
2.4997726939877905
2.4997575273551993
2.499740328742716
2.4997206799484166
2.499698043787247
2.4996717198282976
2.4996407793103543
2.499603967111548
2.4995595500297676
2.499505074593777
2.499436966476744
2.499349840019623
2.4992352489818153
2.4990792918494695
2.49885768771174
2.498524728555612
2.497985566205526
2.4970155306625776
2.4949699259639786
2.4893274214891097
2.461681832479556
1.5509205528321746
0.20549304924956077
0.0015504176953056734
0.0016007577886293118
0.0013547354449692259
0.0011451622457786996
9.904074925756198E-4
8.7383707866761E-4
7.829044678961162E-4
7.098302258039874E-4
6.49707704194747E-4
5.993009764403331E-4
5.563848594988475E-4
5.193748658517152E-4
4.8710970402124983E-4
4.5871744939163223E-4
4.335298752537305E-4
4.1102574123552823E-4
3.907921595421135E-4
3.7249761675714515E-4
3.558727231264147E-4
3.406962115863982E-4
3.2678458089800184E-4
3.1398431728238814E-4
3.0216597217523345E-4
2.9121959696481743E-4
2.8105118384778226E-4
2.7157986227820574E-4
2.627356695628921E-4
2.5445776245906483E-4
2.466929708935623E-4
2.3939461954946816E-4
2.3252156098332605E-4
2.2603737711987673E-4
2.1990971577468547E-4
2.141097362159107E-4
2.0861164335477948E-4
2.0339229441787655E-4
1.9843086523897794E-4
1.9370856585858675E-4
1.892083971130799E-4
1.8491494146504324E-4
1.8081418256965208E-4
1.768933490630865E-4
1.7314077885315483E-4
1.695458008325619E-4
1.660986314539095E-4
1.6279028402757038E-4
1.5961248894921353E-4
1.5655762334717386E-4
1.5361864887428897E-4
1.5078905656265912E-4
1.4806281782120693E-4
1.4543434079062765E-4
1.428984313832698E-4
1.4045025843036118E-4
1.3808532243919153E-4
1.357994275304977E-4
1.3358865618406452E-4
1.3144934646940656E-4
1.293780714803187E-4
1.2737162072795941E-4
1.254269832778319E-4
1.2354133244261292E-4
1.2171201186558428E-4
1.1993652284922813E-4
1.1821251280069539E-4
1.1653776468079334E-4
1.1491018735604562E-4
1.1332780676483789E-4
1.1178875781841472E-4
1.1029127696634617E-4
1.0883369536354355E-4
1.074144325828012E-4
1.0603199082255226E-4
1.0468494956490018E-4
1.0337196064356242E-4
1.0209174368538008E-4
1.008430818928375E-4
9.962481813805477E-5
The correct rate for BP: 100.00% 
