0.8451424255450398
0.5327597502617805
0.12596710288380117
0.043065502788095525
0.015311321871452293
0.01046150367243307
0.007991118547395289
0.006474595023613193
0.005442889791315925
0.004693635974144926
0.004124133840007086
0.0036763837893503785
0.0033150342889010477
0.003017263341575975
0.002767659108044505
0.0025554289321493917
0.002372784983218434
0.002213964376721546
0.0020746100885612297
0.0019513663297209794
0.001841606283903432
0.001743244224275798
0.0016546029560570213
0.0015743184437103696
0.0015012699838181799
0.0014345282745231978
0.0013733162451698548
0.0013169791296398221
0.0012649613333163287
0.001216788359207801
0.0011720525473387445
0.0011304017204294948
0.0010915300674335187
0.0010551707666739717
0.0010210899732362962
9.890818850828611E-4
9.589646686837645E-4
9.305770744358182E-4
9.037756093977911E-4
8.784321631692189E-4
8.544320044144495E-4
8.316720822620807E-4
8.100595798167515E-4
7.89510677202723E-4
7.699494895823779E-4
7.513071519549505E-4
7.33521027614728E-4
7.165340212173547E-4
7.002939806840723E-4
6.847531748323665E-4
6.698678357867644E-4
6.555977569942612E-4
6.419059391243058E-4
6.287582773336304E-4
6.161232843710037E-4
6.039718448240242E-4
5.922769965006953E-4
5.810137355166041E-4
5.701588421450069E-4
5.596907248969268E-4
5.495892806452328E-4
5.398357689011072E-4
5.304126986017554E-4
5.213037259819606E-4
5.124935622852518E-4
5.039678902272443E-4
4.95713288259028E-4
4.8771716179481136E-4
4.79967680668832E-4
4.7245372217379305E-4
4.6516481910891086E-4
4.5809111233153604E-4
4.512233073639198E-4
4.4455263465697684E-4
4.380708131568605E-4
4.31770016858858E-4
4.256428440670084E-4
4.196822891078278E-4
4.138817162728305E-4
4.0823483578788985E-4
4.027356816280324E-4
3.973785910147416E-4
3.921581854488234E-4
3.870693531465886E-4
3.821072327597724E-4
3.7726719827126706E-4
3.725448449688126E-4
3.679359764081364E-4
3.6343659228512044E-4
3.5904287714403694E-4
3.5475118985540786E-4
3.505580538031004E-4
3.4646014772560333E-4
3.4245429716113E-4
3.3853746645081127E-4
3.347067512579144E-4
3.309593715647334E-4
3.272926651120019E-4
3.237040812486018E-4
3.2019117516194706E-4
3.1675160246189004E-4
3.133831140931836E-4
3.1008355155346615E-4
3.0685084239569883E-4
3.0368299599539586E-4
3.005780995648129E-4
2.9753431439735425E-4
2.945498723269233E-4
2.916230723879777E-4
2.8875227766319504E-4
2.8593591230655633E-4
2.8317245873060915E-4
2.80460454947419E-4
2.777984920535495E-4
2.751852118500579E-4
2.726193045891189E-4
2.700995068395222E-4
2.676245994637729E-4
2.651934057000862E-4
2.6280478934297727E-4
2.6045765301658283E-4
2.581509365353053E-4
2.558836153465795E-4
2.536546990511259E-4
2.5146322999615006E-4
2.493082819373794E-4
2.471889587660107E-4
2.4510439329695864E-4
2.4305374611498963E-4
2.4103620447552866E-4
2.3905098125714423E-4
2.370973139629518E-4
2.3517446376821144E-4
2.332817146117275E-4
2.3141837232867465E-4
2.295837638226857E-4
2.2777723627514113E-4
2.259981563897242E-4
2.242459096704342E-4
2.225198997313316E-4
2.208195476364109E-4
2.1914429126806465E-4
2.1749358472274136E-4
2.1586689773239607E-4
2.142637151105145E-4
2.1268353622143235E-4
2.1112587447190116E-4
2.095902568237509E-4
2.080762233266746E-4
2.0658332667015597E-4
2.0511113175365379E-4
2.0365921527416532E-4
2.0222716533033953E-4
2.008145810424172E-4
1.9942107218723202E-4
1.9804625884758283E-4
1.9668977107533176E-4
1.9535124856761104E-4
1.9403034035553698E-4
1.9272670450487108E-4
1.9144000782810562E-4
1.9016992560747225E-4
1.889161413283764E-4
1.8767834642283043E-4
1.864562400224073E-4
1.8524952872037018E-4
1.8405792634251653E-4
1.8288115372641335E-4
1.817189385086484E-4
1.8057101491976633E-4
1.7943712358655593E-4
1.7831701134140746E-4
1.7721043103842792E-4
1.7611714137603276E-4
1.7503690672578112E-4
1.739694969671505E-4
1.7291468732806347E-4
1.7187225823090223E-4
1.7084199514379782E-4
1.6982368843698913E-4
1.688171332440588E-4
1.6782212932784152E-4
1.6683848095080933E-4
1.658659967498184E-4
1.6490448961495658E-4
1.6395377657243382E-4
1.6301367867128206E-4
1.6208402087375637E-4
1.6116463194930697E-4
1.6025534437194938E-4
1.5935599422095743E-4
1.5846642108469E-4
1.5758646796751387E-4
1.5671598119963555E-4
1.5585481034978532E-4
1.5500280814061804E-4
1.5415983036677207E-4
1.5332573581542413E-4
1.5250038618933476E-4
1.516836460322174E-4
1.5087538265639978E-4
1.5007546607267812E-4
1.4928376892227877E-4
1.4850016641089413E-4
1.4772453624462765E-4
1.4695675856792514E-4
1.4619671590327334E-4
1.4544429309271565E-4
1.446993772410641E-4
1.4396185766077396E-4
1.4323162581841454E-4
1.425085752826943E-4
1.4179260167397137E-4
1.4108360261522044E-4
1.403814776843681E-4
1.3968612836803243E-4
1.38997458016509E-4
1.3831537180005937E-4
1.376397766664118E-4
1.3697058129943758E-4
1.3630769607899057E-4
1.3565103304182083E-4
1.3500050584360363E-4
1.3435602972197838E-4
1.3371752146059158E-4
1.3308489935413102E-4
1.324580831742959E-4
1.318369941366658E-4
1.312215548684864E-4
1.3061168937727465E-4
1.300073230202864E-4
1.2940838247478282E-4
1.28814795709058E-4
1.282264919542498E-4
1.276434016768755E-4
1.2706545655206765E-4
1.2649258943752927E-4
1.259247343481243E-4
1.2536182643113893E-4
1.2480380194217889E-4
1.2425059822166097E-4
1.2370215367190897E-4
1.2315840773483223E-4
1.2261930087014138E-4
1.2208477453413968E-4
1.2155477115900926E-4
1.2102923413264915E-4
1.2050810777895492E-4
1.1999133733864853E-4
1.1947886895052269E-4
1.1897064963317287E-4
1.1846662726715854E-4
1.1796675057760761E-4
1.1747096911722336E-4
1.1697923324971503E-4
1.164914941336218E-4
1.1600770370650408E-4
1.1552781466953143E-4
1.1505178047242555E-4
1.1457955529875487E-4
1.1411109405158232E-4
1.1364635233942946E-4
1.1318528646259512E-4
1.1272785339975949E-4
1.1227401079492614E-4
1.1182371694464454E-4
1.1137693078552847E-4
1.109336118820739E-4
1.1049372041472386E-4
1.1005721716824533E-4
1.09624063520319E-4
1.0919422143043121E-4
1.0876765342898218E-4
1.0834432260665846E-4
1.0792419260402614E-4
1.0750722760136255E-4
1.0709339230871537E-4
1.0668265195616526E-4
1.0627497228432405E-4
1.0587031953502149E-4
1.0546866044219948E-4
1.050699622230209E-4
1.0467419256912691E-4
1.0428131963814204E-4
1.0389131204530915E-4
1.0350413885532762E-4
1.0311976957436724E-4
1.0273817414224524E-4
1.0235932292476535E-4
1.0198318670622019E-4
1.0160973668206222E-4
1.0123894445171285E-4
1.0087078201152498E-4
1.005052217479033E-4
1.0014223643055175E-4
9.978179920586318E-5
The correct rate for BP: 100.00% 
