1.1103473537367166
1.2968655280367647
0.8107327996657737
0.4002754837752592
0.14887792580179804
0.06300458589619205
0.036286687671767494
0.025693939540775756
0.01981879622339053
0.01608105998184328
0.013497464376506061
0.01160784005867887
0.010167655389184915
0.00903492930110339
0.008121604363385788
0.00737019574172828
0.006741603679155702
0.006208321929205636
0.005750446944857521
0.005353227502628927
0.005005503383182174
0.004698678506546657
0.004426026784863424
0.004182211487540808
0.003962945318452028
0.0037647454366811885
0.0035847538976819826
0.003420604028736297
0.0032703196093210028
0.003132237843600009
0.0030049498324858353
0.00288725408350882
0.0027781198497418597
0.00267665795989157
0.002582097415567185
0.002493766470198386
0.002411077221054074
0.0023335129775711055
0.0022606178404400057
0.002191988053666169
0.0021272647880441137
0.0020661280875697735
0.0020082917662843443
0.0019534990862327176
0.0019015190807882803
0.0018521434138664644
0.0018051836862417233
0.001760469116580767
0.0017178445378769015
0.001677168660447908
0.0016383125611024302
0.0016011583649174345
0.0015655980916330144
0.001531532643219006
0.001498870912902303
0.0014675289990229558
0.0014374295096357917
0.0014085009458930076
0.001380677154009368
0.001353896837091356
0.0013281031193533067
0.001303243156290744
0.0012792677852659356
0.001256131211711312
0.0012337907267944968
0.001212206452932948
0.001191341114011889
0.0011711598275583005
0.0011516299164668125
0.0011327207381692764
0.0011144035293949518
0.001096651264889916
0.0010794385286557152
0.0010627413964347824
0.0010465373283152857
0.0010308050704552995
0.0010155245650374288
0.00100067686766251
9.862440714764917E-4
9.722092374003657E-4
9.585563298989925E-4
9.452701577836936E-4
9.323363195952858E-4
9.197411531601506E-4
9.074716889528627E-4
8.955156069351241E-4
8.83861196573002E-4
8.724973197633334E-4
8.614133764258691E-4
8.505992725405356E-4
8.400453904300358E-4
8.297425611061702E-4
8.196820385149984E-4
8.098554755307989E-4
8.002549015620321E-4
7.908727016447872E-4
7.817015969098897E-4
7.727346263197092E-4
7.639651295797193E-4
7.55386731137614E-4
7.46993325190394E-4
7.387790616261574E-4
7.307383328335549E-4
7.228657613170508E-4
7.15156188061469E-4
7.076046615933456E-4
7.002064276911594E-4
6.929569196999889E-4
6.858517494096599E-4
6.788866984586348E-4
6.720577102286178E-4
6.653608821976821E-4
6.587924587218646E-4
6.523488242176841E-4
6.460264967197753E-4
6.398221217899059E-4
6.337324667551857E-4
6.277544152550669E-4
6.218849620778812E-4
6.161212082693086E-4
6.104603564961392E-4
6.048997066500782E-4
5.99436651677087E-4
5.9406867361905E-4
5.887933398552053E-4
5.836082995317236E-4
5.785112801685679E-4
5.735000844334422E-4
5.685725870733698E-4
5.637267319949683E-4
5.589605294851131E-4
5.542720535642085E-4
5.496594394647314E-4
5.451208812282194E-4
5.406546294142358E-4
5.362589889153626E-4
5.319323168724836E-4
5.276730206850302E-4
5.234795561112688E-4
5.193504254538482E-4
5.152841758261973E-4
5.112793974956449E-4
5.07334722299304E-4
5.034488221290375E-4
4.996204074820346E-4
4.958482260736646E-4
4.921310615096078E-4
4.884677320142289E-4
4.8485708921251877E-4
4.8129801696295536E-4
4.77789430238838E-4
4.743302740557456E-4
4.709195224429667E-4
4.675561774567517E-4
4.6423926823348916E-4
4.609678500808699E-4
4.577410036053349E-4
4.5455783387409555E-4
4.514174696101743E-4
4.4831906241889284E-4
4.452617860444799E-4
4.422448356553721E-4
4.3926742715696195E-4
4.363287965305471E-4
4.334281991973425E-4
4.305649094064656E-4
4.277382196458236E-4
4.249474400749291E-4
4.2219189797868895E-4
4.1947093724127766E-4
4.1678391783924585E-4
4.14130215353019E-4
4.1150922049605556E-4
4.0892033866090846E-4
4.0636298948146737E-4
4.0383660641074776E-4
4.013406363135663E-4
3.9887453907350645E-4
3.964377872135805E-4
3.9402986553004396E-4
3.916502707388435E-4
3.892985111341781E-4
3.869741062586995E-4
3.8467658658488215E-4
3.824054932071588E-4
3.801603775443551E-4
3.779408010520369E-4
3.7574633494445205E-4
3.7357655992556054E-4
3.7143106592893384E-4
3.6930945186617323E-4
3.672113253833999E-4
3.651363026257002E-4
3.6308400800907865E-4
3.610540739997136E-4
3.5904614090021E-4
3.5705985664264E-4
3.5509487658808107E-4
3.5315086333238425E-4
3.512274865180544E-4
3.4932442265190336E-4
3.4744135492835633E-4
3.4557797305814514E-4
3.437339731022446E-4
3.4190905731084904E-4
3.4010293396720474E-4
3.3831531723612154E-4
3.3654592701705193E-4
3.347944888015138E-4
3.330607335347224E-4
3.313443974813437E-4
3.296452220951257E-4
3.2796295389240154E-4
3.262973443292104E-4
3.246481496819958E-4
3.230151309317238E-4
3.213980536513457E-4
3.1979668789644143E-4
3.182108080989669E-4
3.166401929640073E-4
3.150846253694543E-4
3.135438922684412E-4
3.1201778459453544E-4
3.1050609716955343E-4
3.090086286138867E-4
3.075251812593589E-4
3.060555610643705E-4
3.0459957753145735E-4
3.031570436269962E-4
3.017277757031341E-4
3.003115934217888E-4
2.9890831968068846E-4
2.975177805413766E-4
2.9613980515913365E-4
2.947742257147465E-4
2.9342087734806054E-4
2.9207959809328355E-4
2.907502288159794E-4
2.89432613151672E-4
2.8812659744606467E-4
2.8683203069677595E-4
2.855487644965908E-4
2.842766529781268E-4
2.830155527599344E-4
2.817653228939547E-4
2.805258248142941E-4
2.7929692228728566E-4
2.78078481362804E-4
2.7687037032678017E-4
2.7567245965491854E-4
2.7448462196751674E-4
2.733067319854331E-4
2.721386664871213E-4
2.7098030426669716E-4
2.698315260930288E-4
2.686922146698616E-4
2.675622545968104E-4
2.6644153233139963E-4
2.653299361519088E-4
2.642273561211794E-4
2.6313368405123246E-4
2.620488134687476E-4
2.6097263958134453E-4
2.599050592446597E-4
2.5884597093017833E-4
2.57795274693845E-4
2.567528721453603E-4
2.5571866641823244E-4
2.546925621404653E-4
2.536744654059747E-4
2.526642837466142E-4
2.516619261048571E-4
2.506673028070906E-4
2.496803255375111E-4
2.4870090731262165E-4
2.4772896245628135E-4
2.467644065753244E-4
2.45807156535706E-4
2.4485713043921245E-4
2.439142476006292E-4
2.4297842852547458E-4
2.4204959488817186E-4
2.4112766951071637E-4
2.402125763418274E-4
2.393042404365014E-4
2.3840258793606564E-4
2.3750754604861675E-4
2.3661904302990793E-4
2.3573700816462126E-4
2.3486137174806717E-4
2.3399206506823146E-4
2.331290203882549E-4
2.322721709292382E-4
2.3142145085342484E-4
2.3057679524774198E-4
2.297381401076769E-4
2.2890542232148215E-4
2.2807857965473688E-4
2.2725755073517694E-4
2.264422750378986E-4
2.2563269287081663E-4
2.248287453604311E-4
2.240303744379146E-4
2.2323752282543525E-4
2.224501340227886E-4
2.216681522942874E-4
2.2089152265593171E-4
2.2012019086279435E-4
2.1935410339671589E-4
2.1859320745419095E-4
2.1783745093453968E-4
2.1708678242828122E-4
2.1634115120573613E-4
2.15600507205898E-4
2.1486480102545058E-4
2.1413398390807302E-4
2.1340800773389076E-4
2.1268682500917726E-4
2.1197038885622965E-4
2.1125865300344876E-4
2.1055157177560265E-4
2.09849100084287E-4
2.0915119341856822E-4
2.084578078357858E-4
2.0776889995254214E-4
2.0708442693588317E-4
2.0640434649460158E-4
2.0572861687074537E-4
2.0505719683125084E-4
2.0439004565976288E-4
2.0372712314858634E-4
2.0306838959079315E-4
2.0241380577248476E-4
2.0176333296517728E-4
2.0111693291834706E-4
2.0047456785209598E-4
1.9983620044997306E-4
1.9920179385189598E-4
1.9857131164723935E-4
1.97944717868008E-4
1.9732197698216507E-4
1.96703053887066E-4
1.9608791390300732E-4
1.9547652276691253E-4
1.9486884662609164E-4
1.9426485203215965E-4
1.936645059350208E-4
1.9306777567699017E-4
1.9247462898698913E-4
1.9188503397488094E-4
1.912989591258725E-4
1.9071637329502557E-4
1.9013724570187201E-4
1.895615459251026E-4
1.8898924389738387E-4
1.8842030990021073E-4
1.8785471455890954E-4
1.872924288376739E-4
1.8673342403471537E-4
1.861776717774941E-4
1.8562514401801954E-4
1.8507581302824747E-4
1.8452965139553783E-4
1.8398663201819545E-4
1.834467281010993E-4
1.829099131513804E-4
1.823761609741954E-4
1.8184544566855878E-4
1.8131774162324585E-4
1.8079302351276539E-4
1.8027126629340011E-4
1.797524451993043E-4
1.792365357386922E-4
1.7872351369004465E-4
1.782133550984217E-4
1.7770603627181587E-4
1.7720153377754377E-4
1.7669982443876292E-4
1.7620088533095145E-4
1.7570469377853128E-4
1.7521122735148916E-4
1.7472046386208685E-4
1.7423238136159405E-4
1.7374695813709756E-4
1.7326417270835571E-4
1.727840038246935E-4
1.7230643046195728E-4
1.7183143181951269E-4
1.7135898731729618E-4
1.7088907659289644E-4
1.704216794987132E-4
1.6995677609912265E-4
1.6949434666771413E-4
1.6903437168456036E-4
1.6857683183353983E-4
1.6812170799967343E-4
1.6766898126653737E-4
1.6721863291369466E-4
1.667706444141783E-4
1.6632499743198377E-4
1.658816738196575E-4
1.6544065561585974E-4
1.650019250430018E-4
1.6456546450491054E-4
1.6413125658452544E-4
1.636992840416355E-4
1.6326952981064334E-4
1.628419769983712E-4
1.6241660888189E-4
1.6199340890640112E-4
1.6157236068310764E-4
1.6115344798718018E-4
1.607366547556924E-4
1.6032196508562185E-4
1.5990936323187092E-4
1.5949883360531943E-4
1.5909036077089514E-4
1.5868392944569663E-4
1.5827952449712083E-4
1.5787713094101693E-4
1.5747673393989232E-4
1.5707831880111732E-4
1.5668187097516933E-4
1.562873760539069E-4
1.5589481976884895E-4
1.555041879895044E-4
1.5511546672170574E-4
1.5472864210598148E-4
1.5434370041593145E-4
1.539606280566568E-4
1.5357941156317947E-4
1.532000375989008E-4
1.5282249295408347E-4
1.524467645443592E-4
1.5207283940922686E-4
1.5170070471062268E-4
1.5133034773145743E-4
1.5096175587421486E-4
1.5059491665954944E-4
1.5022981772490896E-4
1.4986644682317556E-4
1.4950479182132098E-4
1.4914484069909433E-4
1.4878658154771448E-4
1.4843000256858048E-4
1.480750920720129E-4
1.4772183847599148E-4
1.4737023030494083E-4
1.4702025618849494E-4
1.466719048603104E-4
1.463251651568771E-4
1.459800260163574E-4
1.4563647647742816E-4
1.4529450567814554E-4
1.4495410285483043E-4
1.4461525734096108E-4
1.4427795856608144E-4
1.4394219605472227E-4
1.436079594253454E-4
1.4327523838929626E-4
1.429440227497634E-4
1.426143024007713E-4
1.422860673261644E-4
1.419593075986158E-4
1.4163401337865207E-4
1.413101749136848E-4
1.4098778253705008E-4
1.4066682666708115E-4
1.4034729780616588E-4
1.4002918653983245E-4
1.3971248353585687E-4
1.3939717954335304E-4
1.3908326539189276E-4
1.3877073199064955E-4
1.384595703275262E-4
1.3814977146831198E-4
1.3784132655584788E-4
1.375342268091906E-4
1.3722846352281248E-4
1.369240280657778E-4
1.3662091188096871E-4
1.363191064842803E-4
1.360186034638548E-4
1.3571939447932395E-4
1.3542147126103995E-4
1.3512482560933573E-4
1.3482944939379252E-4
1.3453533455250308E-4
1.3424247309136355E-4
1.339508570833618E-4
1.3366047866786808E-4
1.333713300499587E-4
1.3308340349972066E-4
1.3279669135158651E-4
1.3251118600365901E-4
1.3222687991706357E-4
1.319437656152885E-4
1.3166183568355048E-4
1.3138108276815783E-4
1.3110149957589053E-4
1.308230788733656E-4
1.3054581348644518E-4
1.3026969629962435E-4
1.29994720255437E-4
1.2972087835386222E-4
1.2944816365174718E-4
1.2917656926224015E-4
1.2890608835420563E-4
1.2863671415167522E-4
1.283684399332902E-4
1.2810125903176128E-4
1.2783516483331217E-4
1.2757015077715845E-4
1.2730621035498223E-4
1.2704333711039412E-4
1.267815246384314E-4
1.2652076658504555E-4
1.2626105664659737E-4
1.2600238856935934E-4
1.257447561490266E-4
1.2548815323022757E-4
1.2523257370604762E-4
1.2497801151755542E-4
1.2472446065332304E-4
1.2447191514898217E-4
1.242203690867448E-4
1.2396981659496675E-4
1.237202518476947E-4
1.2347166906422034E-4
1.2322406250864652E-4
1.229774264894595E-4
1.227317553590897E-4
1.2248704351350715E-4
1.2224328539178295E-4
1.2200047547570099E-4
1.2175860828932589E-4
1.2151767839861698E-4
1.2127768041102177E-4
1.210386089750847E-4
1.2080045878005966E-4
1.2056322455551493E-4
1.2032690107096815E-4
1.200914831354919E-4
1.1985696559735812E-4
1.1962334334366208E-4
1.1939061129995372E-4
1.1915876442988795E-4
1.1892779773485869E-4
1.1869770625366114E-4
1.1846848506212555E-4
1.1824012927278717E-4
1.1801263403454227E-4
1.1778599453230265E-4
1.1756020598668349E-4
1.1733526365365209E-4
1.1711116282421343E-4
1.1688789882409086E-4
1.1666546701339986E-4
1.1644386278633925E-4
1.1622308157087462E-4
1.1600311882843672E-4
1.1578397005360886E-4
1.1556563077383633E-4
1.1534809654911437E-4
1.1513136297171092E-4
1.1491542566585499E-4
1.147002802874629E-4
1.1448592252384776E-4
1.1427234809343753E-4
1.140595527454973E-4
1.1384753225984935E-4
1.1363628244660173E-4
1.1342579914587971E-4
1.1321607822755625E-4
1.1300711559099006E-4
1.127989071647538E-4
1.1259144890639352E-4
1.1238473680215329E-4
1.1217876686673366E-4
1.119735351430356E-4
1.1176903770191302E-4
1.1156527064192794E-4
1.1136223008911067E-4
1.1115991219670833E-4
1.1095831314496144E-4
1.1075742914085695E-4
1.1055725641789701E-4
1.1035779123587848E-4
1.1015902988064975E-4
1.0996096866389427E-4
1.0976360392290447E-4
1.0956693202036331E-4
1.0937094934411556E-4
1.0917565230696816E-4
1.089810373464584E-4
1.08787100924651E-4
1.0859383952792744E-4
1.08401249666775E-4
1.082093278755847E-4
1.0801807071244689E-4
1.0782747475894107E-4
1.0763753661995302E-4
1.0744825292346175E-4
1.0725962032034884E-4
1.0707163548421816E-4
1.0688429511117321E-4
1.0669759591966149E-4
1.0651153465026565E-4
1.0632610806552381E-4
1.0614131294974638E-4
1.0595714610883353E-4
1.0577360437009212E-4
1.0559068458205945E-4
1.0540838361432842E-4
1.0522669835736801E-4
1.0504562572235469E-4
1.0486516264099734E-4
1.0468530606536678E-4
1.0450605296773278E-4
1.0432740034039155E-4
1.0414934519550596E-4
1.039718845649383E-4
1.0379501550008677E-4
1.0361873507173557E-4
1.0344304036988801E-4
1.032679285036051E-4
1.0309339660086617E-4
1.02919441808395E-4
1.0274606129152601E-4
1.0257325223404002E-4
1.0240101183802062E-4
1.0222933732370722E-4
1.0205822592934228E-4
1.0188767491103585E-4
1.0171768154260889E-4
1.0154824311546611E-4
1.0137935693844329E-4
1.0121102033766894E-4
1.0104323065643638E-4
1.00875985255046E-4
1.0070928151069979E-4
1.005431168173351E-4
1.0037748858551202E-4
1.0021239424227502E-4
1.0004783123102021E-4
9.988379701137573E-5
The correct rate for BP: 100.00% 
