0.815006766493865
0.5364036517865045
0.15227038283772576
0.057823706939689926
0.02066714934354956
0.010459718902755709
0.007786016353497695
0.006202325951136293
0.0051608089363642
0.004421661531708924
0.0038688028830054745
0.0034391696454442824
0.0030954413721500846
0.002814066203828753
0.0025794211994568253
0.002380721771683528
0.0022102766313885306
0.002062449397161971
0.0019330133208842358
0.0018187354078438521
0.0017170999076670363
0.00162611945839573
0.0015442030328588331
0.0014700616723188717
0.0014026399463286582
0.0013410652918694015
0.0012846100096965832
0.0012326623713319238
0.0011847043834870405
0.001140294484517904
0.001099053940843355
0.0010606560512306325
0.0010248175047073886
9.912914066109802E-4
9.598616085588626E-4
9.30338066323511E-4
9.025530144551421E-4
8.763577946865775E-4
8.51620211308581E-4
8.282223140720171E-4
8.060585300678375E-4
7.850340821151494E-4
7.650636436543187E-4
7.460701898771538E-4
7.279840124783666E-4
7.107418714663488E-4
6.942862622890407E-4
6.785647803870406E-4
6.635295683890777E-4
6.49136833675538E-4
6.353464260762365E-4
6.221214671351568E-4
6.094280237424243E-4
5.972348200600583E-4
5.855129826002917E-4
5.742358140892449E-4
5.6337859239406E-4
5.529183913318453E-4
5.428339206318992E-4
5.331053827049786E-4
5.237143441960352E-4
5.146436205706007E-4
5.058771722178479E-4
4.974000107517528E-4
4.891981143615297E-4
4.812583512081229E-4
4.735684099885821E-4
4.661167368980994E-4
4.5889247831248437E-4
4.518854285947033E-4
4.450859824990585E-4
4.384850917073916E-4
4.320742250850236E-4
4.258453322902504E-4
4.197908104120588E-4
4.139034733460901E-4
4.0817652365033555E-4
4.026035266494942E-4
3.971783865812303E-4
3.9189532459894415E-4
3.867488584647709E-4
3.8173378378322044E-4
3.768451566408737E-4
3.720782775307542E-4
3.674286764519148E-4
3.628920990852108E-4
3.584644939557117E-4
3.541420005006064E-4
3.499209379689485E-4
3.4579779508647063E-4
3.417692204245598E-4
3.378320134181963E-4
3.3398311598233657E-4
3.302196046808152E-4
3.2653868340571193E-4
3.2293767652884724E-4
3.194140224902582E-4
3.159652677914822E-4
3.125890613641346E-4
3.092831492867762E-4
3.0604536982515164E-4
3.028736487729683E-4
2.997659950722243E-4
2.967204966936642E-4
2.937353167595664E-4
2.9080868989240247E-4
2.87938918774134E-4
2.851243709021478E-4
2.823634755288549E-4
2.796547207728939E-4
2.769966508908783E-4
2.743878636993658E-4
2.7182700813744535E-4
2.693127819611604E-4
2.6684392956145397E-4
2.6441923989803406E-4
2.620375445420191E-4
2.5969771582075665E-4
2.57398665058636E-4
2.5513934090817353E-4
2.5291872776599084E-4
2.5073584426870863E-4
2.4858974186409605E-4
2.4647950345310323E-4
2.444042420987371E-4
2.4236309979797644E-4
2.4035524631308385E-4
2.383798780591649E-4
2.3643621704463853E-4
2.3452350986187786E-4
2.326410267251645E-4
2.3078806055343198E-4
2.2896392609540522E-4
2.2716795909481747E-4
2.2539951549363277E-4
2.236579706712196E-4
2.219427187176639E-4
2.2025317173937362E-4
2.1858875919537676E-4
2.1694892726271186E-4
2.1533313822943124E-4
2.1374086991384264E-4
2.1217161510868023E-4
2.106248810489362E-4
2.0910018890220875E-4
2.0759707328048263E-4
2.061150817722377E-4
2.0465377449399244E-4
2.0321272366025927E-4
2.0179151317108643E-4
2.0038973821637072E-4
1.990070048960824E-4
1.9764292985574312E-4
1.9629713993637172E-4
1.9496927183830336E-4
1.9365897179817785E-4
1.9236589527856196E-4
1.9108970666958504E-4
1.8983007900207028E-4
1.8858669367165492E-4
1.8735924017339203E-4
1.861474158463908E-4
1.849509256280443E-4
1.8376948181743704E-4
1.8260280384752305E-4
1.8145061806570725E-4
1.8031265752246819E-4
1.7918866176767868E-4
1.7807837665430212E-4
1.7698155414915296E-4
1.7589795215043044E-4
1.748273343117453E-4
1.7376946987234662E-4
1.727241334933573E-4
1.7169110509968576E-4
1.7067016972746818E-4
1.6966111737676468E-4
1.6866374286931133E-4
1.6767784571114424E-4
1.6670322995987634E-4
1.6573970409646517E-4
1.647870809012924E-4
1.6384517733435827E-4
1.629138144194868E-4
1.6199281713232978E-4
1.6108201429207574E-4
1.601812384566684E-4
1.5929032582145163E-4
1.5840911612108614E-4
1.5753745253461814E-4
1.5667518159358145E-4
1.5582215309302495E-4
1.5497822000535823E-4
1.541432383969126E-4
1.533170673470995E-4
1.5249956887011527E-4
1.5169060783903475E-4
1.5089005191228948E-4
1.5009777146235786E-4
1.4931363950667048E-4
1.48537531640591E-4
1.4776932597242582E-4
1.4700890306038582E-4
1.4625614585145888E-4
1.4551093962205929E-4
1.4477317192046387E-4
1.4404273251095173E-4
1.4331951331954907E-4
1.4260340838141255E-4
1.4189431378966444E-4
1.4119212764579029E-4
1.4049675001140838E-4
1.3980808286142882E-4
1.3912603003857536E-4
1.3845049720916328E-4
1.3778139182014893E-4
1.3711862305737393E-4
1.3646210180498294E-4
1.3581174060597407E-4
1.3516745362383788E-4
1.3452915660525642E-4
1.3389676684382143E-4
1.3327020314476265E-4
1.3264938579061116E-4
1.3203423650781263E-4
1.3142467843422863E-4
1.3082063608752713E-4
1.3022203533439574E-4
1.2962880336058762E-4
1.2904086864176366E-4
1.2845816091510068E-4
1.2788061115163855E-4
1.27308151529363E-4
1.2674071540698018E-4
1.2617823729837145E-4
1.256206528477185E-4
1.2506789880525378E-4
1.2451991300363864E-4
1.239766343349439E-4
1.2343800272822159E-4
1.229039591276192E-4
1.223744454710803E-4
1.2184940466954568E-4
1.2132878058669714E-4
1.2081251801919624E-4
1.2030056267741326E-4
1.1979286116661855E-4
1.1928936096867005E-4
1.1879001042410512E-4
1.1829475871470375E-4
1.1780355584645745E-4
1.1731635263295086E-4
1.1683310067914613E-4
1.1635375236556326E-4
1.158782608328214E-4
1.1540657996656394E-4
1.1493866438272812E-4
1.1447446941317279E-4
1.1401395109163968E-4
1.1355706614003983E-4
1.1310377195506318E-4
1.1265402659510736E-4
1.12207788767488E-4
1.1176501781596548E-4
1.113256737085459E-4
1.1088971702557257E-4
1.1045710894806504E-4
1.1002781124636024E-4
1.0960178626896898E-4
1.0917899693172174E-4
1.0875940670712545E-4
1.0834297961398515E-4
1.0792968020724161E-4
1.0751947356803373E-4
1.0711232529399516E-4
1.0670820148974258E-4
1.063070687576023E-4
1.0590889418850378E-4
1.0551364535310741E-4
1.0512129029310044E-4
1.0473179751269004E-4
1.0434513597027918E-4
1.0396127507032744E-4
1.0358018465537235E-4
1.0320183499823541E-4
1.0282619679438155E-4
1.0245324115445471E-4
1.0208293959695421E-4
1.0171526404108096E-4
1.0135018679972078E-4
1.0098768057258268E-4
1.0062771843948333E-4
1.002702738537541E-4
9.99153206358014E-5
The correct rate for BP: 100.00% 
