0.7768490776328293
0.8644078926268616
0.4428229090024937
0.15318062703306246
0.06790116607268301
0.022285065368979694
0.013607689719767774
0.010262029154598321
0.008289754125034375
0.006969095444372905
0.0060172931711262615
0.00529664230520176
0.004731123012351134
0.004275053453339366
0.003899221465053738
0.0035840301169315003
0.003315820810452072
0.00308477140374137
0.0028836317065448654
0.002706930035740132
0.002550457425193898
0.002410922053796555
0.0022857115962705288
0.002172726022824678
0.0020702575740501
0.0019769030463253827
0.0018914986555102747
0.001813070964672606
0.0017407994281465199
0.0016739874602666755
0.0016120398444655717
0.0015544449163880363
0.001500760382427366
0.0014506019356017035
0.0014036340447198732
0.0013595624471592282
0.0013181279882338746
0.0012791015332428927
0.001242279740228161
0.0012074815280726664
0.0011745451099440007
0.001143325489163316
0.0011136923354675048
0.0010855281758650902
0.0010587268469898208
0.0010331921658637442
0.0010088367839141445
9.85581195414845E-4
9.63352876594599E-4
9.420855357452691E-4
9.21718457975826E-4
9.021959309569013E-4
8.834667402076389E-4
8.654837242903183E-4
8.482033817748596E-4
8.315855230749363E-4
8.155929612890496E-4
8.001912370404295E-4
7.853483730311992E-4
7.710346546325408E-4
7.572224333440514E-4
7.438859503883581E-4
7.310011780744246E-4
7.185456768755877E-4
7.064984664355331E-4
6.948399089438042E-4
6.83551603518695E-4
6.726162904041605E-4
6.620177639330265E-4
6.517407933347017E-4
6.417710505747246E-4
6.320950445083896E-4
6.227000607130741E-4
6.135741064361536E-4
6.047058601580539E-4
5.960846253254603E-4
5.877002878578219E-4
5.795432770730341E-4
5.716045297156361E-4
5.638754568038475E-4
5.563479130411961E-4
5.490141685641668E-4
5.418668828204817E-4
5.348990803928402E-4
5.281041286012389E-4
5.214757167330943E-4
5.150078367647679E-4
5.086947654511691E-4
5.0253104767144E-4
4.9651148092916E-4
4.906311009148659E-4
4.848851680468667E-4
4.7926915491389036E-4
4.737787345499203E-4
4.684097694775412E-4
4.631583014617492E-4
4.580205419210118E-4
4.529928629469436E-4
4.480717888880634E-4
4.4325398845667513E-4
4.3853626732136747E-4
4.339155611506746E-4
4.293889290760974E-4
4.2495354754539915E-4
4.2060670453916065E-4
4.16345794125899E-4
4.121683113327894E-4
4.080718473109188E-4
4.0405408477549017E-4
4.0011279370292917E-4
3.96245827268198E-4
3.9245111800677177E-4
3.887266741869686E-4
3.850705763793131E-4
3.814809742104944E-4
3.7795608329053396E-4
3.7449418230243694E-4
3.710936102443896E-4
3.6775276381525795E-4
3.64470094934801E-4
3.6124410839057623E-4
3.5807335960401067E-4
3.549564525087151E-4
3.5189203753448916E-4
3.488788096909155E-4
3.459155067448944E-4
3.4300090748676503E-4
3.4013383008003526E-4
3.3731313049005675E-4
3.3453770098728876E-4
3.3180646872104367E-4
3.291183943598758E-4
3.264724707949987E-4
3.2386772190341154E-4
3.21303201367425E-4
3.1877799154777316E-4
3.1629120240735976E-4
3.138419704830926E-4
3.11429457903256E-4
3.0905285144815784E-4
3.067113616517692E-4
3.044042219423398E-4
3.021306878200288E-4
2.998900360696624E-4
2.976815640069241E-4
2.9550458875633636E-4
2.9335844655943165E-4
2.9124249211171416E-4
2.891560979269929E-4
2.8709865372774713E-4
2.850695658603895E-4
2.830682567341057E-4
2.810941642823063E-4
2.7914674144555797E-4
2.7722545567499695E-4
2.7532978845536165E-4
2.7345923484663637E-4
2.716133030435619E-4
2.6979151395215185E-4
2.6799340078247194E-4
2.662185086569508E-4
2.6446639423355415E-4
2.6273662534314013E-4
2.610287806404043E-4
2.593424492678111E-4
2.576772305319611E-4
2.5603273359182515E-4
2.5440857715843055E-4
2.5280438920536447E-4
2.5121980668982974E-4
2.496544752836124E-4
2.481080491137304E-4
2.465801905122204E-4
2.4507056977476113E-4
2.4357886492779181E-4
2.421047615036929E-4
2.4064795232377968E-4
2.3920813728879018E-4
2.3778502317652525E-4
2.3637832344638446E-4
2.3498775805052486E-4
2.3361305325140196E-4
2.3225394144537343E-4
2.3091016099223237E-4
2.295814560503485E-4
2.2826757641725677E-4
2.2696827737547973E-4
2.2568331954333698E-4
2.2441246873064745E-4
2.2315549579903152E-4
2.2191217652672363E-4
2.206822914776809E-4
2.194656258748639E-4
2.1826196947750273E-4
2.170711164622157E-4
2.1589286530785952E-4
2.1472701868394142E-4
2.1357338334248086E-4
2.124317700132125E-4
2.1130199330199301E-4
2.101838715922843E-4
2.090772269496416E-4
2.0798188502907372E-4
2.068976749851948E-4
2.05824429385015E-4
2.0476198412340047E-4
2.037101783409316E-4
2.026688543442763E-4
2.0163785752882088E-4
2.006170363035955E-4
1.9960624201836212E-4
1.9860532889279565E-4
1.9761415394773283E-4
1.966325769383388E-4
1.9566046028921777E-4
1.9469766903132838E-4
1.9374407074070372E-4
1.9279953547887447E-4
1.918639357349482E-4
1.909371463693226E-4
1.9001904455892977E-4
1.8910950974400804E-4
1.882084235763252E-4
1.873156698688071E-4
1.8643113454654652E-4
1.855547055991387E-4
1.8468627303427714E-4
1.8382572883263355E-4
1.829729669038983E-4
1.821278830440147E-4
1.812903748935457E-4
1.8046034189712052E-4
1.7963768526395708E-4
1.7882230792941998E-4
1.7801411451755903E-4
1.772130113046334E-4
1.7641890618356966E-4
1.7563170862933884E-4
1.7485132966520777E-4
1.7407768182985283E-4
1.733106791453187E-4
1.7255023708576134E-4
1.7179627254700552E-4
1.7104870381683563E-4
1.7030745054605898E-4
1.6957243372025065E-4
1.6884357563222755E-4
1.681207998551868E-4
1.6740403121649847E-4
1.6669319577214775E-4
1.6598822078180028E-4
1.6528903468445534E-4
1.6459556707471227E-4
1.6390774867957244E-4
1.632255113358375E-4
1.6254878796800884E-4
1.6187751256674607E-4
1.6121162016779055E-4
1.60551046831446E-4
1.5989572962247923E-4
1.5924560659053661E-4
1.58600616750993E-4
1.5796070006624712E-4
1.5732579742745823E-4
1.5669585063669746E-4
1.560708023895149E-4
1.554505962578807E-4
1.5483517667355695E-4
1.542244889118088E-4
1.5361847907550047E-4
1.530170940795473E-4
1.524202816357171E-4
1.5182799023776648E-4
1.5124016914691782E-4
1.5065676837764478E-4
1.5007773868378182E-4
1.4950303154493815E-4
1.489325991532099E-4
1.4836639440017377E-4
1.4780437086418116E-4
1.472464827979116E-4
1.466926851162039E-4
1.4614293338415077E-4
1.4559718380544314E-4
1.4505539321096373E-4
1.445175190476341E-4
1.4398351936748452E-4
1.4345335281696687E-4
1.4292697862648614E-4
1.4240435660015362E-4
1.418854471057539E-4
1.413702110649284E-4
1.4085860994355012E-4
1.4035060574231218E-4
1.3984616098749114E-4
1.393452387219348E-4
1.388478024961934E-4
1.3835381635986187E-4
1.3786324485308635E-4
1.373760529982442E-4
1.3689220629180054E-4
1.3641167069631318E-4
1.359344126326192E-4
1.3546039897215824E-4
1.349895970294579E-4
1.3452197455477346E-4
1.340574997268674E-4
1.3359614114592946E-4
1.3313786782664762E-4
1.3268264919140028E-4
1.3223045506359466E-4
1.3178125566112392E-4
1.3133502158996525E-4
1.3089172383788867E-4
1.304513337683011E-4
1.3001382311418643E-4
1.2957916397219913E-4
1.291473287968257E-4
1.2871829039470172E-4
1.2829202191899517E-4
1.2786849686393967E-4
1.274476890594323E-4
1.2702957266575557E-4
1.2661412216839895E-4
1.262013123729586E-4
1.2579111840015564E-4
1.2538351568093346E-4
1.2497847995164904E-4
1.2457598724935595E-4
1.2417601390716455E-4
1.2377853654970932E-4
1.233835320886741E-4
1.2299097771840782E-4
1.2260085091163613E-4
1.22213129415222E-4
1.2182779124603015E-4
1.2144481468684721E-4
1.2106417828239166E-4
1.2068586083537367E-4
1.2030984140264874E-4
1.1993609929142976E-4
1.1956461405556059E-4
1.1919536549186422E-4
1.1882833363655039E-4
1.1846349876170081E-4
1.1810084137178818E-4
1.1774034220028729E-4
1.1738198220631684E-4
1.1702574257136662E-4
1.1667160469606116E-4
1.1631955019699617E-4
1.1596956090360266E-4
1.1562161885510332E-4
1.1527570629749489E-4
1.1493180568058227E-4
1.1458989965506983E-4
1.1424997106971585E-4
1.1391200296850376E-4
1.135759785878906E-4
1.132418813540888E-4
1.1290969488039273E-4
1.1257940296455489E-4
1.1225098958620212E-4
1.1192443890430222E-4
1.115997352546612E-4
1.1127686314747112E-4
1.1095580726490256E-4
1.106365524587228E-4
1.103190837479602E-4
1.1000338631661177E-4
1.0968944551138482E-4
1.0937724683947314E-4
1.0906677596637366E-4
1.0875801871373238E-4
1.0845096105722955E-4
1.0814558912450768E-4
1.0784188919311168E-4
1.0753984768848256E-4
1.072394511819698E-4
1.0694068638889025E-4
1.0664354016659884E-4
1.0634799951260638E-4
1.060540515627143E-4
1.057616835891978E-4
1.0547088299899126E-4
1.0518163733192683E-4
1.0489393425898766E-4
1.0460776158058691E-4
1.0432310722488316E-4
1.0403995924611625E-4
1.0375830582296877E-4
1.0347813525694962E-4
1.031994359708182E-4
1.0292219650701035E-4
1.0264640552610679E-4
1.02372051805311E-4
1.0209912423696788E-4
1.0182761182708411E-4
1.0155750369389018E-4
1.0128878906640825E-4
1.010214572830577E-4
1.0075549779026493E-4
1.0049090014110741E-4
1.0022765399397615E-4
9.996574911124356E-5
The correct rate for BP: 100.00% 
