1.2501382091716327
1.1373656748882661
0.2605468949568836
0.048045613213094016
0.016055657522996102
0.011284971783480084
0.008695723884713166
0.007087505794215221
0.0059886205987604475
0.005188402881923204
0.004578751321523281
0.004098357473315743
0.0037097871315650956
0.0033888539258891334
0.003119216719589904
0.0028894274403551915
0.0026912217134047365
0.0025184808937018903
0.002366576214389254
0.0022319401441477822
0.0021117779820383625
0.002003868842920863
0.0019064252460359694
0.0018179920849787324
0.0017373726491836914
0.0016635735953685195
0.0015957634298233874
0.001533240778399925
0.001475409850501971
0.0014217612610895722
0.0013718568919384112
0.0013253178321285862
0.0012818146902018777
0.0012410597505130416
0.0012028005763700669
0.0011668147575944138
0.0011329055703223384
0.001100898369231452
0.0010706375718081166
0.0010419841242278079
0.0010148133613673378
9.890131911824889E-4
9.644825474602371E-4
9.411300657427409E-4
9.188729457226606E-4
8.976359701533628E-4
8.773506556975992E-4
8.579545154545878E-4
8.393904163867005E-4
8.216060176892257E-4
8.04553278445376E-4
7.881880247900016E-4
7.724695683517754E-4
7.573603690198467E-4
7.42825736139008E-4
7.288335631171245E-4
7.153540911639278E-4
7.023596984957246E-4
6.898247118590366E-4
6.777252376626875E-4
6.660390103780912E-4
6.54745256181306E-4
6.438245700779143E-4
6.33258804980045E-4
6.230309714003592E-4
6.131251465956956E-4
6.035263921375043E-4
5.942206790108141E-4
5.851948194514465E-4
5.764364048243501E-4
5.679337489275201E-4
5.596758361763608E-4
5.516522741851993E-4
5.438532503166179E-4
5.362694918164679E-4
5.28892229194001E-4
5.217131625429711E-4
5.147244305317468E-4
5.079185818188652E-4
5.012885486754865E-4
4.94827622618472E-4
4.885294318775415E-4
4.823879205373493E-4
4.7639732921106817E-4
4.7055217711581334E-4
4.648472454326816E-4
4.5927756184530434E-4
4.5383838616058856E-4
4.485251969243479E-4
4.4333367895240175E-4
4.3825971170493726E-4
4.3329935843825667E-4
4.2844885607406396E-4
4.2370460573138774E-4
4.190631638712003E-4
4.145212340079703E-4
4.100756589461626E-4
4.05723413503446E-4
4.0146159768523863E-4
3.972874302783501E-4
3.9319824283396933E-4
3.891914740127032E-4
3.852646642664403E-4
3.8141545083393477E-4
3.7764156302869307E-4
3.739408177994252E-4
3.703111155448755E-4
3.667504361661966E-4
3.632568353412097E-4
3.598284410062687E-4
3.564634500322026E-4
3.5316012508209923E-4
3.4991679163933056E-4
3.4673183519521824E-4
3.436036985863978E-4
3.4053087947266106E-4
3.3751192794673337E-4
3.3454544426797023E-4
3.316300767125803E-4
3.2876451953340783E-4
3.259475110228606E-4
3.2317783167287674E-4
3.204543024264043E-4
3.1777578301506036E-4
3.151411703780652E-4
3.1254939715786976E-4
3.099994302681509E-4
3.074902695301957E-4
3.0502094637380455E-4
3.025905225992816E-4
3.0019808919710185E-4
2.978427652222131E-4
2.9552369672000467E-4
2.932400557011819E-4
2.9099103916304606E-4
2.887758681546589E-4
2.865937868836482E-4
2.844440618625294E-4
2.823259810925034E-4
2.802388532827823E-4
2.7818200710373977E-4
2.7615479047210913E-4
2.741565698666674E-4
2.7218672967292175E-4
2.702446715553285E-4
2.6832981385574445E-4
2.6644159101681564E-4
2.645794530291095E-4
2.627428649008977E-4
2.609313061494308E-4
2.591442703127787E-4
2.573812644812359E-4
2.5564180884737403E-4
2.539254362739167E-4
2.522316918785706E-4
2.505601326350899E-4
2.48910326989809E-4
2.472818544929536E-4
2.4567430544407686E-4
2.4408728055098526E-4
2.4252039060157921E-4
2.4097325614798622E-4
2.394455072025551E-4
2.3793678294506393E-4
2.364467314407853E-4
2.3497500936885506E-4
2.3352128176055574E-4
2.3208522174707566E-4
2.30666510316351E-4
2.2926483607860074E-4
2.278798950402349E-4
2.2651139038571715E-4
2.251590322671333E-4
2.2382253760109245E-4
2.225016298727011E-4
2.2119603894632436E-4
2.1990550088279092E-4
2.1862975776293923E-4
2.1736855751705364E-4
2.1612165376015598E-4
2.1488880563274974E-4
2.1366977764694845E-4
2.1246433953767376E-4
2.1127226611879495E-4
2.1009333714397415E-4
2.0892733717208352E-4
2.0777405543696972E-4
2.0663328572144814E-4
2.0550482623535974E-4
2.043884794974789E-4
2.0328405222123008E-4
2.0219135520401494E-4
2.0111020321997842E-4
2.0004041491619658E-4
1.9898181271205497E-4
1.9793422270175385E-4
1.968974745598356E-4
1.9587140144959034E-4
1.9485583993427807E-4
1.9385062989102234E-4
1.9285561442732908E-4
1.9187063980009836E-4
1.9089555533707107E-4
1.8993021336060796E-4
1.8897446911372254E-4
1.8802818068830513E-4
1.8709120895544086E-4
1.8616341749777402E-4
1.852446725438221E-4
1.843348429042024E-4
1.8343379990968245E-4
1.8254141735102064E-4
1.8165757142049837E-4
1.8078214065512832E-4
1.799150058814607E-4
1.7905605016193556E-4
1.7820515874274843E-4
1.7736221900315315E-4
1.7652712040617735E-4
1.7569975445068994E-4
1.7488001462479923E-4
1.7406779636051537E-4
1.7326299698963287E-4
1.724655157008441E-4
1.7167525349796948E-4
1.7089211315933497E-4
1.7011599919822284E-4
1.6934681782438882E-4
1.6858447690657412E-4
1.678288859360332E-4
1.6707995599100003E-4
1.6633759970210022E-4
1.656017312186342E-4
1.6487226617577604E-4
1.6414912166258635E-4
1.634322161908588E-4
1.6272146966475642E-4
1.6201680335123448E-4
1.6131813985121725E-4
1.606254030714662E-4
1.5993851819721323E-4
1.5925741166542172E-4
1.5858201113876468E-4
1.579122454802155E-4
1.5724804472827395E-4
1.565893400728264E-4
1.559360638315628E-4
1.5528814942699067E-4
1.5464553136401802E-4
1.5400814520804483E-4
1.533759275636309E-4
1.5274881605363335E-4
1.521267492988707E-4
1.5150966689826762E-4
1.5089750940945544E-4
1.5029021832986303E-4
1.4968773607821652E-4
1.4909000597650927E-4
1.4849697223236942E-4
1.479085799218364E-4
1.4732477497256537E-4
1.4674550414739234E-4
1.4617071502828486E-4
1.4560035600066896E-4
1.4503437623810772E-4
1.4447272568732567E-4
1.439153550535853E-4
1.433622157863814E-4
1.428132600654657E-4
1.4226844078717537E-4
1.4172771155108717E-4
1.411910266469441E-4
1.4065834104188567E-4
1.4012961036795777E-4
1.3960479090991171E-4
1.3908383959323738E-4
1.3856671397249575E-4
1.3805337221987668E-4
1.3754377311401975E-4
1.3703787602908316E-4
1.3653564092402362E-4
1.3603702833214163E-4
1.355419993508055E-4
1.350505156314472E-4
1.345625393697267E-4
1.3407803329592243E-4
1.335969606655297E-4
1.3311928525005135E-4
1.3264497132797095E-4
1.3217398367593565E-4
1.3170628756010321E-4
1.312418487276848E-4
1.3078063339864402E-4
1.3032260825758768E-4
1.2986774044579868E-4
1.2941599755346628E-4
1.2896734761202956E-4
1.2852175908672445E-4
1.2807920086924405E-4
1.276396422705593E-4
1.272030530139022E-4
1.267694032278548E-4
1.2633866343960754E-4
1.2591080456833624E-4
1.2548579791870905E-4
1.2506361517453405E-4
1.246442283925194E-4
1.2422760999616589E-4
1.2381373276977028E-4
1.2340256985254668E-4
1.229940947328772E-4
1.22588281242656E-4
1.2218510355174812E-4
1.2178453616255652E-4
1.2138655390469536E-4
1.2099113192976305E-4
1.2059824570621972E-4
1.2020787101434595E-4
1.1981998394132131E-4
1.1943456087637952E-4
1.1905157850605642E-4
1.1867101380953563E-4
1.1829284405406645E-4
1.1791704679049507E-4
1.1754359984883417E-4
1.1717248133396912E-4
1.1680366962139098E-4
1.1643714335305502E-4
1.1607288143327448E-4
1.1571086302472001E-4
1.1535106754448226E-4
1.1499347466019472E-4
1.1463806428624638E-4
1.1428481658004957E-4
1.1393371193837809E-4
1.1358473099377907E-4
1.1323785461103477E-4
1.1289306388369937E-4
1.1255034013069596E-4
1.1220966489297047E-4
1.1187101993019999E-4
1.1153438721757856E-4
1.1119974894264173E-4
1.1086708750214151E-4
1.1053638549900571E-4
1.1020762573931865E-4
1.0988079122936715E-4
1.0955586517274752E-4
1.0923283096750324E-4
1.0891167220333142E-4
1.0859237265882167E-4
1.0827491629874599E-4
1.0795928727140666E-4
1.0764546990601832E-4
1.073334487101363E-4
1.0702320836712312E-4
1.0671473373367563E-4
1.0640800983737614E-4
1.061030218742949E-4
1.0579975520661858E-4
1.0549819536034703E-4
1.0519832802299706E-4
1.0490013904135998E-4
1.0460361441930173E-4
1.0430874031558388E-4
1.0401550304173344E-4
1.0372388905994243E-4
1.0343388498100072E-4
1.0314547756227067E-4
1.0285865370568309E-4
1.0257340045577447E-4
1.0228970499775195E-4
1.0200755465559997E-4
1.0172693689019144E-4
1.0144783929745918E-4
1.0117024960659128E-4
1.0089415567822778E-4
1.0061954550272747E-4
1.0034640719842577E-4
1.0007472900994641E-4
9.980449930652746E-5
The correct rate for BP: 100.00% 
