1.2375782845939993
0.8238577464983661
0.15443222263364362
0.03992209836594125
0.015233854245287766
0.010328309277355542
0.00783131991389842
0.006315968553431596
0.005295176312778074
0.004559471431014238
0.004003492749664873
0.0035682891874483933
0.0032182338429905246
0.0029304983304864014
0.0026897660861400145
0.00248537097449398
0.0023096534696866286
0.0021569691598845257
0.0020230659100188837
0.0019046788988493454
0.0017992594098049024
0.0017047884693438052
0.0016196458677748809
0.0015425162490689246
0.0014723205705817405
0.001408165274583116
0.0013493040481115605
0.001295108675425443
0.0012450465551471822
0.0011986631683457976
0.0011555682698812843
0.001115424911538554
0.0010779406414792702
0.0010428603924712574
0.0010099606923647407
9.790449185063587E-4
9.499393828029666E-4
9.22490082556805E-4
8.965599885784754E-4
8.72026769675508E-4
8.487808737123503E-4
8.267239016974078E-4
8.057672239772224E-4
7.858307974880006E-4
7.668421507830438E-4
7.487355097068145E-4
7.314510414876769E-4
7.149341989482188E-4
6.991351496955268E-4
6.840082777142137E-4
6.69511746869139E-4
6.556071175273854E-4
6.422590089073676E-4
6.294348009160374E-4
6.17104370189205E-4
6.052398558434604E-4
5.938154511099452E-4
5.828072175739877E-4
5.721929192104299E-4
5.61951873796516E-4
5.520648196161136E-4
5.425137956505295E-4
5.332820336904109E-4
5.243538610076547E-4
5.157146124010125E-4
5.073505505787688E-4
4.992487939711621E-4
4.913972511760936E-4
4.837845613378094E-4
4.7640003984163106E-4
4.692336287798033E-4
4.622758517067162E-4
4.5551777225623244E-4
4.489509562422091E-4
4.425674369047058E-4
4.363596830017689E-4
4.303205694784839E-4
4.2444335047380616E-4
4.18721634450711E-4
4.1314936125732074E-4
4.0772078094641044E-4
4.024304341980249E-4
3.972731342055451E-4
3.9224394989903857E-4
3.8733819039230786E-4
3.825513905506446E-4
3.778792975863106E-4
3.733178585973725E-4
3.688632089733283E-4
3.6451166159806906E-4
3.602596967868706E-4
3.5610395289997337E-4
3.520412175801866E-4
3.480684195667147E-4
3.441826210414922E-4
3.4038101046803655E-4
3.3666089588628976E-4
3.3301969862990587E-4
3.294549474352515E-4
3.2596427291403456E-4
3.2254540236347846E-4
3.191961548904415E-4
3.159144368273804E-4
3.1269823742012336E-4
3.095456247687262E-4
3.0645474200435873E-4
3.0342380368631263E-4
3.0045109240449836E-4
2.9753495557389515E-4
2.9467380240846066E-4
2.9186610106279496E-4
2.8911037593096466E-4
2.864052050923432E-4
2.8374921789533304E-4
2.8114109267031895E-4
2.7857955456386867E-4
2.7606337348675086E-4
2.7359136216888365E-4
2.711623743147016E-4
2.6877530285306485E-4
2.6642907827594084E-4
2.641226670608523E-4
2.6185507017202283E-4
2.5962532163580017E-4
2.5743248718603813E-4
2.552756629755101E-4
2.5315397434958235E-4
2.5106657467870034E-4
2.490126442464296E-4
2.4699138918994796E-4
2.4500204049018935E-4
2.4304385300890212E-4
2.4111610457011045E-4
2.3921809508362253E-4
2.3734914570833457E-4
2.355085980532743E-4
2.3369581341436876E-4
2.319101720451367E-4
2.3015107245950842E-4
2.2841793076519223E-4
2.2671018002597547E-4
2.2502726965157222E-4
2.2336866481357048E-4
2.2173384588626148E-4
2.2012230791105413E-4
2.1853356008335538E-4
2.1696712526085644E-4
2.1542253949210659E-4
2.1389935156450562E-4
2.1239712257069252E-4
2.1091542549255807E-4
2.094538448019771E-4
2.0801197607749072E-4
2.0658942563626123E-4
2.051858101805314E-4
2.0380075645793402E-4
2.024339009350511E-4
2.010848894836154E-4
1.9975337707876697E-4
1.9843902750884063E-4
1.9714151309618922E-4
1.9586051442853212E-4
1.9459572010037876E-4
1.9334682646409337E-4
1.9211353739018183E-4
1.9089556403640377E-4
1.89692624625324E-4
1.8850444422997747E-4
1.87330754567251E-4
1.8617129379872523E-4
1.8502580633860722E-4
1.8389404266849248E-4
1.82775759158667E-4
1.8167071789568597E-4
1.8057868651595553E-4
1.794994380451127E-4
1.7843275074292054E-4
1.7737840795350584E-4
1.7633619796068715E-4
1.7530591384822138E-4
1.7428735336476377E-4
1.7328031879334382E-4
1.722846168252136E-4
1.713000584378626E-4
1.7032645877707343E-4
1.6936363704283698E-4
1.6841141637898615E-4
1.6746962376642334E-4
1.6653808991979314E-4
1.6561664918745512E-4
1.6470513945468157E-4
1.638034020499089E-4
1.6291128165394687E-4
1.6202862621206976E-4
1.6115528684883398E-4
1.602911177855453E-4
1.5943597626030188E-4
1.585897224504754E-4
1.577522193975824E-4
1.5692333293444458E-4
1.5610293161455512E-4
1.5529088664356883E-4
1.544870718128746E-4
1.5369136343511823E-4
1.529036402816815E-4
1.5212378352197632E-4
1.513516766645455E-4
1.5058720549987969E-4
1.4983025804492022E-4
1.4908072448914197E-4
1.4833849714222227E-4
1.4760347038320141E-4
1.4687554061108572E-4
1.4615460619689187E-4
1.454405674370009E-4
1.4473332650788087E-4
1.440327874220366E-4
1.433388559852145E-4
1.4265143975478533E-4
1.4197044799930616E-4
1.412957916591437E-4
1.406273833082386E-4
1.3996513711687076E-4
1.3930896881545726E-4
1.386587956593192E-4
1.380145363944116E-4
1.3737611122396163E-4
1.367434417759973E-4
1.361164510717418E-4
1.3549506349485452E-4
1.3487920476146158E-4
1.3426880189100252E-4
1.3366378317780054E-4
1.3306407816340347E-4
1.3246961760963647E-4
1.3188033347233134E-4
1.3129615887575347E-4
1.3071702808766723E-4
1.3014287649504408E-4
1.295736405803853E-4
1.2900925789863387E-4
1.2844966705468866E-4
1.2789480768145937E-4
1.273446204184696E-4
1.2679904689101817E-4
1.262580296898158E-4
1.257215123511641E-4
1.251894393375861E-4
1.2466175601895534E-4
1.241384086540584E-4
1.2361934437264216E-4
1.23104511157855E-4
1.2259385782913216E-4
1.2208733402548874E-4
1.2158489018920846E-4
1.2108647754991344E-4
1.2059204810902725E-4
1.2010155462458604E-4
1.1961495059642682E-4
1.1913219025169372E-4
1.1865322853071562E-4
1.1817802107317774E-4
1.1770652420465324E-4
1.1723869492339466E-4
1.1677449088747613E-4
1.1631387040220083E-4
1.1585679240779919E-4
1.1540321646742152E-4
1.14953102755382E-4
1.1450641204568116E-4
1.1406310570077174E-4
1.136231456606016E-4
1.1318649443186813E-4
1.1275311507753939E-4
1.1232297120657857E-4
1.118960269639343E-4
1.1147224702069351E-4
1.1105159656452532E-4
1.1063404129024978E-4
1.1021954739067887E-4
1.0980808154762342E-4
1.0939961092309506E-4
1.0899410315070123E-4
1.0859152632723079E-4
1.0819184900441227E-4
1.0779504018083832E-4
1.0740106929408753E-4
1.0700990621298023E-4
1.0662152123002344E-4
1.0623588505399927E-4
1.0585296880271174E-4
1.054727439958819E-4
1.0509518254820651E-4
1.0472025676253041E-4
1.0434793932319285E-4
1.0397820328947447E-4
1.0361102208921374E-4
1.0324636951253675E-4
1.0288421970570347E-4
1.0252454716510225E-4
1.0216732673134929E-4
1.0181253358350536E-4
1.0146014323342998E-4
1.0111013152021377E-4
1.0076247460474905E-4
1.0041714896441006E-4
1.0007413138780984E-4
9.973339896968986E-5
The correct rate for BP: 100.00% 
