0.7710324292295961
0.5791249476800744
0.13530029474617672
0.04954461955875014
0.021359465412365882
0.014390314780955033
0.010892182631606724
0.008760659961315424
0.007320568766716467
0.0062813070031279465
0.005495811306548246
0.004881329683391374
0.004387626269378238
0.003982403043214942
0.0036439365488831394
0.0033570728343091543
0.0031109169851280057
0.0028974346911764502
0.002710571277184584
0.0025456775783350124
0.0023991247238527606
0.002268039041523311
0.002150115525035537
0.0020434839726805195
0.0019466112234156584
0.0018582286221278323
0.00177727743218072
0.0017028672205764233
0.001634243757004617
0.0015707639832638937
0.0015118763013367224
0.001457104907370198
0.001406037235316143
0.0013583138136017874
0.0013136200109709576
0.0012716792736558167
0.0012322475489548706
0.0011951086594929662
0.0011600704444626325
0.0011269615236034023
0.0010956285698505567
0.0010659339998412235
0.0010377540095225185
0.0010109768962234236
9.855016196616832E-4
9.612365631544713E-4
9.380984633094447E-4
9.160114820861199E-4
8.949063996384671E-4
8.747199100087827E-4
8.553940047192911E-4
8.368754317400334E-4
8.191152193078425E-4
8.020682557164809E-4
7.856929175599532E-4
7.699507400421493E-4
7.548061239095814E-4
7.402260743536043E-4
7.261799678915366E-4
7.12639343795073E-4
6.995777171063704E-4
6.869704106830028E-4
6.747944040533218E-4
6.630281971542159E-4
6.516516872717403E-4
6.406460577179866E-4
6.29993676960676E-4
6.196780070797455E-4
6.096835205615331E-4
5.999956245591846E-4
5.906005918502984E-4
5.814854978120618E-4
5.726381628116002E-4
5.640470994772639E-4
5.557014643758096E-4
5.47591013672487E-4
5.397060623969446E-4
5.32037446977813E-4
5.24576490744531E-4
5.173149721262575E-4
5.10245095305401E-4
5.033594631078533E-4
4.966510519338789E-4
4.901131885529735E-4
4.837395286031768E-4
4.775240366508396E-4
4.714609676804569E-4
4.655448498965841E-4
4.5977046873066916E-4
4.5413285195573084E-4
4.486272558204109E-4
4.4324915212208E-4
4.3799421614572966E-4
4.32858315401823E-4
4.2783749910221163E-4
4.229279883183005E-4
4.1812616677056107E-4
4.134285722027023E-4
4.088318882976962E-4
4.043329370964935E-4
3.9992867188331973E-4
3.9561617050447995E-4
3.9139262909025326E-4
3.8725535615174176E-4
3.8320176702696484E-4
3.7922937865224945E-4
3.7533580463704907E-4
3.7151875062181583E-4
3.67776009900158E-4
3.6410545928795753E-4
3.6050505522335633E-4
3.5697283008269344E-4
3.535068886986703E-4
3.501054050678362E-4
3.46766619235604E-4
3.4348883434765116E-4
3.4027041385755374E-4
3.3710977888100834E-4
3.3400540568779733E-4
3.309558233232139E-4
3.279596113512358E-4
3.2501539771221386E-4
3.2212185668845084E-4
3.19277706971264E-4
3.164817098238202E-4
3.137326673341762E-4
3.110294207534292E-4
3.0837084891419987E-4
3.0575586672495076E-4
3.0318342373592666E-4
3.006525027728236E-4
2.981621186344249E-4
2.957113168507992E-4
2.9329917249879255E-4
2.9092478907174373E-4
2.8858729740054325E-4
2.8628585462339896E-4
2.8401964320170196E-4
2.817878699796401E-4
2.79589765285301E-4
2.774245820711627E-4
2.752915950919446E-4
2.731901001180008E-4
2.7111941318238393E-4
2.6907886986003905E-4
2.6706782457740463E-4
2.6508564995104646E-4
2.6313173615387256E-4
2.612054903075669E-4
2.593063359000577E-4
2.574337122267526E-4
2.555870738544695E-4
2.5376589010699525E-4
2.5196964457122186E-4
2.5019783462294955E-4
2.484499709714302E-4
2.4672557722182E-4
2.450241894546735E-4
2.4334535582177125E-4
2.4168863615750357E-4
2.4005360160514553E-4
2.3843983425734166E-4
2.3684692681019993E-4
2.3527448223035666E-4
2.3372211343451125E-4
2.3218944298082164E-4
2.306761027717062E-4
2.2918173376754888E-4
2.2770598571081086E-4
2.2624851686018455E-4
2.248089937342698E-4
2.2338709086448084E-4
2.219824905566993E-4
2.2059488266141456E-4
2.1922396435190088E-4
2.1786943991019227E-4
2.165310205204843E-4
2.1520842406968455E-4
2.1390137495482198E-4
2.1260960389704006E-4
2.1133284776192842E-4
2.1007084938590216E-4
2.0882335740845165E-4
2.0759012610997975E-4
2.0637091525504527E-4
2.0516548994078284E-4
2.0397362045032188E-4
2.0279508211097674E-4
2.016296551571048E-4
2.004771245973228E-4
1.993372800860926E-4
1.9820991579934863E-4
1.9709483031412532E-4
1.959918264919806E-4
1.9490071136610954E-4
1.9382129603200056E-4
1.927533955414911E-4
1.9169682880012734E-4
1.906514184676721E-4
1.896169908617237E-4
1.885933758641997E-4
1.8758040683075096E-4
1.8657792050284875E-4
1.855857569225909E-4
1.8460375934998448E-4
1.8363177418275668E-4
1.826696508785241E-4
1.817172418792592E-4
1.8077440253796997E-4
1.7984099104755846E-4
1.7891686837170445E-4
1.7800189817779462E-4
1.7709594677175442E-4
1.761988830347654E-4
1.753105783617981E-4
1.7443090660186546E-4
1.7355974400000792E-4
1.726969691408701E-4
1.7184246289389386E-4
1.70996108360021E-4
1.7015779081988583E-4
1.693273976834402E-4
1.685048184409638E-4
1.6768994461541077E-4
1.668826697160786E-4
1.6608288919350636E-4
1.6529050039561132E-4
1.6450540252500845E-4
1.637274965974705E-4
1.6295668540147453E-4
1.6219287345886561E-4
1.6143596698652547E-4
1.6068587385908255E-4
1.5994250357255697E-4
1.5920576720899763E-4
1.5847557740201944E-4
1.5775184830322343E-4
1.5703449554951585E-4
1.563234362312274E-4
1.5561858886106362E-4
1.5491987334386145E-4
1.5422721094709085E-4
1.5354052427210283E-4
1.528597372261145E-4
1.521847749948863E-4
1.5151556401608147E-4
1.508520319532876E-4
1.5019410767066945E-4
1.4954172120828314E-4
1.488948037579416E-4
1.4825328763972545E-4
1.476171062790078E-4
1.4698619418410368E-4
1.4636048692438997E-4
1.4573992110900302E-4
1.4512443436601793E-4
1.4451396532214313E-4
1.4390845358288007E-4
1.433078397131659E-4
1.427120652184656E-4
1.42121072526318E-4
1.4153480496829348E-4
1.4095320676239548E-4
1.403762229958653E-4
1.3980379960836252E-4
1.3923588337556403E-4
1.3867242189312124E-4
1.3811336356099623E-4
1.3755865756813517E-4
1.3700825387751283E-4
1.3646210321149695E-4
1.359201570375642E-4
1.3538236755430142E-4
1.34848687677761E-4
1.3431907102809003E-4
1.3379347191647294E-4
1.3327184533235397E-4
1.3275414693094285E-4
1.3224033302100416E-4
1.3173036055289864E-4
1.312241871068952E-4
1.307217708817421E-4
1.3022307068346592E-4
1.297280459144324E-4
1.2923665656263634E-4
1.2874886319121732E-4
1.2826462692819228E-4
1.277839094564272E-4
1.2730667300381467E-4
1.268328803336328E-4
1.2636249473514414E-4
1.258954800143776E-4
1.2543180048508958E-4
1.249714209599387E-4
1.2451430674181532E-4
1.240604236153813E-4
1.236097378387545E-4
1.2316221613539385E-4
1.2271782568611567E-4
1.2227653412130927E-4
1.2183830951328342E-4
1.214031203687858E-4
1.2097093562166225E-4
1.2054172462566544E-4
1.2011545714741787E-4
1.1969210335950132E-4
1.1927163383369983E-4
1.1885401953435678E-4
1.1843923181188846E-4
1.1802724239639576E-4
1.176180233914415E-4
1.1721154726790188E-4
1.1680778685798339E-4
1.1640671534932093E-4
1.1600830627922029E-4
1.1561253352898755E-4
1.1521937131837426E-4
1.1482879420014981E-4
1.1444077705474957E-4
1.1405529508503616E-4
1.1367232381117147E-4
1.1329183906556395E-4
1.1291381698794002E-4
1.1253823402047894E-4
1.1216506690306093E-4
1.1179429266859659E-4
1.1142588863843623E-4
1.1105983241788757E-4
1.1069610189178758E-4
1.1033467522017759E-4
1.0997553083405616E-4
1.0961864743119364E-4
1.0926400397204392E-4
1.0891157967572664E-4
1.0856135401606284E-4
1.0821330671772744E-4
1.078674177524088E-4
1.07523667335097E-4
1.071820359204137E-4
1.068425041989865E-4
1.065050530939387E-4
1.0616966375739287E-4
1.0583631756707258E-4
1.0550499612293854E-4
1.0517568124389964E-4
1.0484835496458175E-4
1.0452299953213963E-4
1.0419959740315109E-4
1.0387813124052943E-4
1.0355858391052659E-4
1.0324093847976961E-4
1.02925178212339E-4
1.0261128656692404E-4
1.0229924719400355E-4
1.0198904393308897E-4
1.0168066081000715E-4
1.0137408203424137E-4
1.0106929199629663E-4
1.0076627526512947E-4
1.004650165856175E-4
1.0016550087606138E-4
9.986771322574478E-5
The correct rate for BP: 100.00% 
