1.0639688494841768
0.7445232289838147
0.13736217709093462
0.03756548823641829
0.015630012157880714
0.010586552379029448
0.008056922273990401
0.006511973424885332
0.005465010862258227
0.004707154181425967
0.004132707740758486
0.003682134351643162
0.0033192357297642124
0.0030206993693239325
0.0027708182222020692
0.0025586166547572546
0.002376190821651157
0.0022177030168148517
0.002078747380381979
0.0019559360239213616
0.0018466209963064373
0.0017487027189542332
0.0016604950355552583
0.0015806282586457033
0.0015079782838564322
0.001441613941981891
0.0013807573377332461
0.001324753584512477
0.0012730474364701925
0.0012251650509825947
0.0011806996138195986
0.0011392999051399865
0.0011006611276304134
0.0010645174914055684
0.001030636175334762
9.988123757392142E-4
9.688652207538787E-4
9.406343788417696E-4
9.139772277100705E-4
8.887664785362611E-4
8.648881723433259E-4
8.422399822766825E-4
8.207297686753317E-4
8.002743441088806E-4
7.807984136460137E-4
7.622336620334295E-4
7.445179645752163E-4
7.275947025996841E-4
7.114121677012467E-4
6.959230416184648E-4
6.810839407847023E-4
6.668550163664928E-4
6.531996020651347E-4
6.40083903161575E-4
6.274767212817833E-4
6.153492101887409E-4
6.03674658598812E-4
5.924282965992706E-4
5.815871227302856E-4
5.7112974920473E-4
5.610362630860881E-4
5.512881015387938E-4
5.418679395157134E-4
5.327595884608796E-4
5.239479047884319E-4
5.154187070552446E-4
5.071587008795833E-4
4.991554107743295E-4
4.913971181636327E-4
4.838728049389262E-4
4.7657210198567677E-4
4.6948524217798693E-4
4.6260301739540816E-4
4.559167391664611E-4
4.494182025870115E-4
4.430996532003252E-4
4.369537565591199E-4
4.309735702198923E-4
4.251525179459625E-4
4.194843659187133E-4
4.139632007772616E-4
4.0858340932469384E-4
4.0333965975538195E-4
3.982268842720517E-4
3.932402629741734E-4
3.883752089105875E-4
3.8362735419947074E-4
3.789925371278464E-4
3.7446679015099135E-4
3.700463287194219E-4
3.6572754086766624E-4
3.6150697750498905E-4
3.5738134335349525E-4
3.533474884838567E-4
3.4940240040321114E-4
3.4554319665371883E-4
3.417671178837618E-4
3.3807152135692926E-4
3.344538748669781E-4
3.309117510293684E-4
3.2744282192256413E-4
3.240448540543482E-4
3.2071570363038015E-4
3.174533121040968E-4
3.142557019886078E-4
3.111209729127962E-4
3.080472979051984E-4
3.050329198904481E-4
3.0207614838427776E-4
2.991753563740454E-4
2.9632897737279023E-4
2.935355026356725E-4
2.9079347852842274E-4
2.8810150403824346E-4
2.854582284182547E-4
2.828623489571742E-4
2.803126088666017E-4
2.778077952786547E-4
2.7534673734737835E-4
2.7292830444766155E-4
2.7055140446590755E-4
2.6821498217699405E-4
2.659180177025969E-4
2.636595250460333E-4
2.6143855069933955E-4
2.59254172318406E-4
2.57105497462344E-4
2.5499166239347794E-4
2.529118309346086E-4
2.508651933803702E-4
2.48850965459696E-4
2.468683873466847E-4
2.449167227172058E-4
2.4299525784876542E-4
2.4110330076144626E-4
2.3924018039764105E-4
2.3740524583860858E-4
2.355978655559346E-4
2.3381742669609508E-4
2.3206333439641905E-4
2.30335011130855E-4
2.2863189608408963E-4
2.2695344455248278E-4
2.2529912737063586E-4
2.2366843036219204E-4
2.220608538137635E-4
2.204759119708324E-4
2.189131325545685E-4
2.1737205629853728E-4
2.1585223650439852E-4
2.1435323861563512E-4
2.1287463980850486E-4
2.1141602859941239E-4
2.0997700446789705E-4
2.085571774945677E-4
2.0715616801327002E-4
2.0577360627683272E-4
2.044091321358032E-4
2.030623947295672E-4
2.0173305218931464E-4
2.0042077135229961E-4
1.9912522748693828E-4
1.978461040282346E-4
1.965830923230914E-4
1.9533589138508116E-4
1.9410420765829148E-4
1.928877547898073E-4
1.916862534105093E-4
1.9049943092382587E-4
1.8932702130207137E-4
1.8816876489010924E-4
1.870244082159952E-4
1.8589370380831864E-4
1.8477641001998635E-4
1.8367229085816805E-4
1.8258111582014405E-4
1.815026597348608E-4
1.8043670260991458E-4
1.793830294837662E-4
1.78341430283004E-4
1.773116996844028E-4
1.7629363698165687E-4
1.752870459565372E-4
1.7429173475435534E-4
1.7330751576354031E-4
1.7233420549917479E-4
1.713716244903419E-4
1.7041959717114535E-4
1.6947795177524067E-4
1.6854652023379232E-4
1.6762513807665533E-4
1.6671364433675003E-4
1.6581188145743347E-4
1.6491969520280166E-4
1.6403693457081833E-4
1.6316345170912773E-4
1.6229910183350606E-4
1.6144374314881158E-4
1.605972367723709E-4
1.5975944665971132E-4
1.5893023953254465E-4
1.581094848089324E-4
1.5729705453555517E-4
1.5649282332200843E-4
1.5569666827706585E-4
1.549084689468073E-4
1.5412810725462148E-4
1.5335546744290858E-4
1.5259043601654926E-4
1.5183290168796832E-4
1.510827553238188E-4
1.5033988989319652E-4
1.49604200417327E-4
1.4887558392071018E-4
1.4815393938362524E-4
1.474391676960052E-4
1.4673117161260178E-4
1.460298557093875E-4
1.4533512634120471E-4
1.4464689160055848E-4
1.439650612775859E-4
1.432895468210728E-4
1.4262026130060115E-4
1.4195711936967025E-4
1.4130003722986125E-4
1.406489325959407E-4
1.4000372466191826E-4
1.3936433406801053E-4
1.387306828684895E-4
1.381026945003602E-4
1.3748029375289654E-4
1.3686340673796978E-4
1.3625196086114422E-4
1.3564588479352525E-4
1.350451084443639E-4
1.3444956293433107E-4
1.33859180569516E-4
1.33273894816065E-4
1.3269364027548562E-4
1.3211835266056706E-4
1.3154796877191006E-4
1.309824264750543E-4
1.3042166467818695E-4
1.2986562331038126E-4
1.2931424330041668E-4
1.2876746655607197E-4
1.2822523594399732E-4
1.276874952700104E-4
1.2715418925992683E-4
1.2662526354083683E-4
1.2610066462282984E-4
1.255803398811852E-4
1.2506423753897117E-4
1.2455230665006455E-4
1.2404449708258632E-4
1.2354075950271866E-4
1.230410453589211E-4
1.2254530686650467E-4
1.2205349699257561E-4
1.2156556944133452E-4
1.2108147863971531E-4
1.2060117972335643E-4
1.2012462852290374E-4
1.1965178155062519E-4
1.1918259598732737E-4
1.1871702966958864E-4
1.1825504107725988E-4
1.1779658932128425E-4
1.1734163413174118E-4
1.1689013584621752E-4
1.1644205539840016E-4
1.1599735430693295E-4
1.1555599466454099E-4
1.1511793912736442E-4
1.1468315090455995E-4
1.1425159374810952E-4
1.1382323194286702E-4
1.1339803029681214E-4
1.1297595413152872E-4
1.12556969272877E-4
1.1214104204188707E-4
1.1172813924581757E-4
1.1131822816944178E-4
1.1091127656650265E-4
1.105072526513506E-4
1.1010612509075524E-4
1.097078629959109E-4
1.0931243591458645E-4
1.0891981382345623E-4
1.0852996712058265E-4
1.0814286661806721E-4
1.0775848353483986E-4
1.0737678948962066E-4
1.0699775649399363E-4
1.0662135694566018E-4
1.0624756362180549E-4
1.0587634967260823E-4
1.0550768861488873E-4
1.0514155432588192E-4
1.0477792103713378E-4
1.0441676332852341E-4
1.0405805612240648E-4
1.0370177467788002E-4
1.0334789458515465E-4
1.0299639176004018E-4
1.0264724243854977E-4
1.0230042317159483E-4
1.0195591081980403E-4
1.0161368254842966E-4
1.0127371582236166E-4
1.0093598840122843E-4
1.0060047833461616E-4
1.0026716395735282E-4
9.993602388490157E-5
The correct rate for BP: 100.00% 
