0.7723948798050573
0.7060240420644549
0.28003836450721536
0.11851472398322499
0.0635650930399844
0.04193492903534307
0.030880478343781853
0.02424540620612492
0.019851102559202485
0.016741230015261316
0.014432560713490037
0.012655594442674771
0.011248608713572217
0.0101089040422879
0.009168251058304655
0.008379618130156214
0.007709574377667407
0.007133730832945796
0.006633893890085261
0.006196226642215286
0.005810025960481315
0.005466888061909931
0.00516012619609591
0.004884356075002865
0.004635195407591518
0.00440904260792788
0.0042029114300013125
0.0040143057531259446
0.0038411236200595576
0.0036815828770786225
0.0035341629647603966
0.0033975589222052073
0.0032706447250366233
0.0031524438264477076
0.003042105307640706
0.0029388844337040693
0.002842126696828764
0.00275125464060487
0.00266575691762868
0.0025851791522910486
0.0025091162716953555
0.002437206037538168
0.0023691235658102254
0.0023045766632357836
0.002243301842333105
0.0021850609029791255
0.002129637988992157
0.0020768370447102166
0.0020264796097528835
0.001978402900809191
0.0019324581379299823
0.0018885090798358886
0.0018464307385053888
0.0018061082480341235
0.0017674358666562042
0.001730316094048042
0.0016946588887206055
0.0016603809725469524
0.001627405211348214
0.0015956600620380466
0.0015650790781545324
0.0015356004667324826
0.0015071666904223125
0.0014797241095724743
0.0014532226596843092
0.0014276155602395964
0.0014028590514086896
0.0013789121555831537
0.0013557364610531275
0.0013332959254740762
0.0013115566970492434
0.0012904869515980922
0.0012700567438931878
0.001250237871833419
0.0012310037521826049
0.0012123293067442854
0.0011941908579674457
0.001176566033086588
0.0011594336759958085
0.0011427737661406044
0.001126567343786084
0.0011107964410860737
0.0010954440184359712
0.0010804939056444627
0.001065930747504789
0.0010517399533877827
0.0010379076505151422
0.0010244206406041687
0.001011266359604471
9.984328402730918E-4
9.859086773580882E-4
9.73682995181424E-4
9.617454174311857E-4
9.500860389898614E-4
9.386953996408178E-4
9.275644595089698E-4
9.166845761040634E-4
9.06047482846202E-4
8.956452689634587E-4
8.854703606607698E-4
8.755155034674516E-4
8.657737456785291E-4
8.562384228117545E-4
8.469031430086196E-4
8.377617733133842E-4
8.28808426769205E-4
8.200374502754173E-4
8.114434131541868E-4
8.030210963788271E-4
7.947654824196519E-4
7.866717456665686E-4
7.787352433906975E-4
7.70951507209939E-4
7.633162350263362E-4
7.558252834048652E-4
7.484746603660896E-4
7.412605185665442E-4
7.341791488429158E-4
7.272269740976475E-4
7.204005435050783E-4
7.136965270187694E-4
7.071117101620048E-4
7.006429890845605E-4
6.942873658701067E-4
6.880419440794866E-4
6.819039245163226E-4
6.758706012020771E-4
6.699393575485889E-4
6.641076627169773E-4
6.583730681523973E-4
6.527332042848492E-4
6.471857773868617E-4
6.417285665794562E-4
6.363594209782941E-4
6.310762569723798E-4
6.258770556284123E-4
6.207598602137665E-4
6.157227738321527E-4
6.10763957165847E-4
6.058816263190107E-4
6.010740507568867E-4
5.963395513358804E-4
5.916764984200152E-4
5.870833100792563E-4
5.825584503656766E-4
5.781004276635667E-4
5.737077931098028E-4
5.693791390810419E-4
5.651130977444336E-4
5.609083396688652E-4
5.567635724936579E-4
5.526775396521707E-4
5.486490191474856E-4
5.446768223779019E-4
5.407597930097608E-4
5.368968058954963E-4
5.3308676603471E-4
5.293286075764241E-4
5.256212928605183E-4
5.21963811496584E-4
5.183551794785851E-4
5.147944383336237E-4
5.112806543033564E-4
5.078129175565523E-4
5.043903414315052E-4
5.010120617069232E-4
4.976772359000542E-4
4.943850425909447E-4
4.91134680771634E-4
4.8792536921922665E-4
4.847563458918814E-4
4.8162686734670946E-4
4.7853620817862603E-4
4.754836604793836E-4
4.7246853331584096E-4
4.6949015222676156E-4
4.665478587373067E-4
4.636410098905602E-4
4.6076897779539534E-4
4.579311491899189E-4
4.5512692502007533E-4
4.5235572003258525E-4
4.4961696238177807E-4
4.469100932497556E-4
4.4423456647935843E-4
4.415898482193722E-4
4.389754165816359E-4
4.3639076130944115E-4
4.3383538345690597E-4
4.3130879507884037E-4
4.288105189307184E-4
4.263400881784349E-4
4.238970461173135E-4
4.214809459002736E-4
4.1909135027455796E-4
4.1672783132689766E-4
4.143899702366904E-4
4.120773570369505E-4
4.097895903827375E-4
4.0752627732678563E-4
4.052870331020815E-4
4.030714809111286E-4
4.008792517216918E-4
3.9870998406874904E-4
3.9656332386247E-4
3.9443892420197677E-4
3.9233644519469943E-4
3.902555537811643E-4
3.8819592356494564E-4
3.861572346476998E-4
3.841391734690184E-4
3.821414326510066E-4
3.801637108473949E-4
3.782057125970193E-4
3.7626714818154435E-4
3.743477334872804E-4
3.7244718987096686E-4
3.7056524402935857E-4
3.687016278725369E-4
3.6685607840078444E-4
3.650283375849205E-4
3.6321815224999305E-4
3.6142527396221106E-4
3.596494589189963E-4
3.578904678420887E-4
3.561480658735783E-4
3.544220224747765E-4
3.527121113278739E-4
3.5101811024021385E-4
3.4933980105118534E-4
3.47676969541617E-4
3.460294053455624E-4
3.4439690186450296E-4
3.4277925618374444E-4
3.4117626899107226E-4
3.3958774449754383E-4
3.3801349036034593E-4
3.3645331760764544E-4
3.3490704056542527E-4
3.3337447678619017E-4
3.318554469795175E-4
3.3034977494437106E-4
3.2885728750317497E-4
3.2737781443751673E-4
3.259111884255334E-4
3.244572449808379E-4
3.2301582239297654E-4
3.2158676166940236E-4
3.201699064788803E-4
3.1876510309628307E-4
3.1737220034877594E-4
3.159910495632928E-4
3.146215045153457E-4
3.132634213790316E-4
3.119166586782946E-4
3.105810772393441E-4
3.092565401442305E-4
3.0794291268554516E-4
3.0664006232217867E-4
3.053478586361559E-4
3.0406617329049873E-4
3.027948799880499E-4
3.015338544313292E-4
3.0028297428325197E-4
2.990421191288461E-4
2.978111704378067E-4
2.9659001152793757E-4
2.9537852752943545E-4
2.9417660534999935E-4
2.929841336407456E-4
2.918010027628751E-4
2.9062710475514706E-4
2.8946233330203494E-4
2.8830658370265305E-4
2.87159752840339E-4
2.8602173915295934E-4
2.8489244260383506E-4
2.8377176465336373E-4
2.826596082312292E-4
2.815558777092453E-4
2.8046047887479605E-4
2.7937331890485746E-4
2.7829430634059244E-4
2.7722335106247705E-4
2.761603642660127E-4
2.7510525843790247E-4
2.7405794733281026E-4
2.730183459505517E-4
2.7198637051381103E-4
2.7096193844635324E-4
2.6994496835163866E-4
2.689353799919478E-4
2.6793309426791166E-4
2.669380331984996E-4
2.6595011990140173E-4
2.6496927857383234E-4
2.6399543447374306E-4
2.6302851390141025E-4
2.620684441814077E-4
2.61115153644947E-4
2.6016857161261143E-4
2.5922862837738086E-4
2.582952551880794E-4
2.57368384233084E-4
2.5644794862442395E-4
2.555338823821801E-4
2.546261204191741E-4
2.5372459852601015E-4
2.52829253356383E-4
2.519400224126786E-4
2.510568440318949E-4
2.501796573717947E-4
2.4930840239736945E-4
2.4844301986754976E-4
2.4758345132218346E-4
2.467296390692592E-4
2.4588152617240056E-4
2.450390564385824E-4
2.4420217440609114E-4
2.4337082533272208E-4
2.4254495518419175E-4
2.4172451062279396E-4
2.40909438996254E-4
2.4009968832679998E-4
2.3929520730044536E-4
2.3849594525647701E-4
2.3770185217713048E-4
2.3691287867746863E-4
2.3612897599544977E-4
2.353500959821905E-4
2.345761910923756E-4
2.3380721437489928E-4
2.3304311946362527E-4
2.3228386056837517E-4
2.3152939246601684E-4
2.3077967049177695E-4
2.3003465053068526E-4
2.2929428900916025E-4
2.2855854288679004E-4
2.2782736964820934E-4
2.2710072729518294E-4
2.263785743387806E-4
2.256608697917104E-4
2.249475731608143E-4
2.2423864443965193E-4
2.2353404410125626E-4
2.228337330909976E-4
2.221376728195822E-4
2.214458251561701E-4
2.207581524216107E-4
2.2007461738181842E-4
2.193951832412342E-4
2.1871981363641763E-4
2.1804847262975888E-4
2.173811247032853E-4
2.1671773475257078E-4
2.1605826808078092E-4
2.1540269039277334E-4
2.1475096778935356E-4
2.1410306676158632E-4
2.1345895418521365E-4
2.128185973151878E-4
2.1218196378028071E-4
2.1154902157777923E-4
2.109197390682917E-4
2.1029408497061185E-4
2.0967202835669895E-4
2.0905353864672274E-4
2.0843858560420377E-4
2.0782713933121955E-4
2.072191702637061E-4
2.0661464916682794E-4
2.060135471304267E-4
2.054158355645465E-4
2.0482148619503548E-4
2.04230471059202E-4
2.0364276250157888E-4
2.030583331697133E-4
2.0247715601005075E-4
2.0189920426388728E-4
2.013244514633687E-4
2.007528714275859E-4
2.0018443825868385E-4
1.9961912633809033E-4
1.9905691032276376E-4
1.9849776514151477E-4
1.9794166599139076E-4
1.97388588334107E-4
1.968385078925446E-4
1.9629140064730499E-4
1.9574724283329454E-4
1.95206010936412E-4
1.9466768169022595E-4
1.9413223207275952E-4
1.9359963930328563E-4
1.930698808392039E-4
1.9254293437293246E-4
1.9201877782888357E-4
1.9149738936045685E-4
1.9097874734709167E-4
1.904628303913676E-4
1.8994961731614272E-4
1.8943908716173528E-4
1.8893121918315558E-4
1.884259928473726E-4
1.8792338783062848E-4
1.8742338401578657E-4
1.8692596148972527E-4
1.8643110054076265E-4
1.859387816561428E-4
1.8544898551952306E-4
1.8496169300853243E-4
1.8447688519234563E-4
1.8399454332930745E-4
1.8351464886458128E-4
1.8303718342783162E-4
1.8256212883096217E-4
1.820894670658485E-4
1.8161918030214544E-4
1.8115125088510013E-4
1.8068566133340398E-4
1.8022239433707998E-4
1.7976143275539162E-4
1.7930275961479473E-4
1.7884635810691126E-4
1.7839221158652714E-4
1.7794030356963034E-4
1.774906177314775E-4
1.770431379046682E-4
1.765978480772778E-4
1.7615473239099047E-4
1.757137751392681E-4
1.7527496076555655E-4
1.748382738614958E-4
1.7440369916517473E-4
1.7397122155939052E-4
1.735408260699667E-4
1.7311249786404858E-4
1.726862222484598E-4
1.7226198466806429E-4
1.718397707041628E-4
1.7141956607289417E-4
1.7100135662367292E-4
1.7058512833764946E-4
1.7017086732618375E-4
1.69758559829339E-4
1.693481922144033E-4
1.6893975097443398E-4
1.6853322272680814E-4
1.6812859421180685E-4
1.6772585229121414E-4
1.67324983946921E-4
1.6692597627958455E-4
1.665288165072602E-4
1.6613349196408528E-4
1.6573999009897306E-4
1.6534829847431306E-4
1.649584047646967E-4
1.6457029675566714E-4
1.6418396234247162E-4
1.637993895288398E-4
1.634165664257757E-4
1.6303548125037114E-4
1.6265612232462442E-4
1.6227847807427577E-4
1.6190253702767324E-4
1.6152828781463565E-4
1.6115571916534095E-4
1.6078481990922184E-4
1.6041557897388488E-4
1.6004798538403426E-4
1.5968202826041681E-4
1.5931769681877737E-4
1.5895498036882534E-4
1.5859386831322412E-4
1.5823435014657866E-4
1.5787641545445346E-4
1.5752005391238876E-4
1.5716525528492841E-4
1.5681200942468707E-4
1.5646030627138285E-4
1.5611013585093014E-4
1.5576148827450766E-4
1.5541435373766512E-4
1.550687225194116E-4
1.547245849813546E-4
1.54381931566808E-4
1.540407527999467E-4
1.5370103928494908E-4
1.5336278170515722E-4
1.5302597082225225E-4
1.5269059747542978E-4
1.5235665258060533E-4
1.5202412712959597E-4
1.5169301218934892E-4
1.513632989011525E-4
1.510349784798812E-4
1.507080422132163E-4
1.5038248146091433E-4
1.5005828765405545E-4
1.497354522943147E-4
1.4941396695324747E-4
1.4909382327155625E-4
1.487750129584044E-4
1.4845752779071465E-4
1.4814135961247458E-4
1.4782650033406467E-4
1.4751294193157772E-4
1.472006764461702E-4
1.4688969598339058E-4
1.465799927125443E-4
1.4627155886604652E-4
1.4596438673879417E-4
1.4565846868753207E-4
1.453537971302588E-4
1.4505036454558534E-4
1.4474816347216196E-4
1.444471865080659E-4
1.4414742631021493E-4
1.4384887559379094E-4
1.4355152713166133E-4
1.4325537375381705E-4
1.429604083468011E-4
1.4266662385316878E-4
1.4237401327092504E-4
1.4208256965299044E-4
1.417922861066704E-4
1.4150315579311633E-4
1.4121517192680898E-4
1.409283277750363E-4
1.4064261665739243E-4
1.4035803194526562E-4
1.4007456706133483E-4
1.3979221547908907E-4
1.3951097072232912E-4
1.3923082636468806E-4
1.38951776029162E-4
1.3867381338762556E-4
1.3839693216037346E-4
1.3812112611566506E-4
1.3784638906925883E-4
1.3757271488397095E-4
1.373000974692267E-4
1.3702853078062014E-4
1.3675800881947372E-4
1.3648852563242646E-4
1.3622007531098859E-4
1.3595265199112534E-4
1.3568624985285763E-4
1.3542086311982282E-4
1.3515648605889657E-4
1.3489311297976692E-4
1.3463073823455525E-4
1.3436935621741422E-4
1.341089613641348E-4
1.3384954815177518E-4
1.3359111109826805E-4
1.333336447620477E-4
1.3307714374168403E-4
1.328216026755037E-4
1.3256701624123844E-4
1.3231337915565637E-4
1.3206068617421224E-4
1.318089320906899E-4
1.315581117368582E-4
1.3130821998211833E-4
1.3105925173317708E-4
1.3081120193370304E-4
1.3056406556398705E-4
1.3031783764062206E-4
1.3007251321616893E-4
1.2982808737884165E-4
1.2958455525218074E-4
1.2934191199474152E-4
1.2910015279978302E-4
1.2885927289495218E-4
1.286192675419839E-4
1.283801320364003E-4
1.2814186170720054E-4
1.2790445191657851E-4
1.276678980596196E-4
1.2743219556401414E-4
1.2719733988977177E-4
1.269633265289366E-4
1.2673015100530144E-4
1.2649780887414024E-4
1.2626629572192168E-4
1.2603560716604531E-4
1.2580573885456617E-4
1.2557668646593552E-4
1.253484457087283E-4
1.2512101232138549E-4
1.248943820719584E-4
1.2466855075785312E-4
1.2444351420557101E-4
1.2421926827046334E-4
1.2399580883648643E-4
1.2377313181594505E-4
1.2355123314926572E-4
1.2333010880474015E-4
1.2310975477829934E-4
1.2289016709326973E-4
1.2267134180014814E-4
1.2245327497636404E-4
1.2223596272605564E-4
1.2201940117983906E-4
1.2180358649459083E-4
1.2158851485322416E-4
1.2137418246446299E-4
1.2116058556263707E-4
1.209477204074585E-4
1.2073558328380837E-4
1.2052417050153417E-4
1.2031347839522934E-4
1.2010350332404074E-4
1.1989424167145066E-4
1.1968568984508979E-4
1.1947784427651434E-4
1.1927070142103589E-4
1.1906425775750261E-4
1.1885850978811314E-4
1.1865345403822906E-4
1.1844908705616756E-4
1.1824540541303684E-4
1.1804240570253121E-4
1.1784008454074669E-4
1.1763843856601211E-4
1.1743746443869198E-4
1.1723715884100997E-4
1.1703751847687878E-4
1.1683854007172022E-4
1.1664022037228205E-4
1.1644255614648169E-4
1.1624554418322018E-4
1.1604918129221949E-4
1.1585346430385272E-4
1.1565839006897985E-4
1.1546395545878363E-4
1.1527015736460424E-4
1.1507699269778116E-4
1.1488445838948272E-4
1.1469255139056012E-4
1.1450126867139039E-4
1.1431060722171221E-4
1.1412056405047579E-4
1.1393113618569277E-4
1.1374232067428524E-4
1.1355411458192749E-4
1.1336651499291627E-4
1.1317951900999894E-4
1.1299312375425479E-4
1.128073263649299E-4
1.1262212399929974E-4
1.1243751383254113E-4
1.1225349305757606E-4
1.1207005888493548E-4
1.118872085426274E-4
1.1170493927600262E-4
1.1152324834760762E-4
1.1134213303706705E-4
1.1116159064093749E-4
1.1098161847258598E-4
1.1080221386205324E-4
1.1062337415593161E-4
1.1044509671723012E-4
1.1026737892525262E-4
1.1009021817547577E-4
1.0991361187941452E-4
1.0973755746451228E-4
1.0956205237400966E-4
1.0938709406682757E-4
1.0921268001744578E-4
1.0903880771578311E-4
1.0886547466708839E-4
1.0869267839181607E-4
1.0852041642551055E-4
1.083486863186964E-4
1.081774856367619E-4
1.0800681195985033E-4
1.0783666288274418E-4
1.0766703601476131E-4
1.0749792897963797E-4
1.073293394154253E-4
1.0716126497438255E-4
1.069937033228709E-4
1.068266521412407E-4
1.0666010912374182E-4
1.0649407197840391E-4
1.0632853842694984E-4
1.0616350620467897E-4
1.0599897306037214E-4
1.0583493675620114E-4
1.056713950676155E-4
1.0550834578325102E-4
1.0534578670483289E-4
1.0518371564708116E-4
1.0502213043760723E-4
1.0486102891683179E-4
1.0470040893787694E-4
1.0454026836648642E-4
1.0438060508092024E-4
1.0422141697187435E-4
1.0406270194238641E-4
1.0390445790774619E-4
1.0374668279540022E-4
1.035893745448757E-4
1.0343253110768171E-4
1.0327615044723134E-4
1.0312023053874711E-4
1.0296476936918605E-4
1.0280976493714292E-4
1.0265521525277688E-4
1.0250111833772653E-4
1.0234747222502073E-4
1.0219427495900274E-4
1.0204152459524845E-4
1.0188921920049258E-4
1.0173735685253165E-4
1.0158593564016484E-4
1.0143495366309948E-4
1.0128440903188982E-4
1.0113429986784376E-4
1.0098462430296046E-4
1.0083538047984139E-4
1.0068656655162722E-4
1.0053818068192062E-4
1.0039022104470597E-4
1.0024268582428197E-4
1.0009557321519192E-4
9.994888142214674E-5
The correct rate for BP: 100.00% 
