0.7357301976821115
1.1998608398977961
0.6625966062306611
0.30325909211151414
0.13277847792217198
0.06920859640018659
0.03468453244869131
0.022358361226379585
0.016467775832751594
0.012991923875330066
0.010697403523220517
0.00907068621820773
0.00785858354392408
0.006921535971043273
0.006176228525568885
0.005569837343030289
0.005067252454567282
0.0046442322108011394
0.004283505042465002
0.003972436480412526
0.0037015739847319606
0.0034637069712667836
0.0032532411228404605
0.0030657709028233614
0.002897780733058752
0.002746431845731031
0.00260940748289587
0.00248479864054003
0.002371018499845035
0.002266737490147656
0.0021708334117963206
0.002082352701582105
0.0020004800452354497
0.0019245143145501407
0.001853849347429812
0.0017879584726011699
0.0017263819561239798
0.0016687167469474737
0.001614608045788018
0.001563742330729715
0.0015158415547239722
0.00147065829199276
0.0014279716574830841
0.0013875838597502395
0.0013493172756997244
0.001313011957491176
0.0012785234990773625
0.001245721203414231
0.0012144865021557507
0.0011847115882607528
0.0011562982288607939
0.00112915673132762
0.0011032050400167988
0.0010783679448638451
0.0010545763860401857
0.0010317668413697156
0.0010098807852665815
9.88864209662507E-4
9.686671988144633E-4
9.492435510708679E-4
9.305504416710127E-4
9.125481214897412E-4
8.951996473468497E-4
8.784706400990203E-4
8.623290672403038E-4
8.467450471701031E-4
8.316906726569612E-4
8.171398513430463E-4
8.030681614057595E-4
7.894527207266621E-4
7.762720681196942E-4
7.635060553448957E-4
7.51135748785157E-4
7.391433397947298E-4
7.275120628425261E-4
7.162261206730615E-4
7.052706157947935E-4
6.946314876822953E-4
6.842954551452506E-4
6.742499633765461E-4
6.644831352432979E-4
6.549837264304529E-4
6.45741084087151E-4
6.367451086616724E-4
6.279862186425263E-4
6.194553179515428E-4
6.111437657596837E-4
6.030433485187797E-4
5.951462540221749E-4
5.874450473251294E-4
5.799326483716382E-4
5.726023111886668E-4
5.654476045215282E-4
5.584623937955362E-4
5.516408242995243E-4
5.449773054959627E-4
5.384664963708496E-4
5.321032917441219E-4
5.258828094680518E-4
5.198003784473761E-4
5.138515274204326E-4
5.080319744456834E-4
5.023376170424533E-4
4.967645229391889E-4
4.913089213859331E-4
4.8596719499154626E-4
4.8073587204908137E-4
4.756116193156975E-4
4.705912352161073E-4
4.656716434409693E-4
4.6084988691370203E-4
4.5612312210135475E-4
4.514886136468935E-4
4.469437293019913E-4
4.424859351409085E-4
4.3811279103748253E-4
4.3382194638863367E-4
4.2961113606875115E-4
4.2547817660072994E-4
4.2142096253018803E-4
4.1743746299047977E-4
4.1352571844689994E-4
4.096838376092984E-4
4.0590999450308365E-4
4.0220242568920095E-4
3.985594276243854E-4
3.9497935415349337E-4
3.91460614126286E-4
3.880016691315851E-4
3.8460103134205806E-4
3.8125726146347E-4
3.779689667824897E-4
3.7473479930765223E-4
3.7155345399830005E-4
3.684236670766997E-4
3.653442144188585E-4
3.623139100197632E-4
3.593316045290963E-4
3.563961838536604E-4
3.5350656782307227E-4
3.506617089153134E-4
3.478605910391322E-4
3.451022283703082E-4
3.423856642390668E-4
3.397099700660242E-4
3.370742443442005E-4
3.3447761166484954E-4
3.319192217848953E-4
3.2939824873389536E-4
3.2691388995864597E-4
3.2446536550358423E-4
3.2205191722520774E-4
3.1967280803896187E-4
3.173273211969681E-4
3.1501475959517877E-4
3.1273444510857614E-4
3.1048571795306E-4
3.082679360728237E-4
3.060804745520427E-4
3.039227250497494E-4
3.017940952568207E-4
2.996940083740984E-4
2.9762190261073076E-4
2.955772307017165E-4
2.935594594439341E-4
2.915680692497454E-4
2.8960255371744903E-4
2.8766241921781226E-4
2.85747184496047E-4
2.838563802884739E-4
2.8198954895333956E-4
2.801462441151078E-4
2.7832603032172204E-4
2.7652848271421447E-4
2.7475318670823343E-4
2.72999737686925E-4
2.712677407047396E-4
2.6955681020167377E-4
2.6786656972758663E-4
2.6619665167611803E-4
2.645466970278321E-4
2.629163551022609E-4
2.6130528331843857E-4
2.5971314696360937E-4
2.5813961896980364E-4
2.56584379697941E-4
2.5504711672918816E-4
2.53527524663284E-4
2.5202530492356585E-4
2.5054016556842274E-4
2.490718211089684E-4
2.476199923326434E-4
2.461844061325802E-4
2.4476479534244963E-4
2.4336089857666048E-4
2.4197246007563999E-4
2.405992295560613E-4
2.3924096206578359E-4
2.3789741784340217E-4
2.3656836218217123E-4
2.3525356529817426E-4
2.339528022025888E-4
2.3266585257789986E-4
2.313925006578875E-4
2.3013253511133222E-4
2.2888574892919626E-4
2.2765193931526556E-4
2.2643090758006239E-4
2.25222459037938E-4
2.2402640290723194E-4
2.2284255221341297E-4
2.2167072369503119E-4
2.205107377125103E-4
2.1936241815952704E-4
2.1822559237701542E-4
2.17100091069662E-4
2.1598574822478782E-4
2.148824010335696E-4
2.137898898145172E-4
2.1270805793911071E-4
2.1163675175955022E-4
2.1057582053855367E-4
2.0952511638108748E-4
2.0848449416804282E-4
2.0745381149173294E-4
2.0643292859316923E-4
2.0542170830108546E-4
2.0442001597260393E-4
2.0342771943555145E-4
2.0244468893232547E-4
2.014707970652723E-4
2.0050591874355667E-4
1.9954993113142574E-4
1.9860271359790096E-4
1.9766414766773919E-4
1.9673411697376374E-4
1.9581250721039122E-4
1.9489920608842929E-4
1.9399410329099895E-4
1.930970904306632E-4
1.9220806100761397E-4
1.913269103689681E-4
1.90453535669106E-4
1.8958783583100875E-4
1.8872971150858903E-4
1.8787906504999586E-4
1.8703580046180865E-4
1.8619982337415449E-4
1.8537104100671114E-4
1.8454936213552634E-4
1.8373469706069138E-4
1.8292695757478954E-4
1.821260569321489E-4
1.8133190981882457E-4
1.805444323233279E-4
1.7976354190807366E-4
1.7898915738149963E-4
1.7822119887088902E-4
1.7745958779580602E-4
1.7670424684222588E-4
1.7595509993721873E-4
1.7521207222428005E-4
1.744750900392347E-4
1.7374408088669438E-4
1.7301897341709974E-4
1.722996974042524E-4
1.7158618372342937E-4
1.708783643299599E-4
1.7017617223831472E-4
1.6947954150168732E-4
1.687884071920228E-4
1.6810270538052433E-4
1.6742237311860068E-4
1.6674734841921527E-4
1.660775702387269E-4
1.65412978459054E-4
1.6475351387031258E-4
1.640991181537979E-4
1.634497338653653E-4
1.6280530441917728E-4
1.621657740718036E-4
1.6153108790668914E-4
1.6090119181893757E-4
1.6027603250045913E-4
1.5965555742540193E-4
1.5903971483595636E-4
1.5842845372840178E-4
1.5782172383952157E-4
1.5721947563324842E-4
1.5662166028763443E-4
1.5602822968209914E-4
1.5543913638492755E-4
1.5485433364105188E-4
1.542737753600815E-4
1.5369741610459618E-4
1.5312521107866653E-4
1.5255711611663643E-4
1.5199308767213312E-4
1.5143308280728512E-4
1.508770591821937E-4
1.5032497504461018E-4
1.4977678921981652E-4
1.4923246110072142E-4
1.4869195063816777E-4
1.4815521833141062E-4
1.4762222521882648E-4
1.4709293286877572E-4
1.465673033706711E-4
1.4604529932621312E-4
1.4552688384080988E-4
1.450120205151688E-4
1.4450067343704193E-4
1.4399280717315152E-4
1.434883867612684E-4
1.4298737770244787E-4
1.4248974595341114E-4
1.4199545791908634E-4
1.415044804452979E-4
1.4101678081157324E-4
1.4053232672412688E-4
1.4005108630894424E-4
1.3957302810502583E-4
1.3909812105774398E-4
1.3862633451233586E-4
1.3815763820752058E-4
1.376920022692249E-4
1.3722939720445455E-4
1.3676979389525028E-4
1.3631316359278352E-4
1.3585947791154346E-4
1.3540870882365377E-4
1.3496082865327452E-4
1.3451581007111724E-4
1.340736260890719E-4
1.3363425005491546E-4
1.331976556471314E-4
1.3276381686981427E-4
1.3233270804768128E-4
1.319043038211586E-4
1.3147857914157463E-4
1.3105550926642649E-4
1.306350697547352E-4
1.3021723646250213E-4
1.2980198553820551E-4
1.293892934184363E-4
1.2897913682355974E-4
1.2857149275348432E-4
1.2816633848349197E-4
1.2776365156015948E-4
1.2736340979732438E-4
1.2696559127215514E-4
1.265701743212527E-4
1.2617713753687235E-4
1.2578645976314627E-4
1.2539812009243516E-4
1.2501209786169472E-4
1.2462837264893398E-4
1.242469242697328E-4
1.23867732773801E-4
1.2349077844161783E-4
1.231160417811119E-4
1.2274350352441135E-4
1.223731446246503E-4
1.220049462528069E-4
1.2163888979462801E-4
1.212749568475786E-4
1.2091312921786698E-4
1.2055338891749007E-4
1.2019571816135564E-4
1.1984009936444249E-4
1.1948651513900483E-4
1.1913494829181918E-4
1.1878538182150618E-4
1.1843779891584233E-4
1.1809218294917966E-4
1.1774851747985078E-4
1.1740678624766461E-4
1.1706697317140074E-4
1.1672906234638195E-4
1.1639303804205146E-4
1.1605888469963074E-4
1.1572658692976466E-4
1.1539612951025422E-4
1.1506749738378833E-4
1.1474067565573747E-4
1.1441564959196604E-4
1.1409240461669339E-4
1.1377092631036881E-4
1.1345120040760426E-4
1.1313321279512862E-4
1.1281694950976684E-4
1.1250239673646802E-4
1.1218954080634821E-4
1.1187836819477025E-4
1.1156886551946594E-4
1.1126101953865928E-4
1.1095481714925157E-4
1.1065024538500272E-4
1.103472914147734E-4
1.1004594254076941E-4
1.097461861968192E-4
1.0944800994668501E-4
1.0915140148239354E-4
1.0885634862259499E-4
1.0856283931094638E-4
1.0827086161451512E-4
1.0798040372221795E-4
1.0769145394327085E-4
1.0740400070566658E-4
1.0711803255468536E-4
1.0683353815141E-4
1.0655050627127764E-4
1.0626892580264924E-4
1.0598878574539483E-4
1.0571007520950411E-4
1.0543278341372559E-4
1.051568996842096E-4
1.0488241345318693E-4
1.0460931425765321E-4
1.0433759173808289E-4
1.0406723563716351E-4
1.0379823579853411E-4
1.0353058216556203E-4
1.032642647801162E-4
1.0299927378137826E-4
1.0273559940466116E-4
1.0247323198024005E-4
1.0221216193220777E-4
1.0195237977735097E-4
1.0169387612402834E-4
1.0143664167107769E-4
1.0118066720672806E-4
1.0092594360753895E-4
1.0067246183734956E-4
1.0042021294623622E-4
1.0016918806949336E-4
9.99193784266241E-5
The correct rate for BP: 100.00% 
