1.0197152762416917
1.4866350367263244
1.1189053818368255
0.7059684153490612
0.32815460544414743
0.11582597006220628
0.05452426989729946
0.031172327557020374
0.021431607357779645
0.01621491544468866
0.012978701571258175
0.010782168501894208
0.009197718701455838
0.008003274323447702
0.0070721913425984065
0.006327054165623977
0.005717925123731743
0.005211177596826576
0.0047833583785374416
0.004417623134485071
0.004101569753823063
0.00382586993117173
0.0035833761438017375
0.0033685221465190383
0.0031769104415149637
0.0030050221580472727
0.002850009032969814
0.002709541654503355
0.0025816970136848636
0.002464873999323867
0.002357729073281409
0.002259126730287776
0.002168100932340486
0.002083824788327354
0.0020055864974930877
0.0019327701006282426
0.0018648399566690206
0.001801328131728614
0.0017418240838767353
0.0016859661715850922
0.0016334346213470394
0.0015839456707826712
0.001537246664761222
0.0014931119288397665
0.0014513392803215351
0.0014117470651602878
0.0013741716307422692
0.001338465161717357
0.0013044938196084758
0.001272136137714248
0.0012412816314507826
0.0012118295912201982
0.0011836880305063596
0.001156772766458279
0.001131006613943263
0.0011063186771032658
0.0010826437249599511
0.0010599216396908922
0.0010380969279223913
0.0010171182868205014
9.96938217961724E-4
9.775126829719106E-4
9.588007957692036E-4
9.407645469626416E-4
9.23368556563883E-4
9.06579851684791E-4
8.903676663317977E-4
8.747032607832467E-4
8.595597583564557E-4
8.449119976473733E-4
8.307363985627426E-4
8.170108406697202E-4
8.037145525651313E-4
7.908280111201347E-4
7.783328495895596E-4
7.662117736916028E-4
7.544484848649559E-4
7.430276099990262E-4
7.319346370108533E-4
7.211558557104118E-4
7.106783034559334E-4
7.00489715153865E-4
6.905784772046187E-4
6.809335850364148E-4
6.715446039062252E-4
6.624016326789782E-4
6.534952703250378E-4
6.448165849015044E-4
6.363570848057238E-4
6.281086921096279E-4
6.200637178017225E-4
6.122148387798477E-4
6.045550764522852E-4
5.970777768178777E-4
5.897765919076487E-4
5.826454624807419E-4
5.756786018772356E-4
5.68870480938781E-4
5.622158139157732E-4
5.557095452868024E-4
5.493468374223811E-4
5.431230590306885E-4
5.37033774328238E-4
5.310747328831059E-4
5.252418600826121E-4
5.195312481812276E-4
5.139391478880222E-4
5.084619604561918E-4
5.030962302401588E-4
4.978386376883568E-4
4.926859927423482E-4
4.87635228615086E-4
4.8268339592328605E-4
4.7782765715056113E-4
4.730652814199395E-4
4.68393639555771E-4
4.638101994165482E-4
4.5931252148156547E-4
4.548982546753961E-4
4.5056513241548753E-4
4.4631096886910636E-4
4.4213365540681567E-4
4.3803115724060874E-4
4.3400151023558343E-4
4.30042817884852E-4
4.2615324843800327E-4
4.2233103217418787E-4
4.1857445881132016E-4
4.148818750436557E-4
4.112516822003539E-4
4.076823340181596E-4
4.0417233452181797E-4
4.007202360061406E-4
3.973246371141842E-4
3.9398418100619723E-4
3.9069755361437886E-4
3.87463481978854E-4
3.8428073266044216E-4
3.8114811022618673E-4
3.7806445580373623E-4
3.7502864570100884E-4
3.720395900877081E-4
3.6909623173547984E-4
3.6619754481373185E-4
3.6334253373826263E-4
3.605302320699862E-4
3.5775970146128817E-4
3.550300306476282E-4
3.523403344820507E-4
3.4968975301067105E-4
3.4707745058695625E-4
3.445026150229969E-4
3.4196445677599994E-4
3.394622081682636E-4
3.3699512263908284E-4
3.3456247402705773E-4
3.32163555881363E-4
3.2979768080066004E-4
3.2746417979833504E-4
3.251624016928894E-4
3.2289171252227817E-4
3.2065149498115044E-4
3.184411478799727E-4
3.162600856249707E-4
3.141077377180498E-4
3.119835482757618E-4
3.098869755664975E-4
3.078174915650834E-4
3.057745815240418E-4
3.037577435608238E-4
3.0176648826022476E-4
2.998003382914924E-4
2.9785882803934235E-4
2.9594150324841113E-4
2.940479206805147E-4
2.921776477842078E-4
2.9033026237612646E-4
2.885053523336446E-4
2.867025152983264E-4
2.849213583898019E-4
2.8316149792961674E-4
2.814225591746177E-4
2.7970417605956274E-4
2.780059909485204E-4
2.7632765439475164E-4
2.746688249087228E-4
2.7302916873395383E-4
2.714083596303251E-4
2.6980607866467903E-4
2.6822201400830486E-4
2.6665586074110537E-4
2.651073206622312E-4
2.6357610210682827E-4
2.6206191976877716E-4
2.605644945291187E-4
2.5908355329002286E-4
2.5761882881401805E-4
2.561700595683625E-4
2.5473698957431527E-4
2.5331936826114874E-4
2.5191695032472037E-4
2.505294955904842E-4
2.4915676888066524E-4
2.477985398856132E-4
2.464545830390402E-4
2.451246773970817E-4
2.4380860652102804E-4
2.4250615836360695E-4
2.4121712515864861E-4
2.399413033140963E-4
2.3867849330815627E-4
2.3742849958855838E-4
2.3619113047476566E-4
2.3496619806303779E-4
2.3375351813431007E-4
2.3255291006470035E-4
2.3136419673862722E-4
2.3018720446443038E-4
2.2902176289238613E-4
2.2786770493509362E-4
2.2672486669007488E-4
2.2559308736461013E-4
2.2447220920264162E-4
2.2336207741375854E-4
2.222625401041304E-4
2.2117344820937193E-4
2.2009465542926183E-4
2.1902601816424188E-4
2.1796739545367632E-4
2.169186489157579E-4
2.1587964268908022E-4
2.1485024337575942E-4
2.138303199860944E-4
2.1281974388471744E-4
2.1181838873816233E-4
2.1082613046382155E-4
2.0984284718027907E-4
2.0886841915890598E-4
2.0790272877677443E-4
2.0694566047074192E-4
2.059971006927819E-4
2.0505693786642483E-4
2.0412506234435433E-4
2.03201366367061E-4
2.0228574402257857E-4
2.013780912072225E-4
2.004783055873294E-4
1.9958628656197093E-4
1.987019352265714E-4
1.978251543374948E-4
1.9695584827743724E-4
1.9609392302174378E-4
1.9523928610551883E-4
1.9439184659155373E-4
1.9355151503905164E-4
1.927182034731051E-4
1.918918253549008E-4
1.9107229555269641E-4
1.902595303134195E-4
1.8945344723502754E-4
1.8865396523946843E-4
1.8786100454632848E-4
1.8707448664707042E-4
1.8629433427991182E-4
1.855204714052665E-4
1.8475282318179036E-4
1.8399131594296037E-4
1.8323587717421525E-4
1.8248643549063725E-4
1.817429206150957E-4
1.8100526335698241E-4
1.8027339559134733E-4
1.7954725023856805E-4
1.788267612444478E-4
1.7811186356078815E-4
1.774024931264E-4
1.7669858684851586E-4
1.7600008258464458E-4
1.7530691912483035E-4
1.746190361742891E-4
1.7393637433644514E-4
1.732588750963426E-4
1.7258648080441675E-4
1.7191913466061356E-4
1.7125678069887783E-4
1.705993637719548E-4
1.6994682953655273E-4
1.6929912443877995E-4
1.686561956999534E-4
1.6801799130265426E-4
1.6738445997713727E-4
1.667555511879718E-4
1.6613121512102302E-4
1.6551140267067097E-4
1.6489606542731205E-4
1.6428515566512417E-4
1.636786263300909E-4
1.6307643102826205E-4
1.6247852401428143E-4
1.6188486018012702E-4
1.612953950441047E-4
1.6071008474005788E-4
1.6012888600680728E-4
1.5955175617778138E-4
1.5897865317090676E-4
1.5840953547865237E-4
1.5784436215831026E-4
1.572830928224578E-4
1.5672568762961254E-4
1.561721072750786E-4
1.5562231298197541E-4
1.550762664924473E-4
1.5453393005903905E-4
1.539952664362403E-4
1.53460238872229E-4
1.5292881110073007E-4
1.5240094733306352E-4
1.5187661225034353E-4
1.5135577099582666E-4
1.508383891674015E-4
1.5032443281024329E-4
1.498138684095895E-4
1.4930666288366477E-4
1.4880278357673693E-4
1.48302198252322E-4
1.478048750864875E-4
1.4731078266131453E-4
1.4681988995846125E-4
1.4633216635286092E-4
1.458475816065378E-4
1.453661058625248E-4
1.4488770963892126E-4
1.444123638230305E-4
1.4394003966563518E-4
1.434707087753571E-4
1.43004343113129E-4
1.4254091498677802E-4
1.4208039704568975E-4
1.416227622755864E-4
1.4116798399339413E-4
1.4071603584219291E-4
1.4026689178628165E-4
1.3982052610631287E-4
1.3937691339452836E-4
1.389360285500629E-4
1.3849784677435518E-4
1.3806234356661677E-4
1.3762949471940537E-4
1.3719927631426193E-4
1.367716647174244E-4
1.363466365756337E-4
1.359241688119774E-4
1.355042386218625E-4
1.3508682346899972E-4
1.3467190108150086E-4
1.342594494480204E-4
1.3384944681397458E-4
1.334418716778315E-4
1.33036702787439E-4
1.3263391913644981E-4
1.3223349996078988E-4
1.318354247351831E-4
1.3143967316975235E-4
1.3104622520665395E-4
1.3065506101679603E-4
1.302661609965957E-4
1.2987950576479998E-4
1.2949507615934126E-4
1.291128532342753E-4
1.2873281825675028E-4
1.283549527040236E-4
1.2797923826054792E-4
1.276056568150945E-4
1.2723419045790294E-4
1.2686482147792417E-4
1.2649753236007257E-4
1.2613230578252538E-4
1.2576912461409521E-4
1.2540797191160479E-4
1.2504883091733645E-4
1.246916850565101E-4
1.243365179348059E-4
1.2398331333590934E-4
1.2363205521913692E-4
1.2328272771705643E-4
1.2293531513316564E-4
1.2258980193961027E-4
1.2224617277493627E-4
1.2190441244186327E-4
1.215645059051207E-4
1.2122643828929512E-4
1.2089019487672233E-4
1.2055576110540602E-4
1.2022312256697963E-4
1.1989226500468994E-4
1.195631743114151E-4
1.1923583652771855E-4
1.1891023783992366E-4
1.1858636457822996E-4
1.1826420321484406E-4
1.1794374036215543E-4
1.1762496277093007E-4
1.1730785732853325E-4
1.1699241105717977E-4
1.1667861111221745E-4
1.1636644478041784E-4
1.1605589947832204E-4
1.1574696275058989E-4
1.1543962226836955E-4
1.1513386582772466E-4
1.1482968134803856E-4
1.1452705687048248E-4
1.1422598055648178E-4
1.1392644068622293E-4
1.1362842565716531E-4
1.1333192398258813E-4
1.1303692429015447E-4
1.1274341532049444E-4
1.1245138592581307E-4
1.1216082506852032E-4
1.1187172181987067E-4
1.1158406535863264E-4
1.1129784496978014E-4
1.1101305004319087E-4
1.107296700723752E-4
1.1044769465322102E-4
1.1016711348274035E-4
1.0988791635787176E-4
1.0961009317425434E-4
1.0933363392505887E-4
1.0905852869980484E-4
1.0878476768321782E-4
1.0851234115408718E-4
1.0824123948415249E-4
1.0797145313699429E-4
1.0770297266694762E-4
1.0743578871802822E-4
1.0716989202287706E-4
1.0690527340171943E-4
1.0664192376132591E-4
1.0637983409401321E-4
1.0611899547663532E-4
1.0585939906960019E-4
1.0560103611589926E-4
1.0534389794014625E-4
1.0508797594763181E-4
1.0483326162340063E-4
1.0457974653131371E-4
1.0432742231316341E-4
1.0407628068776372E-4
1.0382631345006983E-4
1.0357751247032037E-4
1.0332986969316786E-4
1.0308337713682837E-4
1.0283802689226772E-4
1.0259381112235252E-4
1.0235072206105612E-4
1.0210875201264742E-4
1.0186789335090821E-4
1.0162813851834063E-4
1.0138948002541644E-4
1.011519104497975E-4
1.0091542243559884E-4
1.0068000869265195E-4
1.004456619957651E-4
1.0021237518400703E-4
9.998014116000509E-5
The correct rate for BP: 100.00% 
