0.9421692229879769
1.068443004979118
0.4391003192614208
0.15593862276598774
0.062075150883026814
0.03086584605963196
0.020875723061541993
0.015885587397973445
0.01284706587006158
0.01079162687051545
0.00930506629800177
0.00817855485753054
0.00729482665876831
0.006582760622661089
0.005996639513401261
0.005505703847034509
0.005088481241974717
0.004729519390296711
0.00441741024359053
0.004143545821698521
0.003901307460891789
0.0036855217537660663
0.0034920860187922765
0.003317704638262693
0.0031596997335255057
0.003015872798267269
0.0028844019603123734
0.002763764600113314
0.0026526783074009557
0.002550055294865468
0.0024549668192048726
0.002366615135462803
0.002284311186182969
0.002207456701693638
0.002135529726042483
0.0020680728270543224
0.0020046834270054568
0.0019450058217288185
0.001888724553816042
0.0018355588791877722
0.00178525812215895
0.0017375977568677148
0.001692376085897499
0.0016494114125298824
0.0016085396230982917
0.0015696121116881277
0.001532493991928977
0.0014970625505882221
0.00146320590566179
0.0014308218380940877
0.0013998167714719834
0.0013701048782807268
0.0013416072947791736
0.0013142514294010288
0.0012879703519392048
0.0012627022527165496
0.0012383899625647593
0.0012149805257829949
0.0011924248193792388
0.0011706772128472808
0.001149695263533713
0.0011294394433269427
0.0011098728929753833
0.001090961200831081
0.0010726722032328015
0.0010549758040997712
0.001037843811613952
0.0010212497901322564
0.0010051689256978628
9.895779037159909E-4
9.744547975301115E-4
9.597789667823276E-4
9.455309645704397E-4
9.316924525264396E-4
9.182461230393197E-4
9.051756279309542E-4
8.92465512969229E-4
8.801011576687592E-4
8.680687198879966E-4
8.563550847828749E-4
8.449478177227296E-4
8.338351208143711E-4
8.230057927159758E-4
8.12449191454141E-4
8.02155199985579E-4
7.92114194270074E-4
7.823170136438054E-4
7.727549333019525E-4
7.63419638717601E-4
7.54303201839916E-4
7.453980589288945E-4
7.366969898969642E-4
7.281930990394133E-4
7.198797970458329E-4
7.117507841944946E-4
7.038000346399108E-4
6.960217817114822E-4
6.884105041482551E-4
6.809609132009983E-4
6.736679405385161E-4
6.665267269003471E-4
6.595326114426736E-4
6.526811217286064E-4
6.459679643177713E-4
6.393890159138519E-4
6.329403150318858E-4
6.266180541500035E-4
6.204185723131914E-4
6.14338348158966E-4
6.083739933371132E-4
6.025222462978539E-4
5.967799664245817E-4
5.91144128489082E-4
5.856118174087257E-4
5.80180223286709E-4
5.748466367176128E-4
5.696084443419292E-4
5.644631246342552E-4
5.594082439109826E-4
5.544414525442594E-4
5.495604813698904E-4
5.447631382777269E-4
5.400473049737705E-4
5.354109339040436E-4
5.308520453308637E-4
5.263687245527791E-4
5.219591192600141E-4
5.176214370178116E-4
5.133539428704446E-4
5.09154957059288E-4
5.050228528486315E-4
5.009560544533217E-4
4.969530350627918E-4
4.930123149562035E-4
4.891324597039225E-4
4.8531207845068004E-4
4.8154982227618123E-4
4.778443826290993E-4
4.741944898306227E-4
4.7059891164406777E-4
4.670564519070591E-4
4.6356594922321754E-4
4.6012627571031167E-4
4.5673633580202704E-4
4.5339506510075654E-4
4.5010142927885916E-4
4.4685442302601905E-4
4.436530690404534E-4
4.4049641706189204E-4
4.37383542944309E-4
4.343135477664664E-4
4.3128555697859E-4
4.2829871958335256E-4
4.2535220734968315E-4
4.224452140577814E-4
4.1957695477398037E-4
4.16746665154035E-4
4.1395360077357563E-4
4.1119703648449563E-4
4.08476265796092E-4
4.057906002798841E-4
4.031393689970459E-4
4.005219179474593E-4
3.9793760953940605E-4
3.9538582207909436E-4
3.9286594927907673E-4
3.903773997847489E-4
3.8791959671823263E-4
3.854919772388403E-4
3.830939921194069E-4
3.8072510533791905E-4
3.783847936836798E-4
3.760725463775113E-4
3.73787864705349E-4
3.71530261664723E-4
3.6929926162356425E-4
3.670943999908745E-4
3.6491522289875316E-4
3.627612868953323E-4
3.6063215864821365E-4
3.585274146579469E-4
3.564466409811797E-4
3.543894329631191E-4
3.5235539497889095E-4
3.503441401835047E-4
3.48355290270068E-4
3.463884752359405E-4
3.4444333315650157E-4
3.4251950996629484E-4
3.406166592472284E-4
3.3873444202357517E-4
3.3687252656354125E-4
3.3503058818711484E-4
3.3320830908001385E-4
3.314053781134957E-4
3.296214906697677E-4
3.2785634847287974E-4
3.2610965942481547E-4
3.2438113744665583E-4
3.226705023246189E-4
3.2097747956077056E-4
3.1930180022828904E-4
3.176432008310907E-4
3.1600142316767825E-4
3.143762141990572E-4
3.12767325920578E-4
3.1117451523759104E-4
3.095975438447265E-4
3.080361781087615E-4
3.064901889548815E-4
3.049593517562231E-4
3.034434462266517E-4
3.019422563165967E-4
3.00455570111873E-4
2.989831797353732E-4
2.9752488125158285E-4
2.960804745737503E-4
2.9464976337368405E-4
2.9323255499407385E-4
2.9182866036324347E-4
2.9043789391226447E-4
2.890600734943826E-4
2.876950203066046E-4
2.863425588134755E-4
2.850025166729048E-4
2.8367472466401796E-4
2.823590166169285E-4
2.8105522934442713E-4
2.797632025754571E-4
2.784827788904117E-4
2.772138036580785E-4
2.759561249743156E-4
2.7470959360229323E-4
2.7347406291430886E-4
2.722493888351258E-4
2.7103542978676237E-4
2.698320466347269E-4
2.6863910263561945E-4
2.674564633860834E-4
2.66283996773051E-4
2.651215729252514E-4
2.639690641659567E-4
2.6282634496689475E-4
2.616932919033421E-4
2.6056978361031015E-4
2.594557007398586E-4
2.5835092591940486E-4
2.5725534371113845E-4
2.5616884057236576E-4
2.550913048168608E-4
2.540226265771341E-4
2.529626977676505E-4
2.5191141204888547E-4
2.5086866479230406E-4
2.498343530461232E-4
2.488083755019438E-4
2.477906324621239E-4
2.467810258079695E-4
2.457794589686506E-4
2.447858368908506E-4
2.4380006600914082E-4
2.4282205421702075E-4
2.4185171083865374E-4
2.4088894660124176E-4
2.399336736080464E-4
2.3898580531203257E-4
2.3804525649009033E-4
2.3711194321788214E-4
2.3618578284522452E-4
2.3526669397205247E-4
2.3435459642492324E-4
2.334494112340144E-4
2.3255106061069583E-4
2.316594679255381E-4
2.307745576868668E-4
2.2989625551973254E-4
2.290244881454095E-4
2.2815918336128508E-4
2.2730027002121973E-4
2.2644767801633886E-4
2.2560133825622424E-4
2.2476118265052548E-4
2.2392714409095958E-4
2.230991564337068E-4
2.222771544821781E-4
2.2146107397014484E-4
2.2065085154523843E-4
2.1984642475278955E-4
2.1904773202002304E-4
2.1825471264055329E-4
2.174673067592612E-4
2.166854553574213E-4
2.1590910023817954E-4
2.1513818401233486E-4
2.1437265008438536E-4
2.136124426388946E-4
2.128575066271084E-4
2.1210778775387684E-4
2.113632324648089E-4
2.106237879337214E-4
2.0988940205031274E-4
2.0916002340810942E-4
2.084356012926464E-4
2.0771608566986878E-4
2.070014271748021E-4
2.0629157710040665E-4
2.05586487386678E-4
2.04886110609971E-4
2.0419039997250494E-4
2.0349930929210045E-4
2.0281279299210343E-4
2.0213080609152252E-4
2.0145330419533443E-4
2.0078024348499848E-4
2.0011158070914645E-4
1.994472731744528E-4
1.9878727873667138E-4
1.981315557918706E-4
1.9748006326780193E-4
1.9683276061546046E-4
1.961896078007782E-4
1.9555056529651723E-4
1.949155940742628E-4
1.9428465559661516E-4
1.9365771180948797E-4
1.9303472513458416E-4
1.924156584619869E-4
1.918004751429055E-4
1.9118913898254474E-4
1.9058161423310882E-4
1.899778655869355E-4
1.8937785816976253E-4
1.8878155753409865E-4
1.8818892965273784E-4
1.8759994091236938E-4
1.8701455810733256E-4
1.8643274843345103E-4
1.858544794819985E-4
1.8527971923378085E-4
1.8470843605329445E-4
1.8414059868301303E-4
1.8357617623778212E-4
1.830151381992796E-4
1.8245745441061031E-4
1.819030950709842E-4
1.8135203073046366E-4
1.8080423228485654E-4
1.8025967097064035E-4
1.797183183600145E-4
1.791801463560196E-4
1.786451271877561E-4
1.7811323340566676E-4
1.7758443787691566E-4
1.770587137808441E-4
1.7653603460449416E-4
1.760163741382335E-4
1.7549970647141598E-4
1.7498600598815344E-4
1.7447524736313754E-4
1.7396740555754878E-4
1.734624558150089E-4
1.729603736576262E-4
1.7246113488210278E-4
1.7196471555589005E-4
1.714710920134239E-4
1.7098024085242843E-4
1.7049213893026536E-4
1.700067633603418E-4
1.6952409150860055E-4
1.6904410099003806E-4
1.6856676966531134E-4
1.6809207563736755E-4
1.6761999724815087E-4
1.6715051307536553E-4
1.6668360192926667E-4
1.6621924284952852E-4
1.6575741510215544E-4
1.652980981764387E-4
1.6484127178195682E-4
1.6438691584564808E-4
1.6393501050889305E-4
1.6348553612468512E-4
1.6303847325480376E-4
1.6259380266707264E-4
1.6215150533262617E-4
1.6171156242325056E-4
1.6127395530873145E-4
1.6083866555428265E-4
1.6040567491798526E-4
1.5997496534827325E-4
1.5954651898146953E-4
1.5912031813934962E-4
1.5869634532674273E-4
1.5827458322917708E-4
1.578550147105602E-4
1.574376228108789E-4
1.5702239074396205E-4
1.5660930189525905E-4
1.5619833981965212E-4
1.557894882393049E-4
1.553827310415572E-4
1.5497805227682052E-4
1.5457543615654483E-4
1.5417486705117495E-4
1.5377632948817538E-4
1.5337980815004985E-4
1.5298528787242846E-4
1.525927536421411E-4
1.5220219059535546E-4
1.5181358401572764E-4
1.5142691933257193E-4
1.5104218211907513E-4
1.5065935809052374E-4
1.5027843310256553E-4
1.4989939314948928E-4
1.4952222436253446E-4
1.491469130082295E-4
1.4877344548674254E-4
1.4840180833026377E-4
1.4803198820141565E-4
1.4766397189167703E-4
1.4729774631982943E-4
1.469332985304384E-4
1.465706156923397E-4
1.462096850971684E-4
1.45850494157879E-4
1.45493030407317E-4
1.451372814967904E-4
1.4478323519467634E-4
1.4443087938502674E-4
1.4408020206622168E-4
1.43731191349621E-4
1.4338383545823354E-4
1.430381227254177E-4
1.4269404159359295E-4
1.4235158061298258E-4
1.4201072844034155E-4
1.4167147383773406E-4
1.4133380567132208E-4
1.4099771291014828E-4
1.406631846249717E-4
1.4033020998708355E-4
1.3999877826717516E-4
1.3966887883417865E-4
1.393405011541653E-4
1.390136347892367E-4
1.386882693964294E-4
1.383643947266461E-4
1.3804200062359566E-4
1.3772107702273576E-4
1.374016139502594E-4
1.370836015220658E-4
1.3676702994274966E-4
1.3645188950462715E-4
1.3613817058674173E-4
1.3582586365391212E-4
1.3551495925577054E-4
1.3520544802583372E-4
1.348973206805666E-4
1.3459056801846714E-4
1.3428518091917704E-4
1.339811503425789E-4
1.3367846732791698E-4
1.3337712299293973E-4
1.3307710853303312E-4
1.3277841522037965E-4
1.3248103440313217E-4
1.3218495750457447E-4
1.3189017602232368E-4
1.3159668152752118E-4
1.3130446566404137E-4
1.3101352014771293E-4
1.3072383676554532E-4
1.3043540737497027E-4
1.301482239030845E-4
1.2986227834591322E-4
1.2957756276767363E-4
1.2929406930005556E-4
1.2901179014150315E-4
1.2873071755651255E-4
1.284508438749325E-4
1.2817216149128174E-4
1.2789466286406695E-4
1.2761834051511217E-4
1.273431870288974E-4
1.2706919505190987E-4
1.267963572919867E-4
1.2652466651769258E-4
1.2625411555767434E-4
1.259846973000584E-4
1.2571640469181917E-4
1.2544923073817588E-4
1.2518316850200555E-4
1.2491821110323885E-4
1.246543517182819E-4
1.2439158357943202E-4
1.241298999743184E-4
1.238692942453342E-4
1.2360975978907435E-4
1.233512900557975E-4
1.230938785488675E-4
1.228375188242369E-4
1.2258220448990105E-4
1.2232792920538168E-4
1.220746866812065E-4
1.2182247067840353E-4
1.2157127500798793E-4
1.2132109353047395E-4
1.2107192015537466E-4
1.2082374884071291E-4
1.2057657359254803E-4
1.2033038846449624E-4
1.200851875572578E-4
1.1984096501815908E-4
1.1959771504068718E-4
1.1935543186404406E-4
1.1911410977269244E-4
1.188737430959116E-4
1.1863432620736943E-4
1.1839585352467574E-4
1.1815831950897135E-4
1.1792171866448924E-4
1.1768604553814667E-4
1.1745129471913283E-4
1.1721746083849207E-4
1.1698453856873495E-4
1.1675252262342392E-4
1.1652140775679216E-4
1.162911887633466E-4
1.1606186047748332E-4
1.1583341777310806E-4
1.1560585556326638E-4
1.1537916879976127E-4
1.1515335247278607E-4
1.1492840161057259E-4
1.1470431127901635E-4
1.1448107658133069E-4
1.1425869265769612E-4
1.1403715468490493E-4
1.138164578760244E-4
1.1359659748005739E-4
1.1337756878159829E-4
1.1315936710051372E-4
1.1294198779160199E-4
1.1272542624427518E-4
1.1250967788223773E-4
1.1229473816316543E-4
1.1208060257839207E-4
1.1186726665260362E-4
1.11654725943526E-4
1.1144297604162108E-4
1.1123201256978913E-4
1.1102183118307525E-4
1.1081242756835954E-4
1.1060379744408898E-4
1.1039593655997006E-4
1.1018884069670024E-4
1.0998250566567415E-4
1.0977692730871224E-4
1.0957210149778228E-4
1.0936802413473349E-4
1.0916469115101798E-4
1.0896209850742665E-4
1.0876024219383628E-4
1.0855911822893263E-4
1.0835872265996074E-4
1.0815905156248023E-4
1.0796010104008617E-4
1.0776186722418641E-4
1.0756434627373999E-4
1.0736753437501318E-4
1.0717142774134992E-4
1.0697602261290989E-4
1.0678131525645571E-4
1.0658730196510768E-4
1.0639397905810608E-4
1.0620134288058994E-4
1.0600938980337497E-4
1.0581811622271251E-4
1.056275185600876E-4
1.054375932619812E-4
1.0524833679966358E-4
1.050597456689728E-4
1.0487181639011036E-4
1.0468454550741644E-4
1.044979295891736E-4
1.0431196522739902E-4
1.0412664903762902E-4
1.0394197765873297E-4
1.037579477526992E-4
1.0357455600444621E-4
1.033917991216185E-4
1.0320967383440029E-4
1.030281768953172E-4
1.0284730507905429E-4
1.0266705518225744E-4
1.024874240233495E-4
1.0230840844235585E-4
1.021300053007062E-4
1.0195221148107049E-4
1.0177502388716307E-4
1.0159843944358006E-4
1.014224550956128E-4
1.0124706780908405E-4
1.0107227457017004E-4
1.0089807238523226E-4
1.0072445828064784E-4
1.0055142930264316E-4
1.0037898251713321E-4
1.0020711500955015E-4
1.0003582388468552E-4
9.986510626653844E-5
The correct rate for BP: 100.00% 
