1.222876236896696
1.1370203427174599
0.9269232612508185
0.689288098283791
0.4757924569041079
0.31792104873288557
0.216757270681531
0.15556477639658906
0.11773069202121507
0.09307112018680645
0.07612069997470097
0.06392570544135302
0.05481561373087894
0.047796508944462746
0.04224858313271144
0.03776899451764046
0.0340863534030643
0.03101206347999114
0.02841148527006644
0.026186213637419603
0.0242628276833702
0.022585540846412525
0.021111274385632175
0.01980627863548728
0.01864376757025428
0.017602231757026906
0.016664214753870792
0.015815411985216566
0.015043997796845895
0.014340116461224857
0.01369549265288569
0.013103130116491092
0.012557076222263427
0.012052236293216355
0.011584225919116103
0.011149252541493999
0.01074401979610874
0.01036564969707427
0.010011618918576845
0.00967970629790538
0.009367949332258374
0.00907460793103258
0.008798134057322979
0.008537146177465881
0.008290407657565065
0.008056808417061996
0.007835349283329804
0.007625128596738124
0.007425330699191219
0.007235216005717635
0.007054112412023226
0.006881407833865977
0.006716543708865344
0.006559009319616228
0.006408336820055936
0.006264096865964401
0.006125894766070023
0.005993367083129345
0.005866178625052635
0.005744019775066374
0.005626604117360831
0.005513666320926872
0.0054049602495520755
0.005300257270393162
0.005199344737306405
0.005102024628317712
0.0050081123193377285
0.004917435478555417
0.004829833067936524
0.0047451544399647275
0.004663258519236441
0.004584013059791299
0.004507293970159241
0.004432984699058202
0.004360975675503714
0.004291163797812205
0.0042234519666082765
0.004157748657495217
0.004093967529529311
0.004032027066060168
0.003971850244870452
0.003913364234874928
0.003856500116926642
0.00380119262653301
0.003747379916509414
0.0036950033377978614
0.003644007236855545
0.0035943387681755547
0.0035459477206425914
0.003498786356551701
0.003452809262229498
0.003407973209297844
0.0033642370257088963
0.0033215614757611707
0.003279909148377868
0.0032392443529939588
0.0031995330224562656
0.003160742622393805
0.003122842066562711
0.003085801637712857
0.0030495929135621815
0.0030141886974995842
0.002979562953668978
0.002945690746115873
0.0029125481817041227
0.0028801123565340377
0.002848361305614741
0.0028172739555633905
0.0027868300801216785
0.002757010258296555
0.0027277958349469383
0.0026991688836518384
0.00267111217170792
0.0026436091271157787
0.0026166438074249785
0.0025902008703171625
0.002564265545815651
0.0025388236100179315
0.0025138613602548304
0.0024893655915871984
0.0024653235745570683
0.002441723034116164
0.002418552129659875
0.002395799436100011
0.002373453925913956
0.002351504952112103
0.002329942232069572
0.002308755832171495
0.0022879361532248087
0.0022674739165922967
0.002247360151007772
0.0022275861800337355
0.0022081436101254776
0.002189024319267657
0.0021702204461519067
0.0021517243798655386
0.002133528750063685
0.0021156264175985406
0.002098010465581379
0.0020806741908540737
0.0020636110958486813
0.0020468148808145937
0.0020302794363940197
0.0020139988365280225
0.001997967331675898
0.0019821793423320275
0.0019666294528251737
0.0019513124053858702
0.001936223094468669
0.001921356561316589
0.0019067079887557104
0.0018922726962088568
0.0018780461349174875
0.0018640238833620344
0.0018502016428709335
0.0018365752334094068
0.001823140589539695
0.0018098937565443909
0.001796830886705468
0.0017839482357317256
0.0017712421593278106
0.0017587091098982541
0.001746345633380603
0.0017341483662015162
0.001722114032350548
0.0017102394405662594
0.0016985214816296486
0.0016869571257602139
0.00167554342011019
0.0016642774863525921
0.001653156518359055
0.0016421777799636057
0.001631338602808727
0.0016206363842701007
0.0016100685854568255
0.0015996327292839274
0.001589326398614007
0.0015791472344653663
0.0015690929342836997
0.001559161250274786
0.0015493499877957328
0.001539657003802383
0.0015300802053505543
0.0015206175481490346
0.001511267035162224
0.001502026715260464
0.001492894681916164
0.0014838690719439346
0.0014749480642830244
0.0014661298788203948
0.0014574127752528306
0.0014487950519867171
0.0014402750450738832
0.001431851127182226
0.0014235217065998158
0.0014152852262711746
0.0014071401628645568
0.0013990850258690614
0.0013911183567204824
0.0013832387279548316
0.0013754447423885738
0.0013677350323244226
0.0013601082587820724
0.0013525631107526512
0.0013450983044762433
0.0013377125827416418
0.0013304047142073789
0.0013231734927435456
0.001316017736793414
0.0013089362887543313
0.001301928014377174
0.0012949918021836267
0.0012881265629009018
0.0012813312289129757
0.0012746047537280823
0.0012679461114617238
0.0012613542963347288
0.0012548283221858864
0.0012483672219985762
0.001241970047441066
0.0012356358684198353
0.0012293637726457137
0.001223152865212193
0.0012170022681856987
0.001210911120207314
0.0012048785761056163
0.0011989038065203061
0.001192985997536201
0.0011871243503273708
0.001181318080810935
0.0011755664193104501
0.001169868610228274
0.0011642239117269542
0.0011586315954190652
0.0011530909460654786
0.00114760126128159
0.0011421618512514298
0.0011367720384492914
0.0011314311573687073
0.00112613855425861
0.001120893586866222
0.0011156956241868184
0.0011105440462198593
0.0011054382437314528
0.0011003776180229232
0.001095361580705262
0.001090389553479399
0.0010854609679219719
0.0010805752652765608
0.0010757318962501536
0.0010709303208147173
0.0010661700080137177
0.001061450435773484
0.0010567710907191498
0.001052131467995258
0.0010475310710906835
0.0010429694116678655
0.001038446009396214
0.0010339603917895103
0.0010295120940473225
0.0010251006589001514
0.0010207256364583488
0.0010163865840646035
0.0010120830661499917
0.0010078146540933807
0.0010035809260841833
9.993814669883529E-4
9.952158682174806E-4
9.910837276009754E-4
9.869846492612314E-4
9.82918243491633E-4
9.788841266374288E-4
9.748819209793469E-4
9.709112546197862E-4
9.669717613717537E-4
9.63063080650198E-4
9.59184857365862E-4
9.553367418215336E-4
9.515183896106033E-4
9.47729461517922E-4
9.439696234228419E-4
9.402385462044559E-4
9.36535905648896E-4
9.328613823586778E-4
9.292146616641097E-4
9.255954335365419E-4
9.220033925035592E-4
9.184382375660714E-4
9.148996721170949E-4
9.113874038623726E-4
9.079011447426635E-4
9.044406108577334E-4
9.010055223919506E-4
8.975956035414194E-4
8.942105824427778E-4
8.908501911033962E-4
8.875141653330993E-4
8.84202244677277E-4
8.809141723514926E-4
8.776496951773273E-4
8.744085635196715E-4
8.711905312252466E-4
8.679953555624329E-4
8.648227971623061E-4
8.616726199609315E-4
8.585445911427892E-4
8.554384810853724E-4
8.523540633049245E-4
8.492911144032552E-4
8.462494140156378E-4
8.432287447597666E-4
8.402288921857133E-4
8.372496447269087E-4
8.34290793652073E-4
8.313521330181376E-4
8.284334596240749E-4
8.255345729656206E-4
8.22655275190945E-4
8.197953710571296E-4
8.169546678875358E-4
8.141329755299803E-4
8.113301063157496E-4
8.085458750193658E-4
8.057800988191809E-4
8.030325972586857E-4
8.00303192208576E-4
7.975917078295658E-4
7.948979705358597E-4
7.922218089593538E-4
7.895630539145481E-4
7.869215383640162E-4
7.8429709738464E-4
7.816895681344191E-4
7.790987898198898E-4
7.765246036642078E-4
7.739668528757517E-4
7.714253826173697E-4
7.689000399761717E-4
7.663906739338601E-4
7.638971353376321E-4
7.614192768716165E-4
7.589569530288E-4
7.565100200835031E-4
7.540783360643292E-4
7.516617607276077E-4
7.492601555313352E-4
7.46873383609563E-4
7.445013097472476E-4
7.421438003555651E-4
7.398007234476341E-4
7.374719486147392E-4
7.351573470028776E-4
7.32856791289798E-4
7.30570155662422E-4
7.282973157946382E-4
7.260381488255428E-4
7.237925333379685E-4
7.215603493375084E-4
7.193414782317693E-4
7.171358028101243E-4
7.149432072236839E-4
7.127635769657141E-4
7.105967988523345E-4
7.084427610035616E-4
7.063013528246775E-4
7.041724649879243E-4
7.020559894144916E-4
6.999518192568196E-4
6.978598488812117E-4
6.957799738507056E-4
6.93712090908287E-4
6.916560979603153E-4
6.89611894060302E-4
6.875793793928899E-4
6.855584552581501E-4
6.835490240561158E-4
6.815509892715633E-4
6.79564255459071E-4
6.775887282283042E-4
6.756243142295401E-4
6.736709211394357E-4
6.717284576470469E-4
6.697968334400275E-4
6.678759591910942E-4
6.659657465447027E-4
6.640661081039245E-4
6.621769574175371E-4
6.602982089673405E-4
6.584297781556707E-4
6.565715812930778E-4
6.547235355862473E-4
6.528855591261074E-4
6.510575708760748E-4
6.492394906605606E-4
6.474312391535924E-4
6.456327378676772E-4
6.438439091427635E-4
6.420646761354375E-4
6.402949628082733E-4
6.385346939193351E-4
6.367837950118563E-4
6.350421924040597E-4
6.333098131791701E-4
6.315865851755305E-4
6.298724369769235E-4
6.281672979030033E-4
6.264710979998892E-4
6.247837680309017E-4
6.231052394674301E-4
6.214354444799546E-4
6.197743159291955E-4
6.181217873573959E-4
6.164777929797336E-4
6.148422676758662E-4
6.132151469815961E-4
6.115963670806875E-4
6.09985864796753E-4
6.083835775853153E-4
6.067894435259517E-4
6.052034013145651E-4
6.03625390255789E-4
6.020553502554583E-4
6.004932218132385E-4
5.989389460153243E-4
5.973924645272923E-4
5.958537195869994E-4
5.943226539976341E-4
5.927992111208448E-4
5.912833348699577E-4
5.897749697033331E-4
5.88274060617772E-4
5.867805531420434E-4
5.852943933305022E-4
5.83815527756781E-4
5.823439035076036E-4
5.808794681766541E-4
5.794221698585621E-4
5.77971957142945E-4
5.765287791085547E-4
5.750925853175078E-4
5.736633258095715E-4
5.722409510965699E-4
5.708254121568288E-4
5.694166604297434E-4
5.680146478103574E-4
5.666193266440902E-4
5.652306497214813E-4
5.638485702730454E-4
5.624730419641567E-4
5.611040188900621E-4
5.597414555709146E-4
5.583853069468702E-4
5.57035528373328E-4
5.556920756161107E-4
5.543549048468316E-4
5.53023972638261E-4
5.516992359597526E-4
5.503806521727622E-4
5.490681790264086E-4
5.477617746530952E-4
5.46461397564194E-4
5.451670066457984E-4
5.438785611544958E-4
5.425960207132518E-4
5.413193453072979E-4
5.400484952801014E-4
5.387834313293986E-4
5.375241145032441E-4
5.36270506196145E-4
5.350225681452327E-4
5.337802624264818E-4
5.325435514510067E-4
5.313123979613579E-4
5.300867650278938E-4
5.288666160452307E-4
5.276519147286737E-4
5.264426251107416E-4
5.25238711537729E-4
5.240401386662889E-4
5.228468714601123E-4
5.216588751865668E-4
5.204761154134881E-4
5.192985580058961E-4
5.181261691228451E-4
5.169589152142602E-4
5.15796763017855E-4
5.14639679556042E-4
5.134876321329185E-4
5.123405883312707E-4
5.111985160096504E-4
5.10061383299417E-4
5.089291586019033E-4
5.078018105855574E-4
5.066793081831421E-4
5.055616205889496E-4
5.044487172561008E-4
5.033405678938202E-4
5.022371424647719E-4
5.011384111824311E-4
5.000443445084921E-4
4.989549131502687E-4
4.97870088058203E-4
4.967898404233221E-4
4.957141416747786E-4
4.94642963477399E-4
4.935762777292832E-4
4.925140565594149E-4
4.914562723252848E-4
4.904028976106E-4
4.893539052229533E-4
4.883092681915727E-4
4.872689597650651E-4
4.8623295340920463E-4
4.8520122280475527E-4
4.841737418452837E-4
4.831504846350347E-4
4.8213142548683463E-4
4.811165389199661E-4
4.801057996581538E-4
4.7909918262748657E-4
4.780966629544368E-4
4.770982159638465E-4
4.7610381717697747E-4
4.7511344230956933E-4
4.7412706726990506E-4
4.7314466815694475E-4
4.72166221258412E-4
4.7119170304897064E-4
4.7022109018839554E-4
4.69254359519733E-4
4.6829148806755953E-4
4.6733245303617074E-4
4.6637723180785896E-4
4.6542580194118294E-4
4.6447814116926475E-4
4.635342273980859E-4
4.625940387048405E-4
4.6165755333628237E-4
4.607247497070958E-4
4.597956063982689E-4
4.5887010215552704E-4
4.579482158877538E-4
4.5702992666541125E-4
4.5611521371903535E-4
4.5520405643769725E-4
4.5429643436749876E-4
4.533923272100908E-4
4.524917148212116E-4
4.5159457720921807E-4
4.50700894533657E-4
4.4981064710385003E-4
4.489238153774777E-4
4.480403799591997E-4
4.4716032159927997E-4
4.462836211922276E-4
4.454102597754507E-4
4.4454021852793695E-4
4.4367347876893433E-4
4.4281002195665093E-4
4.419498296869761E-4
4.410928836922074E-4
4.4023916583979674E-4
4.3938865813110476E-4
4.38541342700179E-4
4.376972018125213E-4
4.368562178639132E-4
4.360183733792042E-4
4.3518365101114344E-4
4.3435203353922494E-4
4.33523503868526E-4
4.3269804502856564E-4
4.3187564017220384E-4
4.310562725744946E-4
4.302399256316057E-4
4.2942658285972766E-4
4.2861622789399246E-4
4.278088444874056E-4
4.2700441650978546E-4
4.2620292794674465E-4
4.254043628986183E-4
4.2460870557948523E-4
4.238159403161213E-4
4.230260515470206E-4
4.2223902382140197E-4
4.2145484179822453E-4
4.206734902452306E-4
4.1989495403796275E-4
4.1911921815885445E-4
4.183462676962542E-4
4.1757608784352034E-4
4.168086638980927E-4
4.1604398126058624E-4
4.1528202543389165E-4
4.145227820222794E-4
4.137662367305325E-4
4.130123753630604E-4
4.1226118382304357E-4
4.115126481115779E-4
4.107667543268262E-4
4.1002348866318915E-4
4.092828374104696E-4
4.085447869530653E-4
4.0780932376913566E-4
4.0707643442983E-4
4.0634610559846436E-4
4.0561832402975366E-4
4.0489307656902816E-4
4.0417035015145734E-4
4.0345013180129315E-4
4.0273240863111944E-4
4.020171678410989E-4
4.0130439671823086E-4
4.0059408263562235E-4
3.998862130517682E-4
3.991807755098308E-4
3.9847775763692103E-4
3.97777147143406E-4
3.970789318222132E-4
3.9638309954812543E-4
3.956896382771286E-4
3.9499853604569826E-4
3.943097809701676E-4
3.9362336124604605E-4
3.9293926514734643E-4
3.9225748102598176E-4
3.915779973110824E-4
3.909008025083723E-4
3.9022588519954687E-4
3.8955323404164344E-4
3.888828377664104E-4
3.8821468517971825E-4
3.875487651609407E-4
3.868850666623562E-4
3.8622357870855703E-4
3.8556429039584964E-4
3.849071908917004E-4
3.8425226943412005E-4
3.835995153311189E-4
3.829489179601467E-4
3.8230046676749653E-4
3.8165415126779374E-4
3.810099610434203E-4
3.803678857439715E-4
3.797279150857278E-4
3.790900388511071E-4
3.784542468881528E-4
3.778205291099995E-4
3.7718887549434947E-4
3.765592760829804E-4
3.759317209811974E-4
3.7530620035737517E-4
3.746827044424236E-4
3.740612235293157E-4
3.7344174797257485E-4
3.7282426818781837E-4
3.7220877465125234E-4
3.715952578992053E-4
3.7098370852765335E-4
3.703741171917587E-4
3.697664746054064E-4
3.691607715407316E-4
3.685569988276871E-4
3.6795514735357763E-4
3.673552080626168E-4
3.6675717195549303E-4
3.6616103008891784E-4
3.655667735752047E-4
3.6497439358183954E-4
3.643838813310392E-4
3.6379522809935167E-4
3.6320842521722597E-4
3.6262346406859384E-4
3.620403360904721E-4
3.6145903277254917E-4
3.6087954565677973E-4
3.6030186633698917E-4
3.59725986458483E-4
3.5915189771764197E-4
3.5857959186155194E-4
3.580090606875981E-4
3.5744029604309997E-4
3.56873289824935E-4
3.563080339791451E-4
3.557445205005865E-4
3.551827414325493E-4
3.5462268886639515E-4
3.5406435494121505E-4
3.535077318434366E-4
3.529528118064943E-4
3.5239958711047307E-4
3.518480500817548E-4
3.512981930926837E-4
3.507500085612132E-4
3.5020348895057046E-4
3.4965862676892347E-4
3.4911541456904066E-4
3.4857384494796996E-4
3.4803391054671315E-4
3.4749560404988066E-4
3.4695891818539715E-4
3.464238457241655E-4
3.458903794797631E-4
3.4535851230811014E-4
3.4482823710718055E-4
3.442995468166802E-4
3.437724344177518E-4
3.4324689293266635E-4
3.427229154245168E-4
3.422004949969379E-4
3.4167962479380616E-4
3.411602979989288E-4
3.4064250783578937E-4
3.4012624756723023E-4
3.396115104951844E-4
3.390982899603814E-4
3.385865793420893E-4
3.3807637205781336E-4
3.375676615630342E-4
3.3706044135093293E-4
3.3655470495212654E-4
3.3605044593438535E-4
3.3554765790238633E-4
3.3504633449743586E-4
3.34546469397214E-4
3.340480563155169E-4
3.335510890020024E-4
3.330555612419266E-4
3.3256146685589985E-4
3.320687996996358E-4
3.315775536637003E-4
3.310877226732721E-4
3.3059930068788745E-4
3.3011228170120894E-4
3.2962665974078524E-4
3.2914242886780405E-4
3.286595831768659E-4
3.281781167957556E-4
3.2769802388518633E-4
3.2721929863859856E-4
3.267419352819159E-4
3.262659280733244E-4
3.2579127130304456E-4
3.25317959293109E-4
3.2484598639715063E-4
3.2437534700017557E-4
3.2390603551834613E-4
3.2343804639877507E-4
3.229713741192936E-4
3.225060131882666E-4
3.220419581443591E-4
3.215792035563421E-4
3.2111774402287634E-4
3.2065757417231735E-4
3.201986886625105E-4
3.1974108218058044E-4
3.1928474944274764E-4
3.1882968519411414E-4
3.1837588420847567E-4
3.179233412881272E-4
3.174720512636747E-4
3.1702200899381527E-4
3.1657320936519934E-4
3.161256472921875E-4
3.156793177166959E-4
3.1523421560799946E-4
3.1479033596256177E-4
3.1434767380382586E-4
3.139062241820554E-4
3.1346598217414726E-4
3.1302694288346027E-4
3.125891014396263E-4
3.1215245299837926E-4
3.117169927413906E-4
3.112827158760808E-4
3.108496176354627E-4
3.1041769327796483E-4
3.0998693808725436E-4
3.0955734737209427E-4
3.091289164661528E-4
3.0870164072785124E-4
3.082755155401959E-4
3.0785053631062197E-4
3.0742669847081663E-4
3.0700399747659343E-4
3.065824288076928E-4
3.061619879676611E-4
3.05742670483666E-4
3.0532447190635974E-4
3.0490738780972567E-4
3.0449141379091646E-4
3.0407654547010216E-4
3.036627784903406E-4
3.032501085174094E-4
3.0283853123965637E-4
3.024280423678742E-4
3.0201863763512795E-4
3.0161031279664114E-4
3.012030636296176E-4
3.0079688593313787E-4
3.0039177552799073E-4
2.999877282565395E-4
2.995847399825928E-4
2.9918280659125944E-4
2.9878192398880666E-4
2.983820881025415E-4
2.9798329488066127E-4
2.9758554029212555E-4
2.9718882032652404E-4
2.967931309939453E-4
2.963984683248433E-4
2.960048283699183E-4
2.9561220719997105E-4
2.952206009057957E-4
2.9483000559803467E-4
2.944404174070664E-4
2.940518324828753E-4
2.936642469949295E-4
2.9327765713205644E-4
2.928920591023272E-4
2.925074491329247E-4
2.9212382347003113E-4
2.917411783787121E-4
2.9135951014279556E-4
2.909788150647487E-4
2.9059908946556804E-4
2.902203296846655E-4
2.8984253207974816E-4
2.89465693026704E-4
2.890898089195012E-4
2.887148761700581E-4
2.883408912081411E-4
2.8796785048126324E-4
2.8759575045455546E-4
2.8722458761067506E-4
2.8685435844968434E-4
2.864850594889553E-4
2.861166872630503E-4
2.8574923832362957E-4
2.8538270923933543E-4
2.850170965957028E-4
2.846523969950351E-4
2.842886070563215E-4
2.839257234151198E-4
2.835637427234635E-4
2.8320266164975975E-4
2.82842476878699E-4
2.824831851111342E-4
2.8212478306400293E-4
2.817672674702197E-4
2.8141063507858424E-4
2.8105488265368E-4
2.8070000697579163E-4
2.8034600484078733E-4
2.799928730600473E-4
2.7964060846036006E-4
2.792892078838295E-4
2.7893866818778674E-4
2.785889862446969E-4
2.7824015894206683E-4
2.778921831823585E-4
2.775450558828944E-4
2.771987739757805E-4
2.76853334407797E-4
2.7650873414033296E-4
2.7616497014929425E-4
2.758220394250019E-4
2.754799389721262E-4
2.7513866580959005E-4
2.747982169704912E-4
2.74458589502012E-4
2.7411978046533946E-4
2.7378178693558875E-4
2.7344460600170733E-4
2.7310823476640585E-4
2.72772670346071E-4
2.724379098706853E-4
2.7210395048375273E-4
2.717707893422172E-4
2.714384236163743E-4
2.7110685048980756E-4
2.7077606715930397E-4
2.7044607083477975E-4
2.701168587391995E-4
2.697884281084958E-4
2.694607761915177E-4
2.691339002499243E-4
2.688077975581287E-4
2.6848246540321825E-4
2.6815790108489077E-4
2.6783410191536726E-4
2.6751106521933287E-4
2.671887883338493E-4
2.6686726860830195E-4
2.6654650340431736E-4
2.662264900956949E-4
2.6590722606833627E-4
2.6558870872018067E-4
2.652709354611314E-4
2.649539037129867E-4
2.646376109093776E-4
2.643220544956934E-4
2.640072319290174E-4
2.636931406780668E-4
2.633797782231126E-4
2.6306714205592493E-4
2.6275522967971E-4
2.6244403860903044E-4
2.62133566369753E-4
2.618238104989876E-4
2.615147685450194E-4
2.6120643806723596E-4
2.608988166360751E-4
2.605919018329681E-4
2.6028569125026175E-4
2.599801824911729E-4
2.596753731697225E-4
2.593712609106603E-4
2.5906784334943253E-4
2.5876511813209915E-4
2.5846308291528104E-4
2.581617353661078E-4
2.5786107316215186E-4
2.575610939913669E-4
2.5726179555204644E-4
2.569631755527458E-4
2.5666523171223913E-4
2.5636796175945655E-4
2.5607136343343224E-4
2.5577543448324433E-4
2.5548017266796146E-4
2.551855757565864E-4
2.548916415280032E-4
2.5459836777091813E-4
2.5430575228381676E-4
2.5401379287490054E-4
2.5372248736202173E-4
2.534318335726666E-4
2.5314182934386585E-4
2.528524725221576E-4
2.525637609635415E-4
2.522756925334142E-4
2.5198826510652416E-4
2.5170147656692287E-4
2.514153248079147E-4
2.5112980773199636E-4
2.5084492325082113E-4
2.505606692851377E-4
2.502770437647484E-4
2.4999404462845655E-4
2.497116698240192E-4
2.4942991730809576E-4
2.491487850462075E-4
2.488682710126795E-4
2.485883731905992E-4
2.483090895717686E-4
2.480304181566624E-4
2.477523569543666E-4
2.4747490398255274E-4
2.471980572674084E-4
2.469218148436148E-4
2.4664617475429E-4
2.4637113505094076E-4
2.460966937934207E-4
2.458228490498941E-4
2.4554959889677567E-4
2.452769414186986E-4
2.4500487470847514E-4
2.447333968670322E-4
2.4446250600339297E-4
2.4419220023462175E-4
2.4392247768577417E-4
2.4365333648986885E-4
2.4338477478784662E-4
2.43116790728512E-4
2.4284938246850533E-4
2.42582548172258E-4
2.4231628601195147E-4
2.4205059416747916E-4
2.4178547082639673E-4
2.4152091418389607E-4
2.4125692244275485E-4
2.4099349381329578E-4
2.4073062651336027E-4
2.4046831876825062E-4
2.402065688107058E-4
2.399453748808588E-4
2.396847352261909E-4
2.3942464810150756E-4
2.3916511176888086E-4
2.3890612449763897E-4
2.386476845642953E-4
2.3838979025254524E-4
2.3813243985319928E-4
2.3787563166416484E-4
2.3761936399041022E-4
2.3736363514390726E-4
2.3710844344362598E-4
2.3685378721547404E-4
2.365996647922737E-4
2.363460745137217E-4
2.3609301472634744E-4
2.3584048378350156E-4
2.3558848004528784E-4
2.353370018785536E-4
2.35086047656847E-4
2.3483561576038582E-4
2.3458570457601457E-4
2.343363124971788E-4
2.3408743792388984E-4
2.3383907926269174E-4
2.3359123492662994E-4
2.333439033352108E-4
2.330970829143746E-4
2.32850772096465E-4
2.3260496932019575E-4
2.323596730306084E-4
2.321148816790565E-4
2.3187059372316242E-4
2.3162680762678714E-4
2.313835218600068E-4
2.3114073489906737E-4
2.3089844522637099E-4
2.306566513304294E-4
2.3041535170584268E-4
2.3017454485325914E-4
2.2993422927936603E-4
2.2969440349682746E-4
2.2945506602428876E-4
2.2921621538631517E-4
2.289778501133877E-4
2.2873996874186E-4
2.285025698139348E-4
2.282656518776215E-4
2.2802921348673297E-4
2.2779325320083392E-4
2.2755776958521983E-4
2.2732276121089034E-4
2.270882266545261E-4
2.2685416449844223E-4
2.2662057333058287E-4
2.2638745174448127E-4
2.2615479833923E-4
2.2592261171946166E-4
2.2569089049531983E-4
2.254596332824249E-4
2.252288387018529E-4
2.2499850538011345E-4
2.2476863194911343E-4
2.245392170461359E-4
2.243102593138123E-4
2.2408175740009815E-4
2.2385370995824555E-4
2.236261156467803E-4
2.2339897312946533E-4
2.2317228107529335E-4
2.229460381584453E-4
2.2272024305827664E-4
2.2249489445927702E-4
2.2226999105106793E-4
2.2204553152836007E-4
2.218215145909318E-4
2.215979389436072E-4
2.21374803296233E-4
2.2115210636365333E-4
2.20929846865685E-4
2.20708023527093E-4
2.204866350775651E-4
2.2026568025169209E-4
2.200451577889452E-4
2.198250664336448E-4
2.1960540493494782E-4
2.1938617204681155E-4
2.191673665279896E-4
2.1894898714198602E-4
2.1873103265705114E-4
2.185135018461503E-4
2.182963934869454E-4
2.1807970636176184E-4
2.1786343925758695E-4
2.1764759096602756E-4
2.174321602832968E-4
2.1721714601019614E-4
2.170025469520838E-4
2.1678836191886184E-4
2.1657458972494848E-4
2.163612291892644E-4
2.1614827913520165E-4
2.1593573839061045E-4
2.157236057877754E-4
2.1551188016339192E-4
2.1530056035855023E-4
2.150896452187133E-4
2.1487913359369737E-4
2.146690243376433E-4
2.1445931630900803E-4
2.1425000837054094E-4
2.140410993892526E-4
2.1383258823641537E-4
2.1362447378752667E-4
2.1341675492229635E-4
2.1320943052462426E-4
2.1300249948258323E-4
2.1279596068839572E-4
2.1258981303842777E-4
2.1238405543314208E-4
2.1217868677711842E-4
2.1197370597898945E-4
2.1176911195145985E-4
2.115649036112672E-4
2.11361079879173E-4
2.111576396799337E-4
2.109545819422947E-4
2.1075190559895898E-4
2.1054960958657982E-4
2.103476928457396E-4
2.1014615432092933E-4
2.0994499296052876E-4
2.0974420771679297E-4
2.0954379754583858E-4
2.09343761407612E-4
2.0914409826589184E-4
2.0894480708824744E-4
2.087458868460406E-4
2.0854733651440492E-4
2.0834915507222403E-4
2.081513415021102E-4
2.079538947904005E-4
2.0775681392713044E-4
2.0756009790601888E-4
2.0736374572445347E-4
2.0716775638346928E-4
2.0697212888774082E-4
2.0677686224555153E-4
2.065819554687934E-4
2.063874075729414E-4
2.0619321757704196E-4
2.059993845036841E-4
2.0580590737900498E-4
2.0561278523265937E-4
2.054200170978033E-4
2.0522760201108298E-4
2.0503553901262238E-4
2.0484382714599755E-4
2.0465246545823274E-4
2.0446145299977142E-4
2.0427078882447356E-4
2.0408047198960084E-4
2.038905015557854E-4
2.037008765870305E-4
2.0351159615069E-4
2.0332265931746047E-4
2.0313406516134317E-4
2.029458127596635E-4
2.0275790119302995E-4
2.0257032954532864E-4
2.0238309690371275E-4
2.0219620235857456E-4
2.0200964500355492E-4
2.0182342393549222E-4
2.0163753825445306E-4
2.0145198706368652E-4
2.0126676946961234E-4
2.0108188458181658E-4
2.0089733151304278E-4
2.0071310937915806E-4
2.0052921729915818E-4
2.0034565439514438E-4
2.001624197923139E-4
1.999795126189409E-4
1.9979693200636862E-4
1.9961467708899227E-4
1.9943274700425274E-4
1.9925114089261082E-4
1.9906985789754382E-4
1.9888889716553225E-4
1.987082578460412E-4
1.9852793909151038E-4
1.9834794005734122E-4
1.9816825990188222E-4
1.9798889778642554E-4
1.9780985287517355E-4
1.9763112433524908E-4
1.9745271133667045E-4
1.9727461305234055E-4
1.9709682865803237E-4
1.9691935733238318E-4
1.9674219825687787E-4
1.9656535061583454E-4
1.9638881359639864E-4
1.9621258638852188E-4
1.9603666818495942E-4
1.9586105818125108E-4
1.9568575557571535E-4
1.955107595694314E-4
1.953360693662256E-4
1.9516168417267144E-4
1.9498760319806955E-4
1.9481382565442914E-4
1.9464035075647513E-4
1.9446717772161453E-4
1.942943057699475E-4
1.9412173412423214E-4
1.9394946200989175E-4
1.9377748865500048E-4
1.936058132902624E-4
1.9343443514900695E-4
1.9326335346718312E-4
1.9309256748333548E-4
1.9292207643860636E-4
1.9275187957671603E-4
1.9258197614395217E-4
1.9241236538916469E-4
1.9224304656375267E-4
1.9207401892164694E-4
1.919052817193129E-4
1.917368342157272E-4
1.9156867567236764E-4
1.9140080535321797E-4
1.9123322252473688E-4
1.9106592645586133E-4
1.9089891641798948E-4
1.9073219168497544E-4
1.9056575153311335E-4
1.9039959524113213E-4
1.9023372209018432E-4
1.9006813136383146E-4
1.8990282234803639E-4
1.8973779433115916E-4
1.8957304660394334E-4
1.8940857845949793E-4
1.8924438919329725E-4
1.89080478103173E-4
1.8891684448929112E-4
1.8875348765415837E-4
1.8859040690260355E-4
1.8842760154176515E-4
1.882650708810899E-4
1.8810281423231752E-4
1.8794083090947438E-4
1.8777912022886208E-4
1.8761768150904866E-4
1.8745651407085694E-4
1.8729561723736325E-4
1.871349903338733E-4
1.86974632687934E-4
1.8681454362930272E-4
1.8665472248994818E-4
1.8649516860404935E-4
1.86335881307972E-4
1.8617685994026117E-4
1.860181038416478E-4
1.8585961235502145E-4
1.857013848254291E-4
1.8554342060006778E-4
1.8538571902827628E-4
1.8522827946152086E-4
1.8507110125339063E-4
1.8491418375958803E-4
1.8475752633792032E-4
1.846011283482953E-4
1.8444498915270126E-4
1.8428910811521513E-4
1.8413348460197582E-4
1.839781179811903E-4
1.838230076231154E-4
1.8366815290005606E-4
1.8351355318636008E-4
1.8335920785839593E-4
1.832051162945559E-4
1.8305127787525302E-4
1.8289769198289124E-4
1.8274435800188203E-4
1.8259127531862243E-4
1.8243844332149005E-4
1.8228586140083675E-4
1.8213352894897957E-4
1.8198144536018634E-4
1.8182961003068438E-4
1.8167802235863535E-4
1.8152668174413412E-4
1.8137558758920733E-4
1.8122473929779276E-4
1.8107413627574468E-4
1.80923777930816E-4
1.807736636726593E-4
1.8062379291280888E-4
1.8047416506468297E-4
1.8032477954357652E-4
1.8017563576664007E-4
1.8002673315289282E-4
1.798780711231951E-4
1.7972964910025824E-4
1.795814665086232E-4
1.7943352277466487E-4
1.7928581732657713E-4
1.7913834959436606E-4
1.7899111900984902E-4
1.7884412500663942E-4
1.786973670201466E-4
1.785508444875651E-4
1.7840455684786416E-4
1.7825850354179185E-4
1.7811268401185312E-4
1.7796709770231814E-4
1.778217440592038E-4
1.7767662253027143E-4
1.7753173256502205E-4
1.773870736146838E-4
1.7724264513220843E-4
1.7709844657227115E-4
1.7695447739124278E-4
1.7681073704721906E-4
1.7666722499997377E-4
1.7652394071098019E-4
1.7638088364339166E-4
1.7623805326204324E-4
1.7609544903343362E-4
1.759530704257312E-4
1.758109169087631E-4
1.7566898795400062E-4
1.7552728303456668E-4
1.7538580162522178E-4
1.7524454320235437E-4
1.7510350724398162E-4
1.7496269322974327E-4
1.7482210064088635E-4
1.7468172896026933E-4
1.745415776723459E-4
1.744016462631744E-4
1.7426193422039087E-4
1.7412244103321944E-4
1.7398316619246268E-4
1.738441091904901E-4
1.7370526952123464E-4
1.7356664668018835E-4
1.7342824016439523E-4
1.732900494724495E-4
1.731520741044811E-4
1.7301431356215615E-4
1.7287676734867045E-4
1.7273943496874092E-4
1.7260231592860123E-4
1.7246540973600046E-4
1.7232871590018475E-4
1.7219223393191086E-4
1.7205596334342045E-4
1.7191990364844815E-4
1.717840543622104E-4
1.716484150014017E-4
1.715129850841848E-4
1.7137776413019172E-4
1.7124275166051136E-4
1.7110794719769478E-4
1.709733502657326E-4
1.708389603900654E-4
1.7070477709757104E-4
1.7057079991655857E-4
1.7043702837676655E-4
1.703034620093577E-4
1.701701003469056E-4
1.700369429234014E-4
1.6990398927423849E-4
1.6977123893621395E-4
1.696386914475172E-4
1.6950634634773046E-4
1.693742031778226E-4
1.6924226148013909E-4
1.6911052079840113E-4
1.6897898067770134E-4
1.6884764066449497E-4
1.6871650030659977E-4
1.6858555915318473E-4
1.6845481675476791E-4
1.683242726632124E-4
1.6819392643172929E-4
1.6806377761484668E-4
1.6793382576843293E-4
1.6780407044968368E-4
1.6767451121710747E-4
1.6754514763053031E-4
1.67415979251089E-4
1.6728700564122093E-4
1.6715822636466802E-4
1.6702964098646675E-4
1.669012490729417E-4
1.6677305019170528E-4
1.6664504391164956E-4
1.6651722980294653E-4
1.6638960743703413E-4
1.662621763866222E-4
1.6613493622567903E-4
1.6600788652943265E-4
1.658810268743612E-4
1.657543568381972E-4
1.6562787599990877E-4
1.655015839397137E-4
1.653754802390522E-4
1.6524956448060483E-4
1.6512383624827176E-4
1.649982951271756E-4
1.648729407036572E-4
1.6474777256526873E-4
1.6462279030077066E-4
1.6449799350012656E-4
1.643733817544973E-4
1.6424895465624493E-4
1.6412471179891284E-4
1.6400065277723396E-4
1.6387677718712656E-4
1.6375308462568305E-4
1.6362957469116728E-4
1.635062469830137E-4
1.633831011018254E-4
1.632601366493563E-4
1.6313735322852845E-4
1.6301475044340827E-4
1.628923278992102E-4
1.627700852022955E-4
1.626480219601637E-4
1.6252613778144662E-4
1.6240443227591512E-4
1.622829050544635E-4
1.6216155572910262E-4
1.620403839129754E-4
1.6191938922033023E-4
1.6179857126653332E-4
1.6167792966804937E-4
1.615574640424566E-4
1.6143717400842367E-4
1.613170591857221E-4
1.6119711919520936E-4
1.6107735365883296E-4
1.6095776219962832E-4
1.6083834444169853E-4
1.607191000102387E-4
1.606000285314983E-4
1.6048112963281533E-4
1.6036240294257397E-4
1.602438480902279E-4
1.6012546470628997E-4
1.6000725242231869E-4
1.5988921087093129E-4
1.5977133968578066E-4
1.5965363850157187E-4
1.5953610695403794E-4
1.5941874467995793E-4
1.5930155131712982E-4
1.5918452650439085E-4
1.59067669881594E-4
1.589509810896144E-4
1.5883445977034555E-4
1.5871810556669015E-4
1.5860191812256365E-4
1.584858970828899E-4
1.583700420935863E-4
1.58254352801574E-4
1.5813882885477612E-4
1.580234699020944E-4
1.5790827559343006E-4
1.5779324557966192E-4
1.5767837951265447E-4
1.575636770452482E-4
1.5744913783125717E-4
1.573347615254724E-4
1.5722054778364523E-4
1.571064962624932E-4
1.569926066196991E-4
1.5687887851389962E-4
1.5676531160468363E-4
1.5665190555260073E-4
1.5653866001913268E-4
1.564255746667207E-4
1.5631264915873954E-4
1.5619988315950206E-4
1.560872763342552E-4
1.5597482834918248E-4
1.55862538871389E-4
1.5575040756890836E-4
1.5563843411069681E-4
1.555266181666261E-4
1.5541495940748338E-4
1.553034575049721E-4
1.5519211213169812E-4
1.5508092296118067E-4
1.5496988966783606E-4
1.5485901192698387E-4
1.5474828941483838E-4
1.5463772180850848E-4
1.5452730878599122E-4
1.544170500261748E-4
1.5430694520882673E-4
1.541969940145989E-4
1.5408719612502618E-4
1.5397755122251023E-4
1.5386805899032666E-4
1.5375871911262582E-4
1.53649531274419E-4
1.535404951615835E-4
1.5343161046085641E-4
1.533228768598321E-4
1.5321429404695835E-4
1.531058617115378E-4
1.529975795437203E-4
1.5288944723449834E-4
1.5278146447571386E-4
1.5267363096004295E-4
1.52565946381001E-4
1.5245841043294206E-4
1.5235102281104332E-4
1.5224378321131596E-4
1.5213669133059857E-4
1.5202974686655434E-4
1.5192294951765387E-4
1.5181629898320322E-4
1.5170979496331353E-4
1.5160343715890572E-4
1.5149722527172126E-4
1.5139115900429347E-4
1.5128523805997164E-4
1.511794621429024E-4
1.510738309580266E-4
1.5096834421109094E-4
1.5086300160862187E-4
1.5075780285794967E-4
1.5065274766718392E-4
1.5054783574522214E-4
1.504430668017452E-4
1.5033844054721202E-4
1.502339566928588E-4
1.5012961495069975E-4
1.5002541503352282E-4
1.4992135665487446E-4
1.498174395290807E-4
1.497136633712257E-4
1.4961002789715515E-4
1.495065328234786E-4
1.4940317786755927E-4
1.4929996274751654E-4
1.4919688718221695E-4
1.4909395089128188E-4
1.4899115359507658E-4
1.4888849501471296E-4
1.4878597487204457E-4
1.4868359288966042E-4
1.485813487908914E-4
1.484792422998006E-4
1.4837727314118352E-4
1.4827544104056682E-4
1.481737457242001E-4
1.4807218691906574E-4
1.4797076435285993E-4
1.478694777540075E-4
1.4776832685164034E-4
1.4766731137562164E-4
1.475664310565083E-4
1.47465685625582E-4
1.4736507481482984E-4
1.472645983569394E-4
1.4716425598531249E-4
1.470640474340416E-4
1.4696397243792522E-4
1.468640307324531E-4
1.4676422205381738E-4
1.4666454613889704E-4
1.4656500272525793E-4
1.4646559155116108E-4
1.4636631235555094E-4
1.4626716487805338E-4
1.4616814885897703E-4
1.4606926403930428E-4
1.4597051016070192E-4
1.458718869655086E-4
1.4577339419673258E-4
1.4567503159805355E-4
1.455767989138211E-4
1.4547869588904644E-4
1.4538072226940788E-4
1.45282877801247E-4
1.45185162231557E-4
1.45087575307996E-4
1.449901167788731E-4
1.4489278639315373E-4
1.4479558390044628E-4
1.446985090510184E-4
1.4460156159577786E-4
1.4450474128627924E-4
1.444080478747181E-4
1.4431148111392666E-4
1.4421504075738672E-4
1.4411872655920464E-4
1.4402253827412896E-4
1.4392647565753208E-4
1.438305384654303E-4
1.4373472645444956E-4
1.4363903938185754E-4
1.4354347700553988E-4
1.4344803908400438E-4
1.433527253763763E-4
1.4325753564240645E-4
1.43162469642453E-4
1.4306752713749707E-4
1.429727078891262E-4
1.428780116595368E-4
1.4278343821154008E-4
1.4268898730854913E-4
1.4259465871457988E-4
1.4250045219425794E-4
1.4240636751279939E-4
1.4231240443602966E-4
1.4221856273036315E-4
1.4212484216281294E-4
1.420312425009854E-4
1.4193776351307356E-4
1.418444049678642E-4
1.4175116663473156E-4
1.41658048283636E-4
1.4156504968511308E-4
1.414721706102954E-4
1.4137941083088184E-4
1.412867701191562E-4
1.4119424824797798E-4
1.4110184499077793E-4
1.4100956012156677E-4
1.40917393414917E-4
1.4082534464597606E-4
1.407334135904586E-4
1.4064160002464311E-4
1.4054990372537252E-4
1.404583244700544E-4
1.4036686203664875E-4
1.402755162036836E-4
1.4018428675023755E-4
1.4009317345594645E-4
1.4000217610100072E-4
1.3991129446614E-4
1.3982052833265185E-4
1.3972987748237705E-4
1.3963934169770151E-4
1.3954892076155345E-4
1.3945861445740633E-4
1.3936842256927006E-4
1.3927834488170328E-4
1.391883811797947E-4
1.3909853124917176E-4
1.3900879487599595E-4
1.3891917184696552E-4
1.388296619493054E-4
1.3874026497077163E-4
1.3865098069964916E-4
1.385618089247464E-4
1.3847274943539877E-4
1.3838380202146905E-4
1.3829496647333112E-4
1.3820624258188962E-4
1.3811763013856068E-4
1.3802912893527897E-4
1.379407387644935E-4
1.378524594191698E-4
1.3776429069278204E-4
1.3767623237931567E-4
1.3758828427326512E-4
1.3750044616963144E-4
1.374127178639229E-4
1.3732509915215132E-4
1.372375898308281E-4
1.3715018969697108E-4
1.3706289854809324E-4
1.3697571618220535E-4
1.368886423978193E-4
1.3680167699393883E-4
1.3671481977005695E-4
1.3662807052616712E-4
1.3654142906274565E-4
1.3645489518076105E-4
1.3636846868167034E-4
1.3628214936741302E-4
1.3619593704041567E-4
1.36109831503587E-4
1.3602383256031836E-4
1.3593794001447973E-4
1.3585215367041624E-4
1.3576647333295996E-4
1.356808988074089E-4
1.3559542989953846E-4
1.3551006641559872E-4
1.354248081623083E-4
1.3533965494685632E-4
1.3525460657690434E-4
1.351696628605738E-4
1.3508482360645804E-4
1.3500008862361092E-4
1.3491545772155282E-4
1.3483093071025844E-4
1.347465074001724E-4
1.3466218760218945E-4
1.3457797112766592E-4
1.3449385778841497E-4
1.3440984739670133E-4
1.3432593976524202E-4
1.342421347072103E-4
1.341584320362277E-4
1.34074831566364E-4
1.3399133311213453E-4
1.3390793648850852E-4
1.3382464151089405E-4
1.3374144799514146E-4
1.3365835575755258E-4
1.335753646148575E-4
1.3349247438423556E-4
1.334096848833042E-4
1.333269959301141E-4
1.3324440734315115E-4
1.331619189413403E-4
1.3307953054403666E-4
1.3299724197102637E-4
1.329150530425307E-4
1.3283296357919668E-4
1.3275097340209726E-4
1.3266908233274015E-4
1.3258729019305005E-4
1.3250559680537887E-4
1.3242400199250538E-4
1.3234250557762363E-4
1.322611073843548E-4
1.321798072367349E-4
1.320986049592172E-4
1.3201750037667717E-4
1.3193649331439902E-4
1.3185558359808875E-4
1.317747710538572E-4
1.3169405550823274E-4
1.316134367881533E-4
1.3153291472096888E-4
1.3145248913443066E-4
1.3137215985670398E-4
1.3129192671635712E-4
1.3121178954236175E-4
1.311317481640949E-4
1.310518024113353E-4
1.3097195211426513E-4
1.3089219710345923E-4
1.3081253720990312E-4
1.3073297226496759E-4
1.3065350210042894E-4
1.3057412654845488E-4
1.304948454416048E-4
1.3041565861283535E-4
1.303365658954938E-4
1.3025756712331922E-4
1.3017866213043972E-4
1.3009985075136362E-4
1.3002113282100104E-4
1.2994250817463898E-4
1.2986397664795047E-4
1.297855380769934E-4
1.2970719229821154E-4
1.296289391484242E-4
1.295507784648347E-4
1.29472710085025E-4
1.2939473384695682E-4
1.2931684958896673E-4
1.292390571497716E-4
1.2916135636845892E-4
1.2908374708449103E-4
1.290062291377043E-4
1.2892880236830645E-4
1.2885146661687855E-4
1.2877422172436585E-4
1.2869706753208514E-4
1.2862000388172496E-4
1.2854303061533062E-4
1.2846614757532174E-4
1.2838935460447813E-4
1.2831265154594456E-4
1.2823603824322906E-4
1.281595145401946E-4
1.280830802810705E-4
1.280067353104454E-4
1.2793047947326247E-4
1.278543126148262E-4
1.2777823458079256E-4
1.2770224521717503E-4
1.276263443703401E-4
1.275505318870125E-4
1.274748076142604E-4
1.2739917139950637E-4
1.273236230905273E-4
1.2724816253544333E-4
1.2717278958272428E-4
1.2709750408118945E-4
1.2702230588000299E-4
1.2694719482866837E-4
1.2687217077704462E-4
1.2679723357532176E-4
1.267223830740407E-4
1.2664761912408045E-4
1.265729415766564E-4
1.2649835028333148E-4
1.2642384509600044E-4
1.2634942586689315E-4
1.2627509244858592E-4
1.2620084469397937E-4
1.261266824563154E-4
1.2605260558916533E-4
1.2597861394643856E-4
1.259047073823678E-4
1.258308857515229E-4
1.2575714890880352E-4
1.2568349670943492E-4
1.2560992900896928E-4
1.2553644566328987E-4
1.2546304652860446E-4
1.253897314614416E-4
1.2531650031866328E-4
1.2524335295744315E-4
1.2517028923528817E-4
1.2509730901002252E-4
1.25024412139786E-4
1.2495159848304341E-4
1.2487886789857783E-4
1.2480622024548936E-4
1.247336553831952E-4
1.246611731714312E-4
1.245887734702419E-4
1.2451645613999085E-4
1.244442210413557E-4
1.2437206803532695E-4
1.242999969831993E-4
1.242280077465891E-4
1.2415610018741565E-4
1.2408427416790805E-4
1.2401252955060617E-4
1.2394086619835744E-4
1.2386928397431013E-4
1.23797782741926E-4
1.2372636236496472E-4
1.236550227074955E-4
1.2358376363388483E-4
1.2351258500880848E-4
1.234414866972381E-4
1.2337046856444715E-4
1.2329953047600934E-4
1.2322867229779975E-4
1.23157893895986E-4
1.2308719513703904E-4
1.2301657588772088E-4
1.2294603601509127E-4
1.2287557538650883E-4
1.2280519386961676E-4
1.2273489133236403E-4
1.2266466764298186E-4
1.225945226699927E-4
1.2252445628221752E-4
1.2245446834876375E-4
1.2238455873902297E-4
1.2231472732268395E-4
1.2224497396971527E-4
1.2217529855037968E-4
1.2210570093521686E-4
1.2203618099505837E-4
1.2196673860102217E-4
1.2189737362450029E-4
1.2182808593717815E-4
1.217588754110145E-4
1.2168974191825785E-4
1.2162068533143005E-4
1.2155170552333682E-4
1.2148280236706295E-4
1.2141397573596552E-4
1.2134522550368986E-4
1.212765515441464E-4
1.2120795373153347E-4
1.2113943194031355E-4
1.2107098604522916E-4
1.2100261592129825E-4
1.2093432144380612E-4
1.2086610248831608E-4
1.2079795893065953E-4
1.2072989064693853E-4
1.2066189751352723E-4
1.2059397940706785E-4
1.205261362044718E-4
1.2045836778291685E-4
1.2039067401984762E-4
1.203230547929817E-4
1.2025550998029215E-4
1.2018803946002433E-4
1.2012064311068364E-4
1.2005332081103957E-4
1.1998607244013069E-4
1.1991889787724838E-4
1.1985179700195109E-4
1.1978476969405624E-4
1.1971781583364225E-4
1.1965093530104516E-4
1.1958412797686137E-4
1.1951739374194289E-4
1.1945073247740108E-4
1.1938414406460384E-4
1.1931762838517444E-4
1.192511853209883E-4
1.1918481475418226E-4
1.1911851656714036E-4
1.1905229064250079E-4
1.1898613686315525E-4
1.1892005511225155E-4
1.1885404527317922E-4
1.1878810722958632E-4
1.187222408653665E-4
1.186564460646628E-4
1.1859072271187071E-4
1.1852507069162391E-4
1.1845948988881477E-4
1.1839398018857597E-4
1.183285414762832E-4
1.1826317363756462E-4
1.1819787655828568E-4
1.181326501245597E-4
1.1806749422274333E-4
1.1800240873943195E-4
1.1793739356146897E-4
1.1787244857593151E-4
1.1780757367014324E-4
1.1774276873166604E-4
1.1767803364830069E-4
1.1761336830808412E-4
1.1754877259929672E-4
1.1748424641045262E-4
1.1741978963030275E-4
1.1735540214783285E-4
1.1729108385227143E-4
1.1722683463307246E-4
1.1716265437992912E-4
1.170985429827676E-4
1.1703450033174858E-4
1.1697052631726211E-4
1.1690662082992963E-4
1.1684278376060708E-4
1.1677901500038187E-4
1.1671531444056581E-4
1.166516819727054E-4
1.1658811748857355E-4
1.165246208801696E-4
1.164611920397244E-4
1.1639783085969481E-4
1.1633453723275957E-4
1.162713110518316E-4
1.162081522100412E-4
1.1614506060074521E-4
1.1608203611752759E-4
1.1601907865419245E-4
1.1595618810476862E-4
1.1589336436350596E-4
1.1583060732487784E-4
1.1576791688357581E-4
1.1570529293451561E-4
1.1564273537283012E-4
1.1558024409386979E-4
1.1551781899321195E-4
1.1545545996664207E-4
1.1539316691016832E-4
1.1533093972001721E-4
1.1526877829263029E-4
1.1520668252466529E-4
1.1514465231299224E-4
1.1508268755470125E-4
1.150207881470926E-4
1.149589539876843E-4
1.1489718497420331E-4
1.1483548100459188E-4
1.1477384197700393E-4
1.147122677898048E-4
1.1465075834156865E-4
1.1458931353108405E-4
1.145279332573465E-4
1.1446661741956277E-4
1.1440536591714585E-4
1.1434417864972076E-4
1.1428305551711822E-4
1.1422199641937251E-4
1.1416100125673157E-4
1.1410006992964594E-4
1.1403920233876998E-4
1.1397839838496663E-4
1.1391765796930109E-4
1.1385698099304438E-4
1.1379636735766842E-4
1.1373581696485134E-4
1.1367532971646951E-4
1.1361490551460526E-4
1.1355454426154142E-4
1.1349424585976E-4
1.1343401021194591E-4
1.1337383722098107E-4
1.133137267899501E-4
1.1325367882213125E-4
1.1319369322100749E-4
1.1313376989025634E-4
1.1307390873375257E-4
1.130141096555661E-4
1.1295437255996811E-4
1.1289469735142126E-4
1.1283508393458705E-4
1.127755322143184E-4
1.1271604209566339E-4
1.1265661348386385E-4
1.1259724628435628E-4
1.1253794040277185E-4
1.1247869574492863E-4
1.1241951221684054E-4
1.1236038972471245E-4
1.1230132817493816E-4
1.1224232747410637E-4
1.1218338752898649E-4
1.1212450824655182E-4
1.1206568953395216E-4
1.1200693129852972E-4
1.11948233447815E-4
1.1188959588952697E-4
1.118310185315714E-4
1.1177250128203833E-4
1.1171404404920808E-4
1.1165564674154296E-4
1.1159730926769194E-4
1.1153903153648727E-4
1.1148081345695029E-4
1.114226549382791E-4
1.1136455588985953E-4
1.1130651622125923E-4
1.1124853584223086E-4
1.1119061466270336E-4
1.1113275259279198E-4
1.1107494954279357E-4
1.1101720542317969E-4
1.1095952014460587E-4
1.109018936179094E-4
1.1084432575410679E-4
1.1078681646438696E-4
1.1072936566012276E-4
1.1067197325286462E-4
1.1061463915433811E-4
1.1055736327644874E-4
1.1050014553127428E-4
1.1044298583107573E-4
1.1038588408828164E-4
1.1032884021549885E-4
1.102718541255136E-4
1.1021492573127932E-4
1.1015805494592767E-4
1.1010124168276342E-4
1.1004448585526226E-4
1.0998778737707652E-4
1.0993114616202686E-4
1.0987456212410612E-4
1.0981803517748106E-4
1.0976156523648668E-4
1.0970515221562992E-4
1.0964879602958992E-4
1.0959249659320924E-4
1.0953625382150551E-4
1.0948006762966356E-4
1.0942393793303723E-4
1.0936786464714369E-4
1.0931184768767548E-4
1.0925588697048561E-4
1.0919998241159902E-4
1.0914413392720134E-4
1.090883414336498E-4
1.0903260484746252E-4
1.089769240853289E-4
1.0892129906409259E-4
1.0886572970077243E-4
1.0881021591254562E-4
1.087547576167541E-4
1.086993547309007E-4
1.0864400717265709E-4
1.0858871485984857E-4
1.0853347771046969E-4
1.0847829564267367E-4
1.084231685747727E-4
1.0836809642524232E-4
1.0831307911271808E-4
1.0825811655599782E-4
1.0820320867403024E-4
1.0814835538593423E-4
1.0809355661098317E-4
1.0803881226860212E-4
1.07984122278385E-4
1.0792948656007861E-4
1.0787490503358348E-4
1.0782037761896166E-4
1.0776590423642906E-4
1.0771148480636113E-4
1.0765711924928513E-4
1.0760280748588524E-4
1.0754854943699859E-4
1.0749434502362104E-4
1.0744019416690096E-4
1.0738609678813652E-4
1.0733205280878445E-4
1.0727806215045142E-4
1.0722412473489909E-4
1.0717024048404127E-4
1.0711640931994129E-4
1.0706263116481419E-4
1.0700890594102728E-4
1.069552335711024E-4
1.0690161397770669E-4
1.0684804708365673E-4
1.0679453281192463E-4
1.0674107108562675E-4
1.066876618280313E-4
1.0663430496255111E-4
1.0658100041275164E-4
1.0652774810234619E-4
1.0647454795519298E-4
1.0642139989529788E-4
1.0636830384681522E-4
1.0631525973404654E-4
1.0626226748143645E-4
1.0620932701357784E-4
1.0615643825520703E-4
1.0610360113120717E-4
1.0605081556660668E-4
1.0599808148657581E-4
1.059453988164336E-4
1.0589276748163609E-4
1.0584018740778617E-4
1.0578765852063208E-4
1.0573518074606258E-4
1.0568275401010748E-4
1.0563037823894074E-4
1.0557805335887653E-4
1.0552577929637184E-4
1.0547355597802458E-4
1.0542138333056856E-4
1.05369261280886E-4
1.0531718975599253E-4
1.0526516868304804E-4
1.0521319798934665E-4
1.0516127760232771E-4
1.0510940744956245E-4
1.0505758745876778E-4
1.0500581755779219E-4
1.04954097674625E-4
1.0490242773739296E-4
1.0485080767435674E-4
1.0479923741392097E-4
1.0474771688461513E-4
1.0469624601511673E-4
1.0464482473423103E-4
1.0459345297090547E-4
1.045421306542112E-4
1.0449085771336736E-4
1.0443963407771935E-4
1.0438845967674655E-4
1.0433733444006935E-4
1.0428625829743591E-4
1.0423523117872338E-4
1.041842530139531E-4
1.0413332373326883E-4
1.0408244326695096E-4
1.0403161154541315E-4
1.0398082849919597E-4
1.0393009405897634E-4
1.0387940815555909E-4
1.0382877071988088E-4
1.0377818168300578E-4
1.0372764097613405E-4
1.0367714853059333E-4
1.0362670427783465E-4
1.0357630814944728E-4
1.0352596007714086E-4
1.0347565999276425E-4
1.0342540782828393E-4
1.033752035157982E-4
1.033250469875355E-4
1.0327493817584967E-4
1.0322487701321995E-4
1.0317486343225543E-4
1.0312489736568698E-4
1.0307497874637904E-4
1.0302510750731579E-4
1.0297528358160757E-4
1.0292550690249415E-4
1.0287577740333505E-4
1.028260950176167E-4
1.0277645967895195E-4
1.0272687132107428E-4
1.0267732987784282E-4
1.0262783528323874E-4
1.0257838747137267E-4
1.0252898637646776E-4
1.0247963193287661E-4
1.024303240750756E-4
1.0238106273765904E-4
1.0233184785534344E-4
1.0228267936296793E-4
1.022335571954944E-4
1.0218448128800432E-4
1.0213545157570003E-4
1.0208646799390329E-4
1.0203753047805424E-4
1.0198863896372236E-4
1.0193979338658229E-4
1.0189099368243862E-4
1.0184223978721351E-4
1.0179353163694269E-4
1.01744869167789E-4
1.0169625231602347E-4
1.0164768101804037E-4
1.0159915521035436E-4
1.0155067482959229E-4
1.0150223981250098E-4
1.0145385009594139E-4
1.0140550561689583E-4
1.013572063124585E-4
1.0130895211984115E-4
1.0126074297637182E-4
1.0121257881949511E-4
1.0116445958676655E-4
1.0111638521586286E-4
1.0106835564456911E-4
1.0102037081078814E-4
1.0097243065254052E-4
1.0092453510795267E-4
1.0087668411526976E-4
1.0082887761285223E-4
1.007811155391691E-4
1.0073339783280096E-4
1.0068572443245152E-4
1.0063809527692523E-4
1.0059051030514376E-4
1.0054296945613822E-4
1.004954726690566E-4
1.0044801988315301E-4
1.0040061103779507E-4
1.003532460724596E-4
1.0030592492673576E-4
1.0025864754032178E-4
1.0021141385302597E-4
1.001642238047693E-4
1.0011707733557732E-4
1.0006997438558857E-4
1.0002291489505403E-4
9.997589880432199E-5
The correct rate for BP: 100.00% 
