1.0596992786661574
0.8752693217782812
0.41890985033510575
0.15154961010226803
0.04404603000155079
0.027588439999487614
0.019979305148369233
0.015568676674694335
0.012698588255395379
0.010688030122142415
0.00920491035529931
0.008068068435808654
0.007170400995517369
0.006444608247666251
0.005846324165163333
0.005345144383632504
0.004919553433339373
0.004553909585552635
0.004236576379722932
0.0039587230595282226
0.0037135306810081284
0.003495652632659768
0.0033008394358318223
0.003125672386751719
0.0029673709729721117
0.002823651324161106
0.002692620618981266
0.002572697247649693
0.002462549703200003
0.002361049279977559
0.0022672330800866396
0.0021802748049983937
0.0020994614901601065
0.002024174821487107
0.00195387601698762
0.0018880935062526288
0.001826412823295553
0.0017684682634903635
0.00171393595644304
0.0016625280828643915
0.0016139880214932388
0.0015680862565723664
0.00152461691072062
0.0014833947947618638
0.0014442528870000034
0.0014070401709268255
0.0013716197734338828
0.0013378673560372949
0.0013056697199954406
0.0012749235929495491
0.0012455345701858937
0.0012174161880713756
0.0011904891108555937
0.0011646804150239158
0.0011399229578531902
0.0011161548188651123
0.001093318804570624
0.0010713620083159735
0.0010502354182276336
0.001029893567250169
0.0010102942201115587
9.913980927607575E-4
9.731686004251551E-4
9.555716309479734E-4
9.385753405029667E-4
9.221499691577316E-4
9.062676740775818E-4
8.909023784378577E-4
8.760296343499788E-4
8.616264983121115E-4
8.476714178728026E-4
8.341441283506464E-4
8.210255585868705E-4
8.082977448249751E-4
7.959437519135374E-4
7.839476011179089E-4
7.722942039046794E-4
7.609693011318103E-4
7.499594071378718E-4
7.392517582773081E-4
7.288342654956433E-4
7.1869547058058E-4
7.088245057615583E-4
6.992110563634769E-4
6.898453262492074E-4
6.807180058116163E-4
6.718202422989048E-4
6.631436122777531E-4
6.546800960571361E-4
6.464220539124126E-4
6.383622039638134E-4
6.304936015770506E-4
6.228096201654936E-4
6.153039332842152E-4
6.079704979159259E-4
6.008035388574247E-4
5.937975341232371E-4
5.869472012901296E-4
5.802474847127029E-4
5.736935435460515E-4
5.672807405168989E-4
5.610046313892792E-4
5.548609550753001E-4
5.488456243455346E-4
5.4295471709711E-4
5.371844681409398E-4
5.315312614725567E-4
5.259916229936813E-4
5.205622136543105E-4
5.152398229872842E-4
5.100213630093945E-4
5.049038624652173E-4
4.998844613913077E-4
4.949604059803165E-4
4.90129043725902E-4
4.8538781883073075E-4
4.807342678611658E-4
4.761660156332941E-4
4.716807713161553E-4
4.672763247389136E-4
4.6295054288962513E-4
4.587013665942348E-4
4.545268073649651E-4
4.504249444082521E-4
4.4639392178281035E-4
4.4243194569921487E-4
4.385372819527989E-4
4.3470825348232287E-4
4.3094323804727003E-4
4.272406660171324E-4
4.235990182664522E-4
4.2001682416975946E-4
4.1649265969097933E-4
4.130251455620842E-4
4.0961294554630494E-4
4.062547647812265E-4
4.02949348197627E-4
3.9969547901002293E-4
3.964919772751752E-4
3.9333769851499374E-4
3.9023153240056786E-4
3.871724014941279E-4
3.841592600460727E-4
3.811910928441756E-4
3.7826691411243704E-4
3.7538576645707885E-4
3.7254671985735414E-4
3.697488706989594E-4
3.669913408479729E-4
3.6427327676336844E-4
3.6159384864624237E-4
3.589522496240056E-4
3.5634769496782897E-4
3.5377942134187255E-4
3.5124668608271797E-4
3.487487665076327E-4
3.4628495925033843E-4
3.4385457962300567E-4
3.4145696100332305E-4
3.390914542453886E-4
3.367574271134996E-4
3.344542637377001E-4
3.3218136409016673E-4
3.299381434815199E-4
3.277240320761345E-4
3.2553847442568846E-4
3.233809290200808E-4
3.212508678550501E-4
3.1914777601571933E-4
3.1707115127538354E-4
3.150205037089635E-4
3.1299535532039994E-4
3.1099523968352937E-4
3.0901970159574066E-4
3.0706829674402597E-4
3.0514059138280625E-4
3.0323616202308676E-4
3.013545951325207E-4
2.994954868458517E-4
2.976584426854133E-4
2.958430772912112E-4
2.9404901416025473E-4
2.9227588539473235E-4
2.905233314587007E-4
2.8879100094300223E-4
2.8707855033795014E-4
2.853856438136886E-4
2.8371195300771736E-4
2.820571568194854E-4
2.804209412116398E-4
2.788029990178059E-4
2.7720302975654007E-4
2.756207394513157E-4
2.740558404562442E-4
2.7250805128737075E-4
2.709770964593158E-4
2.6946270632705E-4
2.6796461693267854E-4
2.664825698569605E-4
2.6501631207545714E-4
2.6356559581915216E-4
2.6213017843931537E-4
2.6070982227652354E-4
2.5930429453367666E-4
2.5791336715284016E-4
2.5653681669580086E-4
2.5517442422824167E-4
2.538259752073129E-4
2.5249125937259516E-4
2.511700706402585E-4
2.498622070003425E-4
2.4856747041703724E-4
2.472856667318931E-4
2.460166055697868E-4
2.4476010024767123E-4
2.4351596768588067E-4
2.4228402832200766E-4
2.4106410602722984E-4
2.398560280249819E-4
2.3865962481196124E-4
2.3747473008130514E-4
2.3630118064795272E-4
2.3513881637605066E-4
2.339874801084001E-4
2.328470175978161E-4
2.317172774403951E-4
2.3059811101058206E-4
2.2948937239804083E-4
2.2839091834618276E-4
2.2730260819238274E-4
2.2622430380980438E-4
2.2515586955076876E-4
2.240971721916097E-4
2.2304808087903263E-4
2.220084670778511E-4
2.2097820452011047E-4
2.199571691555423E-4
2.1894523910330311E-4
2.1794229460496466E-4
2.1694821797872606E-4
2.159628935747855E-4
2.1498620773187493E-4
2.1401804873488845E-4
2.130583067735847E-4
2.1210687390234165E-4
2.111636440009221E-4
2.1022851273622213E-4
2.0930137752496675E-4
2.0838213749735032E-4
2.0747069346155634E-4
2.0656694786916354E-4
2.056708047814158E-4
2.0478216983628588E-4
2.0390095021635872E-4
2.03027054617501E-4
2.0216039321828002E-4
2.013008776501183E-4
2.004484209681602E-4
1.9960293762284355E-4
1.987643434321445E-4
1.9793255555448013E-4
1.9710749246224635E-4
1.9628907391598476E-4
1.9547722093914946E-4
1.9467185579347113E-4
1.9387290195488048E-4
1.9308028409000075E-4
1.9229392803318416E-4
1.9151376076406034E-4
1.907397103856241E-4
1.8997170610278848E-4
1.892096782014665E-4
1.8845355802809622E-4
1.8770327796963608E-4
1.8695877143401054E-4
1.8621997283100068E-4
1.8548681755355378E-4
1.8475924195950373E-4
1.8403718335370815E-4
1.83320579970568E-4
1.826093709569465E-4
1.8190349635544657E-4
1.812028970880619E-4
1.805075149401851E-4
1.798172925449556E-4
1.7913217336794959E-4
1.7845210169220352E-4
1.77777022603561E-4
1.7710688197630862E-4
1.7644162645915343E-4
1.7578120346147446E-4
1.7512556113986728E-4
1.744746483849887E-4
1.7382841480865607E-4
1.7318681073122267E-4
1.7254978716923282E-4
1.7191729582331238E-4
1.7128928906631486E-4
1.7066571993173412E-4
1.7004654210231107E-4
1.694317098989247E-4
1.6882117826967164E-4
1.6821490277919225E-4
1.676128395981994E-4
1.670149454932208E-4
1.6642117781655742E-4
1.658314944964395E-4
1.6524585402737075E-4
1.6466421546066965E-4
1.6408653839522445E-4
1.635127829683808E-4
1.6294290984706085E-4
1.6237688021901526E-4
1.6181465578429384E-4
1.612561987468261E-4
1.6070147180621524E-4
1.601504381496666E-4
1.5960306144408506E-4
1.5905930582831276E-4
1.585191359055262E-4
1.5798251673577467E-4
1.574494138286669E-4
1.5691979313618918E-4
1.5639362104567323E-4
1.5587086437287578E-4
1.5535149035521623E-4
1.5483546664512226E-4
1.543227613035049E-4
1.5381334279336285E-4
1.533071799734915E-4
1.5280424209233542E-4
1.523044987819163E-4
1.518079200519172E-4
1.5131447628384095E-4
1.5082413822528945E-4
1.5033687698435899E-4
1.498526640241122E-4
1.4937147115717773E-4
1.4889327054042674E-4
1.4841803466976566E-4
1.479457363750055E-4
1.4747634881482797E-4
1.4700984547185282E-4
1.4654620014778162E-4
1.4608538695863834E-4
1.4562738033007362E-4
1.4517215499278797E-4
1.4471968597799844E-4
1.4426994861301234E-4
1.4382291851687095E-4
1.4337857159605472E-4
1.429368840402943E-4
1.424978323184242E-4
1.4206139317433084E-4
1.416275436229529E-4
1.4119626094637031E-4
1.407675226899373E-4
1.4034130665851097E-4
1.3991759091271243E-4
1.3949635376528223E-4
1.3907757377747587E-4
1.3866122975552406E-4
1.382473007471775E-4
1.378357660382625E-4
1.3742660514935045E-4
1.3701979783242892E-4
1.3661532406767775E-4
1.362131640602664E-4
1.358132982372129E-4
1.3541570724429937E-4
1.3502037194304157E-4
1.3462727340769485E-4
1.3423639292232484E-4
1.3384771197791706E-4
1.334612122695395E-4
1.3307687569353655E-4
1.3269468434480791E-4
1.32314620514076E-4
1.3193666668523927E-4
1.315608055327631E-4
1.311870199190905E-4
1.3081529289212475E-4
1.304456076827255E-4
1.3007794770226387E-4
1.2971229654020567E-4
1.2934863796174598E-4
1.2898695590545986E-4
1.286272344810101E-4
1.2826945796688807E-4
1.2791361080817946E-4
1.2755967761437565E-4
1.2720764315721494E-4
1.268574923685572E-4
1.2650921033830132E-4
1.2616278231231609E-4
1.258181936904179E-4
1.2547543002438256E-4
1.2513447701596882E-4
1.247953205149999E-4
1.2445794651744558E-4
1.2412234116355422E-4
1.2378849073600693E-4
1.234563816581028E-4
1.2312600049196247E-4
1.2279733393676576E-4
1.2247036882702235E-4
1.2214509213085656E-4
1.2182149094832091E-4
1.2149955250974535E-4
1.2117926417409349E-4
1.2086061342736749E-4
1.2054358788100194E-4
1.2022817527032335E-4
1.1991436345299713E-4
1.1960214040752187E-4
1.1929149423172324E-4
1.1898241314129988E-4
1.1867488546835728E-4
1.1836889965999018E-4
1.1806444427687112E-4
1.1776150799186483E-4
1.1746007958865807E-4
1.1716014796041798E-4
1.1686170210846504E-4
1.1656473114095544E-4
1.1626922427160928E-4
1.1597517081841597E-4
1.1568256020241246E-4
1.1539138194641553E-4
1.1510162567383712E-4
1.1481328110745794E-4
1.145263380682654E-4
1.1424078647427098E-4
1.1395661633937577E-4
1.1367381777223543E-4
1.1339238097512975E-4
1.131122962428792E-4
1.1283355396175156E-4
1.1255614460839107E-4
1.1228005874876052E-4
1.1200528703711078E-4
1.1173182021494247E-4
1.1145964911000046E-4
1.1118876463527599E-4
1.1091915778802174E-4
1.1065081964877688E-4
1.1038374138041907E-4
1.1011791422721055E-4
1.0985332951387426E-4
1.0958997864467094E-4
1.0932785310249448E-4
1.0906694444798026E-4
1.088072443186205E-4
1.0854874442789416E-4
1.0829143656441778E-4
1.080353125910832E-4
1.0778036444423988E-4
1.0752658413285736E-4
1.0727396373772366E-4
1.0702249541063468E-4
1.0677217137360769E-4
1.0652298391810127E-4
1.0627492540423988E-4
1.0602798826006502E-4
1.0578216498076968E-4
1.0553744812796932E-4
1.0529383032897243E-4
1.0505130427605098E-4
1.0480986272573636E-4
1.0456949849811526E-4
1.0433020447613443E-4
1.0409197360492467E-4
1.0385479889111195E-4
1.0361867340216683E-4
1.0338359026573857E-4
1.0314954266900302E-4
1.0291652385803014E-4
1.026845271371458E-4
1.0245354586830713E-4
1.02223573470492E-4
1.0199460341908336E-4
1.0176662924527118E-4
1.0153964453546113E-4
1.0131364293069147E-4
1.0108861812604169E-4
1.008645638700774E-4
1.0064147396427831E-4
1.0041934226248497E-4
1.0019816267034577E-4
9.997792914477789E-5
The correct rate for BP: 100.00% 
