1.0054049935235994
1.0633305799789254
0.5935531176147394
0.2264601316099517
0.09821056890778322
0.051170744920277025
0.03264453356021761
0.023720192450226475
0.018530686060593694
0.015151740089812281
0.01278308817544123
0.011034093483291534
0.009691839264585262
0.008630562570132205
0.007771287727460347
0.0070619672854324855
0.006466933722049889
0.005960942356344816
0.005525633814318087
0.005147343324284012
0.004815694928895005
0.004522671368677577
0.004261982109797847
0.004028623815122627
0.003818568283614145
0.003628536778107922
0.003455834111441707
0.003298224837451688
0.0031538396059057395
0.0030211034557934297
0.002898680285935883
0.0027854294063562827
0.00268037121662574
0.0025826598539307327
0.0024915612165872106
0.002406435171790652
0.0023267210484338666
0.0022519257297892326
0.0021816138192482437
0.002115399470711242
0.0020529395645318012
0.0019939279778663733
0.0019380907503878367
0.0018851819865876747
0.0018349803672284477
0.0017872861670627815
0.0017419186952976073
0.0016987140906444035
0.0016575234150540436
0.0016182110000704977
0.0015806530076698361
0.001544736173881296
0.0015103567087236406
0.0014774193302747873
0.0014458364142130502
0.0014155272430732093
0.001386417341867266
0.0013584378887209444
0.001331525190847216
0.0013056202175774528
0.0012806681833465326
0.0012566181745197183
0.0012334228147879525
0.00121103796456956
0.0011894224504620063
0.0011685378213037248
0.0011483481278484733
0.001128819723433513
0.001109921083349319
0.0010916226408996831
0.0010738966383840886
0.0010567169914447638
0.001040059165403691
0.0010239000623736775
0.0010082179180664786
9.929922073419549E-4
9.782035576482875E-4
9.638336695963633E-4
9.498652439930737E-4
9.362819147302949E-4
9.230681869896967E-4
9.102093802796297E-4
8.976915758698139E-4
8.855015682337445E-4
8.736268201473865E-4
8.620554211278397E-4
8.507760489261015E-4
8.397779338159861E-4
8.290508254455832E-4
8.18584962039759E-4
8.083710417618174E-4
7.984001960602029E-4
7.886639648418611E-4
7.791542733281181E-4
7.698634104619914E-4
7.607840087469962E-4
7.519090254083061E-4
7.432317247763925E-4
7.347456618017115E-4
7.264446666168693E-4
7.1832283006957E-4
7.103744901560097E-4
7.0259421929016E-4
6.949768123495737E-4
6.875172754431841E-4
6.802108153507433E-4
6.730528295877407E-4
6.660388970529636E-4
6.591647692193867E-4
6.524263618320036E-4
6.458197470789189E-4
6.393411462045946E-4
6.329869225365278E-4
6.267535748985201E-4
6.206377313860099E-4
6.146361434803319E-4
6.087456804807369E-4
6.029633242342995E-4
5.972861641453992E-4
5.917113924475679E-4
5.862362997219167E-4
5.808582706471193E-4
5.755747799673438E-4
5.703833886650885E-4
5.6528174032693E-4
5.602675576910365E-4
5.553386393658288E-4
5.504928567100848E-4
5.457281508652988E-4
5.410425299316549E-4
5.364340662796902E-4
5.319008939900353E-4
5.274412064142173E-4
5.230532538499089E-4
5.187353413244351E-4
5.144858264806851E-4
5.103031175599713E-4
5.061856714767484E-4
5.021319919802703E-4
4.98140627898705E-4
4.942101714614871E-4
4.903392566956973E-4
4.8652655789294043E-4
4.827707881429207E-4
4.7907069793052767E-4
4.754250737931034E-4
4.7183273703505646E-4
4.6829254249686593E-4
4.648033773759022E-4
4.6136416009647733E-4
4.579738392268212E-4
4.5463139244063017E-4
4.513358255211942E-4
4.4808617140596515E-4
4.44881489269737E-4
4.4172086364461664E-4
4.3860340357506353E-4
4.355282418064148E-4
4.3249453400531594E-4
4.2950145801065695E-4
4.2654821311358105E-4
4.236340193653021E-4
4.207581169114781E-4
4.1791976535194013E-4
4.1511824312469444E-4
4.1235284691309835E-4
4.0962289107523313E-4
4.069277070944872E-4
4.042666430504469E-4
4.0163906310924615E-4
3.9904434703248926E-4
3.964818897040569E-4
3.93951100673925E-4
3.9145140371839917E-4
3.8898223641601774E-4
3.865430497384662E-4
3.841333076559765E-4
3.817524867564814E-4
3.794000758780901E-4
3.770755757542985E-4
3.7477849867138216E-4
3.725083681375807E-4
3.702647185635244E-4
3.6804709495349074E-4
3.658550526070663E-4
3.636881568307921E-4
3.6154598265946574E-4
3.5942811458659343E-4
3.5733414630383716E-4
3.552636804489002E-4
3.5321632836171147E-4
3.5119170984847844E-4
3.491894529533525E-4
3.4720919373745947E-4
3.452505760649348E-4
3.4331325139580086E-4
3.413968785853407E-4
3.395011236898385E-4
3.3762565977832906E-4
3.357701667502692E-4
3.3393433115877676E-4
3.3211784603940535E-4
3.303204107440906E-4
3.2854173078019055E-4
3.2678151765440605E-4
3.2503948872141485E-4
3.233153670370475E-4
3.216088812158588E-4
3.199197652929259E-4
3.1824775858974437E-4
3.165926055840779E-4
3.149540557836103E-4
3.133318636033106E-4
3.117257882463105E-4
3.1013559358828807E-4
3.085610480651208E-4
3.0700192456378886E-4
3.054580003163662E-4
3.039290567970468E-4
3.0241487962203123E-4
3.0091525845227603E-4
2.9942998689892986E-4
2.9795886243142415E-4
2.9650168628808426E-4
2.950582633892363E-4
2.9362840225269024E-4
2.9221191491151364E-4
2.9080861683407865E-4
2.8941832684625183E-4
2.8804086705568613E-4
2.866760627781562E-4
2.8532374246584714E-4
2.839837376375851E-4
2.826558828108596E-4
2.8134001543570717E-4
2.8003597583029313E-4
2.78743607118168E-4
2.774627551672028E-4
2.7619326853007767E-4
2.7493499838629243E-4
2.736877984857288E-4
2.724515250935733E-4
2.7122603693673927E-4
2.7001119515156094E-4
2.688068632328872E-4
2.676129069843945E-4
2.6642919447019005E-4
2.6525559596761217E-4
2.640919839211804E-4
2.629382328977435E-4
2.617942195426623E-4
2.6065982253713573E-4
2.595349225565313E-4
2.584194022297383E-4
2.5731314609951986E-4
2.562160405838263E-4
2.551279739380088E-4
2.540488362179899E-4
2.529785192442636E-4
2.519169165668072E-4
2.5086392343075595E-4
2.498194367429606E-4
2.487833550392946E-4
2.4775557845271634E-4
2.467360086821098E-4
2.4572454896183016E-4
2.4472110403195866E-4
2.4372558010925154E-4
2.427378848587371E-4
2.4175792736598324E-4
2.4078561811001598E-4
2.3982086893678601E-4
2.3886359303331933E-4
2.3791370490240126E-4
2.3697112033783095E-4
2.3603575640025975E-4
2.3510753139353516E-4
2.3418636484160473E-4
2.3327217746589072E-4
2.3236489116320764E-4
2.3146442898413794E-4
2.3057071511189053E-4
2.2968367484162003E-4
2.2880323456019543E-4
2.2792932172641814E-4
2.2706186485164353E-4
2.2620079348084442E-4
2.2534603817407688E-4
2.2449753048831792E-4
2.2365520295972667E-4
2.2281898908626353E-4
2.219888233106703E-4
2.2116464100382143E-4
2.203463784484242E-4
2.1953397282305318E-4
2.187273621865285E-4
2.1792648546260275E-4
2.1713128242498712E-4
2.1634169368266363E-4
2.155576606655292E-4
2.1477912561029334E-4
2.140060315467083E-4
2.1323832228404494E-4
2.1247594239786791E-4
2.1171883721706088E-4
2.1096695281112645E-4
2.1022023597773437E-4
2.0947863423052091E-4
2.087420957871283E-4
2.0801056955749718E-4
2.0728400513237626E-4
2.065623527720552E-4
2.0584556339534163E-4
2.0513358856873317E-4
2.0442638049581314E-4
2.037238920068513E-4
2.0302607654860866E-4
2.0233288817432838E-4
2.0164428153394246E-4
2.0096021186444534E-4
2.002806349804656E-4
1.9960550726501466E-4
1.9893478566040905E-4
1.9826842765937458E-4
1.9760639129630974E-4
1.969486351387223E-4
1.9629511827881692E-4
1.9564580032525235E-4
1.9500064139504262E-4
1.943596021056261E-4
1.937226435670692E-4
1.9308972737440406E-4
1.9246081560013762E-4
1.918358707868753E-4
1.9121485594009643E-4
1.9059773452103515E-4
1.8998447043973567E-4
1.8937502804819157E-4
1.8876937213362728E-4
1.8816746791191805E-4
1.8756928102109144E-4
1.869747775149806E-4
1.8638392385697777E-4
1.85796686913887E-4
1.8521303394992137E-4
1.8463293262076556E-4
1.840563509677728E-4
1.8348325741225565E-4
1.8291362074987844E-4
1.8234741014514308E-4
1.8178459512598418E-4
1.8122514557844408E-4
1.8066903174144804E-4
1.8011622420167125E-4
1.795666938885031E-4
1.7902041206906887E-4
1.7847735034338334E-4
1.7793748063953991E-4
1.7740077520901566E-4
1.768672066220515E-4
1.7633674776308667E-4
1.7580937182630688E-4
1.7528505231125346E-4
1.747637630184848E-4
1.7424547804534846E-4
1.7373017178179832E-4
1.7321781890629404E-4
1.7270839438176462E-4
1.722018734516354E-4
1.716982316359364E-4
1.7119744472744828E-4
1.7069948878794774E-4
1.7020434014448086E-4
1.697119753857194E-4
1.6922237135836782E-4
1.6873550516363577E-4
1.6825135415376194E-4
1.6776989592859034E-4
1.6729110833221567E-4
1.668149694496785E-4
1.6634145760370238E-4
1.658705513515008E-4
1.6540222948161984E-4
1.649364710108435E-4
1.6447325518114065E-4
1.6401256145666846E-4
1.63554369520816E-4
1.63098659273295E-4
1.626454108272838E-4
1.6219460450660748E-4
1.6174622084296806E-4
1.6130024057322713E-4
1.6085664463669642E-4
1.6041541417252257E-4
1.599765305170643E-4
1.595399752013432E-4
1.5910572994852062E-4
1.5867377667140456E-4
1.582440974700215E-4
1.57816674629195E-4
1.573914906161907E-4
1.5696852807836481E-4
1.5654776984087997E-4
1.5612919890444326E-4
1.5571279844306136E-4
1.552985518018678E-4
1.5488644249494598E-4
1.5447645420320208E-4
1.5406857077227427E-4
1.5366277621046493E-4
1.5325905468670378E-4
1.5285739052854142E-4
1.524577682201844E-4
1.5206017240054255E-4
1.5166458786131E-4
1.5127099954508842E-4
1.5087939254351574E-4
1.5048975209544182E-4
1.5010206358511682E-4
1.4971631254041639E-4
1.493324846310869E-4
1.4895056566701363E-4
1.4857054159652674E-4
1.4819239850471838E-4
1.478161226117837E-4
1.474417002714016E-4
1.4706911796912391E-4
1.46698362320785E-4
1.4632942007096066E-4
1.4596227809140686E-4
1.4559692337955842E-4
1.4523334305702906E-4
1.4487152436813895E-4
1.4451145467846342E-4
1.4415312147339916E-4
1.437965123567527E-4
1.434416150493465E-4
1.430884173876551E-4
1.4273690732243902E-4
1.423870729174233E-4
1.420389023479679E-4
1.4169238389978356E-4
1.4134750596765127E-4
1.4100425705414297E-4
1.4066262576840061E-4
1.4032260082489986E-4
1.3998417104223152E-4
1.3964732534192613E-4
1.3931205274725155E-4
1.389783423820805E-4
1.386461834697249E-4
1.3831556533180962E-4
1.379864773871645E-4
1.3765890915071863E-4
1.3733285023242122E-4
1.3700829033616354E-4
1.3668521925873264E-4
1.3636362688876615E-4
1.3604350320571974E-4
1.3572483827886694E-4
1.3540762226627728E-4
1.350918454138562E-4
1.347774980543511E-4
1.3446457060639348E-4
1.341530535735584E-4
1.3384293754342675E-4
1.3353421318665348E-4
1.332268712560657E-4
1.3292090258576114E-4
1.3261629809021596E-4
1.3231304876341643E-4
1.3201114567798846E-4
1.3171057998434316E-4
1.314113429098455E-4
1.311134257579647E-4
1.3081681990747009E-4
1.305215168116154E-4
1.3022750799733345E-4
1.299347850644532E-4
1.296433396849215E-4
1.2935316360202772E-4
1.2906424862965075E-4
1.287765866515021E-4
1.2849016962038876E-4
1.282049895574864E-4
1.2792103855161058E-4
1.2763830875851288E-4
1.2735679240015677E-4
1.2707648176405424E-4
1.2679736920255668E-4
1.2651944713217895E-4
1.2624270803294192E-4
1.2596714444769428E-4
1.2569274898148266E-4
1.2541951430089025E-4
1.2514743313339738E-4
1.248764982667659E-4
1.2460670254841862E-4
1.2433803888480422E-4
1.2407050024082372E-4
1.238040796392041E-4
1.2353877015992547E-4
1.2327456493962884E-4
1.2301145717103886E-4
1.2274944010240142E-4
1.2248850703690841E-4
1.2222865133216019E-4
1.2196986639959665E-4
1.2171214570396664E-4
1.2145548276279051E-4
1.2119987114582627E-4
1.2094530447455045E-4
1.206917764216406E-4
1.2043928071045906E-4
1.201878111145602E-4
1.1993736145717681E-4
1.1968792561073709E-4
1.1943949749637972E-4
1.1919207108345928E-4
1.1894564038908404E-4
1.187001994776423E-4
1.1845574246033719E-4
1.1821226349472814E-4
1.1796975678427413E-4
1.1772821657788767E-4
1.174876371694957E-4
1.1724801289759757E-4
1.1700933814482856E-4
1.1677160733754293E-4
1.1653481494537963E-4
1.1629895548085008E-4
1.1606402349892511E-4
1.1583001359662686E-4
1.1559692041262087E-4
1.1536473862682316E-4
1.1513346295999953E-4
1.1490308817337956E-4
1.1467360906827461E-4
1.14445020485686E-4
1.1421731730594097E-4
1.1399049444830593E-4
1.1376454687063435E-4
1.1353946956898424E-4
1.1331525757727888E-4
1.1309190596693371E-4
1.1286940984651009E-4
1.1264776436137089E-4
1.1242696469333395E-4
1.1220700606032639E-4
1.1198788371605415E-4
1.117695929496712E-4
1.1155212908544464E-4
1.1133548748243191E-4
1.1111966353415757E-4
1.109046526683014E-4
1.1069045034637046E-4
1.1047705206340287E-4
1.1026445334764943E-4
1.1005264976027553E-4
1.0984163689505308E-4
1.0963141037807003E-4
1.0942196586743053E-4
1.0921329905296624E-4
1.0900540565594948E-4
1.0879828142880265E-4
1.0859192215481905E-4
1.0838632364788996E-4
1.0818148175221803E-4
1.0797739234205107E-4
1.0777405132140969E-4
1.0757145462382228E-4
1.0736959821206044E-4
1.071684780778705E-4
1.069680902417298E-4
1.0676843075257073E-4
1.065694956875533E-4
1.063712811517834E-4
1.0617378327809561E-4
1.0597699822678489E-4
1.0578092218537982E-4
1.0558555136838967E-4
1.0539088201707492E-4
1.051969103992138E-4
1.0500363280886452E-4
1.048110455661322E-4
1.0461914501695323E-4
1.0442792753285878E-4
1.0423738951075478E-4
1.0404752737270485E-4
1.0385833756570761E-4
1.036698165614827E-4
1.0348196085625422E-4
1.0329476697054665E-4
1.0310823144896595E-4
1.0292235085999611E-4
1.0273712179579368E-4
1.0255254087198956E-4
1.0236860472747977E-4
1.021853100242329E-4
1.0200265344708631E-4
1.0182063170355975E-4
1.0163924152366002E-4
1.0145847965967999E-4
1.0127834288603123E-4
1.0109882799903103E-4
1.0091993181673465E-4
1.007416511787506E-4
1.0056398294605237E-4
1.0038692400079824E-4
1.0021047124616553E-4
1.0003462160616151E-4
9.985937202545449E-5
The correct rate for BP: 100.00% 
