1.0317795812483128
0.8778811506436327
0.40163122791918404
0.1687127132989623
0.07575013952238632
0.043468250475411016
0.029937111492139568
0.02264374708537533
0.01811328519320637
0.015039056890257321
0.012823061134560058
0.011153861810118145
0.00985369669248544
0.00881389963266693
0.007964402075644951
0.007258049526565056
0.006661975486334201
0.00615259096648066
0.005712539466051194
0.005328774473469802
0.004991305434769195
0.0046923563326323105
0.004425787004556826
0.0041866863962380565
0.003971081077510256
0.0037757227080075124
0.0035979306327295294
0.003435473649744626
0.0032864800537592003
0.003149368385562551
0.0030227935445848128
0.0029056044388388767
0.0027968103961424373
0.002695554297303859
0.0026010909160894373
0.002512769328280962
0.0024300185271502683
0.0023523355851940457
0.0022792758525984947
0.002210444795989032
0.002145491166670093
0.0020841012529675884
0.0020259940216268003
0.0019709169922466486
0.0019186427192005601
0.001868965779437745
0.0018217001834925
0.0017766771420890067
0.0017337431327761527
0.0016927582207151089
0.00165359459557313
0.0016161352928382188
0.0015802730730597736
0.0015459094367746907
0.0015129537563810813
0.001481322509116061
0.0014509385976960165
0.0014217307471782055
0.0013936329682747372
0.0013665840787522123
0.0013405272757310823
0.0013154097526947308
0.0012911823558627935
0.0012677992752995314
0.0012452177667391152
0.0012233979006311632
0.0012023023353564637
0.0011818961119468322
0.0011621464679730242
0.001143022668549787
0.0011244958526536709
0.0011065388931629848
0.0010891262692148801
0.0010722339496364443
0.0010558392863475954
0.001039920916757165
0.0010244586742812322
0.0010094335062081723
9.948273982177292E-4
9.806233049352124E-4
9.668050859666524E-4
9.533574469180236E-4
9.402658849524015E-4
9.275166384838187E-4
9.150966406466773E-4
9.029934762149977E-4
8.911953416774581E-4
8.796910082024711E-4
8.684697872526955E-4
8.57521498631072E-4
8.46836440760546E-4
8.364053630178449E-4
8.262194399581156E-4
8.162702472814798E-4
8.065497394062784E-4
7.97050228525226E-4
7.877643650316022E-4
7.786851192124509E-4
7.69805764114142E-4
7.611198594940546E-4
7.526212367789099E-4
7.443039849571941E-4
7.361624373386937E-4
7.281911591199145E-4
7.20384935698679E-4
7.127387616860726E-4
7.052478305676596E-4
6.979075249698396E-4
6.90713407490407E-4
6.83661212055786E-4
6.767468357698653E-4
6.699663312223885E-4
6.63315899226867E-4
6.567918819604686E-4
6.50390756480165E-4
6.44109128591352E-4
6.379437270468292E-4
6.318913980556483E-4
6.259491000826838E-4
6.201138989211921E-4
6.143829630218369E-4
6.087535590627698E-4
6.0322304774638E-4
5.97788879809379E-4
5.924485922336903E-4
5.871998046465056E-4
5.820402158985583E-4
5.769676008104907E-4
5.719798070777445E-4
5.670747523250491E-4
5.622504213022128E-4
5.575048632133015E-4
5.528361891719642E-4
5.482425697760137E-4
5.437222327947055E-4
5.392734609628281E-4
5.348945898757693E-4
5.305840059802949E-4
5.263401446560215E-4
5.221614883827456E-4
5.180465649893483E-4
5.139939459799657E-4
5.100022449335107E-4
5.06070115972869E-4
5.02196252300231E-4
4.983793847952195E-4
4.946182806728354E-4
4.909117421980877E-4
4.8725860545470586E-4
4.8365773916518356E-4
4.801080435597737E-4
4.7660844929200345E-4
4.731579163985674E-4
4.697554333014534E-4
4.664000158503484E-4
4.6309070640340776E-4
4.598265729446505E-4
4.566067082362909E-4
4.53430229004346E-4
4.502962751561112E-4
4.4720400902796884E-4
4.44152614662209E-4
4.4114129711158185E-4
4.38169281770336E-4
4.3523581373055485E-4
4.323401571627195E-4
4.2948159471943733E-4
4.266594269613177E-4
4.238729718040465E-4
4.2112156398575105E-4
4.1840455455385394E-4
4.1572131037044996E-4
4.1307121363561196E-4
4.10453661427719E-4
4.0786806526020363E-4
4.0531385065398207E-4
4.0279045672495683E-4
4.0029733578597447E-4
3.978339529626286E-4
3.9539978582236497E-4
3.9299432401637474E-4
3.906170689337472E-4
3.8826753336737525E-4
3.859452411911986E-4
3.8364972704829484E-4
3.813805360494208E-4
3.7913722348160674E-4
3.769193545263929E-4
3.7472650398732825E-4
3.72558256026443E-4
3.704142039092662E-4
3.6829394975813645E-4
3.6619710431344603E-4
3.6412328670258365E-4
3.6207212421618704E-4
3.600432520915621E-4
3.5803631330290516E-4
3.560509583581099E-4
3.540868451019565E-4
3.5214363852539593E-4
3.5022101058074034E-4
3.483186400025551E-4
3.4643621213400295E-4
3.445734187585164E-4
3.427299579365675E-4
3.4090553384734113E-4
3.390998566351761E-4
3.373126422606113E-4
3.355436123558149E-4
3.3379249408435304E-4
3.320590200050179E-4
3.303429279397217E-4
3.2864396084515755E-4
3.2696186668827206E-4
3.2529639832527065E-4
3.236473133841333E-4
3.2201437415047175E-4
3.203973474566687E-4
3.187960045741297E-4
3.1721012110857603E-4
3.1563947689831044E-4
3.140838559152877E-4
3.125430461689638E-4
3.1101683961279976E-4
3.095050320533447E-4
3.080074230618174E-4
3.065238158881037E-4
3.050540173770953E-4
3.035978378872754E-4
3.021550912115475E-4
3.007255945001332E-4
2.993091681855721E-4
2.9790563590969865E-4
2.9651482445256443E-4
2.951365636632221E-4
2.937706863923354E-4
2.9241702842656926E-4
2.910754284246495E-4
2.897457278551182E-4
2.884277709356829E-4
2.8712140457411487E-4
2.8582647831067425E-4
2.8454284426200594E-4
2.832703570664483E-4
2.820088738307359E-4
2.807582540780335E-4
2.795183596972863E-4
2.782890548938169E-4
2.770702061411816E-4
2.7586168213418873E-4
2.7466335374308584E-4
2.734750939688831E-4
2.7229677789976424E-4
2.7112828266855185E-4
2.6996948741120873E-4
2.688202732263638E-4
2.67680523135776E-4
2.665501220457835E-4
2.654289567096397E-4
2.6431691569078113E-4
2.632138893269442E-4
2.621197696951144E-4
2.610344505773568E-4
2.599578274273834E-4
2.588897973379367E-4
2.578302590089341E-4
2.567791127163122E-4
2.5573626028165507E-4
2.547016050424632E-4
2.5367505182312356E-4
2.5265650690656417E-4
2.516458780065035E-4
2.506430742403808E-4
2.496480061028637E-4
2.4866058543997845E-4
2.476807254237851E-4
2.4670834052763603E-4
2.457433465020104E-4
2.447856603508343E-4
2.4383520030835597E-4
2.4289188581653527E-4
2.4195563750290251E-4
2.4102637715891898E-4
2.4010402771880288E-4
2.3918851323882518E-4
2.382797588770232E-4
2.3737769087339984E-4
2.364822365305026E-4
2.3559332419442928E-4
2.3471088323625565E-4
2.3383484403385714E-4
2.3296513795406168E-4
2.3210169733527106E-4
2.3124445547037083E-4
2.303933465900232E-4
2.295483058463224E-4
2.2870926929677185E-4
2.2787617388860237E-4
2.2704895744340205E-4
2.262275586420869E-4
2.2541191701015375E-4
2.2460197290325115E-4
2.2379766749304058E-4
2.2299894275333652E-4
2.222057414465449E-4
2.2141800711035175E-4
2.206356840447019E-4
2.1985871729903052E-4
2.1908705265974147E-4
2.1832063663794333E-4
2.1755941645742948E-4
2.1680334004289722E-4
2.160523560083917E-4
2.1530641364597626E-4
2.14565462914647E-4
2.1382945442942732E-4
2.1309833945070544E-4
2.1237206987376582E-4
2.1165059821852357E-4
2.1093387761945807E-4
2.1022186181574251E-4
2.0951450514155857E-4
2.088117625166024E-4
2.0811358943675066E-4
2.0741994196494677E-4
2.0673077672220662E-4
2.060460508788422E-4
2.0536572214580422E-4
2.0468974876623993E-4
2.0401808950715262E-4
2.0335070365126557E-4
2.0268755098899424E-4
2.020285918106146E-4
2.0137378689852412E-4
2.007230975196877E-4
2.0007648541819553E-4
1.994339128079786E-4
1.987953423656274E-4
1.9816073722338565E-4
1.9753006096221739E-4
1.96903277605046E-4
1.962803516100868E-4
1.9566124786431284E-4
1.9504593167703728E-4
1.9443436877358974E-4
1.9382652528914765E-4
1.9322236776263648E-4
1.92621863130745E-4
1.9202497872208802E-4
1.9143168225139523E-4
1.9084194181387778E-4
1.9025572587965322E-4
1.8967300328826702E-4
1.8909374324332738E-4
1.8851791530721912E-4
1.879454893959235E-4
1.8737643577390075E-4
1.868107250490947E-4
1.8624832816799793E-4
1.8568921641080933E-4
1.8513336138668336E-4
1.8458073502904056E-4
1.8403130959097279E-4
1.8348505764072362E-4
1.8294195205724597E-4
1.8240196602582292E-4
1.81865073033788E-4
1.8133124686627784E-4
1.8080046160209726E-4
1.8027269160962497E-4
1.7974791154279566E-4
1.7922609633715496E-4
1.787072212059741E-4
1.781912616364205E-4
1.776781933858069E-4
1.7716799247788798E-4
1.7666063519923233E-4
1.7615609809563406E-4
1.7565435796860443E-4
1.7515539187190103E-4
1.7465917710812496E-4
1.7416569122536815E-4
1.7367491201392227E-4
1.7318681750301746E-4
1.7270138595765243E-4
1.7221859587543108E-4
1.7173842598348818E-4
1.7126085523542936E-4
1.7078586280835017E-4
1.703134280998854E-4
1.6984353072530944E-4
1.6937615051466152E-4
1.689112675099731E-4
1.6844886196246437E-4
1.679889143298405E-4
1.675314052736045E-4
1.670763156564193E-4
1.6662362653950406E-4
1.6617331918007826E-4
1.6572537502884774E-4
1.652797757275121E-4
1.648365031063364E-4
1.643955391817251E-4
1.6395686615387468E-4
1.635204664044266E-4
1.6308632249418186E-4
1.626544171608188E-4
1.6222473331668576E-4
1.6179725404658944E-4
1.6137196260564428E-4
1.6094884241713475E-4
1.6052787707041918E-4
1.6010905031886411E-4
1.596923460778122E-4
1.5927774842256485E-4
1.5886524158641686E-4
1.5845480995870252E-4
1.5804643808288362E-4
1.576401106546478E-4
1.572358125200606E-4
1.5683352867372139E-4
1.564332442569523E-4
1.5603494455602169E-4
1.5563861500038196E-4
1.5524424116094852E-4
1.5485180874838292E-4
1.5446130361140923E-4
1.5407271173517408E-4
1.5368601923959147E-4
1.5330121237774568E-4
1.5291827753430377E-4
1.525372012239442E-4
1.5215797008981868E-4
1.5178057090203047E-4
1.5140499055613788E-4
1.5103121607166456E-4
1.5065923459066448E-4
1.5028903337626045E-4
1.4992059981125186E-4
1.495539213966914E-4
1.491889857505264E-4
1.4882578060624184E-4
1.4846429381150226E-4
1.48104513326854E-4
1.4774642722440695E-4
1.4739002368655425E-4
1.4703529100470891E-4
1.4668221757804751E-4
1.4633079191228286E-4
1.4598100261844382E-4
1.4563283841168766E-4
1.4528628811009476E-4
1.4494134063352968E-4
1.4459798500246783E-4
1.442562103368732E-4
1.4391600585506533E-4
1.4357736087263167E-4
1.4324026480132533E-4
1.4290470714799008E-4
1.4257067751350243E-4
1.42238165591723E-4
1.419071611684653E-4
1.4157765412047205E-4
1.4124963441441253E-4
1.4092309210588918E-4
1.4059801733846036E-4
1.40274400342666E-4
1.3995223143508132E-4
1.3963150101737638E-4
1.3931219957537407E-4
1.3899431767815223E-4
1.386778459771215E-4
1.3836277520514086E-4
1.3804909617563615E-4
1.3773679978171922E-4
1.3742587699534862E-4
1.371163188664582E-4
1.3680811652213773E-4
1.365012611657987E-4
1.3619574407635756E-4
1.358915566074372E-4
1.355886901865564E-4
1.3528713631436924E-4
1.3498688656386396E-4
1.3468793257961334E-4
1.343902660770156E-4
1.3409387884154688E-4
1.3379876272802638E-4
1.3350490965988708E-4
1.3321231162845783E-4
1.329209606922523E-4
1.3263084897627406E-4
1.3234196867131884E-4
1.3205431203328755E-4
1.3176787138253045E-4
1.3148263910316014E-4
1.311986076423978E-4
1.3091576950992613E-4
1.306341172772568E-4
1.303536435770797E-4
1.30074341102639E-4
1.297962026071325E-4
1.295192209030728E-4
1.2924338886170618E-4
1.2896869941240666E-4
1.286951455420884E-4
1.2842272029461882E-4
1.2815141677025317E-4
1.2788122812505562E-4
1.276121475703506E-4
1.2734416837215958E-4
1.270772838506492E-4
1.2681148737959805E-4
1.2654677238586843E-4
1.2628313234885804E-4
1.2602056079999348E-4
1.2575905132221116E-4
1.2549859754943957E-4
1.252391931661096E-4
1.2498083190664395E-4
1.2472350755497456E-4
1.2446721394404563E-4
1.2421194495534175E-4
1.239576945184136E-4
1.237044566104042E-4
1.2345222525558388E-4
1.2320099452489428E-4
1.2295075853550208E-4
1.2270151145033387E-4
1.2245324747765676E-4
1.2220596087061204E-4
1.2195964592681169E-4
1.2171429698789244E-4
1.2146990843909772E-4
1.2122647470886364E-4
1.2098399026839977E-4
1.2074244963128723E-4
1.2050184735306703E-4
1.202621780308483E-4
1.2002343630291322E-4
1.1978561684832075E-4
1.1954871438652722E-4
1.1931272367700836E-4
1.1907763951886503E-4
1.1884345675047383E-4
1.186101702491022E-4
1.183777749305492E-4
1.1814626574878473E-4
1.1791563769559594E-4
1.1768588580022853E-4
1.1745700512904561E-4
1.1722899078518128E-4
1.1700183790819346E-4
1.1677554167373858E-4
1.1655009729322212E-4
1.1632550001348923E-4
1.1610174511648183E-4
1.1587882791892424E-4
1.1565674377200604E-4
1.1543548806105943E-4
1.1521505620525077E-4
1.149954436572781E-4
1.1477664590306023E-4
1.1455865846142863E-4
1.14341476883845E-4
1.1412509675409014E-4
1.139095136879844E-4
1.1369472333308876E-4
1.1348072136842592E-4
1.1326750350419176E-4
1.1305506548148148E-4
1.1284340307201167E-4
1.1263251207784209E-4
1.1242238833111127E-4
1.122130276937597E-4
1.120044260572765E-4
1.117965793424277E-4
1.11589483499003E-4
1.1138313450555196E-4
1.1117752836913598E-4
1.109726611250763E-4
1.107685288367045E-4
1.1056512759511408E-4
1.103624535189195E-4
1.1016050275401591E-4
1.0995927147334028E-4
1.0975875587663127E-4
1.0955895219020195E-4
1.093598566667082E-4
1.0916146558491159E-4
1.0896377524946604E-4
1.0876678199068517E-4
1.0857048216432146E-4
1.0837487215135075E-4
1.0817994835774983E-4
1.0798570721428804E-4
1.0779214517630819E-4
1.0759925872352164E-4
1.0740704435979672E-4
1.0721549861295256E-4
1.0702461803455529E-4
1.0683439919972052E-4
1.0664483870690398E-4
1.064559331777158E-4
1.0626767925671007E-4
1.0608007361120357E-4
1.0589311293108511E-4
1.0570679392860266E-4
1.0552111333820942E-4
1.0533606791635183E-4
1.0515165444129443E-4
1.0496786971293767E-4
1.0478471055263697E-4
1.0460217380301838E-4
1.0442025632781556E-4
1.0423895501167154E-4
1.0405826675999408E-4
1.0387818849875511E-4
1.0369871717434007E-4
1.0351984975337461E-4
1.0334158322254997E-4
1.031639145884759E-4
1.0298684087749001E-4
1.0281035913552166E-4
1.0263446642791968E-4
1.0245915983929316E-4
1.0228443647335285E-4
1.0211029345276794E-4
1.0193672791899341E-4
1.017637370321309E-4
1.0159131797077616E-4
1.0141946793185658E-4
1.0124818413050139E-4
1.0107746379988639E-4
1.009073041910795E-4
1.0073770257291668E-4
1.005686562318369E-4
1.0040016247176125E-4
1.0023221861393767E-4
1.0006482199681028E-4
9.989796997588018E-5
The correct rate for BP: 100.00% 
