0.45945206861442356
0.37714853692169
0.07832062870338374
0.02257501101788911
0.010578428784525857
0.007878282346977333
0.006308047033751858
0.0052664689758701744
0.004521675098861624
0.003961564639649733
0.0035246179862570594
0.003174068565477146
0.002886526035902872
0.0026463747495676093
0.002442780147832735
0.0022679838106069257
0.0021162814727647863
0.001983384027922992
0.0018660035639971907
0.0017615769285971178
0.001668076227652509
0.0015838759043240087
0.0015076575981488292
0.001438340808736026
0.0013750315435629883
0.0013169837284102868
0.0012635698240927393
0.0012142581832630976
0.0011685954088343283
0.0011261924701492178
0.0010867136746435504
0.0010498678322558648
0.001015401120075315
9.830912772678206E-4
9.527428495836737E-4
9.241832684819495E-4
8.972595988086119E-4
8.718358256929425E-4
8.477905791594897E-4
8.250152162217506E-4
8.034121966053431E-4
7.828937009605194E-4
7.633804503567306E-4
7.448006936661336E-4
7.270893356278753E-4
7.101871833104285E-4
6.940402926337879E-4
6.785993997888643E-4
6.638194249618275E-4
6.49659037861171E-4
6.360802762530676E-4
6.230482101122899E-4
6.105306451509257E-4
5.9849786044339E-4
5.869223756603053E-4
5.75778744086317E-4
5.65043368151275E-4
5.546943346697903E-4
5.447112673764935E-4
5.350751946760585E-4
5.257684308083345E-4
5.167744688679228E-4
5.080778843217879E-4
4.996642478429263E-4
4.915200464276591E-4
4.836326118929664E-4
4.759900559609841E-4
4.6858121123379796E-4
4.6139557744457287E-4
4.544232724430627E-4
4.476549874363049E-4
4.41081946059868E-4
4.346958669027606E-4
4.284889291509455E-4
4.224537410509084E-4
4.1658331092711255E-4
4.108710205153044E-4
4.053106003988189E-4
3.9989610735693997E-4
3.946219034540899E-4
3.8948263671573176E-4
3.844732232524068E-4
3.7958883070696896E-4
3.7482486291208635E-4
3.701769456562496E-4
3.656409134658458E-4
3.612127973198671E-4
3.5688881322131605E-4
3.5266535155652385E-4
3.485389671797218E-4
3.445063701659351E-4
3.4056441718017643E-4
3.3671010341567787E-4
3.3294055505780386E-4
3.2925302223416985E-4
3.256448724147471E-4
3.2211358422885964E-4
3.18656741668649E-4
3.152720286511482E-4
3.1195722391337864E-4
3.087101962169173E-4
3.055288998402813E-4
3.024113703391814E-4
2.9935572055631634E-4
2.963601368636593E-4
2.934228756216781E-4
2.905422598410306E-4
2.877166760332497E-4
2.8494457123822407E-4
2.8222445021690046E-4
2.7955487279860406E-4
2.769344513732034E-4
2.7436184851894086E-4
2.718357747573982E-4
2.6935498642786373E-4
2.6691828367359654E-4
2.6452450853331895E-4
2.621725431314763E-4
2.598613079614384E-4
2.575897602560679E-4
2.553568924405555E-4
2.531617306626917E-4
2.510033333961053E-4
2.488807901122663E-4
2.467932200173986E-4
2.447397708505396E-4
2.4271961773938278E-4
2.4073196211069664E-4
2.387760306522735E-4
2.3685107432360996E-4
2.3495636741267735E-4
2.330912066362957E-4
2.3125491028173946E-4
2.2944681738748033E-4
2.2766628696089153E-4
2.2591269723107362E-4
2.241854449349406E-4
2.224839446348174E-4
2.2080762806603E-4
2.1915594351287602E-4
2.1752835521158468E-4
2.1592434277890884E-4
2.1434340066509255E-4
2.1278503762997835E-4
2.112487762411344E-4
2.097341523929564E-4
2.082407148456738E-4
2.067680247833789E-4
2.0531565539008424E-4
2.0388319144304924E-4
2.0247022892247327E-4
2.010763746368636E-4
1.9970124586330998E-4
1.9834447000197705E-4
1.9700568424421298E-4
1.9568453525355017E-4
1.9438067885916836E-4
1.9309377976107876E-4
1.918235112466948E-4
1.9056955491810222E-4
1.8933160042971587E-4
1.8810934523575E-4
1.869024943471463E-4
1.857107600975083E-4
1.8453386191769262E-4
1.8337152611864986E-4
1.822234856821821E-4
1.8108948005929698E-4
1.7996925497579594E-4
1.788625622448606E-4
1.7776915958627373E-4
1.766888104520639E-4
1.7562128385825533E-4
1.745663542225326E-4
1.7352380120753708E-4
1.7249340956955662E-4
1.7147496901247033E-4
1.7046827404662768E-4
1.6947312385256377E-4
1.684893221493074E-4
1.6751667706711346E-4
1.665550010244499E-4
1.6560411060906896E-4
1.646638264630265E-4
1.637339731714619E-4
1.6281437915503495E-4
1.619048765658267E-4
1.6100530118665424E-4
1.60115492333588E-4
1.5923529276160413E-4
1.5836454857324605E-4
1.5750310913015858E-4
1.566508269674253E-4
1.558075577106008E-4
1.5497315999529849E-4
1.5414749538929863E-4
1.5333042831704866E-4
1.5252182598649182E-4
1.5172155831811115E-4
1.509294978761502E-4
1.501455198019181E-4
1.4936950174906135E-4
1.486013238208319E-4
1.478408685091698E-4
1.470880206356399E-4
1.4634266729405895E-4
1.4560469779487404E-4
1.4487400361108636E-4
1.4415047832581944E-4
1.434340175813575E-4
1.4272451902968018E-4
1.4202188228439088E-4
1.413260088740359E-4
1.4063680219673878E-4
1.3995416747611777E-4
1.392780117184477E-4
1.386082436710174E-4
1.379447737816497E-4
1.3728751415933557E-4
1.3663637853597523E-4
1.359912822291449E-4
1.353521421059081E-4
1.3471887654759458E-4
1.340914054155364E-4
1.334696500177374E-4
1.3285353307644046E-4
1.3224297869653798E-4
1.31637912334864E-4
1.3103826077025618E-4
1.304439520744537E-4
1.2985491558370918E-4
1.292710818712056E-4
1.286923827201239E-4
1.2811875109747546E-4
1.2755012112854498E-4
1.2698642807206387E-4
1.2642760829594744E-4
1.258735992537041E-4
1.253243394614185E-4
1.2477976847531503E-4
1.2423982686990957E-4
1.23704456216685E-4
1.2317359906330712E-4
1.226471989133688E-4
1.2212520020661144E-4
1.2160754829966343E-4
1.210941894472323E-4
1.2058507078376066E-4
1.2008014030553732E-4
1.1957934685323468E-4
1.1908264009486895E-4
1.18589970509174E-4
1.1810128936937591E-4
1.1761654872735188E-4
1.1713570139816105E-4
1.1665870094494844E-4
1.1618550166421738E-4
1.1571605857141436E-4
1.1525032738689187E-4
1.1478826452217172E-4
1.1432982706652987E-4
1.1387497277391116E-4
1.1342366005012793E-4
1.1297584794034654E-4
1.1253149611689576E-4
1.1209056486729833E-4
1.1165301508263692E-4
1.1121880824613192E-4
1.1078790642200059E-4
1.1036027224456863E-4
1.0993586890761114E-4
1.0951466015395264E-4
1.09096610265272E-4
1.0868168405215684E-4
1.0826984684436417E-4
1.0786106448129609E-4
1.0745530330268576E-4
1.0705253013949675E-4
1.0665271230500019E-4
1.062558175860541E-4
1.0586181423458944E-4
1.0547067095923838E-4
1.0508235691718817E-4
1.0469684170617247E-4
1.0431409535665655E-4
1.0393408832417054E-4
1.0355679148182807E-4
1.031821761129675E-4
1.0281021390398841E-4
1.0244087693730634E-4
1.0207413768446305E-4
1.017099689993918E-4
1.0134834411181087E-4
1.0098923662074607E-4
1.0063262048820595E-4
1.0027847003297392E-4
9.992675992452345E-5
The correct rate for BP: 100.00% 
