1.711193254146117
0.9627917585584915
0.3342652762764592
0.07233187935518735
0.00813044527002628
0.0062430818186724425
0.005028979875809376
0.004191747207241335
0.0035867067320923345
0.00313114472623853
0.0027764542678688185
0.002492750132409509
0.00226079448115624
0.0020676877897719183
0.0019044725493954178
0.0017647402467348425
0.0016437874168276647
0.0015380851467728502
0.0014449346052888804
0.0013622368857551766
0.0012883353051912731
0.0012219049108336138
0.0011618735086443104
0.0011073642075649938
0.0010576529425861555
0.0010121366133821997
9.703088689053292E-4
9.317414807501241E-4
8.960698569675263E-4
8.629816614657675E-4
8.322077894351837E-4
8.035151490259629E-4
7.767008413399625E-4
7.515874327636294E-4
7.28019087838704E-4
7.058583854108397E-4
6.849836813176834E-4
6.652869112702172E-4
6.466717505818945E-4
6.290520649524907E-4
6.12350600015759E-4
5.964978678233695E-4
5.81431196603872E-4
5.670939165511212E-4
5.534346594693111E-4
5.404067541362738E-4
5.279677024739415E-4
5.160787242106406E-4
5.047043598179292E-4
4.938121232095682E-4
4.833721970812433E-4
4.733571649106908E-4
4.6374177457685913E-4
4.545027293334452E-4
4.4561850251675363E-4
4.370691729047014E-4
4.288362780931789E-4
4.209026836324701E-4
4.132524659840353E-4
4.0587080762570754E-4
3.987439028606275E-4
3.918588730779974E-4
3.852036903783545E-4
3.787671086166255E-4
3.7253860103648296E-4
3.6650830377329085E-4
3.6066696459185137E-4
3.55005896302188E-4
3.495169343633366E-4
3.441923982426703E-4
3.3902505614872425E-4
3.3400809279916967E-4
3.291350799237306E-4
3.243999492354347E-4
3.197969676326733E-4
3.153207144204595E-4
3.1096606036178337E-4
3.0672814838995476E-4
3.026023758304873E-4
2.9858437799652326E-4
2.9467001303580423E-4
2.908553479191295E-4
2.871366454715157E-4
2.8351035235659204E-4
2.799730879335998E-4
2.7652163391406534E-4
2.731529247519737E-4
2.6986403870757315E-4
2.66652189530442E-4
2.635147187122957E-4
2.6044908826461876E-4
2.574528739801389E-4
2.545237591407457E-4
2.516595286378347E-4
2.4885806347381986E-4
2.461173356163839E-4
2.4343540317937163E-4
2.4081040590634537E-4
2.3824056093502488E-4
2.3572415882224944E-4
2.3325955981118283E-4
2.308451903236137E-4
2.2847953966169697E-4
2.2616115690474647E-4
2.238886479877341E-4
2.2166067294922417E-4
2.1947594333741237E-4
2.1733321976374708E-4
2.152313095944915E-4
2.1316906477121414E-4
2.1114537975187313E-4
2.0915918956484838E-4
2.0720946796871193E-4
2.0529522571111173E-4
2.0341550888064382E-4
2.0156939734589102E-4
1.997560032764137E-4
1.9797446974061252E-4
1.9622396937592036E-4
1.9450370312699053E-4
1.928128990478436E-4
1.911508111642565E-4
1.895167183928892E-4
1.8790992351383373E-4
1.863297521936054E-4
1.8477555205566058E-4
1.8324669179576648E-4
1.8174256033978806E-4
1.8026256604141387E-4
1.7880613591779088E-4
1.7737271492085355E-4
1.759617652424981E-4
1.7457276565176514E-4
1.7320521086234772E-4
1.7185861092874113E-4
1.7053249066965672E-4
1.6922638911715676E-4
1.6793985899027816E-4
1.6667246619180354E-4
1.6542378932707543E-4
1.6419341924368404E-4
1.629809585909948E-4
1.6178602139856293E-4
1.6060823267242524E-4
1.5944722800845606E-4
1.583026532219264E-4
1.571741639924816E-4
1.5606142552379375E-4
1.5496411221718417E-4
1.538819073585835E-4
1.5281450281813652E-4
1.5176159876191352E-4
1.5072290337515422E-4
1.496981325964869E-4
1.4868700986264528E-4
1.4768926586317599E-4
1.4670463830471884E-4
1.4573287168439733E-4
1.4477371707192094E-4
1.4382693190002053E-4
1.4289227976282972E-4
1.4196953022188228E-4
1.4105845861938287E-4
1.4015884589842925E-4
1.3927047842989297E-4
1.3839314784569554E-4
1.375266508781455E-4
1.3667078920514666E-4
1.358253693010032E-4
1.349902022925633E-4
1.3416510382052957E-4
1.3334989390566962E-4
1.3254439681977245E-4
1.3174844096111615E-4
1.309618587342933E-4
1.3018448643420554E-4
1.2941616413404726E-4
1.2865673557715512E-4
1.27906048072518E-4
1.2716395239386027E-4
1.264303026821044E-4
1.25704956351124E-4
1.2498777399663096E-4
1.2427861930808392E-4
1.2357735898350851E-4
1.2288386264710632E-4
1.2219800276956367E-4
1.2151965459094327E-4
1.2084869604604359E-4
1.2018500769220518E-4
1.195284726393602E-4
1.1887897648236455E-4
1.1823640723542962E-4
1.1760065526862743E-4
1.1697161324638911E-4
1.1634917606791684E-4
1.1573324080941616E-4
1.1512370666815112E-4
1.1452047490818344E-4
1.1392344880776045E-4
1.133325336083385E-4
1.1274763646509671E-4
1.121686663989764E-4
1.1159553425012732E-4
1.1102815263275689E-4
1.1046643589130665E-4
1.0991030005792825E-4
1.0935966281118205E-4
1.0881444343597614E-4
1.0827456278463954E-4
1.0773994323914695E-4
1.0721050867438297E-4
1.0668618442251776E-4
1.0616689723835786E-4
1.0565257526568208E-4
1.0514314800454652E-4
1.0463854627948777E-4
1.0413870220862949E-4
1.0364354917363346E-4
1.0315302179050257E-4
1.0266705588117271E-4
1.0218558844589169E-4
1.0170855763635133E-4
1.0123590272954905E-4
1.0076756410235983E-4
1.0030348320679502E-4
9.984360254591555E-5
The correct rate for BP: 100.00% 
