1.0021973932763988
1.0517266187757834
0.8428904580190965
0.5820003693962839
0.3657767863972196
0.22617912356903727
0.1486063002333101
0.10572403335816724
0.08018911931650358
0.06374159085300224
0.052448673262341296
0.044298035102255204
0.038179950995596894
0.03344140538465139
0.029676705360273784
0.026622153835074148
0.024099726405014607
0.02198531640766028
0.020189997077256248
0.018648521086989934
0.01731201663457175
0.016143207962558425
0.01511320436088617
0.014199291986379045
0.013383383376553305
0.012650908254924542
0.011990006563286991
0.011390932353298543
0.01084560728949721
0.010347281949017694
0.009890275889572359
0.009469776022496554
0.009081678660698568
0.008722464644575795
0.008389099777180721
0.00807895480918016
0.007789740658995351
0.007519455604295079
0.0072663419533155835
0.007028850277746596
0.006805609718405826
0.006595403199508918
0.006397146634665816
0.006209871397657833
0.006032709477960908
0.005864880855414144
0.005705682718152542
0.0055544802187073895
0.005410698519354671
0.005273815922626535
0.005143357918877275
0.0050188920118102495
0.004900023206389091
0.004786390062704092
0.00467766123502725
0.004573532428154127
0.004473723713741084
0.004377977158133661
0.004286054720484242
0.004197736386049363
0.004112818504657521
0.004031112308621182
0.0039524425879768335
0.003876646503987874
0.003803572524432006
0.0037330794663946003
0.003665035634164941
0.003599318041435802
0.0035358117083818122
0.0034744090253731254
0.0034150091760988908
0.003357517613753979
0.0033018455847031755
0.0032479096946967942
0.0031956315132858587
0.0031449372125842497
0.003095757236961976
0.00304802600063519
0.003001681610453002
0.0029566656114748476
0.002912922753190482
0.0028704007744620994
0.0028290502054691942
0.002788824185114251
0.0027496782925045234
0.00271157039126495
0.0026744604855608606
0.0026383105868196654
0.002603084590238749
0.0025687481602545115
0.002535268624225832
0.0025026148736553063
0.0024707572723343596
0.0024396675708545684
0.0024093188269783557
0.0023796853314074513
0.0023507425385285523
0.0023224670017526487
0.0022948363130976842
0.0022678290466943557
0.002241424705922055
0.0022156036739069368
0.002190347167135732
0.0021656371919601203
0.002141456503784216
0.0021177885687447473
0.0020946175277087335
0.0020719281624275096
0.002049705863698135
0.002027936601395425
0.0020066068962479927
0.0019857037932413195
0.001965214836540034
0.001945128045829438
0.0019254318939835894
0.0019061152859745772
0.0018871675389432203
0.0018685783633577832
0.0018503378451920156
0.001832436429059187
0.0018148649022429572
0.0017976143795700083
0.0017806762890735092
0.0017640423583996131
0.001747704601912633
0.0017316553084575246
0.0017158870297410043
0.0017003925692953077
0.001685164971990787
0.0016701975140660714
0.0016554836936460828
0.0016410172217205846
0.0016267920135573674
0.0016128021805259202
0.0015990420223089765
0.0015855060194806777
0.0015721888264315365
0.0015590852646213047
0.0015461903161424779
0.0015334991175776662
0.0015210069541355751
0.0015087092540508312
0.0014966015832340786
0.0014846796401594214
0.0014729392509769004
0.0014613763648388457
0.0014499870494290564
0.0014387674866847915
0.0014277139687018626
0.0014168228938138893
0.0014060907628370967
0.0013955141754726005
0.0013850898268585289
0.0013748145042648235
0.0013646850839238746
0.0013546985279905093
0.001344851881625306
0.0013351422701954106
0.0013255668965873484
0.0013161230386267643
0.0013068080466000797
0.0012976193408734316
0.0012885544096045323
0.0012796108065431858
0.0012707861489165769
0.00126207811539547
0.0012534844441377787
0.0012450029309061552
0.0012366314272562785
0.0012283678387927889
0.0012202101234900363
0.001212156290074704
0.0012042043964678604
0.0011963525482837013
0.0011885988973828095
0.001180941640477507
0.0011733790177871387
0.0011659093117413065
0.0011585308457289865
0.0011512419828916805
0.0011440411249588492
0.0011369267111238615
0.0011298972169588388
0.00112295115336686
0.001116087065570028
0.001109303532132009
0.0011025991640135702
0.0010959726036600202
0.0010894225241191106
0.001082947628188364
0.001076546647590618
0.001070218342176747
0.001063961499154465
0.001057774932342277
0.0010516574814476837
0.0010456080113685413
0.0010396254115169368
0.0010337085951645664
0.0010278564988089438
0.0010220680815596292
0.0010163423245436699
0.0010106782303297445
0.0010050748223701107
9.995311444598763E-4
9.940462602129178E-4
9.886192525538542E-4
9.832492232254716E-4
9.779352923111337E-4
9.726765977716121E-4
9.674722949957727E-4
9.62321556364738E-4
9.572235708290264E-4
9.521775434981491E-4
9.47182695242363E-4
9.422382623060523E-4
9.373434959324073E-4
9.324976619990184E-4
9.277000406639699E-4
9.229499260221234E-4
9.182466257713083E-4
9.135894608879046E-4
9.089777653117117E-4
9.044108856397094E-4
8.99888180828437E-4
8.95409021904616E-4
8.909727916839422E-4
8.865788844976124E-4
8.822267059264243E-4
8.779156725421554E-4
8.736452116560457E-4
8.694147610741057E-4
8.652237688590759E-4
8.610716930988377E-4
8.569580016809527E-4
8.528821720733645E-4
8.488436911108295E-4
8.448420547870981E-4
8.408767680525144E-4
8.369473446169956E-4
8.330533067581521E-4
8.291941851343705E-4
8.253695186028308E-4
8.215788540421461E-4
8.178217461796256E-4
8.140977574229408E-4
8.104064576960813E-4
8.067474242795274E-4
8.031202416543976E-4
7.995245013505885E-4
7.959598017987019E-4
7.924257481856746E-4
7.88921952314016E-4
7.854480324645028E-4
7.820036132623347E-4
7.785883255464928E-4
7.752018062423993E-4
7.718436982375993E-4
7.685136502604994E-4
7.652113167620873E-4
7.619363578004002E-4
7.586884389278721E-4
7.554672310813365E-4
7.522724104746319E-4
7.491036584937894E-4
7.459606615946873E-4
7.428431112031068E-4
7.397507036171574E-4
7.366831399119804E-4
7.336401258466281E-4
7.306213717731822E-4
7.276265925479096E-4
7.2465550744448E-4
7.217078400691886E-4
7.187833182781185E-4
7.158816740961789E-4
7.130026436379521E-4
7.101459670304039E-4
7.073113883372605E-4
7.044986554851303E-4
7.017075201912564E-4
6.989377378928623E-4
6.961890676781192E-4
6.934612722185988E-4
6.907541177032054E-4
6.880673737735884E-4
6.854008134609741E-4
6.827542131243151E-4
6.801273523898716E-4
6.775200140920124E-4
6.749319842153814E-4
6.723630518382095E-4
6.698130090769299E-4
6.672816510319262E-4
6.647687757344423E-4
6.622741840946266E-4
6.597976798506671E-4
6.573390695189908E-4
6.548981623455414E-4
6.524747702580144E-4
6.500687078191547E-4
6.47679792180976E-4
6.453078430399504E-4
6.429526825931232E-4
6.406141354950889E-4
6.38292028815941E-4
6.359861919999659E-4
6.336964568252795E-4
6.314226573641913E-4
6.291646299444617E-4
6.269222131112544E-4
6.246952475899165E-4
6.224835762494786E-4
6.202870440668654E-4
6.181054980918495E-4
6.159387874127068E-4
6.137867631224828E-4
6.1164927828602E-4
6.095261879075555E-4
6.074173488989808E-4
6.053226200487469E-4
6.032418619913255E-4
6.011749371772739E-4
5.991217098439369E-4
5.970820459866058E-4
5.950558133303473E-4
5.930428813022563E-4
5.910431210043682E-4
5.890564051869484E-4
5.870826082223857E-4
5.851216060795601E-4
5.831732762986697E-4
5.812374979665211E-4
5.793141516923536E-4
5.774031195840207E-4
5.755042852246886E-4
5.736175336499308E-4
5.71742751325248E-4
5.698798261240134E-4
5.680286473058276E-4
5.661891054952522E-4
5.643610926609518E-4
5.625445020951967E-4
5.607392283937573E-4
5.58945167436141E-4
5.571622163662191E-4
5.553902735731674E-4
5.536292386727663E-4
5.518790124890389E-4
5.501394970362E-4
5.484105955009626E-4
5.46692212225105E-4
5.44984252688396E-4
5.432866234917864E-4
5.415992323409271E-4
5.39921988029949E-4
5.38254800425538E-4
5.36597580451298E-4
5.349502400723608E-4
5.333126922802798E-4
5.316848510782095E-4
5.300666314662735E-4
5.284579494272517E-4
5.268587219124823E-4
5.252688668280131E-4
5.236883030209549E-4
5.221169502661435E-4
5.205547292529561E-4
5.190015615723656E-4
5.174573697042406E-4
5.159220770048526E-4
5.143956076945458E-4
5.128778868456963E-4
5.113688403707806E-4
5.098683950107143E-4
5.083764783233608E-4
5.068930186722083E-4
5.054179452152723E-4
5.039511878941354E-4
5.024926774232278E-4
5.010423452792167E-4
4.996001236906136E-4
4.981659456275433E-4
4.967397447916546E-4
4.953214556062378E-4
4.939110132064515E-4
4.925083534297591E-4
4.911134128064723E-4
4.897261285504661E-4
4.88346438550058E-4
4.8697428135900954E-4
4.8560959618767195E-4
4.842523228942865E-4
4.829024019764157E-4
4.815597745624982E-4
4.8022438240355827E-4
4.7889616786503543E-4
4.7757507391872893E-4
4.7626104413489345E-4
4.749540226744318E-4
4.736539542812371E-4
4.723607842746188E-4
4.7107445854188495E-4
4.697949235310023E-4
4.685221262434026E-4
4.6725601422687016E-4
4.659965355685473E-4
4.6474363888806994E-4
4.634972733307727E-4
4.6225738856100454E-4
4.610239347555829E-4
4.597968625972849E-4
4.585761232684869E-4
4.5736166844488293E-4
4.5615345028929006E-4
4.5495142144555374E-4
4.5375553503254634E-4
4.5256574463825903E-4
4.5138200431395323E-4
4.502042685684338E-4
4.4903249236240565E-4
4.478666311028762E-4
4.467066406376865E-4
4.4555247725008374E-4
4.444040976533998E-4
4.432614589858012E-4
4.421245188051137E-4
4.409932350836996E-4
4.398675662034665E-4
4.387474709508856E-4
4.3763290851212005E-4
4.36523838468207E-4
4.354202207903271E-4
4.3432201583511307E-4
4.3322918434004874E-4
4.321416874189252E-4
4.3105948655737037E-4
4.299825436084207E-4
4.289108207881828E-4
4.2784428067152913E-4
4.26782886187883E-4
4.257266006170406E-4
4.24675387585063E-4
4.236292110602086E-4
4.2258803534895114E-4
4.2155182509204497E-4
4.205205452606066E-4
4.1949416115231336E-4
4.1847263838760523E-4
4.1745594290596745E-4
4.164440409622464E-4
4.154368991230331E-4
4.144344842630779E-4
4.134367635617693E-4
4.124437044996392E-4
4.1145527485496504E-4
4.1047144270035156E-4
4.094921763994228E-4
4.085174446034815E-4
4.075472162483135E-4
4.065814605509551E-4
4.0562014700653106E-4
4.046632453851243E-4
4.037107257287377E-4
4.027625583482118E-4
4.018187138202559E-4
4.0087916298448055E-4
3.9994387694048143E-4
3.9901282704496606E-4
3.980859849089037E-4
3.9716332239473316E-4
3.9624481161359287E-4
3.953304249225764E-4
3.944201349220675E-4
3.935139144530594E-4
3.92611736594524E-4
3.9171357466085565E-4
3.908194021992681E-4
3.8992919298732085E-4
3.890429210303859E-4
3.8816056055921653E-4
3.8728208602749505E-4
3.86407472109479E-4
3.8553669369758854E-4
3.846697259001057E-4
3.838065440388486E-4
3.8294712364691114E-4
3.820914404664055E-4
3.812394704462619E-4
3.8039118974000013E-4
3.795465747036175E-4
3.787056018934164E-4
3.778682480639164E-4
3.7703449016576816E-4
3.762043053436758E-4
3.7537767093441293E-4
3.74554564464772E-4
3.7373496364961943E-4
3.729188463899128E-4
3.7210619077079513E-4
3.7129697505967874E-4
3.704911777043439E-4
3.696887773311133E-4
3.688897527429917E-4
3.680940829178555E-4
3.6730174700666036E-4
3.6651272433168186E-4
3.657269943847468E-4
3.649445368255203E-4
3.6416533147980997E-4
3.6338935833785016E-4
3.626165975526556E-4
3.6184702943838326E-4
3.6108063446869043E-4
3.6031739327514625E-4
3.5955728664561934E-4
3.5880029552274386E-4
3.5804640100234775E-4
3.5729558433193363E-4
3.5654782690915413E-4
3.558031102803332E-4
3.550614161389831E-4
3.543227263243583E-4
3.535870228199729E-4
3.528542877522335E-4
3.5212450338899357E-4
3.513976521381802E-4
3.506737165464025E-4
3.4995267929760477E-4
3.492345232117343E-4
3.485192312433874E-4
3.4780678648052197E-4
3.470971721431495E-4
3.463903715820637E-4
3.4568636827755244E-4
3.449851458381814E-4
3.4428668799952195E-4
3.4359097862294625E-4
3.428980016944125E-4
3.422077413232781E-4
3.415201817411139E-4
3.4083530730052747E-4
3.40153102474022E-4
3.3947355185284784E-4
3.387966401458713E-4
3.3812235217846976E-4
3.374506728914159E-4
3.3678158733980486E-4
3.3611508069194743E-4
3.354511382283364E-4
3.347897453405713E-4
3.341308875303218E-4
3.334745504082976E-4
3.328207196932375E-4
3.3216938121088236E-4
3.315205208929945E-4
3.308741247763709E-4
3.3023017900186394E-4
3.2958866981342116E-4
3.2894958355712616E-4
3.283129066802659E-4
3.276786257303928E-4
3.2704672735440874E-4
3.264171982976374E-4
3.257900254029381E-4
3.251651956098174E-4
3.2454269595353356E-4
3.2392251356422753E-4
3.233046356660625E-4
3.226890495763789E-4
3.2207574270483086E-4
3.214647025525641E-4
3.2085591671139125E-4
3.2024937286297193E-4
3.1964505877799134E-4
3.190429623153789E-4
3.1844307142152214E-4
3.178453741294447E-4
3.172498585580944E-4
3.166565129115052E-4
3.16065325478103E-4
3.154762846299176E-4
3.148893788218585E-4
3.143045965909681E-4
3.137219265557071E-4
3.131413574152238E-4
3.1256287794865476E-4
3.119864770144181E-4
3.1141214354951424E-4
3.108398665688344E-4
3.1026963516448693E-4
3.0970143850512496E-4
3.0913526583525793E-4
3.0857110647461466E-4
3.0800894981748873E-4
3.0744878533207285E-4
3.068906025598287E-4
3.0633439111486533E-4
3.057801406832923E-4
3.0522784102261135E-4
3.046774819610997E-4
3.041290533971981E-4
3.035825452989195E-4
3.030379477032373E-4
3.0249525071551726E-4
3.0195444450891064E-4
3.0141551932380344E-4
3.008784654672134E-4
3.0034327331224947E-4
2.998099332975426E-4
2.99278435926698E-4
2.987487717677285E-4
2.9822093145253644E-4
2.976949056763519E-4
2.9717068519721643E-4
2.966482608354532E-4
2.9612762347314034E-4
2.956087640536047E-4
2.9509167358089E-4
2.945763431192775E-4
2.940627637927624E-4
2.9355092678456983E-4
2.9304082333666523E-4
2.9253244474925297E-4
2.9202578238031533E-4
2.9152082764511523E-4
2.9101757201574924E-4
2.9051600702064876E-4
2.9001612424414485E-4
2.8951791532599234E-4
2.890213719609263E-4
2.8852648589820903E-4
2.880332489411809E-4
2.875416529468288E-4
2.870516898253341E-4
2.865633515396666E-4
2.860766301051316E-4
2.8559151758895246E-4
2.8510800610986094E-4
2.846260878376685E-4
2.84145754992867E-4
2.836669998462088E-4
2.8318981471831233E-4
2.8271419197926E-4
2.8224012404819653E-4
2.8176760339293874E-4
2.8129662252960284E-4
2.808271740221957E-4
2.8035925048224144E-4
2.798928445684161E-4
2.7942794898615285E-4
2.78964556487297E-4
2.785026598697075E-4
2.78042251976937E-4
2.7758332569781646E-4
2.7712587396614904E-4
2.766698897603293E-4
2.762153661029903E-4
2.75762296060689E-4
2.753106727435177E-4
2.748604893047965E-4
2.7441173894073197E-4
2.7396441489006525E-4
2.7351851043376486E-4
2.730740188946787E-4
2.7263093363722374E-4
2.7218924806706E-4
2.7174895563076174E-4
2.7131004981552803E-4
2.7087252414883525E-4
2.70436372198156E-4
2.7000158757063046E-4
2.695681639127908E-4
2.6913609491021907E-4
2.6870537428728644E-4
2.682759958068326E-4
2.678479532698861E-4
2.67421240515366E-4
2.669958514197982E-4
2.665717798970321E-4
2.661490198979421E-4
2.657275654101784E-4
2.6530741045784826E-4
2.648885491012839E-4
2.6447097543674027E-4
2.640546835961281E-4
2.6363966774676145E-4
2.632259220910703E-4
2.6281344086636184E-4
2.6240221834453935E-4
2.6199224883185774E-4
2.615835266686551E-4
2.611760462291099E-4
2.60769801920987E-4
2.6036478818537516E-4
2.599609994964702E-4
2.5955843036129273E-4
2.591570753194758E-4
2.587569289430089E-4
2.583579858359933E-4
2.579602406344345E-4
2.575636880059762E-4
2.571683226496828E-4
2.567741392958056E-4
2.5638113270555853E-4
2.5598929767089464E-4
2.555986290142612E-4
2.552091215884101E-4
2.548207702761548E-4
2.5443356999015694E-4
2.5404751567270574E-4
2.536626022955155E-4
2.532788248595042E-4
2.5289617839458335E-4
2.5251465795945E-4
2.521342586413757E-4
2.517549755560051E-4
2.513768038471543E-4
2.509997386866072E-4
2.5062377527390584E-4
2.502489088361695E-4
2.498751346278828E-4
2.4950244793070275E-4
2.4913084405328096E-4
2.487603183310466E-4
2.483908661260301E-4
2.4802248282668443E-4
2.476551638476679E-4
2.472889046296989E-4
2.469237006393312E-4
2.4655954736880993E-4
2.4619644033585514E-4
2.458343750835155E-4
2.454733471799563E-4
2.4511335221831797E-4
2.4475438581651634E-4
2.4439644361707593E-4
2.4403952128697063E-4
2.4368361451742584E-4
2.4332871902378023E-4
2.4297483054530473E-4
2.426219448450178E-4
2.422700577095602E-4
2.4191916494899533E-4
2.4156926239666504E-4
2.412203459090277E-4
2.4087241136549667E-4
2.4052545466827938E-4
2.401794717422177E-4
2.398344585346489E-4
2.3949041101523132E-4
2.3914732517580416E-4
2.388051970302288E-4
2.3846402261424392E-4
2.3812379798531658E-4
2.377845192224756E-4
2.374461824261975E-4
2.3710878371823956E-4
2.3677231924149007E-4
2.3643678515984716E-4
2.3610217765805414E-4
2.3576849294157067E-4
2.3543572723642704E-4
2.3510387678909924E-4
2.3477293786635078E-4
2.344429067551032E-4
2.341137797623198E-4
2.3378555321483614E-4
2.3345822345925566E-4
2.331317868618116E-4
2.3280623980821873E-4
2.3248157870356856E-4
2.3215779997218326E-4
2.3183490005749378E-4
2.3151287542190737E-4
2.3119172254669771E-4
2.3087143793185043E-4
2.3055201809597123E-4
2.3023345957614105E-4
2.299157589278072E-4
2.295989127246467E-4
2.2928291755846408E-4
2.289677700390687E-4
2.286534667941443E-4
2.283400044691296E-4
2.2802737972713667E-4
2.2771558924878532E-4
2.274046297321298E-4
2.2709449789251991E-4
2.2678519046250248E-4
2.2647670419170154E-4
2.2616903584671407E-4
2.25862182210986E-4
2.2555614008472365E-4
2.2525090628477067E-4
2.249464776444959E-4
2.246428510137038E-4
2.2434002325851942E-4
2.2403799126127427E-4
2.2373675192042234E-4
2.2343630215041545E-4
2.2313663888161184E-4
2.228377590601761E-4
2.2253965964797408E-4
2.222423376224684E-4
2.2194578997662237E-4
2.2165001371880685E-4
2.2135500587269644E-4
2.2106076347716528E-4
2.2076728358620828E-4
2.2047456326882667E-4
2.2018259960894618E-4
2.198913897053129E-4
2.1960093067140694E-4
2.193112196353434E-4
2.190222537397871E-4
2.1873403014185705E-4
2.18446546013025E-4
2.1815979853905204E-4
2.178737849198653E-4
2.1758850236950312E-4
2.1730394811599456E-4
2.1702011940129655E-4
2.167370134811974E-4
2.1645462762522394E-4
2.1617295911656762E-4
2.158920052519957E-4
2.1561176334175723E-4
2.153322307095226E-4
2.1505340469227442E-4
2.147752826402308E-4
2.1449786191679045E-4
2.1422113989840732E-4
2.1394511397454058E-4
2.1366978154756914E-4
2.133951400327082E-4
2.1312118685792576E-4
2.1284791946387898E-4
2.1257533530381597E-4
2.1230343184352646E-4
2.1203220656123163E-4
2.1176165694753292E-4
2.1149178050533185E-4
2.1122257474974495E-4
2.1095403720804173E-4
2.1068616541956224E-4
2.1041895693565087E-4
2.101524093195715E-4
2.0988652014645326E-4
2.0962128700320433E-4
2.0935670748844105E-4
2.090927792124292E-4
2.0882949979700186E-4
2.0856686687549346E-4
2.0830487809267095E-4
2.080435311046655E-4
2.077828235789047E-4
2.0752275319404405E-4
2.0726331763989853E-4
2.0700451461737676E-4
2.0674634183841887E-4
2.0648879702591793E-4
2.062318779136752E-4
2.0597558224631326E-4
2.057199077792253E-4
2.0546485227851695E-4
2.0521041352091455E-4
2.0495658929373746E-4
2.04703377394814E-4
2.0445077563242437E-4
2.0419878182523433E-4
2.0394739380224852E-4
2.036966094027309E-4
2.034464264761585E-4
2.031968428821538E-4
2.0294785649042457E-4
2.0269946518071272E-4
2.024516668427312E-4
2.0220445937610114E-4
2.0195784069029543E-4
2.0171180870459107E-4
2.0146636134799468E-4
2.0122149655920485E-4
2.0097721228654291E-4
2.0073350648789872E-4
2.004903771306798E-4
2.002478221917544E-4
2.000058396573882E-4
1.997644275232045E-4
1.995235837941239E-4
1.992833064843087E-4
1.990435936171051E-4
1.9880444322500378E-4
1.9856585334957424E-4
1.9832782204142255E-4
1.9809034736013246E-4
1.9785342737421615E-4
1.9761706016106266E-4
1.9738124380688546E-4
1.971459764066867E-4
1.9691125606418177E-4
1.9667708089176367E-4
1.9644344901046092E-4
1.9621035854987178E-4
1.959778076481304E-4
1.9574579445184726E-4
1.9551431711606698E-4
1.9528337380422407E-4
1.9505296268807954E-4
1.9482308194770017E-4
1.9459372977138163E-4
1.9436490435563341E-4
1.941366039050968E-4
1.9390882663253604E-4
1.9368157075876414E-4
1.934548345126188E-4
1.9322861613089615E-4
1.9300291385832515E-4
1.9277772594751446E-4
1.9255305065891002E-4
1.923288862607451E-4
1.9210523102901496E-4
1.9188208324740413E-4
1.916594412072773E-4
1.9143730320761397E-4
1.9121566755496685E-4
1.9099453256343435E-4
1.9077389655460273E-4
1.905537578575204E-4
1.9033411480864107E-4
1.901149657517867E-4
1.8989630903812305E-4
1.8967814302609488E-4
1.894604660814E-4
1.8924327657694997E-4
1.8902657289282488E-4
1.8881035341623785E-4
1.8859461654148932E-4
1.8837936066994288E-4
1.8816458420996832E-4
1.8795028557691798E-4
1.8773646319308096E-4
1.8752311548764865E-4
1.873102408966731E-4
1.87097837863034E-4
1.8688590483640426E-4
1.866744402732023E-4
1.8646344263656327E-4
1.8625291039630715E-4
1.8604284202889315E-4
1.858332360173883E-4
1.8562409085142757E-4
1.854154050271871E-4
1.8520717704734876E-4
1.8499940542104614E-4
1.847920886638588E-4
1.8458522529775617E-4
1.8437881385106254E-4
1.8417285285844852E-4
1.8396734086086674E-4
1.8376227640553257E-4
1.8355765804589077E-4
1.833534843415786E-4
1.8314975385840072E-4
1.8294646516827387E-4
1.8274361684923477E-4
1.8254120748536262E-4
1.8233923566677608E-4
1.8213769998959685E-4
1.819365990559099E-4
1.81735931473736E-4
1.8153569585700407E-4
1.8133589082550597E-4
1.8113651500489386E-4
1.8093756702661391E-4
1.8073904552791037E-4
1.8054094915175923E-4
1.8034327654687442E-4
1.8014602636764917E-4
1.7994919727414694E-4
1.797527879320519E-4
1.7955679701265638E-4
1.793612231928233E-4
1.7916606515495952E-4
1.789713215869856E-4
1.787769911823056E-4
1.7858307263979265E-4
1.7838956466373302E-4
1.781964659638176E-4
1.780037752551164E-4
1.7781149125803596E-4
1.776196126983107E-4
1.77428138306955E-4
1.7723706682024883E-4
1.7704639697970525E-4
1.7685612753204943E-4
1.7666625722918543E-4
1.7647678482817286E-4
1.762877090911978E-4
1.7609902878555056E-4
1.7591074268359514E-4
1.7572284956274379E-4
1.7553534820544006E-4
1.753482373991171E-4
1.7516151593618525E-4
1.7497518261400032E-4
1.747892362348389E-4
1.7460367560587998E-4
1.7441849953916692E-4
1.742337068515952E-4
1.7404929636488574E-4
1.7386526690554957E-4
1.7368161730487905E-4
1.7349834639891255E-4
1.7331545302841164E-4
1.7313293603884837E-4
1.7295079428036303E-4
1.7276902660775517E-4
1.7258763188045473E-4
1.7240660896250236E-4
1.722259567225194E-4
1.7204567403368977E-4
1.7186575977372955E-4
1.7168621282488626E-4
1.715070320738894E-4
1.7132821641193863E-4
1.7114976473468893E-4
1.709716759422177E-4
1.70793948939E-4
1.7061658263390662E-4
1.704395759401584E-4
1.702629277753199E-4
1.7008663706127164E-4
1.6991070272418717E-4
1.697351236945172E-4
1.695598989069671E-4
1.6938502730047233E-4
1.6921050781817945E-4
1.6903633940742554E-4
1.6886252101971902E-4
1.6868905161071673E-4
1.6851593014020061E-4
1.683431555720705E-4
1.6817072687430736E-4
1.6799864301895925E-4
1.6782690298212426E-4
1.6765550574393448E-4
1.674844502885236E-4
1.6731373560401646E-4
1.6714336068250773E-4
1.6697332452004403E-4
1.6680362611659827E-4
1.6663426447605947E-4
1.6646523860621088E-4
1.662965475187066E-4
1.6612819022904986E-4
1.6596016575659526E-4
1.6579247312449783E-4
1.6562511135972873E-4
1.6545807949302328E-4
1.652913765588928E-4
1.6512500159558588E-4
1.6495895364507945E-4
1.6479323175305687E-4
1.646278349688974E-4
1.6446276234564385E-4
1.6429801294000506E-4
1.6413358581231696E-4
1.6396948002654052E-4
1.6380569465023978E-4
1.6364222875456325E-4
1.6347908141422867E-4
1.6331625170750227E-4
1.6315373871618927E-4
1.6299154152560447E-4
1.6282965922457195E-4
1.6266809090539436E-4
1.625068356638422E-4
1.6234589259913823E-4
1.6218526081394094E-4
1.6202493941432365E-4
1.618649275097616E-4
1.617052242131194E-4
1.615458286406277E-4
1.6138673991187265E-4
1.6122795714978197E-4
1.6106947948059774E-4
1.6091130603387762E-4
1.60753435942463E-4
1.605958683424726E-4
1.604386023732883E-4
1.6028163717753425E-4
1.6012497190106743E-4
1.5996860569295223E-4
1.5981253770546065E-4
1.5965676709404534E-4
1.5950129301732453E-4
1.5934611463707836E-4
1.5919123111822697E-4
1.590366416288085E-4
1.5888234533997707E-4
1.5872834142598445E-4
1.5857462906416066E-4
1.5842120743490474E-4
1.582680757216704E-4
1.581152331109499E-4
1.5796267879225937E-4
1.5781041195812978E-4
1.5765843180408232E-4
1.5750673752862996E-4
1.5735532833324788E-4
1.5720420342237468E-4
1.5705336200338375E-4
1.5690280328658406E-4
1.5675252648519438E-4
1.5660253081533658E-4
1.5645281549602388E-4
1.5630337974914204E-4
1.5615422279944055E-4
1.5600534387451883E-4
1.5585674220480674E-4
1.5570841702356472E-4
1.555603675668584E-4
1.5541259307355523E-4
1.5526509278530084E-4
1.5511786594651637E-4
1.5497091180438833E-4
1.548242296088364E-4
1.5467781861252408E-4
1.5453167807083376E-4
1.5438580724186457E-4
1.542402053863987E-4
1.540948717679172E-4
1.539498056525656E-4
1.5380500630915003E-4
1.5366047300913524E-4
1.5351620502660843E-4
1.5337220163829624E-4
1.5322846212352553E-4
1.5308498576423735E-4
1.5294177184494863E-4
1.527988196527667E-4
1.5265612847736062E-4
1.52513697610954E-4
1.523715263483078E-4
1.5222961398673397E-4
1.5208795982604427E-4
1.519465631685715E-4
1.518054233191453E-4
1.5166453958508162E-4
1.5152391127617573E-4
1.513835377046787E-4
1.5124341818531E-4
1.5110355203521857E-4
1.5096393857400085E-4
1.508245771236577E-4
1.5068546700861536E-4
1.5054660755569555E-4
1.5040799809410655E-4
1.5026963795543915E-4
1.5013152647365234E-4
1.4999366298506297E-4
1.49856046828336E-4
1.4971867734447605E-4
1.495815538768105E-4
1.494446757709867E-4
1.493080423749541E-4
1.4917165303896887E-4
1.4903550711556644E-4
1.48899603959555E-4
1.4876394292801892E-4
1.486285233802982E-4
1.48493344677967E-4
1.483584061848535E-4
1.4822370726700113E-4
1.480892472926804E-4
1.4795502563235842E-4
1.4782104165871117E-4
1.47687294746597E-4
1.475537842730563E-4
1.4742050961730045E-4
1.47287470160695E-4
1.4715466528676617E-4
1.4702209438117412E-4
1.4688975683170845E-4
1.4675765202829734E-4
1.4662577936296793E-4
1.464941382298594E-4
1.4636272802520144E-4
1.462315481473204E-4
1.461005979966101E-4
1.4596987697553714E-4
1.4583938448863105E-4
1.457091199424686E-4
1.4557908274567108E-4
1.45449272308894E-4
1.4531968804481476E-4
1.451903293681297E-4
1.4506119569554407E-4
1.4493228644576017E-4
1.448036010394681E-4
1.44675138899348E-4
1.4454689945004332E-4
1.4441888211816836E-4
1.442910863323022E-4
1.4416351152295683E-4
1.4403615712259797E-4
1.4390902256561166E-4
1.4378210728831835E-4
1.4365541072894848E-4
1.43528932327639E-4
1.4340267152643726E-4
1.4327662776926546E-4
1.4315080050194103E-4
1.4302518917215374E-4
1.4289979322946048E-4
1.4277461212528058E-4
1.4264964531288048E-4
1.4252489224737824E-4
1.4240035238572243E-4
1.4227602518669043E-4
1.4215191011088265E-4
1.4202800662071932E-4
1.4190431418041185E-4
1.4178083225598452E-4
1.416575603152429E-4
1.4153449782778016E-4
1.414116442649656E-4
1.4128899909993535E-4
1.4116656180758913E-4
1.4104433186457697E-4
1.409223087493E-4
1.408004919418922E-4
1.4067888092422783E-4
1.4055747517989947E-4
1.4043627419421933E-4
1.4031527745421115E-4
1.4019448444860396E-4
1.4007389466781883E-4
1.3995350760396858E-4
1.3983332275084795E-4
1.3971333960393134E-4
1.395935576603569E-4
1.3947397641892476E-4
1.3935459538009465E-4
1.3923541404596424E-4
1.3911643192028955E-4
1.3899764850844377E-4
1.3887906331743968E-4
1.3876067585590415E-4
1.3864248563408364E-4
1.3852449216383088E-4
1.3840669495860427E-4
1.382890935334454E-4
1.3817168740499773E-4
1.380544760914784E-4
1.3793745911268312E-4
1.378206359899752E-4
1.3770400624628606E-4
1.375875694060931E-4
1.3747132499543086E-4
1.3735527254188067E-4
1.372394115745534E-4
1.3712374162409643E-4
1.3700826222267891E-4
1.3689297290399356E-4
1.3677787320324152E-4
1.3666296265713143E-4
1.3654824080387397E-4
1.364337071831731E-4
1.363193613362228E-4
1.362052028056963E-4
1.3609123113574856E-4
1.3597744587200074E-4
1.3586384656153928E-4
1.3575043275290845E-4
1.3563720399611072E-4
1.355241598425915E-4
1.3541129984523867E-4
1.352986235583707E-4
1.3518613053774715E-4
1.350738203405408E-4
1.349616925253504E-4
1.348497466521829E-4
1.347379822824506E-4
1.3462639897897556E-4
1.345149963059678E-4
1.3440377382903195E-4
1.3429273111515718E-4
1.3418186773270793E-4
1.3407118325142986E-4
1.3396067724243165E-4
1.338503492781867E-4
1.3374019893252662E-4
1.336302257806326E-4
1.3352042939903787E-4
1.3341080936561553E-4
1.3330136525956825E-4
1.3319209666144019E-4
1.3308300315309574E-4
1.3297408431772165E-4
1.328653397398159E-4
1.327567690051971E-4
1.3264837170097357E-4
1.3254014741556982E-4
1.3243209573869262E-4
1.3232421626134568E-4
1.3221650857581568E-4
1.321089722756685E-4
1.32001606955747E-4
1.318944122121571E-4
1.3178738764227973E-4
1.316805328447474E-4
1.3157384741944975E-4
1.3146733096753066E-4
1.3136098309137514E-4
1.312548033946084E-4
1.3114879148209524E-4
1.3104294695992605E-4
1.309372694354153E-4
1.3083175851711268E-4
1.3072641381476794E-4
1.3062123493935213E-4
1.305162215030387E-4
1.3041137311920836E-4
1.3030668940243375E-4
1.3020216996848742E-4
1.30097814434326E-4
1.2999362241809172E-4
1.2988959353910638E-4
1.2978572741786102E-4
1.2968202367603162E-4
1.295784819364433E-4
1.2947510182309365E-4
1.293718829611314E-4
1.2926882497686252E-4
1.2916592749773992E-4
1.2906319015235822E-4
1.289606125704496E-4
1.2885819438288954E-4
1.287559352216737E-4
1.2865383471993264E-4
1.2855189251191775E-4
1.284501082329925E-4
1.2834848151963804E-4
1.2824701200944558E-4
1.2814569934111006E-4
1.280445431544311E-4
1.2794354309029763E-4
1.2784269879069724E-4
1.277420098987034E-4
1.2764147605847718E-4
1.2754109691525463E-4
1.2744087211535214E-4
1.273408013061529E-4
1.2724088413611725E-4
1.2714112025476282E-4
1.2704150931266774E-4
1.2694205096146915E-4
1.2684274485385313E-4
1.2674359064355624E-4
1.2664458798535507E-4
1.2654573653507145E-4
1.2644703594956366E-4
1.263484858867174E-4
1.2625008600545062E-4
1.2615183596570564E-4
1.2605373542844277E-4
1.259557840556458E-4
1.2585798151030692E-4
1.257603274564281E-4
1.2566282155901528E-4
1.255654634840826E-4
1.2546825289863874E-4
1.2537118947068376E-4
1.2527427286921635E-4
1.2517750276421183E-4
1.250808788266404E-4
1.2498440072844448E-4
1.2488806814254478E-4
1.2479188074283307E-4
1.246958382041766E-4
1.2459994020239907E-4
1.24504186414291E-4
1.2440857651759772E-4
1.2431311019102907E-4
1.2421778711423304E-4
1.2412260696781206E-4
1.2402756943331384E-4
1.2393267419322183E-4
1.238379209309656E-4
1.2374330933089664E-4
1.2364883907830802E-4
1.235545098594103E-4
1.2346032136134708E-4
1.2336627327217542E-4
1.2327236528087077E-4
1.2317859707732277E-4
1.230849683523307E-4
1.2299147879760375E-4
1.228981281057445E-4
1.228049159702709E-4
1.2271184208558611E-4
1.2261890614699192E-4
1.225261078506805E-4
1.2243344689372827E-4
1.2234092297409675E-4
1.222485357906305E-4
1.221562850430524E-4
1.2206417043195196E-4
1.219721916588001E-4
1.2188034842592683E-4
1.2178864043653675E-4
1.2169706739468464E-4
1.2160562900529357E-4
1.2151432497413564E-4
1.214231550078415E-4
1.2133211881388647E-4
1.2124121610059112E-4
1.2115044657712443E-4
1.2105980995349388E-4
1.209693059405424E-4
1.2087893424994525E-4
1.2078869459421828E-4
1.2069858668669123E-4
1.2060861024152853E-4
1.2051876497371877E-4
1.2042905059906539E-4
1.203394668341858E-4
1.2025001339651779E-4
1.2016069000430128E-4
1.200714963765946E-4
1.1998243223324956E-4
1.1989349729492955E-4
1.1980469128309113E-4
1.1971601391999072E-4
1.1962746492867085E-4
1.195390440329762E-4
1.1945075095752974E-4
1.1936258542773892E-4
1.1927454716980626E-4
1.1918663591069532E-4
1.1909885137815983E-4
1.1901119330072496E-4
1.1892366140768142E-4
1.1883625542909377E-4
1.1874897509579113E-4
1.1866182013936447E-4
1.1857479029216513E-4
1.1848788528730056E-4
1.1840110485863896E-4
1.1831444874079469E-4
1.1822791666913633E-4
1.181415083797761E-4
1.180552236095689E-4
1.1796906209611722E-4
1.1788302357776124E-4
1.1779710779357303E-4
1.1771131448336318E-4
1.1762564338767095E-4
1.175400942477705E-4
1.1745466680565254E-4
1.173693608040392E-4
1.1728417598636828E-4
1.1719911209680623E-4
1.1711416888021994E-4
1.1702934608220732E-4
1.1694464344906361E-4
1.1686006072780124E-4
1.167755976661333E-4
1.1669125401248222E-4
1.1660702951596545E-4
1.1652292392640983E-4
1.164389369943244E-4
1.1635506847092411E-4
1.1627131810810939E-4
1.1618768565847239E-4
1.161041708752937E-4
1.1602077351253543E-4
1.1593749332484209E-4
1.1585433006753657E-4
1.1577128349662934E-4
1.1568835336878926E-4
1.1560553944137143E-4
1.1552284147239675E-4
1.154402592205578E-4
1.1535779244520388E-4
1.1527544090635763E-4
1.1519320436469823E-4
1.1511108258156606E-4
1.1502907531895672E-4
1.1494718233952215E-4
1.1486540340656207E-4
1.1478373828403505E-4
1.1470218673653357E-4
1.1462074852931274E-4
1.1453942342826096E-4
1.144582111999061E-4
1.143771116114202E-4
1.1429612443061234E-4
1.1421524942592253E-4
1.1413448636642451E-4
1.1405383502182884E-4
1.1397329516246275E-4
1.1389286655928616E-4
1.138125489838849E-4
1.1373234220846419E-4
1.1365224600584703E-4
1.1357226014947641E-4
1.1349238441341189E-4
1.1341261857232324E-4
1.1333296240149624E-4
1.1325341567682291E-4
1.1317397817480036E-4
1.1309464967253514E-4
1.1301542994773672E-4
1.1293631877871526E-4
1.1285731594437565E-4
1.1277842122422821E-4
1.1269963439836968E-4
1.1262095524749469E-4
1.1254238355289242E-4
1.1246391909643256E-4
1.1238556166057887E-4
1.1230731102837677E-4
1.1222916698345784E-4
1.121511293100342E-4
1.1207319779289095E-4
1.1199537221740211E-4
1.1191765236950654E-4
1.1184003803572594E-4
1.1176252900314438E-4
1.1168512505942371E-4
1.1160782599278692E-4
1.1153063159202805E-4
1.1145354164650352E-4
1.1137655594613441E-4
1.1129967428139054E-4
1.1122289644331975E-4
1.1114622222351216E-4
1.1106965141411139E-4
1.1099318380782549E-4
1.1091681919790232E-4
1.1084055737814859E-4
1.1076439814290853E-4
1.1068834128708213E-4
1.1061238660610384E-4
1.105365338959564E-4
1.1046078295316211E-4
1.103851335747786E-4
1.1030958555840015E-4
1.1023413870216273E-4
1.101587928047279E-4
1.1008354766529099E-4
1.1000840308357922E-4
1.0993335885984636E-4
1.0985841479486767E-4
1.0978357068995223E-4
1.0970882634692334E-4
1.0963418156812939E-4
1.0955963615643955E-4
1.0948518991523569E-4
1.0941084264842128E-4
1.0933659416040902E-4
1.0926244425612615E-4
1.0918839274101373E-4
1.0911443942101845E-4
1.0904058410259246E-4
1.0896682659269966E-4
1.0889316669880682E-4
1.0881960422887847E-4
1.0874613899138617E-4
1.0867277079529682E-4
1.0859949945007766E-4
1.08526324765691E-4
1.0845324655259248E-4
1.0838026462173096E-4
1.0830737878455188E-4
1.082345888529812E-4
1.081618946394418E-4
1.0808929595683261E-4
1.0801679261855201E-4
1.0794438443847077E-4
1.0787207123094401E-4
1.0779985281080794E-4
1.0772772899337719E-4
1.076556995944431E-4
1.0758376443027729E-4
1.0751192331762069E-4
1.0744017607368465E-4
1.0736852251615856E-4
1.0729696246319261E-4
1.0722549573341638E-4
1.0715412214591579E-4
1.0708284152024885E-4
1.0701165367643311E-4
1.0694055843494866E-4
1.0686955561673887E-4
1.0679864504320429E-4
1.0672782653620067E-4
1.066570999180486E-4
1.06586465011511E-4
1.0651592163981424E-4
1.064454696266335E-4
1.0637510879609295E-4
1.0630483897276767E-4
1.0623465998167776E-4
1.0616457164829433E-4
1.0609457379852892E-4
1.0602466625873769E-4
1.0595484885572102E-4
1.0588512141671247E-4
1.0581548376939403E-4
1.0574593574188195E-4
1.0567647716272563E-4
1.0560710786091412E-4
1.0553782766586651E-4
1.0546863640743966E-4
1.053995339159125E-4
1.0533052002200054E-4
1.0526159455684588E-4
1.0519275735201525E-4
1.0512400823950563E-4
1.0505534705173178E-4
1.0498677362153768E-4
1.0491828778218197E-4
1.048498893673514E-4
1.0478157821114365E-4
1.0471335414808048E-4
1.0464521701309656E-4
1.0457716664153915E-4
1.045092028691749E-4
1.0444132553217893E-4
1.043735344671366E-4
1.0430582951104697E-4
1.0423821050131544E-4
1.0417067727575366E-4
1.0410322967257937E-4
1.0403586753041594E-4
1.039685906882922E-4
1.0390139898563193E-4
1.0383429226226797E-4
1.0376727035843074E-4
1.0370033311474302E-4
1.0363348037223413E-4
1.0356671197232302E-4
1.0350002775682534E-4
1.0343342756794684E-4
1.0336691124829488E-4
1.0330047864085668E-4
1.0323412958901593E-4
1.0316786393654425E-4
1.0310168152759556E-4
1.0303558220671973E-4
1.0296956581884184E-4
1.0290363220927695E-4
1.0283778122371977E-4
1.0277201270825009E-4
1.027063265093252E-4
1.0264072247377946E-4
1.025752004488279E-4
1.0250976028206509E-4
1.0244440182145572E-4
1.023791249153421E-4
1.0231392941244233E-4
1.0224881516183876E-4
1.0218378201299235E-4
1.0211882981573529E-4
1.0205395842025567E-4
1.019891676771272E-4
1.0192445743727924E-4
1.0185982755200495E-4
1.0179527787296963E-4
1.0173080825219495E-4
1.016664185420704E-4
1.0160210859534269E-4
1.0153787826511547E-4
1.014737274048592E-4
1.0140965586839625E-4
1.0134566350990754E-4
1.0128175018392837E-4
1.0121791574535168E-4
1.011541600494185E-4
1.0109048295172836E-4
1.0102688430822452E-4
1.0096336397520859E-4
1.0089992180932463E-4
1.0083655766756986E-4
1.0077327140728366E-4
1.0071006288615557E-4
1.0064693196221808E-4
1.0058387849384938E-4
1.0052090233976552E-4
1.0045800335903E-4
1.003951814110432E-4
1.0033243635554885E-4
1.0026976805262936E-4
1.0020717636269753E-4
1.0014466114651031E-4
1.0008222226516264E-4
1.000198595800739E-4
9.99575729530071E-5
The correct rate for BP: 100.00% 
