0.6938401724108426
0.4484147553769991
0.14751453865319175
0.053405534717578224
0.028440344928725235
0.019322803887385945
0.014571804601821465
0.01165604248568007
0.009687346782862392
0.008271113170297214
0.007204963824050705
0.006374395389020928
0.005709782798273958
0.005166379295719548
0.0047141331533952155
0.0043321245231602275
0.004005349344789794
0.0037227714402934585
0.0034760956930934986
0.003258969216892215
0.0030664460444121003
0.0028946193028109566
0.002740362835773328
0.0026011461184571563
0.0024748993349554627
0.0023599134636346475
0.0022547652270424557
0.0021582599852419354
0.002069387766802237
0.0019872890469576263
0.0019112278458206027
0.0018405703857557014
0.0017747680144975506
0.001713343433055276
0.0016558795068410354
0.0016020101128464686
0.0015514126040971233
0.0015038015681169093
0.0014589236278375666
0.0014165530876979512
0.0013764882691568604
0.0013385484117702385
0.0013025710407406903
0.001268409721177814
0.0012359321345016179
0.0012050184244380624
0.0011755597696161766
0.0011474571474258135
0.0011206202599479665
0.001094966597744513
0.0010704206213361224
0.0010469130434962455
0.0010243801981939338
0.0010027634842455302
9.820088735765574E-4
9.620664755233086E-4
9.428901498770804E-4
9.244371624381152E-4
9.06667877739921E-4
8.89545484356132E-4
8.730357488372785E-4
8.571067948624554E-4
8.417289046481778E-4
8.268743400458922E-4
8.125171810924973E-4
7.986331800631594E-4
7.85199629320735E-4
7.72195241466843E-4
7.596000404817531E-4
7.473952626975964E-4
7.355632665861876E-4
7.24087450461214E-4
7.129521772981473E-4
7.021427059652653E-4
6.916451282382522E-4
6.814463110398224E-4
6.715338434067098E-4
6.618959877394799E-4
6.525216349379553E-4
6.434002630663849E-4
6.345218992291253E-4
6.258770843703575E-4
6.174568407399469E-4
6.09252641793296E-4
6.012563843157614E-4
5.934603625826503E-4
5.858572443836419E-4
5.784400487570805E-4
5.712021252936736E-4
5.641371348823805E-4
5.572390317827945E-4
5.505020469188699E-4
5.439206722981781E-4
5.374896464693624E-4
5.312039409382105E-4
5.25058747469497E-4
5.190494662081338E-4
5.131716945586811E-4
5.074212167675044E-4
5.017939941563578E-4
4.962861559605347E-4
4.90893990728411E-4
4.856139382427306E-4
4.804425819271824E-4
4.753766417046594E-4
4.704129672761907E-4
4.6554853179202945E-4
4.6078042588848316E-4
4.5610585206610425E-4
4.515221193867463E-4
4.4702663846857315E-4
4.426169167597446E-4
4.382905540728971E-4
4.340452383637527E-4
4.298787417385271E-4
4.257889166757961E-4
4.2177369244951E-4
4.178310717408503E-4
4.139591274273623E-4
4.1015599953870586E-4
4.0641989236900837E-4
4.0274907173655505E-4
3.9914186238209173E-4
3.9559664549771443E-4
3.921118563786788E-4
3.8868598219119616E-4
3.8531755984945514E-4
3.8200517399584745E-4
3.787474550784507E-4
3.755430775205175E-4
3.723907579767272E-4
3.6928925367160094E-4
3.6623736081545986E-4
3.6323391309387874E-4
3.602777802266076E-4
3.5736786659229785E-4
3.545031099155784E-4
3.516824800131745E-4
3.489049775960512E-4
3.461696331246307E-4
3.4347550571444123E-4
3.408216820895385E-4
3.3820727558136213E-4
3.356314251707228E-4
3.330932945707568E-4
3.3059207134885087E-4
3.2812696608559475E-4
3.256972115689868E-4
3.2330206202213995E-4
3.209407923629469E-4
3.1861269749407835E-4
3.1631709162198993E-4
3.1405330760346517E-4
3.1182069631847194E-4
3.0961862606807575E-4
3.074464819962717E-4
3.053036655346254E-4
3.0318959386867444E-4
3.01103699425121E-4
2.990454293788623E-4
2.9701424517899284E-4
2.950096220929043E-4
2.9303104876771086E-4
2.910780268082179E-4
2.891500703707316E-4
2.872467057719989E-4
2.853674711126462E-4
2.835119159144816E-4
2.8167960077107916E-4
2.7987009701106123E-4
2.780829863735948E-4
2.763178606955195E-4
2.745743216096843E-4
2.7285198025398736E-4
2.711504569907173E-4
2.6946938113573717E-4
2.678083906971281E-4
2.6616713212292153E-4
2.6454526005751354E-4
2.629424371065097E-4
2.6135833360949577E-4
2.5979262742062404E-4
2.5824500369654474E-4
2.5671515469148957E-4
2.552027795591794E-4
2.5370758416132276E-4
2.522292808824459E-4
2.5076758845078354E-4
2.493222317650437E-4
2.478929417267952E-4
2.464794550782771E-4
2.450815142454285E-4
2.4369886718591312E-4
2.4233126724202921E-4
2.409784729982226E-4
2.39640248143131E-4
2.3831636133592882E-4
2.3700658607683005E-4
2.3571070058163714E-4
2.3442848766013267E-4
2.331597345982156E-4
2.31904233043645E-4
2.306617788952347E-4
2.2943217219542627E-4
2.2821521702607702E-4
2.270107214073684E-4
2.258184971997417E-4
2.2463836000872762E-4
2.2347012909258132E-4
2.2231362727265027E-4
2.2116868084633414E-4
2.2003511950260637E-4
2.189127762399576E-4
2.1780148728670835E-4
2.1670109202361756E-4
2.156114329086906E-4
2.1453235540412307E-4
2.1346370790531228E-4
2.1240534167187258E-4
2.1135711076057033E-4
2.10318871960146E-4
2.0929048472793037E-4
2.0827181112820591E-4
2.0726271577230871E-4
2.0626306576031146E-4
2.052727306243292E-4
2.0429158227335732E-4
2.0331949493961163E-4
2.023563451262875E-4
2.0140201155673454E-4
2.0045637512499035E-4
1.9951931884761465E-4
1.985907278168059E-4
1.9767048915474733E-4
1.9675849196915192E-4
1.9585462730996837E-4
1.9495878812720693E-4
1.9407086922986128E-4
1.931907672458878E-4
1.923183805832064E-4
1.914536093917136E-4
1.9059635552623838E-4
1.8974652251044807E-4
1.8890401550167963E-4
1.8806874125662333E-4
1.8724060809789677E-4
1.864195258814211E-4
1.8560540596464277E-4
1.847981611754989E-4
1.839977057821888E-4
1.8320395546365833E-4
1.8241682728080248E-4
1.816362396483983E-4
1.808621123076864E-4
1.8009436629962876E-4
1.793329239388012E-4
1.7857770878793597E-4
1.7782864563302113E-4
1.770856604590492E-4
1.7634868042629539E-4
1.7561763384718026E-4
1.74892450163664E-4
1.7417305992517248E-4
1.734593947670383E-4
1.7275138738943784E-4
1.720489715368309E-4
1.7135208197784554E-4
1.7066065448565192E-4
1.699746258187646E-4
1.6929393370230627E-4
1.6861851680966694E-4
1.6794831474460339E-4
1.672832680237127E-4
1.6662331805934033E-4
1.6596840714283042E-4
1.6531847842817814E-4
1.64673475916017E-4
1.640333444379889E-4
1.6339802964144206E-4
1.6276747797446182E-4
1.6214163667124776E-4
1.6152045373777908E-4
1.609038779378284E-4
1.6029185877925156E-4
1.5968434650056863E-4
1.5908129205786147E-4
1.58482647111935E-4
1.5788836401573863E-4
1.5729839580208156E-4
1.567126961715964E-4
1.561312194809482E-4
1.5555392073130972E-4
1.5498075555706218E-4
1.5441168021474087E-4
1.5384665157220745E-4
1.5328562709805336E-4
1.527285648512117E-4
1.5217542347079234E-4
1.5162616216611775E-4
1.5108074070698113E-4
1.5053911941406687E-4
1.5000125914960607E-4
1.4946712130820485E-4
1.4893666780784715E-4
1.4840986108109866E-4
1.47886664066463E-4
1.47367040199948E-4
1.4685095340675423E-4
1.4633836809316406E-4
1.458292491385822E-4
1.4532356188771557E-4
1.4482127214294528E-4
1.4432234615679675E-4
1.438267506246087E-4
1.4333445267731285E-4
1.4284541987435203E-4
1.4235962019677097E-4
1.418770220403875E-4
1.4139759420914337E-4
1.4092130590855203E-4
1.4044812673928665E-4
1.3997802669088498E-4
1.3951097613557195E-4
1.390469458222051E-4
1.3858590687033272E-4
1.381278307643553E-4
1.3767268934781178E-4
1.3722045481775986E-4
1.3677109971926908E-4
1.3632459694000598E-4
1.3588091970493984E-4
1.3544004157112137E-4
1.350019364225708E-4
1.3456657846526757E-4
1.3413394222221023E-4
1.3370400252858927E-4
1.3327673452703708E-4
1.3285211366295278E-4
1.3243011567994E-4
1.320107166153011E-4
1.315938927956224E-4
1.3117962083244197E-4
1.3076787761798594E-4
1.30358640320992E-4
1.2995188638259919E-4
1.2954759351230943E-4
1.2914573968402364E-4
1.2874630313215396E-4
1.283492623477936E-4
1.2795459607495613E-4
1.2756228330688702E-4
1.2717230328243513E-4
1.2678463548247698E-4
1.2639925962643422E-4
1.260161556688043E-4
1.2563530379579684E-4
1.2525668442199997E-4
1.2488027818711149E-4
1.2450606595272622E-4
1.241340287991811E-4
1.2376414802244213E-4
1.2339640513106534E-4
1.230307818431828E-4
1.226672600835618E-4
1.2230582198070376E-4
1.2194644986398417E-4
1.2158912626086125E-4
1.2123383389411062E-4
1.208805556791125E-4
1.205292747211907E-4
1.2017997431298706E-4
1.1983263793188072E-4
1.1948724923745435E-4
1.1914379206899443E-4
1.1880225044304525E-4
1.1846260855098192E-4
1.1812485075664932E-4
1.1778896159400927E-4
1.1745492576485325E-4
1.1712272813654189E-4
1.1679235373977165E-4
1.164637877663819E-4
1.1613701556722077E-4
1.15812022649998E-4
1.1548879467721789E-4
1.1516731746411542E-4
1.1484757697664194E-4
1.1452955932947018E-4
1.1421325078404548E-4
1.1389863774664096E-4
1.1358570676648669E-4
1.132744445338786E-4
1.1296483787835536E-4
1.1265687376688316E-4
1.1235053930207557E-4
1.1204582172044238E-4
1.1174270839065488E-4
1.1144118681185184E-4
1.1114124461197401E-4
1.1084286954609601E-4
1.1054604949481997E-4
1.1025077246266657E-4
1.099570265765117E-4
1.0966480008402686E-4
1.0937408135215319E-4
1.0908485886560427E-4
1.0879712122537518E-4
1.0851085714729826E-4
1.082260554605906E-4
1.07942705106444E-4
1.0766079513663821E-4
1.0738031471215336E-4
1.0710125310182767E-4
1.0682359968102226E-4
1.0654734393030159E-4
1.0627247543414236E-4
1.059989838796699E-4
1.0572685905537543E-4
1.0545609084990201E-4
1.0518666925081669E-4
1.0491858434340347E-4
1.046518263094819E-4
1.0438638542624117E-4
1.0412225206508861E-4
1.0385941669050973E-4
1.0359786985895824E-4
1.0333760221774738E-4
1.0307860450397352E-4
1.0282086754342814E-4
1.0256438224955756E-4
1.0230913962242485E-4
1.0205513074766508E-4
1.0180234679549152E-4
1.01550779019696E-4
1.0130041875665744E-4
1.0105125742438509E-4
1.0080328652154875E-4
1.0055649762655004E-4
1.0031088239658376E-4
1.0006643256673059E-4
9.982313994904344E-5
The correct rate for BP: 100.00% 
