1.1091699077482422
1.2217292908297823
0.7078529457265741
0.24306311759095978
0.07178492151653573
0.026837141819027494
0.016221842126709997
0.011656497584058203
0.009085395688355946
0.007432935568147358
0.006281338417909382
0.005433207100663767
0.004782892104756504
0.004268678138798317
0.0038520837530106973
0.003507866431928472
0.00321878116788962
0.002972647119289759
0.002760617158319004
0.002576111488329255
0.0024141358560887164
0.002270831713042956
0.0021431712143558383
0.002028745431868185
0.0019256141662739419
0.0018321974305911637
0.0017471957181653345
0.0016695305292415564
0.0015982993983280234
0.0015327414612114401
0.0014722107902129735
0.0014161555286290259
0.001364101405519596
0.0013156385951427132
0.0012704111559123084
0.0012281084773517385
0.001188458303711619
0.0011512210055939734
0.0011161848469079256
0.0010831620512665304
0.0010519855147609418
0.00102250604462583
9.945900282938233E-4
9.68117456641988E-4
9.429802402589311E-4
9.19080769335336E-4
8.963306770666607E-4
8.746497738248677E-4
8.539651252366938E-4
8.34210252025185E-4
8.153244332782316E-4
7.972520978944942E-4
7.799422914716701E-4
7.633482079597521E-4
7.474267770932222E-4
7.321383000122011E-4
7.174461266394066E-4
7.033163693418236E-4
6.897176482097703E-4
6.766208639588786E-4
6.639989950268225E-4
6.51826915913646E-4
6.400812342186702E-4
6.287401441698331E-4
6.177832947328677E-4
6.07191670637063E-4
5.969474848673948E-4
5.870340813558147E-4
5.774358467618994E-4
5.681381303688722E-4
5.59127171238243E-4
5.503900318682897E-4
5.419145376895535E-4
5.336892218078697E-4
5.257032744720367E-4
5.17946496802239E-4
5.104092583663417E-4
5.030824582364503E-4
4.959574891975281E-4
4.890262048148049E-4
4.8228088909744174E-4
4.7571422852311744E-4
4.693192862121017E-4
4.6308947806101745E-4
4.570185506650365E-4
4.5110056087438943E-4
4.4532985684592316E-4
4.397010604639354E-4
4.3420905101624246E-4
4.2884895002243194E-4
4.2361610712056657E-4
4.1850608692733693E-4
4.1351465679429335E-4
4.086377753898427E-4
4.038715820427339E-4
3.9921238678862925E-4
3.946566610662166E-4
3.902010290140908E-4
3.8584225932362286E-4
3.8157725760691504E-4
3.774030592422806E-4
3.733168226628138E-4
3.6931582305639235E-4
3.6539744644804314E-4
3.6155918413786843E-4
3.5779862746996807E-4
3.5411346290952135E-4
3.505014674071989E-4
3.4696050403149796E-4
3.4348851785111277E-4
3.400835320508849E-4
3.3674364426598835E-4
3.334670231202201E-4
3.302519049552784E-4
3.2709659073885966E-4
3.239994431402749E-4
3.209588837631442E-4
3.1797339052539125E-4
3.150414951774989E-4
3.1216178095058245E-4
3.093328803264802E-4
3.0655347292250995E-4
3.038222834840856E-4
3.011380799788565E-4
2.984996717864402E-4
2.959059079781672E-4
2.933556756817412E-4
2.908478985258964E-4
2.883815351605599E-4
2.8595557784832654E-4
2.835690511231798E-4
2.8122101051283036E-4
2.789105413211674E-4
2.7663675746750834E-4
2.743988003796497E-4
2.7219583793778327E-4
2.7002706346661764E-4
2.67891694773116E-4
2.657889732275074E-4
2.637181628852827E-4
2.6167854964810535E-4
2.5966944046158395E-4
2.5769016254810175E-4
2.5574006267287065E-4
2.5381850644158E-4
2.5192487762805405E-4
2.5005857753045846E-4
2.482190243546003E-4
2.464056526230739E-4
2.4461791260892244E-4
2.4285526979272488E-4
2.4111720434188312E-4
2.3940321061117662E-4
2.3771279666347128E-4
2.3604548380971104E-4
2.3440080616727528E-4
2.3277831023584038E-4
2.3117755448995262E-4
2.2959810898756135E-4
2.2803955499376338E-4
2.265014846191105E-4
2.2498350047177955E-4
2.2348521532303506E-4
2.2200625178538222E-4
2.2054624200282467E-4
2.1910482735274837E-4
2.1768165815888888E-4
2.162763934149406E-4
2.1488870051827367E-4
2.1351825501346344E-4
2.1216474034507223E-4
2.1082784761938724E-4
2.0950727537471554E-4
2.082027293598641E-4
2.0691392232049217E-4
2.0564057379299425E-4
2.0438240990560742E-4
2.0313916318646631E-4
2.0191057237829927E-4
2.0069638225952356E-4
1.994963434714659E-4
1.9831021235148112E-4
1.9713775077171068E-4
1.9597872598329697E-4
1.9483291046580657E-4
1.9370008178167214E-4
1.9258002243547495E-4
1.9147251973783983E-4
1.9037736567382692E-4
1.8929435677559781E-4
1.882232939992E-4
1.8716398260536547E-4
1.8611623204410158E-4
1.8507985584297255E-4
1.84054671498959E-4
1.8304050037368344E-4
1.820371675919774E-4
1.8104450194360143E-4
1.8006233578800733E-4
1.7909050496208115E-4
1.7812884869070316E-4
1.771772095000511E-4
1.7623543313355984E-4
1.753033684704099E-4
1.7438086744650565E-4
1.734677849777877E-4
1.725639788858756E-4
1.716693098258929E-4
1.707836412164525E-4
1.6990683917168144E-4
1.6903877243525458E-4
1.6817931231634075E-4
1.6732833262741187E-4
1.664857096238689E-4
1.6565132194535978E-4
1.6482505055881864E-4
1.6400677870310326E-4
1.6319639183521524E-4
1.62393777578027E-4
1.6159882566948888E-4
1.6081142791323936E-4
1.60031478130614E-4
1.5925887211395642E-4
1.584935075812342E-4
1.577352841319039E-4
1.569841032039658E-4
1.5623986803219768E-4
1.555024836075219E-4
1.5477185663746403E-4
1.5404789550766448E-4
1.5333051024444131E-4
1.526196124783233E-4
1.519151154085703E-4
1.5121693376861023E-4
1.5052498379240764E-4
1.4983918318167886E-4
1.4915945107399822E-4
1.4848570801170394E-4
1.4781787591161173E-4
1.4715587803552354E-4
1.4649963896145918E-4
1.4584908455565773E-4
1.4520414194526372E-4
1.4456473949171466E-4
1.439308067647955E-4
1.4330227451734136E-4
1.426790746605796E-4
1.4206114024007527E-4
1.4144840541227736E-4
1.4084080542165134E-4
1.402382765783458E-4
1.3964075623644164E-4
1.3904818277271167E-4
1.384604955658865E-4
1.3787763497644567E-4
1.3729954232687876E-4
1.367261598824176E-4
1.361574308322407E-4
1.355932992711175E-4
1.350337101814878E-4
1.3447860941596707E-4
1.3392794368025579E-4
1.33381660516466E-4
1.328397082868086E-4
1.323020361576944E-4
1.3176859408416664E-4
1.3123933279473357E-4
1.3071420377650344E-4
1.301931592607039E-4
1.2967615220850026E-4
1.2916313629714808E-4
1.2865406590646344E-4
1.2814889610558773E-4
1.2764758264005295E-4
1.2715008191915034E-4
1.26656351003559E-4
1.2616634759326004E-4
1.256800300157219E-4
1.251973572143397E-4
1.247182887371321E-4
1.2424278472568186E-4
1.2377080590432707E-4
1.233023135695743E-4
1.2283726957974963E-4
1.2237563634487619E-4
1.2191737681675498E-4
1.2146245447927637E-4
1.2101083333892008E-4
1.2056247791548459E-4
1.2011735323297815E-4
1.1967542481072674E-4
1.192366586546554E-4
1.1880102124878618E-4
1.1836847954684695E-4
1.1793900096412599E-4
1.175125533694591E-4
1.1708910507737901E-4
1.1666862484044909E-4
1.1625108184172792E-4
1.1583644568742438E-4
1.1542468639965787E-4
1.1501577440940085E-4
1.1460968054955273E-4
1.14206376048153E-4
1.1380583252172747E-4
1.1340802196878029E-4
1.1301291676339989E-4
1.1262048964900904E-4
1.1223071373222953E-4
1.1184356247686419E-4
1.1145900969801206E-4
1.1107702955628351E-4
1.1069759655214789E-4
1.1032068552036915E-4
1.099462716245657E-4
1.0957433035187486E-4
1.0920483750771329E-4
1.0883776921064376E-4
1.0847310188734066E-4
1.0811081226765615E-4
1.0775087737976798E-4
1.0739327454543031E-4
1.0703798137531425E-4
1.0668497576443809E-4
1.0633423588767088E-4
1.0598574019534342E-4
1.0563946740891283E-4
1.0529539651674361E-4
1.0495350676993134E-4
1.0461377767822742E-4
1.0427618900603623E-4
1.0394072076847452E-4
1.0360735322752129E-4
1.0327606688822299E-4
1.0294684249496976E-4
1.0261966102786053E-4
1.0229450369909814E-4
1.0197135194948117E-4
1.0165018744495092E-4
1.0133099207318161E-4
1.010137479402737E-4
1.0069843736744885E-4
1.0038504288786918E-4
1.0007354724345105E-4
9.97639333817874E-5
The correct rate for BP: 100.00% 
