1.2222689594175185
1.0835747782896374
0.9669875627992516
0.8528511006087547
0.7426488376650258
0.6405748134672112
0.549233406649562
0.46958807633816796
0.4014896235626376
0.344088527168466
0.2961508710799011
0.2563075638747572
0.2232278623886937
0.19571671415705838
0.17275281300664874
0.1534898038763117
0.13723908538564564
0.12344603019865631
0.11166594996473131
0.10154261466428356
0.0927902101936286
0.08517869410598135
0.07852213679429515
0.07266953665641435
0.06749762082969121
0.06290521102804124
0.058808810921389267
0.055139142318516174
0.05183841715175778
0.04885818041252779
0.04615759702070998
0.04370208490735088
0.041462219091475155
0.039412848744562225
0.03753238238561588
0.035802206399840955
0.03420620976853442
0.03273039380429679
0.03136255023413936
0.03009199448842516
0.02890934378108759
0.02780633169142932
0.026775652620102248
0.025810830797815314
0.024906109555670533
0.024056357382381894
0.02325698794315562
0.022503891753927387
0.021793377620918545
0.02112212229072262
0.020487127027193856
0.019885680051402926
0.019315323960143464
0.018773827384999213
0.018259160274210196
0.017769472278560836
0.01730307380428736
0.016858419363774232
0.016434092911160082
0.016028794896969855
0.0156413308152039
0.015270601049299016
0.01491559185112707
0.014575367310612642
0.014249062193356686
0.01393587554045702
0.013635064939000834
0.01334594138388584
0.013067864662033869
0.01280023919897476
0.0125425103154334
0.012294160848136598
0.012054708094736643
0.011823701047653703
0.011600717885889785
0.011385363697552706
0.01117726840903399
0.010976084899576435
0.010781487282402498
0.010593169335705609
0.010410843068670237
0.010234237409324236
0.010063097002463916
0.009897181107158629
0.009736262584457162
0.00958012696690446
0.009428571602347184
0.009281404865280356
0.009138445429670414
0.00899952159779936
0.008864470680215017
0.008733138422354422
0.008605378473837752
0.008481051896813528
0.00836002671007917
0.008242177466008959
0.008127384857596317
0.008015535353165473
0.007906520856528931
0.007800238390568152
0.007696589802394386
0.007595481488409014
0.007496824137729813
0.007400532492581613
0.007306525124369765
0.0072147242242636914
0.0071250554072156864
0.0070374475284296825
0.006951832511375709
0.006868145186519417
0.006786323140003114
0.006706306571575803
0.006628038161125435
0.006551462943217274
0.006476528189088732
0.006403183295593349
0.0063313796806254525
0.0062610706845923295
0.006192211477533519
0.006124758971516271
0.006058671737964128
0.005993909929600057
0.005930435206709007
0.005868210667446223
0.005807200781936333
0.005747371329927534
0.005688689341780191
0.0056311230425860875
0.005574641799227315
0.0055192160701977066
0.005464817358021351
0.005411418164113994
0.005358991945943385
0.0053075130763542856
0.005256956804932483
0.005207299221290614
0.0051585172201659354
0.005110588468227488
0.005063491372496445
0.005017205050289654
0.004971709300601997
0.0049269845768484056
0.004883011960891411
0.004839773138284551
0.004797250374666119
0.004755426493242086
0.004714284853300228
0.004673809329701207
0.004633984293295741
0.004594794592219464
0.004556225534020702
0.004518262868577949
0.0044808927717675615
0.004444101829843199
0.004407877024491796
0.0043722057185321
0.004337075642224059
0.004302474880159092
0.004268391858702899
0.004234815333963908
0.004201734380262188
0.004169138379074739
0.004137017008434612
0.004105360232762427
0.004074158293109863
0.004043401697796093
0.004013081213418665
0.003983187856222048
0.003953712883806969
0.003924647787165335
0.0038959842830259593
0.0038677143064971323
0.0038398300039926836
0.0038123237264291944
0.0037851880226820716
0.0037584156332893777
0.00373199948439251
0.0037059326819035925
0.0036802085058894574
0.003654820405163519
0.0036297619920761166
0.0036050270374952224
0.003580609465969543
0.003556503351066152
0.0035327029108756388
0.0035092025036775856
0.003485996623760126
0.0034630798973867907
0.0034404470789052228
0.003418093046991539
0.003396012801025032
0.003374201457588242
0.0033526542470869642
0.0033313665104858334
0.003310333696154691
0.0032895513568215375
0.003269015146627824
0.003248720818282165
0.0032286642203086828
0.0032088412943863712
0.0031892480727758916
0.003169880675830659
0.003150735309588919
0.0031318082634437675
0.003113095907888326
0.0030945946923330624
0.0030763011429928828
0.0030582118608410906
0.003040323519628041
0.003022632863962018
0.0030051367074500636
0.0029878319308966556
0.0029707154805580535
0.002953784366450529
0.002937035660710279
0.002920466496003487
0.0029040740639845043
0.002887855613800686
0.0028718084506421464
0.0028559299343348396
0.0028402174779755115
0.002824668546607202
0.0028092806559336875
0.002794051371071665
0.002778978305339445
0.002764059119080809
0.002749291518522902
0.0027346732546670765
0.0027202021222114525
0.002705875958504333
0.0026916926425272457
0.002677650093906867
0.0026637462719546427
0.0026499791747334363
0.0026363468381501594
0.002622847335073575
0.0026094787744766687
0.002596239300602333
0.0025831270921523064
0.002570140361497891
0.0025572773539123427
0.0025445363468239507
0.002531915649089224
0.002519413600285688
0.002507028570023365
0.0024947589572747782
0.0024826031897225314
0.0024705597231242378
0.0024586270406939856
0.0024468036525001086
0.0024350880948785215
0.0024234789298613435
0.002411974744620256
0.0024005741509241924
0.0023892757846108613
0.0023780783050718285
0.002366980394750598
0.0023559807586534718
0.0023450781238726483
0.002334271239121385
0.0023235588742806907
0.002312939819957353
0.0023024128870529023
0.0022919769063432763
0.002281630728068706
0.0022713732215337793
0.0022612032747171785
0.0022511197938909723
0.002241121703249044
0.0022312079445445643
0.0022213774767361324
0.002211629275642388
0.0022019623336048816
0.002192375659158922
0.0021828682767122383
0.002173439226231215
0.002164087562934458
0.0021548123569935904
0.0021456126932409853
0.002136487670884284
0.002127436403227534
0.002118458017398735
0.0021095516540836543
0.002100716467265781
0.0020919516239720584
0.0020832563040245992
0.002074629699797809
0.0020660710159811834
0.002057579469347298
0.002049154288524986
0.0020407947137777013
0.002032499996786682
0.0020242694004389567
0.0020161021986200866
0.0020079976760113112
0.0019999551278913476
0.001991973859942342
0.0019840531880601113
0.0019761924381685265
0.001968390946037873
0.001960648057107091
0.0019529631263098845
0.001945335517904551
0.0019377646053073817
0.0019302497709296452
0.0019227904060180098
0.0019153859104983151
0.00190803569282268
0.0019007391698197052
0.0018934957665479684
0.001886304916152387
0.0018791660597236995
0.0018720786461607674
0.0018650421320357627
0.0018580559814621166
0.001851119665965088
0.001844232664355155
0.0018373944626037806
0.0018306045537218082
0.0018238624376402956
0.0018171676210937484
0.0018105196175056662
0.0018039179468763988
0.001797362135673297
0.0017908517167228937
0.0017843862291054221
0.001777965218051228
0.0017715882348393551
0.00176525483669804
0.0017589645867072108
0.0017527170537028466
0.0017465118121832049
0.0017403484422168845
0.0017342265293526272
0.0017281456645309068
0.0017221054439971665
0.0017161054692167701
0.0017101453467914978
0.0017042246883777034
0.0016983431106059935
0.001692500235002432
0.0016866956879112293
0.0016809291004188445
0.0016752001082795897
0.0016695083518425556
0.0016638534759799263
0.0016582351300166234
0.0016526529676612503
0.0016471066469382742
0.0016415958301215468
0.0016361201836689488
0.0016306793781582856
0.0016252730882243196
0.0016199009924969734
0.0016145627735406518
0.001609258117794637
0.001603986715514573
0.001598748260715008
0.0015935424511129587
0.0015883689880724838
0.0015832275765502361
0.0015781179250419991
0.0015730397455301622
0.0015679927534321197
0.0015629766675495861
0.0015579912100187813
0.0015530361062615484
0.0015481110849372137
0.0015432158778954212
0.0015383502201296658
0.0015335138497317162
0.0015287065078467628
0.001523927938629412
0.00151917788920031
0.0015144561096036833
0.0015097623527654627
0.001505096374452157
0.0015004579332304575
0.0014958467904275172
0.001491262710091865
0.001486705458955011
0.0014821748063936855
0.0014776705243927369
0.0014731923875085857
0.001468740172833373
0.0014643136599596213
0.0014599126309455313
0.001455536870280863
0.0014511861648533375
0.0014468603039155961
0.0014425590790527402
0.0014382822841503687
0.001434029715363144
0.0014298011710838694
0.0014255964519130763
0.0014214153606290944
0.0014172577021585929
0.0014131232835476423
0.0014090119139331747
0.0014049234045149528
0.0014008575685279584
0.0013968142212152641
0.0013927931798012633
0.0013887942634653644
0.0013848172933161494
0.0013808620923658427
0.0013769284855052494
0.0013730162994790615
0.0013691253628615803
0.0013652555060327412
0.0013614065611546483
0.001357578362148285
0.0013537707446708116
0.0013499835460929683
0.0013462166054770447
0.0013424697635550644
0.0013387428627073116
0.001335035746941241
0.0013313482618706506
0.0013276802546952299
0.0013240315741803563
0.0013204020706372428
0.001316791595903372
0.0013132000033232263
0.0013096271477292772
0.0013060728854233526
0.0013025370741581532
0.0012990195731191322
0.0012955202429066504
0.0012920389455183205
0.001288575544331708
0.0012851299040872051
0.0012817018908712252
0.0012782913720995911
0.0012748982165011954
0.0012715222941018936
0.0012681634762086553
0.0012648216353938694
0.0012614966454799921
0.001258188381524327
0.0012548967198040624
0.0012516215378015126
0.0012483627141895858
0.0012451201288174554
0.0012418936626964368
0.0012386831979860422
0.0012354886179802666
0.001232309807094077
0.0012291466508500646
0.001225999035865271
0.001222866849838262
0.001219749981536343
0.0012166483207829276
0.0012135617584451543
0.0012104901864216173
0.001207433497630299
0.0012043915859966533
0.0012013643464418664
0.0011983516748712752
0.0011953534681629601
0.0011923696241564533
0.0011894000416416712
0.0011864446203479386
0.0011835032609331768
0.001180575864973275
0.0011776623349515737
0.0011747625742484678
0.0011718764871312482
0.0011690039787439273
0.0011661449550973827
0.0011632993230594531
0.0011604669903453324
0.0011576478655079968
0.0011548418579287274
0.0011520488778078812
0.0011492688361557043
0.0011465016447832427
0.0011437472162934633
0.001141005464072414
0.0011382763022805284
0.0011355596458440449
0.001132855410446569
0.0011301635125206724
0.001127483869239705
0.0011248163985096036
0.0011221610189608951
0.0011195176499407395
0.0011168862115051705
0.0011142666244112979
0.0011116588101097466
0.001109062690737104
0.0011064781891084979
0.0011039052287102897
0.001101343733692823
0.001098793628863277
0.0010962548396786366
0.0010937272922387192
0.001091210913279305
0.0010887056301653619
0.0010862113708843242
0.0010837280640395252
0.001081255638843637
0.0010787940251122173
0.0010763431532573786
0.001073902954281482
0.0010714733597709102
0.0010690543018900005
0.001066645713374932
0.0010642475275277927
0.0010618596782106498
0.0010594820998397318
0.001057114727379688
0.0010547574963378854
0.0010524103427587952
0.0010500732032184708
0.0010477460148190327
0.0010454287151832962
0.0010431212424494123
0.0010408235352655803
0.0010385355327848563
0.0010362571746599946
0.0010339884010383538
0.0010317291525568754
0.001029479370337127
0.0010272389959803854
0.0010250079715628025
0.0010227862396306087
0.0010205737431954027
0.001018370425729446
0.001016176231161078
0.0010139911038701363
0.0010118149886834558
0.0010096478308704079
0.0010074895761385204
0.0010053401706291098
0.0010031995609129775
0.0010010676939861969
9.989445172658784E-4
9.968299785860426E-4
9.947240261935285E-4
9.92626608743922E-4
9.905376752975894E-4
9.884571753156592E-4
9.86385058656184E-4
9.843212755702322E-4
9.82265776698083E-4
9.802185130654306E-4
9.781794360796947E-4
9.761484975262776E-4
9.74125649564977E-4
9.721108447263432E-4
9.701040359081057E-4
9.68105176371687E-4
9.661142197387102E-4
9.641311199875325E-4
9.621558314498845E-4
9.601883088074559E-4
9.582285070886239E-4
9.562763816651311E-4
9.543318882488247E-4
9.523949828884886E-4
9.504656219666057E-4
9.485437621962639E-4
9.466293606180293E-4
9.447223745968682E-4
9.4282276181913E-4
9.409304802895241E-4
9.390454883281429E-4
9.371677445675596E-4
9.352972079498901E-4
9.334338377239323E-4
9.315775934423206E-4
9.297284349587293E-4
9.278863224250807E-4
9.260512162888083E-4
9.242230772901118E-4
9.22401866459319E-4
9.205875451141895E-4
9.187800748572765E-4
9.169794175733692E-4
9.151855354268865E-4
9.13398390859344E-4
9.116179465868157E-4
9.098441655975067E-4
9.080770111492102E-4
9.063164467669201E-4
9.045624362404027E-4
9.028149436218466E-4
9.010739332234531E-4
8.99339369615129E-4
8.976112176221966E-4
8.958894423230778E-4
8.9417400904705E-4
8.924648833720109E-4
8.907620311222746E-4
8.890654183663686E-4
8.873750114148716E-4
8.856907768182889E-4
8.840126813649167E-4
8.823406920787408E-4
8.806747762173861E-4
8.7901490127004E-4
8.773610349554244E-4
8.757131452198025E-4
8.740712002349702E-4
8.724351683962968E-4
8.708050183207788E-4
8.69180718845104E-4
8.675622390237421E-4
8.659495481270885E-4
8.643426156395424E-4
8.627414112576957E-4
8.61145904888494E-4
8.595560666474313E-4
8.57971866856745E-4
8.563932760436471E-4
8.548202649385644E-4
8.532528044734099E-4
8.516908657798506E-4
8.501344201876219E-4
8.485834392228181E-4
8.470378946062436E-4
8.454977582517559E-4
8.439630022646261E-4
8.424335989399194E-4
8.409095207609033E-4
8.393907403974531E-4
8.378772307044862E-4
8.363689647204065E-4
8.348659156655689E-4
8.33368056940747E-4
8.318753621256285E-4
8.303878049773279E-4
8.289053594289107E-4
8.274279995879267E-4
8.259556997349411E-4
8.244884343221262E-4
8.230261779718437E-4
8.215689054752135E-4
8.201165917907353E-4
8.186692120429194E-4
8.172267415209042E-4
8.157891556771077E-4
8.143564301259065E-4
8.12928540642279E-4
8.115054631605233E-4
8.100871737729467E-4
8.086736487285624E-4
8.07264864431837E-4
8.058607974414265E-4
8.044614244689106E-4
8.030667223775711E-4
8.016766681811486E-4
8.002912390426526E-4
7.989104122731424E-4
7.975341653305262E-4
7.961624758184101E-4
7.947953214849032E-4
7.934326802214877E-4
7.920745300618352E-4
7.907208491807103E-4
7.893716158928271E-4
7.880268086517225E-4
7.866864060486994E-4
7.853503868116848E-4
7.840187298041516E-4
7.82691414024098E-4
7.813684186029235E-4
7.800497228044045E-4
7.787353060236622E-4
7.774251477861108E-4
7.761192277464495E-4
7.748175256876385E-4
7.735200215199082E-4
7.722266952797394E-4
7.709375271289175E-4
7.696524973535271E-4
7.683715863630003E-4
7.670947746891425E-4
7.658220429851976E-4
7.645533720249153E-4
7.632887427016017E-4
7.620281360271958E-4
7.607715331313876E-4
7.595189152606644E-4
7.582702637774447E-4
7.570255601592003E-4
7.557847859975217E-4
7.545479229973105E-4
7.533149529758726E-4
7.520858578620738E-4
7.50860619695483E-4
7.496392206255489E-4
7.484216429107414E-4
7.472078689177438E-4
7.459978811206337E-4
7.447916621000424E-4
7.435891945424063E-4
7.423904612391097E-4
7.4119544508573E-4
7.400041290812541E-4
7.388164963272816E-4
7.376325300272855E-4
7.364522134858218E-4
7.352755301078024E-4
7.341024633977079E-4
7.329329969589006E-4
7.317671144928191E-4
7.306047997983267E-4
7.294460367709273E-4
7.282908094020854E-4
7.271391017784937E-4
7.259908980813975E-4
7.248461825858657E-4
7.237049396601179E-4
7.225671537648497E-4
7.214328094525213E-4
7.20301891366716E-4
7.19174384241467E-4
7.180502729005853E-4
7.169295422570114E-4
7.158121773121459E-4
7.146981631552674E-4
7.135874849627994E-4
7.124801279977683E-4
7.113760776091217E-4
7.102753192311093E-4
7.091778383826954E-4
7.080836206669352E-4
7.069926517703385E-4
7.059049174623193E-4
7.048204035945582E-4
7.037390961004306E-4
7.026609809944437E-4
7.01586044371596E-4
7.005142724068572E-4
6.994456513545851E-4
6.983801675479274E-4
6.973178073983093E-4
6.962585573948489E-4
6.95202404103801E-4
6.941493341680314E-4
6.930993343064628E-4
6.920523913135303E-4
6.910084920586578E-4
6.89967623485746E-4
6.889297726125948E-4
6.878949265304557E-4
6.86863072403461E-4
6.858341974681247E-4
6.848082890328575E-4
6.837853344774458E-4
6.827653212525481E-4
6.81748236879224E-4
6.807340689484144E-4
6.797228051204834E-4
6.787144331247114E-4
6.777089407588503E-4
6.76706315888603E-4
6.75706546447198E-4
6.747096204348923E-4
6.737155259185376E-4
6.727242510310827E-4
6.717357839711569E-4
6.707501130026042E-4
6.697672264540226E-4
6.687871127183443E-4
6.678097602523803E-4
6.668351575763832E-4
6.658632932736233E-4
6.648941559899692E-4
6.639277344334165E-4
6.629640173737176E-4
6.620029936419414E-4
6.6104465213005E-4
6.600889817905007E-4
6.591359716358242E-4
6.581856107382261E-4
6.572378882291961E-4
6.562927932990861E-4
6.553503151967197E-4
6.544104432290071E-4
6.534731667605684E-4
6.525384752133119E-4
6.516063580660813E-4
6.506768048542663E-4
6.497498051694163E-4
6.488253486588815E-4
6.479034250254183E-4
6.469840240268648E-4
6.460671354757196E-4
6.451527492388135E-4
6.442408552369522E-4
6.433314434445447E-4
6.424245038892536E-4
6.41520026651641E-4
6.406180018648389E-4
6.397184197141702E-4
6.388212704368361E-4
6.379265443215652E-4
6.370342317082647E-4
6.361443229877082E-4
6.352568086011785E-4
6.343716790401594E-4
6.334889248459951E-4
6.326085366095615E-4
6.317305049709673E-4
6.308548206192151E-4
6.29981474291867E-4
6.291104567747843E-4
6.28241758901762E-4
6.273753715542405E-4
6.265112856610038E-4
6.256494921978515E-4
6.247899821873376E-4
6.239327466984146E-4
6.230777768461903E-4
6.222250637915914E-4
6.213745987410892E-4
6.205263729464036E-4
6.196803777042179E-4
6.188366043558867E-4
6.179950442871455E-4
6.171556889278432E-4
6.163185297516643E-4
6.154835582758204E-4
6.14650766060813E-4
6.138201447101171E-4
6.129916858699559E-4
6.121653812289992E-4
6.113412225181079E-4
6.105192015100463E-4
6.096993100192623E-4
6.088815399015829E-4
6.08065883053971E-4
6.072523314142765E-4
6.064408769609597E-4
6.056315117128542E-4
6.048242277289129E-4
6.040190171079408E-4
6.032158719883776E-4
6.024147845480147E-4
6.016157470037692E-4
6.00818751611462E-4
6.00023790665529E-4
5.99230856498814E-4
5.984399414823381E-4
5.976510380250303E-4
5.968641385735302E-4
5.960792356119256E-4
5.952963216615428E-4
5.945153892806983E-4
5.937364310645034E-4
5.929594396445984E-4
5.921844076889533E-4
5.914113279016451E-4
5.906401930226353E-4
5.898709958275271E-4
5.891037291273881E-4
5.883383857685176E-4
5.875749586322083E-4
5.868134406345699E-4
5.860538247263052E-4
5.852961038924784E-4
5.845402711523528E-4
5.837863195591363E-4
5.830342421997999E-4
5.822840321948803E-4
5.815356826982627E-4
5.807891868969902E-4
5.800445380110488E-4
5.793017292931894E-4
5.785607540287287E-4
5.778216055353267E-4
5.77084277162842E-4
5.763487622930835E-4
5.756150543396796E-4
5.748831467478177E-4
5.741530329941285E-4
5.734247065864453E-4
5.726981610636502E-4
5.719733899954704E-4
5.712503869823058E-4
5.705291456550489E-4
5.698096596748912E-4
5.690919227331585E-4
5.683759285511244E-4
5.67661670879841E-4
5.669491434999558E-4
5.662383402215428E-4
5.655292548839285E-4
5.648218813555173E-4
5.64116213533623E-4
5.634122453442988E-4
5.62709970742183E-4
5.620093837102951E-4
5.613104782599221E-4
5.606132484303968E-4
5.599176882889937E-4
5.592237919307132E-4
5.585315534781643E-4
5.578409670813505E-4
5.571520269175819E-4
5.564647271912655E-4
5.557790621337536E-4
5.550950260032095E-4
5.544126130844304E-4
5.537318176887143E-4
5.530526341536934E-4
5.523750568431807E-4
5.516990801470309E-4
5.510246984809868E-4
5.503519062865288E-4
5.496806980307204E-4
5.490110682060859E-4
5.48343011330432E-4
5.476765219467332E-4
5.470115946229685E-4
5.463482239519827E-4
5.456864045513665E-4
5.450261310632765E-4
5.443673981543281E-4
5.437102005154469E-4
5.430545328617303E-4
5.424003899322968E-4
5.417477664901863E-4
5.410966573221951E-4
5.404470572387375E-4
5.397989610737435E-4
5.391523636844978E-4
5.385072599515162E-4
5.378636447784329E-4
5.372215130918441E-4
5.365808598411928E-4
5.359416799986393E-4
5.353039685589437E-4
5.346677205393187E-4
5.340329309793259E-4
5.333995949407386E-4
5.327677075074137E-4
5.321372637851949E-4
5.315082589017618E-4
5.30880688006512E-4
5.302545462704619E-4
5.296298288861067E-4
5.290065310673129E-4
5.283846480491953E-4
5.27764175087992E-4
5.271451074609764E-4
5.265274404663032E-4
5.259111694229145E-4
5.252962896704338E-4
5.246827965690297E-4
5.240706854993283E-4
5.234599518622812E-4
5.228505910790557E-4
5.222425985909457E-4
5.21635969859234E-4
5.210307003650985E-4
5.204267856095118E-4
5.198242211131073E-4
5.192230024160985E-4
5.186231250781586E-4
5.180245846783243E-4
5.174273768148737E-4
5.168314971052534E-4
5.162369411859322E-4
5.156437047123429E-4
5.150517833587419E-4
5.144611728181398E-4
5.138718688021772E-4
5.132838670410263E-4
5.12697163283314E-4
5.121117532959973E-4
5.115276328642729E-4
5.109447977914845E-4
5.1036324389903E-4
5.097829670262444E-4
5.092039630303142E-4
5.086262277862083E-4
5.080497571865386E-4
5.074745471414966E-4
5.069005935787498E-4
5.063278924433513E-4
5.05756439697645E-4
5.051862313211783E-4
5.046172633106033E-4
5.040495316796017E-4
5.034830324587652E-4
5.029177616955521E-4
5.02353715454154E-4
5.017908898154258E-4
5.012292808768118E-4
5.006688847522239E-4
5.001096975719953E-4
4.995517154827693E-4
4.989949346474124E-4
4.984393512449434E-4
4.978849614704437E-4
4.973317615349593E-4
4.96779747665457E-4
4.962289161046866E-4
4.95679263111141E-4
4.951307849589581E-4
4.945834779378397E-4
4.940373383529727E-4
4.93492362524953E-4
4.929485467896931E-4
4.924058874983578E-4
4.918643810172789E-4
4.913240237278727E-4
4.907848120265648E-4
4.902467423247222E-4
4.897098110485656E-4
4.891740146390842E-4
4.886393495519897E-4
4.881058122576115E-4
4.875733992408248E-4
4.8704210700100845E-4
4.8651193205191364E-4
4.8598287092165563E-4
4.8545492015258576E-4
4.8492807630124416E-4
4.8440233593829334E-4
4.838776956484253E-4
4.8335415203031105E-4
4.828317016965142E-4
4.8231034127343026E-4
4.817900674012102E-4
4.8127087673369314E-4
4.8075276593833953E-4
4.8023573169616603E-4
4.7971977070165016E-4
4.792048796627092E-4
4.7869105530059174E-4
4.7817829434982685E-4
4.7766659355815577E-4
4.7715594968646764E-4
4.7664635950872835E-4
4.7613781981192084E-4
4.7563032739597806E-4
4.7512387907370986E-4
4.7461847167075324E-4
4.7411410202549264E-4
4.736107669890175E-4
4.7310846342502294E-4
4.726071882098075E-4
4.7210693823212185E-4
4.7160771039320333E-4
4.7110950160664136E-4
4.7061230879835557E-4
4.7011612890652025E-4
4.6962095888148937E-4
4.691267956857824E-4
4.6863363629396905E-4
4.6814147769264346E-4
4.6765031688035893E-4
4.671601508675588E-4
4.6667097667653915E-4
4.6618279134135664E-4
4.656955919078044E-4
4.652093754333509E-4
4.647241389870445E-4
4.6423987964950886E-4
4.637565945128482E-4
4.632742806806093E-4
4.627929352677242E-4
4.623125554004508E-4
4.6183313821632075E-4
4.613546808640703E-4
4.6087718050361374E-4
4.6040063430596444E-4
4.599250394531858E-4
4.5945039313835214E-4
4.5897669256547447E-4
4.5850393494946515E-4
4.5803211751607286E-4
4.5756123750182956E-4
4.5709129215402175E-4
4.5662227873059466E-4
4.561541945001573E-4
4.556870367418719E-4
4.552208027454481E-4
4.547554898110686E-4
4.542910952493437E-4
4.538276163812798E-4
4.533650505381904E-4
4.5290339506168795E-4
4.524426473036062E-4
4.519828046259648E-4
4.515238644009138E-4
4.5106582401069595E-4
4.506086808475879E-4
4.5015243231384065E-4
4.496970758216761E-4
4.492426087931882E-4
4.487890286603308E-4
4.4833633286484856E-4
4.478845188582448E-4
4.474335841017394E-4
4.469835260661977E-4
4.4653434223211754E-4
4.460860300895545E-4
4.4563858713810175E-4
4.451920108868307E-4
4.4474629885423735E-4
4.443014485682255E-4
4.4385745756603983E-4
4.4341432339422686E-4
4.4297204360859257E-4
4.425306157741767E-4
4.420900374651538E-4
4.416503062648761E-4
4.4121141976575037E-4
4.4077337556924236E-4
4.4033617128581777E-4
4.3989980453490175E-4
4.394642729448429E-4
4.390295741528657E-4
4.3859570580502923E-4
4.381626655561936E-4
4.3773045106996485E-4
4.372990600186727E-4
4.3686849008331684E-4
4.364387389535278E-4
4.360098043275288E-4
4.3558168391210516E-4
4.351543754225499E-4
4.3472787658262543E-4
4.343021851245492E-4
4.3387729878891456E-4
4.33453215324685E-4
4.330299324891464E-4
4.326074480478542E-4
4.3218575977461895E-4
4.317648654514548E-4
4.3134476286854075E-4
4.309254498241892E-4
4.3050692412481366E-4
4.300891835848676E-4
4.296722260268387E-4
4.2925604928119754E-4
4.28840651186353E-4
4.284260295886369E-4
4.280121823422427E-4
4.2759910730921725E-4
4.271868023593927E-4
4.2677526537039916E-4
4.263644942275658E-4
4.2595448682394E-4
4.255452410602347E-4
4.251367548447751E-4
4.2472902609349194E-4
4.243220527298803E-4
4.239158326849495E-4
4.2351036389720815E-4
4.23105644312622E-4
4.2270167188457694E-4
4.222984445738579E-4
4.218959603486026E-4
4.214942171842761E-4
4.210932130636343E-4
4.206929459766913E-4
4.2029341392069223E-4
4.1989461490007837E-4
4.194965469264489E-4
4.1909920801853255E-4
4.1870259620216426E-4
4.183067095102433E-4
4.1791154598269984E-4
4.1751710366648036E-4
4.1712338061548844E-4
4.167303748905903E-4
4.1633808455954837E-4
4.1594650769700926E-4
4.1555564238447923E-4
4.151654867102709E-4
4.147760387695031E-4
4.1438729666403676E-4
4.1399925850248766E-4
4.1361192240014637E-4
4.1322528647898916E-4
4.128393488676398E-4
4.124541077013187E-4
4.120695611218463E-4
4.1168570727758444E-4
4.1130254432342927E-4
4.109200704207765E-4
4.105382837374811E-4
4.1015718244785193E-4
4.097767647325966E-4
4.0939702877882376E-4
4.0901797277998056E-4
4.086395949358627E-4
4.082618934525464E-4
4.078848665424043E-4
4.07508512424034E-4
4.07132829322278E-4
4.067578154681451E-4
4.0638346909882864E-4
4.060097884576555E-4
4.0563677179406704E-4
4.052644173635852E-4
4.0489272342779983E-4
4.0452168825432617E-4
4.0415131011679536E-4
4.0378158729481497E-4
4.034125180739512E-4
4.0304410074569984E-4
4.0267633360746444E-4
4.023092149625221E-4
4.0194274312001243E-4
4.0157691639489563E-4
4.0121173310794415E-4
4.0084719158570376E-4
4.004832901604795E-4
4.001200271703031E-4
3.9975740095891834E-4
3.9939540987573836E-4
3.9903405227584786E-4
3.986733265199527E-4
3.9831323097437176E-4
3.9795376401101547E-4
3.97594924007341E-4
3.972367093463653E-4
3.968791184165972E-4
3.965221496120512E-4
3.96165801332204E-4
3.958100719819736E-4
3.9545495997170976E-4
3.951004637171484E-4
3.947465816394113E-4
3.943933121649734E-4
3.9404065372563186E-4
3.936886047584968E-4
3.9333716370596394E-4
3.9298632901569886E-4
3.926360991405954E-4
3.92286472538782E-4
3.919374476735718E-4
3.9158902301346117E-4
3.912411970320998E-4
3.908939682082673E-4
3.905473350258593E-4
3.902012959738508E-4
3.8985584954630585E-4
3.8951099424231573E-4
3.891667285660011E-4
3.888230510265003E-4
3.8847996013792376E-4
3.881374544193552E-4
3.877955323948151E-4
3.874541925932499E-4
3.871134335485086E-4
3.867732537993193E-4
3.8643365188927915E-4
3.860946263668144E-4
3.8575617578518655E-4
3.854182987024552E-4
3.8508099368146214E-4
3.8474425928980226E-4
3.8440809409982676E-4
3.840724966886022E-4
3.837374656379004E-4
3.8340299953418613E-4
3.8306909696856885E-4
3.8273575653682704E-4
3.824029768393516E-4
3.820707564811536E-4
3.8173909407181726E-4
3.814079882255109E-4
3.810774375609502E-4
3.80747440701385E-4
3.8041799627457605E-4
3.800891029127851E-4
3.79760759252748E-4
3.794329639356697E-4
3.7910571560718253E-4
3.787790129173564E-4
3.784528545206529E-4
3.781272390759368E-4
3.7780216524642966E-4
3.774776316997127E-4
3.771536371077015E-4
3.768301801466261E-4
3.7650725949701697E-4
3.761848738436874E-4
3.758630218757163E-4
3.755417022864345E-4
3.7522091377339387E-4
3.749006550383688E-4
3.7458092478732756E-4
3.742617217304174E-4
3.739430445819483E-4
3.7362489206037655E-4
3.733072628882923E-4
3.7299015579239837E-4
3.7267356950349196E-4
3.7235750275644804E-4
3.7204195429021476E-4
3.7172692284777586E-4
3.714124071761588E-4
3.710984060263993E-4
3.707849181535384E-4
3.704719423165905E-4
3.7015947727855343E-4
3.6984752180636393E-4
3.6953607467090337E-4
3.6922513464696333E-4
3.6891470051326043E-4
3.6860477105237616E-4
3.682953450507881E-4
3.679864212988199E-4
3.6767799859064806E-4
3.673700757242617E-4
3.670626515014864E-4
3.667557247279292E-4
3.664492942129896E-4
3.6614335876982774E-4
3.6583791721536495E-4
3.6553296837025904E-4
3.6522851105889355E-4
3.649245441093523E-4
3.646210663534288E-4
3.643180766265894E-4
3.6401557376796985E-4
3.6371355662035283E-4
3.634120240301657E-4
3.6311097484745155E-4
3.6281040792587003E-4
3.6251032212266917E-4
3.6221071629868363E-4
3.619115893183185E-4
3.616129400495181E-4
3.613147673637802E-4
3.610170701361238E-4
3.607198472450825E-4
3.604230975726791E-4
3.6012682000443214E-4
3.598310134293303E-4
3.595356767398098E-4
3.592408088317657E-4
3.589464086045131E-4
3.5865247496079416E-4
3.583590068067453E-4
3.5806600305190604E-4
3.577734626091847E-4
3.5748138439486716E-4
3.571897673285747E-4
3.5689861033328524E-4
3.5660791233529135E-4
3.5631767226420945E-4
3.5602788905295075E-4
3.557385616377121E-4
3.5544968895798065E-4
3.551612699564971E-4
3.5487330357924536E-4
3.545857887754652E-4
3.5429872449761464E-4
3.540121097013612E-4
3.5372594334557927E-4
3.5344022439233886E-4
3.531549518068709E-4
3.528701245575898E-4
3.525857416160497E-4
3.5230180195695523E-4
3.520183045581309E-4
3.517352484005296E-4
3.5145263246820165E-4
3.511704557482946E-4
3.508887172310376E-4
3.5060741590972963E-4
3.5032655078073334E-4
3.5004612084345435E-4
3.4976612510033406E-4
3.4948656255683204E-4
3.49207432221436E-4
3.4892873310562463E-4
3.486504642238706E-4
3.4837262459362357E-4
3.4809521323530396E-4
3.4781822917228657E-4
3.47541671430885E-4
3.472655390403653E-4
3.469898310329069E-4
3.467145464435924E-4
3.4643968431042146E-4
3.461652436742834E-4
3.458912235789418E-4
3.456176230710221E-4
3.453444412000276E-4
3.4507167701829474E-4
3.4479932958100514E-4
3.4452739794616286E-4
3.442558811745873E-4
3.43984778329913E-4
3.437140884785559E-4
3.4344381068972637E-4
3.431739440354136E-4
3.429044875903585E-4
3.426354404320679E-4
3.423668016407825E-4
3.4209857029948666E-4
3.4183074549388076E-4
3.4156332631238507E-4
3.4129631184612135E-4
3.410297011888982E-4
3.4076349343722327E-4
3.4049768769026404E-4
3.4023228304985666E-4
3.3996727862049787E-4
3.39702673509316E-4
3.39438466826089E-4
3.3917465768320664E-4
3.3891124519568505E-4
3.3864822848113564E-4
3.383856066597776E-4
3.381233788544089E-4
3.378615441904122E-4
3.3760010179572795E-4
3.373390508008677E-4
3.3707839033887693E-4
3.3681811954535675E-4
3.3655823755843124E-4
3.362987435187464E-4
3.3603963656946164E-4
3.3578091585623947E-4
3.355225805272404E-4
3.3526462973310084E-4
3.3500706262694124E-4
3.34749878364348E-4
3.3449307610336303E-4
3.342366550044817E-4
3.339806142306328E-4
3.3372495294718463E-4
3.334696703219239E-4
3.332147655250576E-4
3.329602377291854E-4
3.3270608610931835E-4
3.324523098428426E-4
3.3219890810953334E-4
3.31945880091534E-4
3.316932249733508E-4
3.314409419418388E-4
3.3118903018620154E-4
3.3093748889799E-4
3.3068631727106517E-4
3.3043551450162405E-4
3.3018507978817E-4
3.299350123315011E-4
3.296853113347329E-4
3.294359760032441E-4
3.2918700554470786E-4
3.2893839916906995E-4
3.2869015608852435E-4
3.284422755175343E-4
3.281947566728034E-4
3.2794759877327574E-4
3.277008010401284E-4
3.2745436269675395E-4
3.272082829687706E-4
3.269625610840006E-4
3.267171962724586E-4
3.2647218776635364E-4
3.2622753480008936E-4
3.2598323661023E-4
3.257392924355255E-4
3.2549570151686844E-4
3.2525246309731445E-4
3.2500957642206917E-4
3.247670407384626E-4
3.245248552959638E-4
3.242830193461739E-4
3.240415321427923E-4
3.2380039294163676E-4
3.235596010006212E-4
3.233191555797573E-4
3.230790559411416E-4
3.228393013489415E-4
3.225998910694123E-4
3.223608243708619E-4
3.221221005236519E-4
3.218837188002003E-4
3.2164567847497126E-4
3.214079788244517E-4
3.2117061912717196E-4
3.209335986636739E-4
3.206969167165143E-4
3.204605725702598E-4
3.202245655114794E-4
3.1998889482872923E-4
3.1975355981255844E-4
3.1951855975549063E-4
3.1928389395202245E-4
3.1904956169861916E-4
3.188155622937033E-4
3.185818950376522E-4
3.1834855923278544E-4
3.1811555418336136E-4
3.1788287919556576E-4
3.176505335775272E-4
3.1741851663927425E-4
3.1718682769275186E-4
3.169554660518156E-4
3.1672443103221957E-4
3.1649372195160683E-4
3.1626333812950644E-4
3.160332788873275E-4
3.158035435483525E-4
3.155741314377351E-4
3.153450418824796E-4
3.1511627421145156E-4
3.148878277553557E-4
3.14659701846754E-4
3.14431895820026E-4
3.1420440901138737E-4
3.139772407588736E-4
3.1375039040234506E-4
3.1352385728345577E-4
3.132976407456785E-4
3.130717401342726E-4
3.128461547962955E-4
3.126208840805915E-4
3.123959273377835E-4
3.1217128392025555E-4
3.119469531821729E-4
3.117229344794624E-4
3.1149922716979114E-4
3.112758306125946E-4
3.1105274416903567E-4
3.108299672020306E-4
3.106074990762102E-4
3.1038533915794163E-4
3.101634868153089E-4
3.099419414181126E-4
3.097207023378583E-4
3.0949976894775337E-4
3.0927914062270806E-4
3.0905881673931677E-4
3.088387966758635E-4
3.0861907981231403E-4
3.0839966553029916E-4
3.081805532131289E-4
3.079617422457647E-4
3.077432320148417E-4
3.0752502190862537E-4
3.073071113170505E-4
3.070894996316748E-4
3.068721862456995E-4
3.0665517055395613E-4
3.064384519528928E-4
3.062220298405854E-4
3.0600590361671995E-4
3.057900726825876E-4
3.0557453644109014E-4
3.0535929429671856E-4
3.051443456555573E-4
3.049296899252813E-4
3.0471532651515026E-4
3.045012548359902E-4
3.0428747430020435E-4
3.0407398432175743E-4
3.0386078431618484E-4
3.0364787370056615E-4
3.034352518935386E-4
3.032229183152769E-4
3.0301087238750586E-4
3.0279911353348174E-4
3.0258764117798787E-4
3.02376454747331E-4
3.021655536693442E-4
3.019549373733751E-4
3.0174460529027006E-4
3.0153455685239986E-4
3.013247914936127E-4
3.0111530864926963E-4
3.009061077562132E-4
3.0069718825277464E-4
3.0048854957876695E-4
3.002801911754704E-4
3.0007211248564777E-4
2.998643129535129E-4
2.996567920247605E-4
2.9944954914652553E-4
2.9924258376739816E-4
2.9903589533742054E-4
2.988294833080675E-4
2.9862334713226236E-4
2.9841748626435423E-4
2.982119001601199E-4
2.980065882767655E-4
2.9780155007290844E-4
2.9759678500858566E-4
2.9739229254523934E-4
2.971880721457191E-4
2.969841232742794E-4
2.967804453965633E-4
2.9657703797960857E-4
2.9637390049183654E-4
2.9617103240306024E-4
2.9596843318445957E-4
2.957661023085931E-4
2.955640392493879E-4
2.953622434821394E-4
2.951607144834911E-4
2.9495945173145483E-4
2.94758454705392E-4
2.9455772288600933E-4
2.943572557553491E-4
2.9415705279680547E-4
2.939571134950989E-4
2.9375743733627935E-4
2.935580238077198E-4
2.9335887239812566E-4
2.9315998259751093E-4
2.929613538971987E-4
2.92762985789831E-4
2.9256487776935133E-4
2.923670293309937E-4
2.921694399713046E-4
2.9197210918810803E-4
2.9177503648052246E-4
2.915782213489515E-4
2.913816632950741E-4
2.9118536182185325E-4
2.909893164335139E-4
2.907935266355518E-4
2.905979919347257E-4
2.9040271183905644E-4
2.9020768585782E-4
2.9001291350154104E-4
2.898183942819924E-4
2.8962412771218836E-4
2.8943011330639364E-4
2.892363505800954E-4
2.890428390500189E-4
2.888495782341159E-4
2.886565676515657E-4
2.884638068227602E-4
2.88271295269314E-4
2.8807903251405666E-4
2.878870180810178E-4
2.8769525149543844E-4
2.875037322837561E-4
2.8731245997360805E-4
2.871214340938251E-4
2.869306541744296E-4
2.867401197466243E-4
2.865498303428044E-4
2.8635978549653243E-4
2.8616998474254984E-4
2.859804276167742E-4
2.8579111365628016E-4
2.856020423993177E-4
2.854132133852956E-4
2.852246261547637E-4
2.850362802494486E-4
2.8484817521221034E-4
2.846603105870571E-4
2.8447268591914366E-4
2.842853007547596E-4
2.840981546413323E-4
2.8391124712741887E-4
2.837245777627076E-4
2.8353814609800507E-4
2.833519516852462E-4
2.831659940774803E-4
2.8298027282886665E-4
2.827947874946847E-4
2.826095376313151E-4
2.824245227962423E-4
2.822397425480522E-4
2.820551964464283E-4
2.818708840521463E-4
2.8168680492707385E-4
2.8150295863416103E-4
2.8131934473744647E-4
2.811359628020535E-4
2.80952812394167E-4
2.8076989308106434E-4
2.805872044310752E-4
2.8040474601361096E-4
2.8022251739913596E-4
2.800405181591778E-4
2.7985874786633116E-4
2.7967720609422864E-4
2.794958924175612E-4
2.793148064120687E-4
2.79133947654537E-4
2.78953315722788E-4
2.787729101956796E-4
2.785927306531131E-4
2.7841277667601014E-4
2.782330478463282E-4
2.7805354374705476E-4
2.778742639621889E-4
2.77695208076752E-4
2.775163756767845E-4
2.773377663493384E-4
2.7715937968247016E-4
2.7698121526525173E-4
2.768032726877538E-4
2.766255515410463E-4
2.764480514171982E-4
2.7627077190927495E-4
2.760937126113302E-4
2.7591687311840897E-4
2.7574025302654065E-4
2.755638519327356E-4
2.7538766943498524E-4
2.752117051322572E-4
2.750359586244912E-4
2.748604295126042E-4
2.746851173984685E-4
2.745100218849352E-4
2.743351425758069E-4
2.741604790758523E-4
2.739860309907909E-4
2.7381179792729433E-4
2.7363777949299204E-4
2.734639752964553E-4
2.732903849472048E-4
2.731170080556944E-4
2.7294384423332506E-4
2.7277089309243207E-4
2.725981542462808E-4
2.724256273090716E-4
2.7225331189593174E-4
2.7208120762290885E-4
2.7190931410698E-4
2.7173763096603385E-4
2.7156615781888794E-4
2.713948942852595E-4
2.7122383998578917E-4
2.7105299454201415E-4
2.7088235757639044E-4
2.7071192871226744E-4
2.7054170757389976E-4
2.703716937864392E-4
2.7020188697593126E-4
2.7003228676931686E-4
2.698628927944233E-4
2.696937046799626E-4
2.69524722055543E-4
2.69355944551646E-4
2.691873717996295E-4
2.690190034317339E-4
2.6885083908107177E-4
2.686828783816295E-4
2.6851512096825726E-4
2.683475664766802E-4
2.681802145434766E-4
2.680130648060904E-4
2.678461169028358E-4
2.6767937047286354E-4
2.6751282515619E-4
2.673464805936788E-4
2.6718033642704383E-4
2.6701439229884845E-4
2.6684864785249564E-4
2.666831027322292E-4
2.6651775658313373E-4
2.663526090511327E-4
2.661876597829705E-4
2.660229084262414E-4
2.6585835462935605E-4
2.65693998041559E-4
2.655298383129112E-4
2.653658750943039E-4
2.652021080374394E-4
2.650385367948447E-4
2.6487516101985725E-4
2.647119803666221E-4
2.6454899449010884E-4
2.6438620304607943E-4
2.642236056911034E-4
2.640612020825631E-4
2.638989918786282E-4
2.6373697473827586E-4
2.6357515032127436E-4
2.634135182881895E-4
2.6325207830037633E-4
2.6309083001997365E-4
2.629297731099126E-4
2.627689072339113E-4
2.6260823205646633E-4
2.624477472428516E-4
2.622874524591173E-4
2.6212734737209893E-4
2.619674316493973E-4
2.6180770495938305E-4
2.616481669712007E-4
2.6148881735475505E-4
2.6132965578072197E-4
2.611706819205324E-4
2.6101189544638437E-4
2.608532960312279E-4
2.6069488334876643E-4
2.6053665707346423E-4
2.603786168805339E-4
2.6022076244593394E-4
2.6006309344636983E-4
2.5990560955929697E-4
2.597483104629073E-4
2.5959119583613896E-4
2.5943426535866E-4
2.592775187108831E-4
2.5912095557395503E-4
2.5896457562974123E-4
2.588083785608535E-4
2.5865236405062873E-4
2.58496531783116E-4
2.583408814431066E-4
2.5818541271609917E-4
2.5803012528831804E-4
2.578750188467061E-4
2.577200930789172E-4
2.575653476733259E-4
2.574107823190058E-4
2.5725639670575655E-4
2.5710219052406803E-4
2.569481634651496E-4
2.567943152209011E-4
2.566406454839406E-4
2.564871539475674E-4
2.563338403057861E-4
2.56180704253302E-4
2.560277454855063E-4
2.558749636984835E-4
2.5572235858900783E-4
2.5556992985454317E-4
2.554176771932394E-4
2.552656003039268E-4
2.551136988861152E-4
2.549619726399987E-4
2.548104212664524E-4
2.5465904446702144E-4
2.54507841943926E-4
2.5435681340006385E-4
2.5420595853899646E-4
2.54055277064958E-4
2.53904768682844E-4
2.537544330982235E-4
2.5360427001732105E-4
2.5345427914702176E-4
2.5330446019487975E-4
2.5315481286909046E-4
2.5300533687852144E-4
2.528560319326851E-4
2.52706897741743E-4
2.525579340165152E-4
2.5240914046846275E-4
2.522605168096935E-4
2.5211206275296756E-4
2.519637780116815E-4
2.5181566229986823E-4
2.5166771533221297E-4
2.5151993682402543E-4
2.513723264912604E-4
2.512248840504989E-4
2.5107760921896217E-4
2.509305017144943E-4
2.5078356125557194E-4
2.506367875612996E-4
2.5049018035140517E-4
2.503437393462388E-4
2.501974642667719E-4
2.500513548346052E-4
2.499054107719427E-4
2.497596318016141E-4
2.4961401764706697E-4
2.494685680323527E-4
2.493232826821371E-4
2.491781613217061E-4
2.4903320367694154E-4
2.488884094743343E-4
2.4874377844097715E-4
2.4859931030457697E-4
2.484550047934346E-4
2.483108616364472E-4
2.481668805631231E-4
2.480230613035462E-4
2.478794035884152E-4
2.4773590714901217E-4
2.4759257171721137E-4
2.474493970254821E-4
2.473063828068759E-4
2.4716352879503587E-4
2.4702083472418417E-4
2.468783003291346E-4
2.467359253452763E-4
2.4659370950858223E-4
2.464516525556052E-4
2.46309754223469E-4
2.461680142498817E-4
2.4602643237312205E-4
2.4588500833203476E-4
2.457437418660468E-4
2.4560263271514415E-4
2.4546168061988867E-4
2.453208853214049E-4
2.451802465613834E-4
2.45039764082075E-4
2.448994376262983E-4
2.4475926693742414E-4
2.446192517593878E-4
2.4447939183668086E-4
2.443396869143518E-4
2.442001367379954E-4
2.4406074105376972E-4
2.439214996083813E-4
2.4378241214907724E-4
2.4364347842366726E-4
2.4350469818049575E-4
2.4336607116845843E-4
2.4322759713699642E-4
2.4308927583608516E-4
2.429511070162492E-4
2.4281309042855089E-4
2.4267522582458568E-4
2.4253751295648913E-4
2.423999515769329E-4
2.4226254143912165E-4
2.421252822967878E-4
2.4198817390420313E-4
2.4185121601616016E-4
2.417144083879883E-4
2.415777507755291E-4
2.4144124293516624E-4
2.4130488462379565E-4
2.4116867559884138E-4
2.410326156182444E-4
2.4089670444046388E-4
2.4076094182448927E-4
2.406253275298087E-4
2.4048986131643358E-4
2.4035454294490122E-4
2.40219372176241E-4
2.400843487720066E-4
2.3994947249425543E-4
2.398147431055597E-4
2.3968016036899592E-4
2.3954572404813988E-4
2.3941143390708274E-4
2.392772897104122E-4
2.3914329122322106E-4
2.3900943821109956E-4
2.3887573044013556E-4
2.3874216767692466E-4
2.386087496885488E-4
2.3847547624258832E-4
2.3834234710711302E-4
2.3820936205069622E-4
2.380765208423919E-4
2.3794382325175256E-4
2.3781126904881173E-4
2.3767885800409584E-4
2.3754658988861028E-4
2.374144644738561E-4
2.3728248153181058E-4
2.3715064083493426E-4
2.370189421561678E-4
2.3688738526893427E-4
2.3675596994713604E-4
2.366246959651465E-4
2.3649356309782477E-4
2.3636257112049567E-4
2.3623171980896026E-4
2.3610100893949385E-4
2.3597043828884451E-4
2.358400076342222E-4
2.3570971675331646E-4
2.3557956542426806E-4
2.3544955342570445E-4
2.3531968053670116E-4
2.351899465368069E-4
2.350603512060273E-4
2.3493089432483473E-4
2.3480157567415527E-4
2.3467239503537773E-4
2.3454335219034837E-4
2.3441444692136988E-4
2.342856790111977E-4
2.3415704824304788E-4
2.3402855440057891E-4
2.339001972679101E-4
2.3377197662960897E-4
2.3364389227069435E-4
2.335159439766248E-4
2.333881315333122E-4
2.332604547271184E-4
2.3313291334484563E-4
2.33005507173734E-4
2.3287823600147558E-4
2.3275109961620123E-4
2.326240978064767E-4
2.3249723036131368E-4
2.3237049707015454E-4
2.3224389772289174E-4
2.3211743210983346E-4
2.3199110002174145E-4
2.3186490124979973E-4
2.3173883558562502E-4
2.3161290282126907E-4
2.3148710274921452E-4
2.3136143516237025E-4
2.312358998540678E-4
2.3111049661807834E-4
2.3098522524859052E-4
2.3086008554021434E-4
2.307350772879906E-4
2.3061020028737644E-4
2.3048545433425622E-4
2.3036083922493112E-4
2.3023635475611954E-4
2.3011200072496258E-4
2.2998777692901284E-4
2.298636831662483E-4
2.2973971923504917E-4
2.2961588493421108E-4
2.2949218006295882E-4
2.293686044209141E-4
2.292451578081102E-4
2.291218400249869E-4
2.2899865087240714E-4
2.2887559015162597E-4
2.2875265766431323E-4
2.286298532125413E-4
2.2850717659878356E-4
2.2838462762593195E-4
2.282622060972581E-4
2.281399118164533E-4
2.2801774458759794E-4
2.2789570421518046E-4
2.2777379050407863E-4
2.27652003259577E-4
2.275303422873462E-4
2.274088073934612E-4
2.2728739838438896E-4
2.2716611506698467E-4
2.270449572484998E-4
2.269239247365778E-4
2.2680301733925387E-4
2.2668223486494308E-4
2.2656157712246447E-4
2.2644104392101076E-4
2.2632063507016368E-4
2.262003503798975E-4
2.2608018966056333E-4
2.2596015272290126E-4
2.2584023937802762E-4
2.2572044943744733E-4
2.2560078271304074E-4
2.2548123901706732E-4
2.253618181621719E-4
2.252425199613682E-4
2.2512334422805584E-4
2.2500429077600064E-4
2.24885359419352E-4
2.2476654997262573E-4
2.246478622507173E-4
2.245292960688899E-4
2.244108512427818E-4
2.2429252758839443E-4
2.2417432492210395E-4
2.2405624306065996E-4
2.239382818211676E-4
2.2382044102110495E-4
2.237027204783173E-4
2.2358512001101398E-4
2.2346763943776227E-4
2.2335027857750027E-4
2.2323303724952525E-4
2.231159152734902E-4
2.2299891246941746E-4
2.2288202865768642E-4
2.2276526365902792E-4
2.2264861729453725E-4
2.225320893856643E-4
2.2241567975421668E-4
2.222993882223493E-4
2.2218321461258103E-4
2.2206715874778328E-4
2.219512204511679E-4
2.2183539954630875E-4
2.2171969585713076E-4
2.2160410920790487E-4
2.2148863942324636E-4
2.2137328632812904E-4
2.2125804974786352E-4
2.2114292950811232E-4
2.2102792543488576E-4
2.20913037354531E-4
2.2079826509374366E-4
2.2068360847956326E-4
2.2056906733936664E-4
2.2045464150087475E-4
2.203403307921503E-4
2.2022613504159272E-4
2.2011205407794263E-4
2.199980877302749E-4
2.1988423582800298E-4
2.197704982008754E-4
2.1965687467898068E-4
2.1954336509273726E-4
2.1942996927289916E-4
2.1931668705054924E-4
2.1920351825710955E-4
2.1909046272432757E-4
2.1897752028427858E-4
2.188646907693819E-4
2.187519740123686E-4
2.1863936984630486E-4
2.1852687810458668E-4
2.1841449862093027E-4
2.1830223122938378E-4
2.181900757643191E-4
2.180780320604243E-4
2.1796609995272084E-4
2.1785427927654765E-4
2.1774256986756597E-4
2.1763097156176118E-4
2.1751948419542665E-4
2.1740810760519354E-4
2.1729684162799827E-4
2.1718568610109486E-4
2.1707464086206807E-4
2.1696370574879697E-4
2.168528805994985E-4
2.167421652526881E-4
2.1663155954720111E-4
2.1652106332218957E-4
2.1641067641711405E-4
2.1630039867174124E-4
2.161902299261631E-4
2.160801700207655E-4
2.159702187962547E-4
2.1586037609364357E-4
2.157506417542486E-4
2.1564101561970234E-4
2.155314975319288E-4
2.1542208733317476E-4
2.1531278486597844E-4
2.152035899731943E-4
2.1509450249796946E-4
2.1498552228375994E-4
2.148766491743197E-4
2.147678830137074E-4
2.1465922364628491E-4
2.1455067091670523E-4
2.1444222466992981E-4
2.143338847512133E-4
2.1422565100610757E-4
2.1411752328046282E-4
2.1400950142042824E-4
2.139015852724476E-4
2.137937746832542E-4
2.1368606949988015E-4
2.1357846956965513E-4
2.1347097474019183E-4
2.1336358485940063E-4
2.1325629977548326E-4
2.1314911933693504E-4
2.1304204339253187E-4
2.1293507179134788E-4
2.128282043827478E-4
2.1272144101637107E-4
2.126147815421577E-4
2.1250822581032774E-4
2.1240177367138808E-4
2.1229542497613437E-4
2.1218917957564073E-4
2.1208303732126946E-4
2.1197699806466233E-4
2.118710616577505E-4
2.1176522795274025E-4
2.1165949680211851E-4
2.1155386805866202E-4
2.1144834157541675E-4
2.1134291720571312E-4
2.1123759480315817E-4
2.111323742216379E-4
2.1102725531531538E-4
2.1092223793862776E-4
2.108173219462921E-4
2.1071250719330298E-4
2.1060779353491977E-4
2.1050318082668478E-4
2.1039866892440817E-4
2.1029425768417676E-4
2.101899469623449E-4
2.100857366155463E-4
2.0998162650067798E-4
2.0987761647490722E-4
2.0977370639567496E-4
2.0966989612068916E-4
2.0956618550792104E-4
2.0946257441562267E-4
2.0935906270229653E-4
2.092556502267238E-4
2.0915233684794615E-4
2.0904912242526827E-4
2.0894600681827023E-4
2.0884298988677874E-4
2.0874007149089674E-4
2.0863725149098463E-4
2.0853452974766852E-4
2.0843190612183425E-4
2.0832938047462632E-4
2.0822695266744655E-4
2.0812462256196527E-4
2.0802239002010983E-4
2.0792025490405408E-4
2.0781821707624537E-4
2.0771627639938194E-4
2.0761443273641876E-4
2.0751268595056013E-4
2.0741103590527746E-4
2.0730948246428822E-4
2.0720802549157018E-4
2.0710666485135223E-4
2.0700540040810935E-4
2.069042320265798E-4
2.0680315957174634E-4
2.0670218290885347E-4
2.0660130190337908E-4
2.0650051642106713E-4
2.0639982632790217E-4
2.0629923149011802E-4
2.061987317742051E-4
2.0609832704688772E-4
2.0599801717515338E-4
2.0589780202622383E-4
2.057976814675694E-4
2.0569765536691072E-4
2.0559772359220885E-4
2.0549788601167114E-4
2.0539814249374762E-4
2.0529849290713438E-4
2.0519893712076653E-4
2.0509947500381946E-4
2.0500010642572137E-4
2.0490083125612708E-4
2.0480164936493837E-4
2.0470256062229925E-4
2.0460356489859178E-4
2.0450466206443625E-4
2.0440585199068683E-4
2.0430713454844268E-4
2.0420850960903498E-4
2.041099770440377E-4
2.0401153672525122E-4
2.0391318852471912E-4
2.0381493231471745E-4
2.0371676796775915E-4
2.036186953565858E-4
2.035207143541766E-4
2.0342282483374273E-4
2.0332502666873056E-4
2.0322731973281281E-4
2.0312970389989405E-4
2.0303217904411408E-4
2.0293474503983873E-4
2.0283740176166765E-4
2.0274014908442476E-4
2.026429868831699E-4
2.0254591503317924E-4
2.024489334099684E-4
2.0235204188927465E-4
2.0225524034705864E-4
2.0215852865951682E-4
2.020619067030636E-4
2.0196537435433998E-4
2.0186893149020936E-4
2.01772577987766E-4
2.0167631372432042E-4
2.0158013857740718E-4
2.0148405242479195E-4
2.0138805514444873E-4
2.012921466145831E-4
2.0119632671361976E-4
2.011005953201973E-4
2.0100495231318525E-4
2.0090939757166695E-4
2.008139309749408E-4
2.0071855240253147E-4
2.006232617341799E-4
2.0052805884983595E-4
2.0043294362967902E-4
2.0033791595410017E-4
2.00242975703701E-4
2.0014812275930954E-4
2.0005335700195638E-4
1.999586783128978E-4
1.9986408657359902E-4
1.9976958166573628E-4
1.9967516347120935E-4
1.995808318721144E-4
1.9948658675078E-4
1.9939242798972746E-4
1.992983554717024E-4
1.9920436907965112E-4
1.9911046869673974E-4
1.9901665420634024E-4
1.9892292549203227E-4
1.988292824376047E-4
1.9873572492705956E-4
1.9864225284460003E-4
1.9854886607464342E-4
1.9845556450180982E-4
1.9836234801092655E-4
1.982692164870277E-4
1.981761698153538E-4
1.9808320788134877E-4
1.9799033057066328E-4
1.9789753776915103E-4
1.9780482936287102E-4
1.9771220523808212E-4
1.9761966528125192E-4
1.9752720937904334E-4
1.9743483741832673E-4
1.9734254928617604E-4
1.9725034486985815E-4
1.971582240568476E-4
1.9706618673481975E-4
1.969742327916434E-4
1.9688236211538962E-4
1.9679057459433424E-4
1.9669887011694186E-4
1.966072485718828E-4
1.9651570984802045E-4
1.9642425383441887E-4
1.963328804203347E-4
1.9624158949522568E-4
1.9615038094874306E-4
1.960592546707312E-4
1.9596821055123284E-4
1.958772484804884E-4
1.9578636834892242E-4
1.9569557004716392E-4
1.9560485346602864E-4
1.9551421849652473E-4
1.954236650298607E-4
1.9533319295742733E-4
1.9524280217081234E-4
1.951524925617965E-4
1.95062264022344E-4
1.9497211644461677E-4
1.9488204972096151E-4
1.9479206374392022E-4
1.9470215840621728E-4
1.9461233360077142E-4
1.9452258922068974E-4
1.9443292515925815E-4
1.943433413099601E-4
1.9425383756646418E-4
1.94164413822621E-4
1.9407506997247488E-4
1.9398580591024607E-4
1.938966215303516E-4
1.938075167273848E-4
1.937184913961269E-4
1.9362954543154302E-4
1.9354067872878327E-4
1.9345189118317985E-4
1.9336318269024547E-4
1.9327455314568036E-4
1.931860024453651E-4
1.9309753048536108E-4
1.9300913716191435E-4
1.929208223714424E-4
1.928325860105607E-4
1.9274442797604692E-4
1.9265634816486758E-4
1.925683464741729E-4
1.9248042280128E-4
1.9239257704369497E-4
1.9230480909909747E-4
1.922171188653455E-4
1.921295062404827E-4
1.920419711227108E-4
1.9195451341042877E-4
1.9186713300219958E-4
1.917798297967671E-4
1.9169260369305232E-4
1.9160545459014308E-4
1.915183823873131E-4
1.9143138698400066E-4
1.9134446827982814E-4
1.912576261745811E-4
1.9117086056822982E-4
1.9108417136090648E-4
1.9099755845292465E-4
1.909110217447605E-4
1.9082456113707222E-4
1.9073817653068675E-4
1.906518678266006E-4
1.9056563492597583E-4
1.904794777301561E-4
1.9039339614064648E-4
1.9030739005912554E-4
1.902214593874376E-4
1.901356040276019E-4
1.9004982388180124E-4
1.8996411885239056E-4
1.898784888418873E-4
1.897929337529808E-4
1.8970745348852405E-4
1.8962204795154304E-4
1.8953671704522509E-4
1.894514606729206E-4
1.8936627873815818E-4
1.8928117114461513E-4
1.891961377961449E-4
1.8911117859676192E-4
1.890262934506495E-4
1.8894148226214868E-4
1.8885674493576582E-4
1.887720813761726E-4
1.8868749148820502E-4
1.8860297517685412E-4
1.885185323472797E-4
1.88434162904803E-4
1.883498667549076E-4
1.8826564380323106E-4
1.8818149395558186E-4
1.8809741711792448E-4
1.8801341319637797E-4
1.8792948209723177E-4
1.878456237269283E-4
1.877618379920697E-4
1.8767812479941924E-4
1.875944840558966E-4
1.875109156685789E-4
1.8742741954470556E-4
1.873439955916663E-4
1.8726064371701434E-4
1.8717736382845734E-4
1.87094155833859E-4
1.8701101964123756E-4
1.8692795515877383E-4
1.868449622947987E-4
1.8676204095779264E-4
1.8667919105640695E-4
1.86596412499431E-4
1.8651370519581753E-4
1.8643106905467244E-4
1.8634850398524993E-4
1.8626600989696344E-4
1.861835866993769E-4
1.8610123430220886E-4
1.860189526153222E-4
1.8593674154874642E-4
1.8585460101264354E-4
1.8577253091734674E-4
1.8569053117332597E-4
1.8560860169120427E-4
1.8552674238176515E-4
1.854449531559281E-4
1.8536323392476987E-4
1.8528158459951493E-4
1.8520000509154226E-4
1.8511849531236768E-4
1.850370551736665E-4
1.849556845872572E-4
1.848743834651052E-4
1.8479315171933075E-4
1.8471198926219267E-4
1.8463089600609972E-4
1.8454987186360724E-4
1.8446891674741805E-4
1.8438803057038076E-4
1.843072132454879E-4
1.842264646858807E-4
1.841457848048443E-4
1.8406517351580374E-4
1.8398463073233544E-4
1.839041563681553E-4
1.838237503371266E-4
1.8374341255325655E-4
1.8366314293069132E-4
1.8358294138372038E-4
1.835028078267829E-4
1.834227421744544E-4
1.8334274434145286E-4
1.8326281424264052E-4
1.8318295179301793E-4
1.8310315690772824E-4
1.8302342950206029E-4
1.8294376949143604E-4
1.8286417679141883E-4
1.827846513177194E-4
1.8270519298618055E-4
1.826258017127888E-4
1.8254647741366474E-4
1.8246722000507618E-4
1.8238802940342172E-4
1.823089055252421E-4
1.822298482872183E-4
1.8215085760616215E-4
1.8207193339902836E-4
1.8199307558290759E-4
1.819142840750342E-4
1.8183555879276486E-4
1.8175689965359914E-4
1.8167830657517926E-4
1.8159977947527383E-4
1.815213182717974E-4
1.8144292288278612E-4
1.813645932264224E-4
1.8128632922101683E-4
1.8120813078502246E-4
1.8112999783701216E-4
1.8105193029570904E-4
1.8097392807995904E-4
1.8089599110874643E-4
1.8081811930118708E-4
1.8074031257652912E-4
1.806625708541517E-4
1.805848940535724E-4
1.805072820944301E-4
1.804297348965097E-4
1.8035225237970917E-4
1.802748344640768E-4
1.8019748106977893E-4
1.801201921171201E-4
1.8004296752652523E-4
1.7996580721856513E-4
1.7988871111392259E-4
1.7981167913342502E-4
1.7973471119802094E-4
1.7965780722878762E-4
1.7958096714693365E-4
1.795041908737983E-4
1.794274783308435E-4
1.7935082943966563E-4
1.792742441219839E-4
1.791977222996444E-4
1.7912126389462417E-4
1.7904486882902652E-4
1.7896853702507987E-4
1.7889226840513977E-4
1.7881606289168618E-4
1.7873992040733246E-4
1.786638408748044E-4
1.785878242169689E-4
1.7851187035680403E-4
1.7843597921742243E-4
1.7836015072205535E-4
1.7828438479406143E-4
1.7820868135692472E-4
1.781330403342494E-4
1.7805746164976572E-4
1.7798194522732706E-4
1.7790649099091324E-4
1.7783109886461835E-4
1.7775576877267015E-4
1.7768050063940623E-4
1.776052943892992E-4
1.7753014994693707E-4
1.7745506723702674E-4
1.7738004618440402E-4
1.7730508671402365E-4
1.772301887509534E-4
1.7715535222039285E-4
1.7708057704765568E-4
1.7700586315817763E-4
1.7693121047751643E-4
1.7685661893134224E-4
1.7678208844545168E-4
1.7670761894576393E-4
1.766332103583068E-4
1.7655886260923515E-4
1.7648457562481864E-4
1.7641034933144528E-4
1.763361836556216E-4
1.762620785239751E-4
1.7618803386324698E-4
1.7611404960029672E-4
1.7604012566210147E-4
1.7596626197575413E-4
1.7589245846846732E-4
1.7581871506756885E-4
1.7574503170049893E-4
1.756714082948189E-4
1.7559784477820477E-4
1.7552434107844542E-4
1.7545089712344642E-4
1.7537751284122944E-4
1.7530418815993234E-4
1.7523092300780486E-4
1.751577173132086E-4
1.7508457100462517E-4
1.750114840106492E-4
1.7493845625998338E-4
1.748654876814512E-4
1.7479257820398545E-4
1.7471972775663175E-4
1.7464693626854813E-4
1.7457420366901073E-4
1.745015298873997E-4
1.7442891485321696E-4
1.7435635849606242E-4
1.7428386074566098E-4
1.7421142153184612E-4
1.7413904078455815E-4
1.7406671843384896E-4
1.739944544098867E-4
1.7392224864294745E-4
1.738501010634101E-4
1.7377801160177962E-4
1.7370598018865368E-4
1.7363400675475432E-4
1.735620912309022E-4
1.7349023354803277E-4
1.7341843363719055E-4
1.7334669142952773E-4
1.7327500685630556E-4
1.7320337984889014E-4
1.7313181033875937E-4
1.7306029825750783E-4
1.7298884353681834E-4
1.729174461084979E-4
1.7284610590444956E-4
1.7277482285669513E-4
1.7270359689735258E-4
1.7263242795865718E-4
1.7256131597294063E-4
1.7249026087264044E-4
1.7241926259031293E-4
1.7234832105861205E-4
1.72277436210296E-4
1.7220660797822806E-4
1.7213583629538021E-4
1.7206512109483078E-4
1.719944623097568E-4
1.7192385987344994E-4
1.718533137192965E-4
1.7178282378078687E-4
1.7171238999152738E-4
1.7164201228521203E-4
1.715716905956552E-4
1.715014248567607E-4
1.7143121500254454E-4
1.713610609671187E-4
1.7129096268470544E-4
1.7122092008962472E-4
1.711509331162997E-4
1.7108100169925834E-4
1.7101112577312474E-4
1.7094130527263695E-4
1.7087154013261735E-4
1.7080183028800403E-4
1.7073217567383357E-4
1.7066257622523712E-4
1.7059303187745234E-4
1.7052354256581861E-4
1.7045410822576798E-4
1.7038472879284732E-4
1.7031540420268815E-4
1.7024613439103214E-4
1.701769192937116E-4
1.7010775884666957E-4
1.7003865298594143E-4
1.6996960164766036E-4
1.6990060476806357E-4
1.6983166228348013E-4
1.6976277413035217E-4
1.6969394024519963E-4
1.696251605646573E-4
1.6955643502545003E-4
1.6948776356440077E-4
1.6941914611843476E-4
1.693505826245665E-4
1.6928207301992153E-4
1.6921361724170678E-4
1.6914521522723295E-4
1.6907686691391342E-4
1.6900857223924604E-4
1.689403311408348E-4
1.6887214355637434E-4
1.6880400942365702E-4
1.6873592868056993E-4
1.6866790126510286E-4
1.685999271153307E-4
1.685320061694277E-4
1.6846413836566274E-4
1.6839632364240256E-4
1.6832856193810367E-4
1.6826085319132121E-4
1.6819319734070454E-4
1.681255943249924E-4
1.680580440830223E-4
1.679905465537244E-4
1.6792310167612222E-4
1.6785570938933223E-4
1.6778836963256464E-4
1.6772108234512016E-4
1.6765384746639887E-4
1.6758666493588785E-4
1.6751953469316727E-4
1.6745245667791072E-4
1.6738543082988523E-4
1.6731845708894757E-4
1.6725153539504917E-4
1.671846656882284E-4
1.6711784790862094E-4
1.6705108199644765E-4
1.669843678920251E-4
1.669177055357618E-4
1.6685109486815416E-4
1.6678453582978593E-4
1.6671802836133823E-4
1.6665157240358062E-4
1.665851678973688E-4
1.6651881478365333E-4
1.6645251300346882E-4
1.6638626249794762E-4
1.6632006320830387E-4
1.6625391507584477E-4
1.6618781804196456E-4
1.6612177204815097E-4
1.6605577703597484E-4
1.6598983294709608E-4
1.659239397232681E-4
1.6585809730632826E-4
1.6579230563820631E-4
1.6572656466090873E-4
1.6566087431654227E-4
1.6559523454729995E-4
1.6552964529545643E-4
1.6546410650337352E-4
1.653986181135056E-4
1.6533318006839114E-4
1.652677923106522E-4
1.6520245478300635E-4
1.6513716742824796E-4
1.6507193018926064E-4
1.6500674300901864E-4
1.6494160583057512E-4
1.6487651859707446E-4
1.6481148125174446E-4
1.6474649373789853E-4
1.646815559989347E-4
1.6461666797834099E-4
1.6455182961968394E-4
1.6448704086661172E-4
1.644223016628708E-4
1.6435761195228083E-4
1.6429297167875196E-4
1.642283807862696E-4
1.6416383921891668E-4
1.640993469208478E-4
1.640349038363091E-4
1.6397050990962645E-4
1.63906165085207E-4
1.6384186930754952E-4
1.6377762252122618E-4
1.6371342467090045E-4
1.636492757013136E-4
1.6358517555728784E-4
1.635211241837329E-4
1.634571215256396E-4
1.6339316752807744E-4
1.6332926213620167E-4
1.6326540529525157E-4
1.632015969505405E-4
1.6313783704746443E-4
1.6307412553151374E-4
1.6301046234824462E-4
1.629468474432986E-4
1.6288328076240235E-4
1.6281976225135934E-4
1.6275629185605726E-4
1.6269286952246142E-4
1.6262949519661648E-4
1.6256616882464922E-4
1.6250289035277019E-4
1.6243965972726133E-4
1.6237647689449115E-4
1.6231334180090605E-4
1.622502543930296E-4
1.6218721461746914E-4
1.6212422242090912E-4
1.6206127775010755E-4
1.6199838055191252E-4
1.6193553077324465E-4
1.618727283610985E-4
1.618099732625544E-4
1.6174726542476914E-4
1.616846047949775E-4
1.6162199132049003E-4
1.6155942494869665E-4
1.6149690562706695E-4
1.6143443330314734E-4
1.6137200792455984E-4
1.6130962943900263E-4
1.6124729779425824E-4
1.6118501293817646E-4
1.6112277481869183E-4
1.6106058338380988E-4
1.609984385816195E-4
1.6093634036027613E-4
1.6087428866802233E-4
1.6081228345317107E-4
1.6075032466411154E-4
1.6068841224930842E-4
1.6062654615730374E-4
1.6056472633671717E-4
1.6050295273623813E-4
1.604412253046356E-4
1.603795439907563E-4
1.603179087435119E-4
1.6025631951190012E-4
1.6019477624498868E-4
1.6013327889191943E-4
1.6007182740190984E-4
1.6001042172425226E-4
1.5994906180831337E-4
1.5988774760352953E-4
1.5982647905942067E-4
1.5976525612556905E-4
1.597040787516386E-4
1.596429468873638E-4
1.5958186048255593E-4
1.5952081948709598E-4
1.594598238509372E-4
1.5939887352410694E-4
1.5933796845671E-4
1.5927710859891975E-4
1.5921629390098002E-4
1.5915552431321675E-4
1.59094799786011E-4
1.59034120269834E-4
1.5897348571522097E-4
1.5891289607277597E-4
1.5885235129318035E-4
1.5879185132718806E-4
1.5873139612562358E-4
1.58670985639378E-4
1.5861061981941614E-4
1.5855029861677929E-4
1.5849002198257218E-4
1.58429789867976E-4
1.5836960222424237E-4
1.5830945900269027E-4
1.5824936015470959E-4
1.5818930563176256E-4
1.5812929538538373E-4
1.580693293671735E-4
1.5800940752880684E-4
1.5794952982202314E-4
1.5788969619863615E-4
1.5782990661052584E-4
1.5777016100964667E-4
1.577104593480188E-4
1.5765080157773126E-4
1.575911876509431E-4
1.5753161751988395E-4
1.574720911368542E-4
1.5741260845421413E-4
1.573531694244033E-4
1.5729377399992465E-4
1.5723442213334533E-4
1.5717511377731449E-4
1.571158488845319E-4
1.5705662740777852E-4
1.569974492999007E-4
1.569383145138077E-4
1.5687922300247864E-4
1.5682017471896603E-4
1.5676116961638254E-4
1.5670220764790803E-4
1.5664328876679686E-4
1.565844129263646E-4
1.565255800799959E-4
1.5646679018113636E-4
1.56408043183309E-4
1.5634933904009758E-4
1.5629067770515158E-4
1.562320591321876E-4
1.5617348327499298E-4
1.5611495008741006E-4
1.560564595233608E-4
1.5599801153682512E-4
1.5593960608184634E-4
1.5588124311254607E-4
1.5582292258309598E-4
1.55764644447743E-4
1.5570640866079626E-4
1.5564821517662807E-4
1.555900639496808E-4
1.555319549344588E-4
1.554738880855316E-4
1.5541586335753423E-4
1.5535788070516335E-4
1.5529994008318726E-4
1.552420414464274E-4
1.551841847497818E-4
1.5512636994820603E-4
1.5506859699672046E-4
1.5501086585040764E-4
1.5495317646441761E-4
1.5489552879396223E-4
1.5483792279431742E-4
1.5478035842082354E-4
1.5472283562888048E-4
1.5466535437395706E-4
1.5460791461158302E-4
1.545505162973487E-4
1.5449315938690936E-4
1.5443584383598462E-4
1.5437856960035263E-4
1.5432133663586072E-4
1.5426414489841153E-4
1.5420699434397429E-4
1.5414988492858082E-4
1.5409281660832202E-4
1.5403578933935474E-4
1.539788030778958E-4
1.539218577802195E-4
1.5386495340267503E-4
1.538080899016563E-4
1.537512672336294E-4
1.536944853551228E-4
1.5363774422271815E-4
1.535810437930656E-4
1.535243840228751E-4
1.5346776486891244E-4
1.5341118628801236E-4
1.5335464823706342E-4
1.5329815067301715E-4
1.5324169355288803E-4
1.5318527683375152E-4
1.531289004727362E-4
1.530725644270371E-4
1.5301626865390838E-4
1.5296001311066435E-4
1.5290379775467942E-4
1.5284762254338466E-4
1.5279148743427471E-4
1.527353923849048E-4
1.5267933735288369E-4
1.5262332229588522E-4
1.5256734717164318E-4
1.5251141193794204E-4
1.5245551655263464E-4
1.5239966097362805E-4
1.523438451588934E-4
1.522880690664526E-4
1.5223233265439354E-4
1.5217663588085826E-4
1.521209787040464E-4
1.5206536108222264E-4
1.5200978297370233E-4
1.5195424433686432E-4
1.5189874513014154E-4
1.5184328531202856E-4
1.5178786484107664E-4
1.5173248367589227E-4
1.5167714177514354E-4
1.5162183909755116E-4
1.5156657560189916E-4
1.5151135124702583E-4
1.5145616599182636E-4
1.514010197952554E-4
1.513459126163185E-4
1.5129084441408886E-4
1.5123581514768606E-4
1.5118082477629476E-4
1.511258732591511E-4
1.5107096055554518E-4
1.5101608662483428E-4
1.5096125142641882E-4
1.5090645491976735E-4
1.508516970643974E-4
1.5079697781988317E-4
1.5074229714585937E-4
1.5068765500200786E-4
1.506330513480791E-4
1.5057848614386863E-4
1.5052395934922805E-4
1.5046947092407344E-4
1.5041502082836737E-4
1.503606090221296E-4
1.5030623546544034E-4
1.5025190011842514E-4
1.501976029412762E-4
1.5014334389423168E-4
1.500891229375872E-4
1.50034940031696E-4
1.4998079513696148E-4
1.499266882138455E-4
1.4987261922286347E-4
1.4981858812457936E-4
1.4976459487962121E-4
1.4971063944866828E-4
1.4965672179244926E-4
1.4960284187174737E-4
1.4954899964740926E-4
1.4949519508031928E-4
1.4944142813143376E-4
1.4938769876174566E-4
1.4933400693231767E-4
1.4928035260424968E-4
1.4922673573870878E-4
1.491731562969073E-4
1.4911961424011132E-4
1.4906610952964344E-4
1.4901264212687927E-4
1.4895921199324283E-4
1.489058190902118E-4
1.488524633793247E-4
1.487991448221622E-4
1.4874586338035943E-4
1.486926190156144E-4
1.4863941168966063E-4
1.4858624136430203E-4
1.4853310800137782E-4
1.4848001156278997E-4
1.4842695201048865E-4
1.4837392930648025E-4
1.4832094341281455E-4
1.4826799429160166E-4
1.482150819049975E-4
1.4816220621521474E-4
1.4810936718451085E-4
1.4805656477520466E-4
1.4800379894965655E-4
1.4795106967027818E-4
1.4789837689954175E-4
1.4784572059996435E-4
1.4779310073411139E-4
1.4774051726460305E-4
1.476879701541118E-4
1.4763545936535927E-4
1.4758298486111296E-4
1.4753054660419706E-4
1.4747814455748446E-4
1.474257786838975E-4
1.47373448946411E-4
1.4732115530804651E-4
1.4726889773188095E-4
1.472166761810327E-4
1.471644906186777E-4
1.4711234100804317E-4
1.4706022731239733E-4
1.470081494950656E-4
1.4695610751941894E-4
1.4690410134888046E-4
1.4685213094691978E-4
1.4680019627706246E-4
1.4674829730287582E-4
1.4669643398797954E-4
1.4664460629604036E-4
1.46592814190779E-4
1.4654105763595745E-4
1.464893365953978E-4
1.4643765103296186E-4
1.4638600091255828E-4
1.4633438619815025E-4
1.4628280685375272E-4
1.4623126284341872E-4
1.46179754131257E-4
1.4612828068142378E-4
1.4607684245812074E-4
1.4602543942560103E-4
1.4597407154816298E-4
1.4592273879015467E-4
1.4587144111597255E-4
1.4582017849005865E-4
1.4576895087690324E-4
1.4571775824104917E-4
1.4566660054707753E-4
1.4561547775962454E-4
1.455643898433736E-4
1.4551333676304822E-4
1.4546231848342953E-4
1.45411334969338E-4
1.45360386185641E-4
1.4530947209726172E-4
1.4525859266915838E-4
1.4520774786634755E-4
1.451569376538808E-4
1.4510616199686925E-4
1.4505542086045735E-4
1.4500471420984736E-4
1.4495404201028287E-4
1.4490340422705416E-4
1.44852800825494E-4
1.4480223177099348E-4
1.4475169702897386E-4
1.447011965649168E-4
1.4465073034433863E-4
1.446002983328113E-4
1.4454990049594336E-4
1.4449953679939744E-4
1.4444920720887901E-4
1.4439891169013274E-4
1.443486502089636E-4
1.4429842273120248E-4
1.4424822922274563E-4
1.4419806964951744E-4
1.4414794397750138E-4
1.4409785217271698E-4
1.4404779420123235E-4
1.4399777002916005E-4
1.4394777962266155E-4
1.438978229479325E-4
1.4384789997122556E-4
1.4379801065883053E-4
1.4374815497708883E-4
1.436983328923733E-4
1.4364854437111878E-4
1.4359878937978833E-4
1.4354906788490256E-4
1.4349937985301753E-4
1.4344972525073764E-4
1.434001040447097E-4
1.433505162016252E-4
1.4330096168821947E-4
1.432514404712756E-4
1.4320195251760892E-4
1.4315249779409413E-4
1.431030762676385E-4
1.430536879052018E-4
1.4300433267377293E-4
1.4295501054040034E-4
1.429057214721675E-4
1.428564654362023E-4
1.4280724239967689E-4
1.4275805232980693E-4
1.4270889519384816E-4
1.4265977095910282E-4
1.426106795929164E-4
1.4256162106267574E-4
1.4251259533581067E-4
1.424636023797889E-4
1.4241464216213623E-4
1.423657146504027E-4
1.4231681981219144E-4
1.422679576151456E-4
1.422191280269537E-4
1.4217033101533846E-4
1.421215665480727E-4
1.4207283459297E-4
1.4202413511788566E-4
1.4197546809071343E-4
1.419268334793968E-4
1.4187823125191149E-4
1.41829661376287E-4
1.4178112382058237E-4
1.4173261855290534E-4
1.4168414554140547E-4
1.4163570475427155E-4
1.4158729615973607E-4
1.4153891972606907E-4
1.4149057542158723E-4
1.4144226321464477E-4
1.4139398307364088E-4
1.4134573496700874E-4
1.4129751886323292E-4
1.4124933473083062E-4
1.4120118253836708E-4
1.4115306225444114E-4
1.4110497384769646E-4
1.4105691728681706E-4
1.4100889254052885E-4
1.409608995775955E-4
1.4091293836682167E-4
1.40865008877062E-4
1.4081711107719362E-4
1.4076924493615242E-4
1.407214104229002E-4
1.4067360750644713E-4
1.4062583615584502E-4
1.4057809634017762E-4
1.4053038802857668E-4
1.4048271119021104E-4
1.404350657942882E-4
1.4038745181005718E-4
1.4033986920680553E-4
1.4029231795386363E-4
1.4024479802059788E-4
1.4019730937641752E-4
1.4014985199076955E-4
1.4010242583313717E-4
1.4005503087305277E-4
1.4000766708007698E-4
1.3996033442381664E-4
1.399130328739145E-4
1.3986576240005778E-4
1.3981852297196648E-4
1.3977131455940192E-4
1.397241371321647E-4
1.3967699066009655E-4
1.3962987511307516E-4
1.395827904610157E-4
1.3953573667387778E-4
1.3948871372165275E-4
1.3944172157437525E-4
1.3939476020211796E-4
1.393478295749963E-4
1.3930092966315093E-4
1.3925406043677316E-4
1.3920722186608832E-4
1.39160413921362E-4
1.3911363657289472E-4
1.3906688979102783E-4
1.390201735461376E-4
1.389734878086455E-4
1.389268325490013E-4
1.3888020773769857E-4
1.3883361334526793E-4
1.3878704934227836E-4
1.3874051569933555E-4
1.386940123870822E-4
1.38647539376198E-4
1.3860109663740492E-4
1.385546841414575E-4
1.3850830185914778E-4
1.3846194976131017E-4
1.3841562781880692E-4
1.383693360025497E-4
1.3832307428347898E-4
1.3827684263257543E-4
1.382306410208509E-4
1.3818446941936592E-4
1.3813832779920856E-4
1.380922161315043E-4
1.380461343874236E-4
1.3800008253815962E-4
1.3795406055495566E-4
1.3790806840908952E-4
1.3786210607186496E-4
1.3781617351463414E-4
1.3777027070877934E-4
1.3772439762572693E-4
1.3767855423692645E-4
1.3763274051387656E-4
1.3758695642810458E-4
1.3754120195117597E-4
1.3749547705469464E-4
1.3744978171029696E-4
1.374041158896582E-4
1.373584795644909E-4
1.373128727065357E-4
1.3726729528757835E-4
1.3722174727943671E-4
1.37176228653962E-4
1.3713073938304606E-4
1.3708527943860797E-4
1.3703984879261588E-4
1.369944474170612E-4
1.3694907528397513E-4
1.3690373236542727E-4
1.3685841863351667E-4
1.3681313406038243E-4
1.3676787861819414E-4
1.3672265227916342E-4
1.3667745501553247E-4
1.3663228679957663E-4
1.3658714760361368E-4
1.3654203739998764E-4
1.3649695616108241E-4
1.364519038593145E-4
1.3640688046713962E-4
1.3636188595704242E-4
1.3631692030154763E-4
1.362719834732088E-4
1.362270754446178E-4
1.3618219618840023E-4
1.3613734567721793E-4
1.3609252388376413E-4
1.360477307807688E-4
1.3600296634099431E-4
1.3595823053723903E-4
1.3591352334233557E-4
1.3586884472914482E-4
1.3582419467057227E-4
1.3577957313955135E-4
1.3573498010904588E-4
1.3569041555206297E-4
1.3564587944163705E-4
1.356013717508367E-4
1.355568924527635E-4
1.35512441520559E-4
1.3546801892739288E-4
1.354236246464648E-4
1.3537925865101972E-4
1.3533492091432448E-4
1.352906114096878E-4
1.3524633011044362E-4
1.3520207698996804E-4
1.3515785202166409E-4
1.351136551789699E-4
1.350694864353584E-4
1.3502534576433114E-4
1.3498123313942915E-4
1.3493714853422096E-4
1.3489309192231356E-4
1.3484906327734241E-4
1.3480506257297552E-4
1.3476108978291586E-4
1.347171448809017E-4
1.3467322784069653E-4
1.3462933863610393E-4
1.3458547724095644E-4
1.345416436291216E-4
1.3449783777449748E-4
1.3445405965101085E-4
1.34410309232633E-4
1.3436658649335415E-4
1.34322891407203E-4
1.342792239482407E-4
1.3423558409056022E-4
1.3419197180828798E-4
1.3414838707557667E-4
1.3410482986661934E-4
1.3406130015563582E-4
1.3401779791688003E-4
1.339743231246336E-4
1.3393087575321852E-4
1.338874557769807E-4
1.3384406317030442E-4
1.3380069790759491E-4
1.3375735996329992E-4
1.3371404931189864E-4
1.3367076592789163E-4
1.3362750978582387E-4
1.3358428086026307E-4
1.335410791258115E-4
1.3349790455709977E-4
1.334547571287963E-4
1.3341163681559532E-4
1.3336854359222267E-4
1.333254774334385E-4
1.3328243831402963E-4
1.3323942620881952E-4
1.3319644109265877E-4
1.3315348294043157E-4
1.331105517270495E-4
1.3306764742745838E-4
1.3302477001663163E-4
1.3298191946957904E-4
1.3293909576133462E-4
1.3289629886696738E-4
1.328535287615738E-4
1.3281078542028697E-4
1.3276806881826154E-4
1.3272537893069285E-4
1.3268271573279892E-4
1.3264007919983205E-4
1.3259746930707086E-4
1.325548860298296E-4
1.3251232934345403E-4
1.3246979922331144E-4
1.3242729564480588E-4
1.3238481858337015E-4
1.3234236801447176E-4
1.322999439135948E-4
1.3225754625627233E-4
1.3221517501804949E-4
1.321728301745131E-4
1.3213051170127594E-4
1.3208821957398333E-4
1.3204595376830325E-4
1.3200371425994226E-4
1.3196150102462852E-4
1.31919314038126E-4
1.3187715327622691E-4
1.3183501871474938E-4
1.3179291032955164E-4
1.3175082809650305E-4
1.3170877199151885E-4
1.3166674199053784E-4
1.3162473806952742E-4
1.3158276020448648E-4
1.3154080837144214E-4
1.3149888254644835E-4
1.3145698270559004E-4
1.314151088249816E-4
1.3137326088076914E-4
1.3133143884912695E-4
1.3128964270625094E-4
1.3124787242837458E-4
1.3120612799175722E-4
1.311644093726842E-4
1.3112271654747707E-4
1.3108104949247925E-4
1.3103940818406815E-4
1.3099779259864082E-4
1.309562027126376E-4
1.3091463850251216E-4
1.3087309994475605E-4
1.3083158701588643E-4
1.3079009969245233E-4
1.3074863795102797E-4
1.3070720176821068E-4
1.3066579112063758E-4
1.3062440598496565E-4
1.3058304633788482E-4
1.3054171215610963E-4
1.3050040341638415E-4
1.3045912009548275E-4
1.3041786217020447E-4
1.3037662961737693E-4
1.3033542241385848E-4
1.3029424053653466E-4
1.3025308396231417E-4
1.3021195266814232E-4
1.301708466309849E-4
1.3012976582783698E-4
1.3008871023572398E-4
1.300476798316973E-4
1.3000667459283594E-4
1.299656944962438E-4
1.2992473951906026E-4
1.2988380963844685E-4
1.2984290483159016E-4
1.298020250757069E-4
1.297611703480431E-4
1.297203406258719E-4
1.2967953588649097E-4
1.2963875610722605E-4
1.2959800126543126E-4
1.295572713384873E-4
1.295165663038041E-4
1.294758861388161E-4
1.2943523082098476E-4
1.2939460032779972E-4
1.2935399463677796E-4
1.2931341372546132E-4
1.292728575714216E-4
1.2923232615226008E-4
1.2919181944559335E-4
1.2915133742907485E-4
1.2911088008038494E-4
1.2907044737722685E-4
1.2903003929732787E-4
1.289896558184548E-4
1.2894929691838184E-4
1.2890896257492825E-4
1.2886865276592383E-4
1.28828367469241E-4
1.2878810666276525E-4
1.2874787032441298E-4
1.2870765843212933E-4
1.2866747096388354E-4
1.2862730789767302E-4
1.2858716921151795E-4
1.285470548834672E-4
1.2850696489159587E-4
1.284668992140085E-4
1.284268578288232E-4
1.283868407141993E-4
1.2834684784831683E-4
1.2830687920937665E-4
1.2826693477561247E-4
1.282270145252809E-4
1.2818711843666205E-4
1.2814724648806767E-4
1.2810739865783106E-4
1.2806757492431217E-4
1.28027775265899E-4
1.2798799966100158E-4
1.279482480880567E-4
1.2790852052552872E-4
1.2786881695190267E-4
1.27829137345696E-4
1.2778948168544726E-4
1.2774984994971822E-4
1.2771024211710678E-4
1.2767065816621996E-4
1.2763109807570648E-4
1.2759156182422696E-4
1.2755204939047718E-4
1.2751256075316838E-4
1.2747309589105054E-4
1.274336547828837E-4
1.2739423740746664E-4
1.273548437436106E-4
1.2731547377016332E-4
1.2727612746599084E-4
1.2723680480998322E-4
1.2719750578105846E-4
1.2715823035816187E-4
1.2711897852025792E-4
1.2707975024634223E-4
1.2704054551542898E-4
1.2700136430655957E-4
1.2696220659879997E-4
1.2692307237124084E-4
1.2688396160300122E-4
1.2684487427321774E-4
1.268058103610586E-4
1.267667698457097E-4
1.2672775270638754E-4
1.2668875892232957E-4
1.2664978847279853E-4
1.2661084133708082E-4
1.2657191749448942E-4
1.2653301692436037E-4
1.264941396060527E-4
1.2645528551895083E-4
1.264164546424646E-4
1.2637764695602602E-4
1.263388624390936E-4
1.2630010107114316E-4
1.262613628316873E-4
1.2622264770025E-4
1.2618395565638696E-4
1.2614528667967244E-4
1.261066407497137E-4
1.2606801784612764E-4
1.260294179485707E-4
1.2599084103671144E-4
1.259522870902469E-4
1.2591375608889788E-4
1.2587524801240817E-4
1.2583676284054417E-4
1.257983005531008E-4
1.257598611298912E-4
1.25721444550751E-4
1.2568305079554737E-4
1.2564467984416106E-4
1.2560633167650807E-4
1.2556800627251357E-4
1.2552970361213707E-4
1.2549142367535788E-4
1.2545316644217925E-4
1.2541493189262545E-4
1.2537672000674903E-4
1.253385307646184E-4
1.253003641463333E-4
1.2526222013201056E-4
1.2522409870179273E-4
1.251859998358462E-4
1.2514792351435666E-4
1.251098697175397E-4
1.250718384256229E-4
1.2503382961887054E-4
1.2499584327756272E-4
1.2495787938199824E-4
1.2491993791250545E-4
1.2488201884943453E-4
1.2484412217315493E-4
1.2480624786406265E-4
1.2476839590257557E-4
1.2473056626913283E-4
1.246927589441991E-4
1.2465497390825613E-4
1.2461721114181585E-4
1.2457947062540607E-4
1.2454175233958195E-4
1.2450405626491701E-4
1.2446638238201141E-4
1.2442873067148363E-4
1.2439110111397834E-4
1.2435349369016252E-4
1.2431590838072145E-4
1.2427834516636605E-4
1.2424080402782751E-4
1.242032849458632E-4
1.241657879012494E-4
1.2412831287478404E-4
1.240908598472883E-4
1.2405342879960504E-4
1.2401601971260255E-4
1.2397863256716603E-4
1.2394126734420645E-4
1.2390392402465488E-4
1.2386660258946575E-4
1.238293030196125E-4
1.2379202529609436E-4
1.2375476939993074E-4
1.2371753531216303E-4
1.2368032301385328E-4
1.2364313248608706E-4
1.2360596370997068E-4
1.2356881666663314E-4
1.235316913372208E-4
1.2349458770291233E-4
1.2345750574489507E-4
1.2342044544438606E-4
1.233834067826215E-4
1.2334638974086107E-4
1.233093943003816E-4
1.232724204424862E-4
1.2323546814849536E-4
1.231985373997541E-4
1.2316162817762786E-4
1.2312474046350313E-4
1.2308787423878816E-4
1.2305102948491147E-4
1.230142061833236E-4
1.22977404315497E-4
1.2294062386292688E-4
1.2290386480712196E-4
1.2286712712961982E-4
1.2283041081197844E-4
1.2279371583577225E-4
1.22757042182603E-4
1.227203898340896E-4
1.226837587718703E-4
1.226471489776102E-4
1.2261056043298902E-4
1.2257399311971085E-4
1.2253744701949993E-4
1.2250092211410333E-4
1.2246441838528169E-4
1.224279358148252E-4
1.2239147438454045E-4
1.2235503407625898E-4
1.22318614871824E-4
1.2228221675310795E-4
1.222458397020019E-4
1.2220948370041592E-4
1.2217314873028056E-4
1.2213683477354736E-4
1.2210054181218964E-4
1.2206426982820043E-4
1.220280188035939E-4
1.2199178872040316E-4
1.2195557956068031E-4
1.2191939130649953E-4
1.2188322393996316E-4
1.2184707744318033E-4
1.2181095179828495E-4
1.2177484698743507E-4
1.2173876299281096E-4
1.2170269979660103E-4
1.2166665738102754E-4
1.2163063572832628E-4
1.2159463482075312E-4
1.2155865464057999E-4
1.2152269517011352E-4
1.2148675639166447E-4
1.2145083828757142E-4
1.2141494084019033E-4
1.2137906403189654E-4
1.2134320784509082E-4
1.2130737226218635E-4
1.2127155726561992E-4
1.2123576283785198E-4
1.2119998896135429E-4
1.2116423561862342E-4
1.2112850279217656E-4
1.2109279046454831E-4
1.2105709861829545E-4
1.2102142723599023E-4
1.2098577630022661E-4
1.2095014579362233E-4
1.2091453569880727E-4
1.2087894599843821E-4
1.2084337667518262E-4
1.2080782771173906E-4
1.207722990908159E-4
1.2073679079514323E-4
1.207013028074757E-4
1.2066583511057973E-4
1.2063038768724541E-4
1.2059496052028313E-4
1.2055955359251773E-4
1.2052416688679881E-4
1.2048880038599415E-4
1.204534540729887E-4
1.2041812793068567E-4
1.2038282194201015E-4
1.2034753608990578E-4
1.2031227035733627E-4
1.2027702472728206E-4
1.2024179918274426E-4
1.2020659370674241E-4
1.2017140828231366E-4
1.2013624289251981E-4
1.2010109752043116E-4
1.2006597214915028E-4
1.2003086676178812E-4
1.199957813414805E-4
1.1996071587137396E-4
1.1992567033464715E-4
1.1989064471448643E-4
1.1985563899409877E-4
1.198206531567147E-4
1.1978568718558081E-4
1.1975074106395968E-4
1.1971581477513466E-4
1.1968090830241153E-4
1.1964602162910794E-4
1.1961115473856665E-4
1.1957630761414249E-4
1.1954148023921298E-4
1.195066725971727E-4
1.1947188467143846E-4
1.1943711644543928E-4
1.194023679026248E-4
1.1936763902647004E-4
1.1933292980045469E-4
1.1929824020808902E-4
1.1926357023290015E-4
1.192289198584236E-4
1.19194289068224E-4
1.1915967784587804E-4
1.1912508617498472E-4
1.1909051403916147E-4
1.1905596142203997E-4
1.1902142830727062E-4
1.1898691467852731E-4
1.1895242051949456E-4
1.1891794581387932E-4
1.1888349054540626E-4
1.1884905469781718E-4
1.1881463825487607E-4
1.1878024120035637E-4
1.1874586351805639E-4
1.1871150519179093E-4
1.1867716620538969E-4
1.186428465427087E-4
1.1860854618760879E-4
1.185742651239777E-4
1.1854000333572074E-4
1.1850576080676133E-4
1.184715375210328E-4
1.184373334624981E-4
1.184031486151275E-4
1.1836898296291468E-4
1.1833483648987083E-4
1.1830070918002212E-4
1.1826660101741598E-4
1.1823251198611205E-4
1.1819844207019356E-4
1.1816439125375588E-4
1.1813035952092045E-4
1.1809634685581224E-4
1.1806235324258847E-4
1.1802837866541082E-4
1.1799442310847359E-4
1.179604865559698E-4
1.1792656899212862E-4
1.1789267040117799E-4
1.1785879076738242E-4
1.1782493007500752E-4
1.1779108830834696E-4
1.1775726545170481E-4
1.1772346148940879E-4
1.1768967640579481E-4
1.176559101852244E-4
1.176221628120725E-4
1.1758843427073396E-4
1.1755472454561711E-4
1.1752103362114763E-4
1.1748736148177483E-4
1.174537081119511E-4
1.1742007349616325E-4
1.1738645761889942E-4
1.1735286046467835E-4
1.1731928201802374E-4
1.1728572226348453E-4
1.1725218118562589E-4
1.1721865876902174E-4
1.1718515499827559E-4
1.1715166985799349E-4
1.1711820333281283E-4
1.1708475540737606E-4
1.1705132606635137E-4
1.1701791529441843E-4
1.1698452307627095E-4
1.1695114939662662E-4
1.1691779424021554E-4
1.1688445759178802E-4
1.1685113943610471E-4
1.168178397579443E-4
1.1678455854211105E-4
1.1675129577341362E-4
1.1671805143668547E-4
1.1668482551677151E-4
1.1665161799853737E-4
1.1661842886686092E-4
1.1658525810664114E-4
1.1655210570279106E-4
1.1651897164023875E-4
1.1648585590392829E-4
1.1645275847882398E-4
1.1641967934990551E-4
1.1638661850216536E-4
1.1635357592061655E-4
1.1632055159028633E-4
1.1628754549621662E-4
1.1625455762347027E-4
1.1622158795712159E-4
1.1618863648226111E-4
1.16155703184002E-4
1.1612278804746429E-4
1.1608989105779239E-4
1.1605701220014065E-4
1.1602415145968475E-4
1.1599130882161163E-4
1.15958484271127E-4
1.1592567779345378E-4
1.1589288937382508E-4
1.1586011899749928E-4
1.1582736664974293E-4
1.1579463231583729E-4
1.1576191598108993E-4
1.1572921763081536E-4
1.1569653725034427E-4
1.1566387482502704E-4
1.1563123034022934E-4
1.155986037813292E-4
1.155659951337242E-4
1.1553340438282321E-4
1.1550083151405693E-4
1.1546827651286759E-4
1.1543573936471439E-4
1.1540322005507054E-4
1.1537071856942819E-4
1.1533823489329115E-4
1.1530576901218406E-4
1.1527332091164283E-4
1.152408905772184E-4
1.1520847799448076E-4
1.1517608314901305E-4
1.1514370602641698E-4
1.1511134661230317E-4
1.1507900489230469E-4
1.1504668085206677E-4
1.1501437447725095E-4
1.1498208575353309E-4
1.1494981466660357E-4
1.1491756120217674E-4
1.148853253459657E-4
1.1485310708371527E-4
1.1482090640117532E-4
1.1478872328411501E-4
1.1475655771832023E-4
1.147244096895906E-4
1.1469227918373599E-4
1.1466016618659024E-4
1.1462807068399562E-4
1.1459599266181437E-4
1.1456393210591885E-4
1.1453188900220173E-4
1.1449986333656603E-4
1.1446785509493555E-4
1.144358642632405E-4
1.1440389082743795E-4
1.1437193477348813E-4
1.1433999608737296E-4
1.1430807475508959E-4
1.1427617076264612E-4
1.1424428409607127E-4
1.1421241474140074E-4
1.1418056268469209E-4
1.1414872791201791E-4
1.141169104094577E-4
1.1408511016311733E-4
1.1405332715910868E-4
1.140215613835586E-4
1.1398981282261691E-4
1.1395808146243978E-4
1.1392636728919781E-4
1.1389467028908703E-4
1.1386299044830256E-4
1.1383132775306716E-4
1.1379968218961212E-4
1.1376805374418677E-4
1.1373644240305025E-4
1.137048481524777E-4
1.1367327097876347E-4
1.1364171086821177E-4
1.1361016780714389E-4
1.1357864178189196E-4
1.1354713277880843E-4
1.1351564078425408E-4
1.1348416578461177E-4
1.1345270776626733E-4
1.1342126671563312E-4
1.1338984261912855E-4
1.1335843546319047E-4
1.1332704523426689E-4
1.1329567191882823E-4
1.1326431550334523E-4
1.1323297597431856E-4
1.132016533182512E-4
1.1317034752166672E-4
1.131390585711027E-4
1.1310778645310629E-4
1.1307653115424583E-4
1.1304529266109577E-4
1.1301407096025429E-4
1.1298286603832592E-4
1.1295167788193045E-4
1.1292050647770718E-4
1.1288935181230315E-4
1.1285821387238291E-4
1.1282709264462539E-4
1.1279598811571929E-4
1.1276490027237263E-4
1.1273382910130537E-4
1.1270277458925467E-4
1.1267173672296121E-4
1.1264071548919238E-4
1.1260971087472193E-4
1.1257872286634021E-4
1.1254775145085117E-4
1.125167966150743E-4
1.1248585834583853E-4
1.1245493662998832E-4
1.124240314543856E-4
1.123931428059027E-4
1.1236227067142438E-4
1.1233141503785342E-4
1.1230057589210391E-4
1.122697532211049E-4
1.1223894701179639E-4
1.1220815725113359E-4
1.1217738392608741E-4
1.1214662702363818E-4
1.1211588653078961E-4
1.1208516243454384E-4
1.1205445472193057E-4
1.1202376337998239E-4
1.1199308839575312E-4
1.1196242975630727E-4
1.1193178744872409E-4
1.1190116146009139E-4
1.1187055177752055E-4
1.118399583881254E-4
1.118093812790417E-4
1.1177882043741032E-4
1.1174827585039574E-4
1.1171774750516779E-4
1.1168723538891337E-4
1.1165673948883309E-4
1.1162625979213713E-4
1.1159579628605347E-4
1.1156534895781968E-4
1.1153491779469036E-4
1.115045027839324E-4
1.1147410391282398E-4
1.1144372116865853E-4
1.1141335453874019E-4
1.1138300401039155E-4
1.1135266957094307E-4
1.1132235120773892E-4
1.112920489081409E-4
1.1126176265952164E-4
1.1123149244926223E-4
1.1120123826476131E-4
1.1117100009343764E-4
1.1114077792270485E-4
1.1111057174000842E-4
1.1108038153279714E-4
1.1105020728853442E-4
1.1102004899469653E-4
1.1098990663877289E-4
1.1095978020826952E-4
1.1092966969070152E-4
1.1089957507359237E-4
1.1086949634448923E-4
1.108394334909431E-4
1.1080938650052596E-4
1.1077935536081599E-4
1.1074934005940477E-4
1.1071934058390202E-4
1.106893569219267E-4
1.1065938906110655E-4
1.1062943698908745E-4
1.105995006935319E-4
1.1056958016210505E-4
1.1053967538249295E-4
1.1050978634239007E-4
1.1047991302950683E-4
1.1045005543155926E-4
1.1042021353628863E-4
1.1039038733143657E-4
1.103605768047627E-4
1.1033078194404313E-4
1.1030100273705856E-4
1.1027123917160856E-4
1.1024149123550158E-4
1.1021175891656019E-4
1.1018204220261999E-4
1.1015234108152904E-4
1.1012265554114761E-4
1.1009298556934803E-4
1.1006333115401428E-4
1.1003369228304523E-4
1.1000406894435149E-4
1.0997446112585363E-4
1.0994486881549091E-4
1.0991529200120682E-4
1.0988573067096248E-4
1.0985618481273142E-4
1.0982665441449643E-4
1.0979713946425638E-4
1.0976763995001896E-4
1.0973815585980812E-4
1.0970868718165528E-4
1.0967923390360893E-4
1.0964979601372871E-4
1.0962037350008137E-4
1.0959096635075254E-4
1.0956157455384072E-4
1.0953219809744912E-4
1.095028369696982E-4
1.0947349115872097E-4
1.0944416065266174E-4
1.0941484543967654E-4
1.0938554550793445E-4
1.0935626084561577E-4
1.0932699144091685E-4
1.0929773728203492E-4
1.0926849835719211E-4
1.0923927465461779E-4
1.0921006616255122E-4
1.091808728692456E-4
1.0915169476296744E-4
1.0912253183199257E-4
1.0909338406460828E-4
1.0906425144912096E-4
1.0903513397384229E-4
1.09006031627094E-4
1.0897694439721407E-4
1.0894787227255345E-4
1.0891881524147103E-4
1.0888977329234298E-4
1.0886074641354554E-4
1.0883173459348447E-4
1.0880273782056554E-4
1.0877375608320448E-4
1.0874478936983759E-4
1.0871583766890785E-4
1.0868690096886672E-4
1.0865797925818676E-4
1.0862907252534529E-4
1.086001807588332E-4
1.0857130394715256E-4
1.0854244207881558E-4
1.0851359514235063E-4
1.084847631262946E-4
1.0845594601919538E-4
1.0842714380961436E-4
1.0839835648612754E-4
1.0836958403731385E-4
1.083408264517713E-4
1.08312083718106E-4
1.0828335582493994E-4
1.0825464276089824E-4
1.082259445146285E-4
1.0819726107477987E-4
1.0816859243001853E-4
1.0813993856902104E-4
1.0811129948047596E-4
1.0808267515308497E-4
1.0805406557555324E-4
1.0802547073660745E-4
1.0799689062497962E-4
1.0796832522941596E-4
1.0793977453867168E-4
1.0791123854151623E-4
1.0788271722672827E-4
1.078542105830984E-4
1.07825718599427E-4
1.077972412645322E-4
1.0776877856723365E-4
1.0774033049636948E-4
1.0771189704078682E-4
1.0768347818934257E-4
1.0765507393091121E-4
1.0762668425436716E-4
1.075983091486071E-4
1.0756994860253527E-4
1.0754160260506145E-4
1.0751327114511644E-4
1.0748495421163367E-4
1.074566517935658E-4
1.0742836387986683E-4
1.0740009045950787E-4
1.0737183152147482E-4
1.0734358705475627E-4
1.0731535704835911E-4
1.0728714149129658E-4
1.0725894037259267E-4
1.072307536812861E-4
1.0720258140642697E-4
1.071744235370689E-4
1.0714628006228736E-4
1.0711815097115977E-4
1.0709003625278015E-4
1.0706193589625035E-4
1.0703384989068408E-4
1.0700577822520777E-4
1.0697772088895269E-4
1.0694967787107139E-4
1.06921649160719E-4
1.0689363474706159E-4
1.0686563461928203E-4
1.068376487665664E-4
1.0680967717811995E-4
1.067817198431528E-4
1.067537767508867E-4
1.0672584789055375E-4
1.0669793325140413E-4
1.0667003282268743E-4
1.066421465936689E-4
1.0661427455362896E-4
1.0658641669185042E-4
1.0655857299763272E-4
1.065307434602869E-4
1.0650292806913165E-4
1.0647512681349436E-4
1.0644733968271787E-4
1.0641956666615138E-4
1.063918077531602E-4
1.0636406293311529E-4
1.0633633219539712E-4
1.0630861552940201E-4
1.062809129245366E-4
1.0625322437021159E-4
1.0622554985585637E-4
1.061978893709046E-4
1.0617024290480214E-4
1.0614261044700711E-4
1.0611499198699021E-4
1.0608738751422309E-4
1.060597970181988E-4
1.0603222048841659E-4
1.0600465791438596E-4
1.059771092856226E-4
1.0594957459166339E-4
1.059220538220423E-4
1.058945469663176E-4
1.05867054014047E-4
1.0583957495480253E-4
1.0581210977816643E-4
1.0578465847373333E-4
1.0575722103110479E-4
1.057297974398937E-4
1.0570238768972287E-4
1.0567499177023005E-4
1.0564760967105645E-4
1.0562024138185764E-4
1.0559288689230069E-4
1.0556554619205528E-4
1.0553821927081055E-4
1.0551090611826043E-4
1.0548360672411108E-4
1.0545632107808094E-4
1.054290491698938E-4
1.0540179098928568E-4
1.053745465260023E-4
1.0534731576980263E-4
1.0532009871045358E-4
1.0529289533773052E-4
1.0526570564141894E-4
1.0523852961132068E-4
1.0521136723723798E-4
1.0518421850899173E-4
1.0515708341640669E-4
1.0512996194932016E-4
1.0510285409758302E-4
1.0507575985104848E-4
1.050486791995878E-4
1.0502161213307618E-4
1.0499455864140056E-4
1.0496751871445802E-4
1.0494049234216025E-4
1.0491347951441855E-4
1.0488648022116504E-4
1.0485949445233451E-4
1.0483252219787395E-4
1.0480556344774253E-4
1.0477861819190482E-4
1.0475168642033827E-4
1.047247681230308E-4
1.0469786328997979E-4
1.046709719111855E-4
1.0464409397666998E-4
1.0461722947645755E-4
1.045903784005867E-4
1.045635407390977E-4
1.0453671648204922E-4
1.0450990561950663E-4
1.0448310814154296E-4
1.0445632403824427E-4
1.0442955329970435E-4
1.0440279591603219E-4
1.043760518773331E-4
1.0434932117373482E-4
1.043226037953727E-4
1.0429589973238506E-4
1.0426920897492793E-4
1.042425315131621E-4
1.0421586733725921E-4
1.0418921643740489E-4
1.0416257880378323E-4
1.041359544266E-4
1.0410934329606172E-4
1.0408274540239249E-4
1.0405616073581961E-4
1.0402958928658363E-4
1.0400303104492968E-4
1.039764860011189E-4
1.0394995414541723E-4
1.0392343546810205E-4
1.0389692995946272E-4
1.0387043760979095E-4
1.0384395840939509E-4
1.038174923485901E-4
1.0379103941770012E-4
1.0376459960705965E-4
1.0373817290701065E-4
1.0371175930790633E-4
1.0368535880010988E-4
1.0365897137399168E-4
1.036325970199337E-4
1.0360623572832665E-4
1.0357988748956971E-4
1.0355355229407231E-4
1.0352723013225136E-4
1.0350092099453512E-4
1.0347462487136287E-4
1.0344834175318024E-4
1.0342207163043994E-4
1.0339581449361154E-4
1.0336957033316349E-4
1.0334333913958563E-4
1.0331712090336685E-4
1.0329091561500934E-4
1.0326472326502603E-4
1.0323854384393553E-4
1.0321237734226773E-4
1.0318622375056094E-4
1.0316008305936709E-4
1.0313395525924061E-4
1.0310784034074533E-4
1.0308173829446003E-4
1.0305564911096834E-4
1.03029572780865E-4
1.030035092947521E-4
1.0297745864323961E-4
1.0295142081695188E-4
1.0292539580651827E-4
1.0289938360257515E-4
1.0287338419577554E-4
1.0284739757677277E-4
1.0282142373623632E-4
1.0279546266483894E-4
1.0276951435326653E-4
1.027435787922117E-4
1.0271765597238017E-4
1.0269174588447838E-4
1.0266584851922853E-4
1.026399638673606E-4
1.0261409191961262E-4
1.0258823266673271E-4
1.0256238609947546E-4
1.0253655220860822E-4
1.025107309849032E-4
1.0248492241914266E-4
1.0245912650211904E-4
1.0243334322463403E-4
1.0240757257749827E-4
1.0238181455152669E-4
1.0235606913754697E-4
1.023303363264005E-4
1.0230461610892592E-4
1.0227890847597912E-4
1.0225321341842208E-4
1.0222753092712957E-4
1.0220186099297564E-4
1.0217620360685569E-4
1.0215055875966366E-4
1.0212492644230369E-4
1.0209930664569705E-4
1.0207369936076294E-4
1.0204810457843387E-4
1.0202252228965447E-4
1.0199695248537131E-4
1.0197139515654575E-4
1.0194585029414422E-4
1.0192031788914189E-4
1.0189479793252525E-4
1.0186929041528347E-4
1.0184379532842506E-4
1.0181831266295491E-4
1.0179284240989403E-4
1.0176738456027255E-4
1.0174193910512312E-4
1.0171650603549286E-4
1.0169108534243581E-4
1.0166567701701512E-4
1.0164028105029715E-4
1.0161489743336339E-4
1.0158952615730375E-4
1.0156416721321142E-4
1.0153882059219272E-4
1.0151348628536017E-4
1.0148816428383869E-4
1.0146285457875394E-4
1.0143755716124676E-4
1.0141227202246457E-4
1.0138699915356369E-4
1.0136173854570653E-4
1.0133649019006719E-4
1.0131125407782641E-4
1.012860302001717E-4
1.0126081854830333E-4
1.0123561911342558E-4
1.0121043188675554E-4
1.0118525685951551E-4
1.0116009402293413E-4
1.0113494336825368E-4
1.011098048867193E-4
1.0108467856959251E-4
1.0105956440813311E-4
1.0103446239361624E-4
1.0100937251732143E-4
1.0098429477054262E-4
1.0095922914457275E-4
1.0093417563071962E-4
1.0090913422030022E-4
1.0088410490463343E-4
1.0085908767504986E-4
1.0083408252289301E-4
1.0080908943950638E-4
1.0078410841624682E-4
1.0075913944447902E-4
1.0073418251557427E-4
1.0070923762091181E-4
1.0068430475187864E-4
1.0065938389987727E-4
1.0063447505630872E-4
1.0060957821258285E-4
1.0058469336012394E-4
1.0055982049036248E-4
1.0053495959473208E-4
1.0051011066467871E-4
1.0048527369165771E-4
1.0046044866713007E-4
1.0043563558256565E-4
1.004108344294406E-4
1.0038604519924257E-4
1.0036126788346415E-4
1.003365024736068E-4
1.0031174896118045E-4
1.0028700733770456E-4
1.0026227759470178E-4
1.0023755972371086E-4
1.0021285371626971E-4
1.0018815956392869E-4
1.0016347725824812E-4
1.001388067907916E-4
1.0011414815313543E-4
1.0008950133685712E-4
1.0006486633355037E-4
1.000402431348088E-4
1.0001563173224121E-4
9.999103211745965E-5
The correct rate for BP: 100.00% 
