0.4919469274930623
0.1709098936461652
0.04062123321758356
0.017509964114591624
0.011401529453196203
0.008448105424790743
0.006695361814081257
0.005533966286173124
0.004708321403929247
0.004091744638609823
0.003614158063344074
0.00323362169604336
0.00292349582492118
0.0026660490533163975
0.0024490246912683886
0.002263681598893679
0.0021036199036919175
0.0019640476759699346
0.0018413067756178768
0.0017325569801247712
0.0016355600244058136
0.001548528548987235
0.0014700182970973368
0.0013988497828569084
0.001334050448607037
0.0012748113258876331
0.001220454131749736
0.0011704059852315366
0.001124179763983741
0.0010813586875395146
0.0010415841042677608
0.0010045457323132785
9.699737986682916E-4
9.376326597743071E-4
9.073155882768524E-4
8.788404849430006E-4
8.520463299792169E-4
8.26790229382306E-4
8.029449432627965E-4
7.803968069563997E-4
7.590439740930365E-4
7.387949250076716E-4
7.195671949633424E-4
7.012862853616767E-4
6.838847279933573E-4
6.67301277848053E-4
6.51480214373281E-4
6.363707345839901E-4
6.219264242624861E-4
6.081047957918164E-4
5.948668830450611E-4
5.821768852926864E-4
5.700018533569036E-4
5.583114122890709E-4
5.470775157143659E-4
5.362742277112069E-4
5.258775286970645E-4
5.158651422991002E-4
5.06216380614475E-4
4.969120056251087E-4
4.8793410483644474E-4
4.7926597946866913E-4
4.7089204374934273E-4
4.6279773404464455E-4
4.5496942672790415E-4
4.4739436382242915E-4
4.400605855749909E-4
4.3295686921922467E-4
4.2607267327709564E-4
4.1939808682391175E-4
4.1292378320927336E-4
4.066409777848109E-4
4.0054138924044996E-4
3.946172041955754E-4
3.888610447303252E-4
3.8326593857667144E-4
3.778252917189605E-4
3.7253286318007317E-4
3.673827417929091E-4
3.623693247774745E-4
3.5748729796222236E-4
3.527316175045249E-4
3.480974929796523E-4
3.4358037172036295E-4
3.3917592430074325E-4
3.34880031068106E-4
3.3068876963586344E-4
3.2659840325847836E-4
3.22605370016875E-4
3.187062727492934E-4
3.1489786966838783E-4
3.111770656107533E-4
3.075409038697861E-4
3.039865585670506E-4
3.0051132752130846E-4
2.971126255778023E-4
2.9378797836349807E-4
2.9053501643704766E-4
2.8735146980464254E-4
2.8423516277541243E-4
2.811840091321492E-4
2.7819600759504854E-4
2.7526923755797814E-4
2.724018550784283E-4
2.6959208910369326E-4
2.668382379172538E-4
2.64138665790572E-4
2.614917998265241E-4
2.5889612698191944E-4
2.563501912573093E-4
2.5385259104327454E-4
2.5140197661310484E-4
2.489970477526165E-4
2.466365515183794E-4
2.443192801163658E-4
2.4204406889354215E-4
2.398097944354757E-4
2.3761537276346595E-4
2.3545975762522388E-4
2.333419388734812E-4
2.312609409272821E-4
2.292158213111486E-4
2.272056692674936E-4
2.25229604438104E-4
2.232867756106906E-4
2.2137635952676913E-4
2.1949755974751464E-4
2.1764960557416074E-4
2.1583175102008468E-4
2.140432738315952E-4
2.1228347455483923E-4
2.1055167564624515E-4
2.0884722062423033E-4
2.0716947325989733E-4
2.0551781680468425E-4
2.0389165325301032E-4
2.0229040263806868E-4
2.007135023590741E-4
1.9916040653831623E-4
1.976305854064933E-4
1.9612352471491267E-4
1.9463872517315792E-4
1.9317570191099804E-4
1.9173398396328753E-4
1.903131137767304E-4
1.8891264673746448E-4
1.8753215071841276E-4
1.8617120564545637E-4
1.848294030815372E-4
1.8350634582781474E-4
1.8220164754108689E-4
1.8091493236667782E-4
1.7964583458612087E-4
1.783939982788759E-4
1.7715907699750427E-4
1.7594073345563577E-4
1.7473863922816142E-4
1.735524744631053E-4
1.723819276046209E-4
1.7122669512665485E-4
1.7008648127677048E-4
1.6896099782968892E-4
1.6784996385014637E-4
1.6675310546461085E-4
1.656701556415302E-4
1.6460085397970308E-4
1.6354494650443663E-4
1.6250218547117588E-4
1.6147232917625064E-4
1.6045514177448787E-4
1.594503931033493E-4
1.5845785851339338E-4
1.5747731870470336E-4
1.565085595691323E-4
1.5555137203807865E-4
1.5460555193555104E-4
1.536708998363661E-4
1.5274722092921078E-4
1.5183432488441456E-4
1.5093202572623857E-4
1.5004014170947957E-4
1.4915849520025885E-4
1.4828691256079627E-4
1.4742522403802995E-4
1.4657326365593703E-4
1.4573086911141115E-4
1.448978816735427E-4
1.4407414608620452E-4
1.432595104737941E-4
1.4245382625001918E-4
1.4165694802961807E-4
1.4086873354288675E-4
1.4008904355296132E-4
1.3931774177566497E-4
1.3855469480192464E-4
1.377997720225709E-4
1.370528455555364E-4
1.3631379017524627E-4
1.3558248324423586E-4
1.3485880464683794E-4
1.3414263672490492E-4
1.3343386421548584E-4
1.3273237419036672E-4
1.320380559974537E-4
1.313508012038927E-4
1.3067050354089672E-4
1.2999705885018568E-4
1.293303650320249E-4
1.2867032199478525E-4
1.2801683160597264E-4
1.273697976446649E-4
1.2672912575535864E-4
1.2609472340311737E-4
1.2546649983000832E-4
1.2484436601279108E-4
1.2422823462179963E-4
1.2361801998097993E-4
1.2301363802907193E-4
1.2241500628185236E-4
1.2182204379544619E-4
1.2123467113065013E-4
1.2065281031824323E-4
1.2007638482524626E-4
1.1950531952210215E-4
1.1893954065076679E-4
1.1837897579364097E-4
1.1782355384335727E-4
1.1727320497338064E-4
1.1672786060936976E-4
1.1618745340134685E-4
1.1565191719655848E-4
1.1512118701308178E-4
1.1459519901411882E-4
1.1407389048295276E-4
1.1355719979857062E-4
1.1304506641192002E-4
1.1253743082276045E-4
1.1203423455713107E-4
1.1153542014538258E-4
1.110409311007757E-4
1.1055071189862996E-4
1.1006470795598008E-4
1.0958286561176421E-4
1.0910513210749909E-4
1.0863145556844561E-4
1.0816178498523823E-4
1.0769607019596378E-4
1.0723426186869777E-4
1.0677631148446173E-4
1.0632217132058711E-4
1.058717944345087E-4
1.0542513464792714E-4
1.049821465313754E-4
1.0454278538914383E-4
1.0410700724457005E-4
1.0367476882568088E-4
1.0324602755118015E-4
1.0282074151676548E-4
1.0239886948176564E-4
1.0198037085609117E-4
1.0156520568750866E-4
1.0115333464918556E-4
1.0074471902753833E-4
1.0033932071037758E-4
9.99371021752876E-5
The correct rate for BP: 100.00% 
