0.8475887632704069
1.1105669707837982
0.7131132858483185
0.2061288465710618
0.06209980229872909
0.022334278059168256
0.014449693238833643
0.010740941804110647
0.008548466457595114
0.0070941588559783565
0.006057658796243323
0.005281330858094509
0.004678204793470381
0.004196254784075084
0.003802412686627847
0.003474640454873888
0.0031976803084593636
0.0029606318178010903
0.002755499705621497
0.002576286548016447
0.0024184056706341816
0.0022782896399703473
0.0021531222864709047
0.0020406510409863065
0.0019390528324825097
0.0018468365202919787
0.001762770753142363
0.0016858298468852726
0.00161515264122879
0.0015500108448690385
0.0014897844115617743
0.0014339421910438618
0.0013820265826334885
0.0013336412582314193
0.0012884412620541466
0.0012461249674382145
0.0012064274969275132
0.0011691153044416606
0.0011339816871246092
0.0011008430460884293
0.0010695357543380611
0.001039913519987351
0.001011845155822766
9.852126840579863E-4
9.599097190063264E-4
9.358400813084565E-4
9.129166059803289E-4
8.910601134091095E-4
8.701985179160618E-4
8.5026605292157E-4
8.312025953184597E-4
8.129530745609133E-4
7.954669543445381E-4
7.786977766948933E-4
7.62602759880817E-4
7.471424428911353E-4
7.322803703105366E-4
7.17982812345211E-4
7.042185155132456E-4
6.909584801566594E-4
6.781757614722202E-4
6.658452912144923E-4
6.539437176112796E-4
6.424492613603435E-4
6.313415858561318E-4
6.206016800348203E-4
6.102117524309664E-4
6.001551352153668E-4
5.904161971354856E-4
5.809802644108283E-4
5.718335487492225E-4
5.62963081748118E-4
5.543566550307836E-4
5.460027655416534E-4
5.378905654901291E-4
5.300098164891644E-4
5.223508474846567E-4
5.149045161156189E-4
5.076621731835334E-4
5.006156299433097E-4
4.937571279582017E-4
4.87079311287562E-4
4.805752007997877E-4
4.742381704236938E-4
4.680619251699483E-4
4.6204048077086137E-4
4.5616814480128073E-4
4.504394991566743E-4
4.4484938377600255E-4
4.393928815076452E-4
4.3406530402589883E-4
4.2886217871405876E-4
4.2377923643773744E-4
4.1881240013873005E-4
4.139577741860674E-4
4.0921163442628677E-4
4.0457041888006246E-4
4.000307190367443E-4
3.9558927170257755E-4
3.9124295136197475E-4
3.8698876301461E-4
3.8282383545421104E-4
3.787454149575566E-4
3.747508593549028E-4
3.7083763245518127E-4
3.6700329880152565E-4
3.632455187345217E-4
3.5956204374238733E-4
3.559507120787863E-4
3.52409444630554E-4
3.489362410188649E-4
3.455291759186337E-4
3.421863955820211E-4
3.3890611455302373E-4
3.356866125609879E-4
3.325262315818428E-4
3.294233730565193E-4
3.2637649525695103E-4
3.2338411079051784E-4
3.2044478423461016E-4
3.175571298934059E-4
3.147198096696402E-4
3.119315310444869E-4
3.091910451592736E-4
3.064971449930386E-4
3.0384866363046954E-4
3.0124447261495264E-4
2.9868348038201184E-4
2.961646307684786E-4
2.93686901593285E-4
2.912493033058051E-4
2.888508776980978E-4
2.864906966774991E-4
2.8416786109636434E-4
2.818814996358172E-4
2.7963076774065686E-4
2.7741484660273114E-4
2.752329421901775E-4
2.7308428432018414E-4
2.7096812577298573E-4
2.688837414449912E-4
2.668304275390408E-4
2.6480750078989966E-4
2.6281429772322053E-4
2.6085017394632476E-4
2.589145034691817E-4
2.570066780541066E-4
2.551261065928337E-4
2.5327221450952513E-4
2.514444431885544E-4
2.4964224942585075E-4
2.478651049026379E-4
2.461124956805966E-4
2.44383921717348E-4
2.4267889640137955E-4
2.4099694610548085E-4
2.3933760975784545E-4
2.3770043843001119E-4
2.3608499494092583E-4
2.3449085347632264E-4
2.3291759922280917E-4
2.313648280159494E-4
2.2983214600175487E-4
2.2831916931097384E-4
2.268255237456233E-4
2.253508444772357E-4
2.2389477575631285E-4
2.2245697063248297E-4
2.210370906849662E-4
2.196348057628238E-4
2.1824979373464269E-4
2.168817402472381E-4
2.1553033849299626E-4
2.141952889854962E-4
2.1287629934308865E-4
2.115730840800779E-4
2.1028536440521412E-4
2.0901286802719454E-4
2.0775532896690117E-4
2.06512487376084E-4
2.0528408936225712E-4
2.0406988681954412E-4
2.0286963726523965E-4
2.0168310368187905E-4
2.0051005436458517E-4
1.9935026277348049E-4
1.9820350739101523E-4
1.9706957158394542E-4
1.9594824346986692E-4
1.9483931578806164E-4
1.93742585774557E-4
1.9265785504118878E-4
1.915849294585308E-4
1.9052361904257816E-4
1.894737378450056E-4
1.8843510384689732E-4
1.8740753885579267E-4
1.8639086840597455E-4
1.8538492166181607E-4
1.8438953132415874E-4
1.8340453353951972E-4
1.8242976781210725E-4
1.8146507691851394E-4
1.8051030682496644E-4
1.7956530660709775E-4
1.7862992837210844E-4
1.7770402718324756E-4
1.7678746098655568E-4
1.7588009053973131E-4
1.749817793431435E-4
1.740923935728047E-4
1.732118020153461E-4
1.7233987600483795E-4
1.7147648936145332E-4
1.706215183318844E-4
1.6977484153146884E-4
1.6893633988794907E-4
1.681058965868271E-4
1.6728339701826744E-4
1.664687287254813E-4
1.6566178135454544E-4
1.6486244660562756E-4
1.6407061818554731E-4
1.632861917616639E-4
1.625090649169987E-4
1.617391371065995E-4
1.609763096150993E-4
1.6022048551539021E-4
1.5947156962845262E-4
1.5872946848421546E-4
1.5799409028350027E-4
1.5726534486095118E-4
1.565431436489576E-4
1.5582739964251354E-4
1.551180273650238E-4
1.5441494283496704E-4
1.5371806353345666E-4
1.5302730837262504E-4
1.5234259766482984E-4
1.5166385309264203E-4
1.5099099767961334E-4
1.5032395576177122E-4
1.496626529598565E-4
1.4900701615224162E-4
1.483569734485377E-4
1.4771245416387877E-4
1.4707338879380738E-4
1.4643970898982472E-4
1.4581134753551998E-4
1.4518823832330175E-4
1.4457031633168356E-4
1.4395751760313942E-4
1.4334977922249978E-4
1.4274703929585445E-4
1.4214923692997021E-4
1.4155631221222405E-4
1.4096820619097586E-4
1.4038486085645612E-4
1.3980621912207375E-4
1.3923222480617117E-4
1.3866282261422658E-4
1.3809795812145503E-4
1.3753757775582676E-4
1.3698162878147713E-4
1.3643005928250088E-4
1.3588281814713547E-4
1.3533985505227245E-4
1.3480112044836893E-4
1.3426656554467597E-4
1.337361422948072E-4
1.332098033826439E-4
1.32687502208541E-4
1.321691928758737E-4
1.3165483017785694E-4
1.3114436958466106E-4
1.3063776723084346E-4
1.3013497990302584E-4
1.296359650278531E-4
1.2914068066024182E-4
1.2864908547183902E-4
1.2816113873978497E-4
1.276768003356826E-4
1.2719603071482052E-4
1.267187909056428E-4
1.2624504249940654E-4
1.2577474764011493E-4
1.2530786901461923E-4
1.2484436984295632E-4
1.2438421386888653E-4
1.2392736535062995E-4
1.2347378905179935E-4
1.2302345023252847E-4
1.225763146407685E-4
1.2213234850380177E-4
1.2169151851988646E-4
1.2125379185011496E-4
1.2081913611041292E-4
1.2038751936371754E-4
1.1995891011232482E-4
1.1953327729035562E-4
1.1911059025642695E-4
1.1869081878642765E-4
1.1827393306647694E-4
1.1785990368598856E-4
1.174487016309135E-4
1.1704029827707462E-4
1.1663466538368323E-4
1.1623177508694228E-4
1.1583159989380075E-4
1.154341126758265E-4
1.1503928666319219E-4
1.1464709543879372E-4
1.1425751293247028E-4
1.1387051341534742E-4
1.1348607149427985E-4
1.1310416210642065E-4
1.1272476051386734E-4
1.1234784229843995E-4
1.119733833565455E-4
1.1160135989412574E-4
1.112317484217487E-4
1.1086452574973231E-4
1.1049966898341324E-4
1.101371555184695E-4
1.0977696303635158E-4
1.094190694997943E-4
1.0906345314841054E-4
1.087100924943605E-4
1.083589663181215E-4
1.0801005366432643E-4
1.0766333383765754E-4
1.0731878639886267E-4
1.069763911607944E-4
1.0663612818456333E-4
1.0629797777573305E-4
1.0596192048060271E-4
1.0562793708254426E-4
1.0529600859841903E-4
1.049661162750437E-4
1.0463824158573492E-4
1.043123662269056E-4
1.0398847211473043E-4
1.0366654138186358E-4
1.0334655637421257E-4
1.0302849964779153E-4
1.0271235396559356E-4
1.02398102294551E-4
1.020857278025313E-4
1.0177521385539752E-4
1.014665440141029E-4
1.0115970203185796E-4
1.0085467185132289E-4
1.005514376018785E-4
1.0024998359691498E-4
9.995029433118325E-5
The correct rate for BP: 100.00% 
