1.010517223144339
1.0015683205922274
0.6955874655391135
0.4402514901863052
0.26700176445564294
0.16418513303112828
0.1087351672448283
0.078060514664558
0.059623795796045966
0.04762671036121518
0.039317001220678334
0.033277444244035455
0.028719336780492863
0.025174256851935476
0.02234872581598209
0.020050571169428613
0.018149229927960357
0.01655318896188903
0.015196573922146645
0.014030862417935072
0.013019589141483066
0.012134862323652509
0.0113550121551383
0.010662966740590843
0.010045107462202049
0.009490447381316066
0.008990031725930816
0.0085364938578223
0.008123721899344826
0.007746605314365586
0.007400840059679627
0.007082777189422795
0.006789304075921781
0.006517750379079609
0.0062658129836924625
0.006031495610628082
0.005813059879175273
0.0056089853786720975
0.005417936882492388
0.005238737265015281
0.005070345003037602
0.00491183538592632
0.004762384744102536
0.004621257147919433
0.004487793139335027
0.004361400144819449
0.0042415442854641106
0.004127743353585404
0.004019560767473068
0.0039166003497676715
0.0038185018021191534
0.003724936770706706
0.0036356054149825055
0.0035502334064907988
0.0034685692964709068
0.0033903822006972908
0.003315459758050891
0.0032436063259773875
0.003174641381527085
0.0031083981012934355
0.0030447220974382785
0.002983470290243952
0.0029245099003741074
0.002867717546342761
0.002812978434656987
0.002760185631770346
0.0027092394084101386
0.002660046648060727
0.0026125203124306735
0.00256657895763023
0.0025221462955594878
0.002479150795676839
0.0024375253228957707
0.0023972068078605318
0.002358135946287689
0.0023202569244411336
0.0022835171681401577
0.0022478671129906942
0.002213259993784633
0.002179651651235243
0.0021470003544140598
0.002115266637427095
0.0020844131490217795
0.002054404513950981
0.0020252072050402845
0.0019967894250108448
0.0019691209972046847
0.0019421732644429506
0.0019159189953227985
0.0018903322973249292
0.0018653885361637416
0.001841064260865335
0.0018173371341060748
0.001794185867387956
0.0017715901606647887
0.001749530646068403
0.0017279888354149275
0.0017069470711994312
0.001686388480812689
0.001666296933736374
0.0016466570014942125
0.001627453920155016
0.001608673555200656
0.001590302368587574
0.0015723273878442095
0.0015547361770597806
0.0015375168096311224
0.0015206578426451608
0.0015041482927840438
0.0014879776136487435
0.0014721356744051965
0.0014566127396640188
0.00144139945051201
0.001426486806619281
0.0014118661493520998
0.0013975291458261103
0.0013834677738398316
0.0013696743076323022
0.0013561413044131914
0.0013428615916168628
0.0013298282548357856
0.0013170346263914827
0.0013044742745042092
0.0012921409930253278
0.001280028791698541
0.0012681318869187145
0.0012564446929589992
0.0012449618136387438
0.0012336780344069315
0.001222588314817011
0.0012116877813709622
0.0012009717207116658
0.0011904355731440493
0.0011800749264666444
0.0011698855100965109
0.0011598631894713346
0.0011500039607136915
0.0011403039455432928
0.00113075938642389
0.001121366641932407
0.0011121221823385662
0.0011030225853838672
0.001094064532249691
0.0010852448037046865
0.0010765602764221673
0.001068007919459016
0.0010595847908878126
0.0010512880345745054
0.001043114877094392
0.0010350626247795694
0.0010271286608913167
0.001019310442911416
0.0010116054999465178
0.0010040114302402045
9.96525898787534E-4
9.891466350471993E-4
9.81871430746732E-4
9.746981377763014E-4
9.676246661670826E-4
9.606489821501624E-4
9.537691062923737E-4
9.469831117054828E-4
9.402891223253984E-4
9.336853112582615E-4
9.271698991904118E-4
9.207411528593579E-4
9.143973835830672E-4
9.081369458449996E-4
9.019582359324648E-4
8.958596906259158E-4
8.898397859370995E-4
8.838970358937777E-4
8.780299913692608E-4
8.722372389546402E-4
8.665173998720062E-4
8.608691289269738E-4
8.552911134988052E-4
8.497820725665398E-4
8.443407557697984E-4
8.389659425026512E-4
8.336564410393126E-4
8.284110876903463E-4
8.232287459881945E-4
8.181083059007046E-4
8.1304868307175E-4
8.080488180877165E-4
8.031076757688516E-4
7.982242444845855E-4
7.933975354917926E-4
7.886265822951682E-4
7.839104400288075E-4
7.792481848582491E-4
7.746389134021283E-4
7.7008174217275E-4
7.65575807034802E-4
7.611202626816257E-4
7.567142821282809E-4
7.52357056220857E-4
7.4804779316138E-4
7.437857180477886E-4
7.395700724283658E-4
7.354001138701882E-4
7.312751155409695E-4
7.271943658039089E-4
7.231571678250677E-4
7.191628391927577E-4
7.152107115485865E-4
7.113001302297362E-4
7.074304539220282E-4
7.036010543234829E-4
6.998113158179237E-4
6.960606351583266E-4
6.923484211595691E-4
6.886740944002489E-4
6.850370869332802E-4
6.814368420049195E-4
6.77872813782038E-4
6.743444670872064E-4
6.708512771415112E-4
6.673927293146811E-4
6.639683188824039E-4
6.605775507905115E-4
6.572199394258676E-4
6.538950083936708E-4
6.506022903010601E-4
6.473413265467296E-4
6.441116671163761E-4
6.40912870383837E-4
6.3774450291771E-4
6.346061392932294E-4
6.314973619093475E-4
6.284177608107273E-4
6.253669335145721E-4
6.223444848421518E-4
6.193500267547937E-4
6.163831781942932E-4
6.134435649275668E-4
6.105308193953835E-4
6.076445805651335E-4
6.047844937874319E-4
6.01950210656469E-4
5.991413888740077E-4
5.963576921169013E-4
5.935987899080387E-4
5.908643574905851E-4
5.881540757054592E-4
5.854676308719379E-4
5.828047146712802E-4
5.801650240332894E-4
5.775482610257404E-4
5.74954132746577E-4
5.723823512188152E-4
5.69832633288012E-4
5.673047005223376E-4
5.64798279115072E-4
5.623130997895117E-4
5.598488977061863E-4
5.574054123723653E-4
5.549823875537521E-4
5.525795711882763E-4
5.501967153020296E-4
5.478335759271675E-4
5.454899130217896E-4
5.431654903917285E-4
5.408600756141952E-4
5.385734399632155E-4
5.363053583368444E-4
5.340556091860656E-4
5.318239744453588E-4
5.296102394648809E-4
5.274141929442252E-4
5.252356268677138E-4
5.230743364411556E-4
5.209301200300654E-4
5.188027790993249E-4
5.166921181541628E-4
5.145979446824957E-4
5.125200690986006E-4
5.104583046880041E-4
5.084124675536231E-4
5.063823765631553E-4
5.043678532975516E-4
5.023687220007261E-4
5.003848095302803E-4
4.984159453094174E-4
4.964619612798131E-4
4.945226918555824E-4
4.925979738782267E-4
4.90687646572556E-4
4.88791551503555E-4
4.8690953253420526E-4
4.8504143578419873E-4
4.8318710958952294E-4
4.813464044629304E-4
4.79519173055228E-4
4.7770527011741664E-4
4.7590455246356527E-4
4.741168789345621E-4
4.723421103625303E-4
4.7058010953605195E-4
4.6883074116608895E-4
4.6709387185261096E-4
4.6536937005191563E-4
4.6365710604463707E-4
4.619569519043816E-4
4.602687814670384E-4
4.585924703006869E-4
4.5692789567613876E-4
4.552749365380626E-4
4.536334734766998E-4
4.52003388700145E-4
4.503845660071873E-4
4.4877689076068485E-4
4.471802498614972E-4
4.455945317228807E-4
4.440196262454735E-4
4.424554247926724E-4
4.409018201666139E-4
4.3935870658449723E-4
4.3782597965547255E-4
4.3630353635795276E-4
4.3479127501730214E-4
4.332890952840742E-4
4.317968981125696E-4
4.3031458573984617E-4
4.288420616651305E-4
4.273792306296407E-4
4.259259985967451E-4
4.244822727325412E-4
4.230479613867962E-4
4.216229740742266E-4
4.20207221456154E-4
4.1880061532249835E-4
4.1740306857409833E-4
4.1601449520536313E-4
4.146348102872776E-4
4.1326392995066197E-4
4.1190177136981237E-4
4.1054825274638486E-4
4.092032932935992E-4
4.0786681322074953E-4
4.065387337179655E-4
4.052189769412524E-4
4.0390746599785094E-4
4.0260412493179487E-4
4.0130887870978653E-4
4.0002165320727193E-4
3.987423751948338E-4
3.9747097232475394E-4
3.9620737311787604E-4
3.949515069506693E-4
3.937033040425173E-4
3.9246269544327675E-4
3.9122961302100016E-4
3.900039894498774E-4
3.887857581984661E-4
3.875748535180208E-4
3.863712104310952E-4
3.85174764720321E-4
3.8398545291737704E-4
3.8280321229217876E-4
3.8162798084219647E-4
3.8045969728201824E-4
3.792983010330528E-4
3.7814373221342564E-4
3.7699593162803836E-4
3.758548407588087E-4
3.7472040175505554E-4
3.735925574240773E-4
3.72471251221861E-4
3.713564272439596E-4
3.702480302165071E-4
3.691460054874287E-4
3.6805029901774625E-4
3.6696085737304316E-4
3.6587762771508447E-4
3.6480055779357503E-4
3.6372959593803495E-4
3.6266469104982485E-4
3.616057925942882E-4
3.605528505930431E-4
3.5950581561638073E-4
3.5846463877579947E-4
3.5742927171665014E-4
3.563996666109033E-4
3.5537577615004935E-4
3.5435755353807635E-4
3.5334495248461436E-4
3.5233792719812664E-4
3.5133643237926E-4
3.5034042321428467E-4
3.493498553686265E-4
3.483646849805211E-4
3.4738486865475187E-4
3.4641036345650064E-4
3.454411269052821E-4
3.4447711696898554E-4
3.4351829205800805E-4
3.42564611019459E-4
3.416160331314887E-4
3.406725180976836E-4
3.3973402604153737E-4
3.388005175010571E-4
3.3787195342337666E-4
3.369482951595268E-4
3.360295044592301E-4
3.3511554346581725E-4
3.3420637471119754E-4
3.3330196111089214E-4
3.3240226595919426E-4
3.315072529243403E-4
3.3061688604379725E-4
3.2973112971961124E-4
3.2884994871380254E-4
3.2797330814387756E-4
3.2710117347835115E-4
3.2623351053238963E-4
3.2537028546347166E-4
3.245114647671513E-4
3.2365701527285783E-4
3.2280690413976894E-4
3.2196109885275313E-4
3.211195672183385E-4
3.2028227736080524E-4
3.194491977182509E-4
3.186202970387795E-4
3.1779554437671905E-4
3.1697490908889783E-4
3.161583608309801E-4
3.153458695538392E-4
3.145374055000123E-4
3.1373293920015824E-4
3.1293244146962586E-4
3.1213588340502465E-4
3.113432363808636E-4
3.105544720462395E-4
3.097695623215616E-4
3.0898847939534493E-4
3.0821119572100567E-4
3.0743768401375994E-4
3.06667917247517E-4
3.0590186865184465E-4
3.0513951170895825E-4
3.0438082015078055E-4
3.036257679559976E-4
3.028743293472053E-4
3.0212647878805266E-4
3.0138219098047015E-4
3.0064144086187753E-4
2.999042036024866E-4
2.9917045460260835E-4
2.9844016949001856E-4
2.97713324117326E-4
2.9698989455941184E-4
2.9626985711090004E-4
2.9555318828363005E-4
2.948398648041991E-4
2.941298636115294E-4
2.9342316185444934E-4
2.9271973688934185E-4
2.9201956627778565E-4
2.9132262778425416E-4
2.90628899373846E-4
2.899383592100276E-4
2.892509856524275E-4
2.885667572546292E-4
2.8788565276203544E-4
2.872076511097358E-4
2.865327314203856E-4
2.858608730021551E-4
2.8519205534668034E-4
2.845262581270225E-4
2.838634611957021E-4
2.832036445827253E-4
2.825467884936387E-4
2.818928733076024E-4
2.812418795755307E-4
2.805937880181918E-4
2.799485795243912E-4
2.793062351491438E-4
2.786667361118781E-4
2.7803006379466857E-4
2.773961997404813E-4
2.767651256514576E-4
2.761368233872076E-4
2.755112749631139E-4
2.7488846254868646E-4
2.742683684659267E-4
2.7365097518768853E-4
2.7303626533609835E-4
2.7242422168096856E-4
2.718148271382422E-4
2.7120806476845546E-4
2.7060391777521315E-4
2.7000236950368636E-4
2.6940340343915115E-4
2.68807003205496E-4
2.682131525637995E-4
2.676218354108997E-4
2.670330357779711E-4
2.664467378291469E-4
2.6586292586015114E-4
2.652815842969186E-4
2.6470269769427303E-4
2.641262507345995E-4
2.635522282265235E-4
2.62980615103642E-4
2.6241139642322513E-4
2.618445573649651E-4
2.612800832297423E-4
2.60717959438366E-4
2.60158171530396E-4
2.5960070516290254E-4
2.590455461093133E-4
2.584926802582277E-4
2.5794209361226105E-4
2.5739377228689174E-4
2.568477025093404E-4
2.563038706174694E-4
2.5576226305863443E-4
2.5522286638864913E-4
2.5468566727065577E-4
2.541506524741121E-4
2.536178088736947E-4
2.530871234482799E-4
2.525585832799227E-4
2.5203217555283113E-4
2.515078875523593E-4
2.5098570666403676E-4
2.5046562037255835E-4
2.499476162608443E-4
2.4943168200906407E-4
2.4891780539370244E-4
2.484059742866147E-4
2.478961766541125E-4
2.4738840055603796E-4
2.4688263414487195E-4
2.4637886566484304E-4
2.458770834510315E-4
2.4537727592850944E-4
2.4487943161147425E-4
2.443835391023974E-4
2.438895870911837E-4
2.433975643543307E-4
2.4290745975411553E-4
2.4241926223777743E-4
2.4193296083670663E-4
2.414485446656565E-4
2.409660029219504E-4
2.404853248847141E-4
2.4000649991409438E-4
2.3952951745050488E-4
2.3905436701387339E-4
2.3858103820289877E-4
2.381095206943116E-4
2.3763980424215553E-4
2.3717187867705586E-4
2.3670573390552433E-4
2.3624135990924015E-4
2.3577874674436612E-4
2.3531788454085297E-4
2.348587635017644E-4
2.3440137390260554E-4
2.339457060906513E-4
2.3349175048429827E-4
2.3303949757239712E-4
2.3258893791362946E-4
2.3214006213586138E-4
2.316928609355095E-4
2.312473250769209E-4
2.3080344539176673E-4
2.303612127784181E-4
2.2992061820135038E-4
2.2948165269055305E-4
2.2904430734092517E-4
2.2860857331170108E-4
2.2817444182588197E-4
2.277419041696363E-4
2.2731095169177323E-4
2.2688157580314503E-4
2.264537679761309E-4
2.2602751974405618E-4
2.2560282270067247E-4
2.2517966849962257E-4
2.2475804885389232E-4
2.243379555353064E-4
2.239193803739975E-4
2.2350231525789305E-4
2.230867521322296E-4
2.2267268299900104E-4
2.2226009991651614E-4
2.2184899499887574E-4
2.2143936041548604E-4
2.21031188390595E-4
2.2062447120279084E-4
2.2021920118454538E-4
2.19815370721748E-4
2.194129722532403E-4
2.1901199827035204E-4
2.1861244131646043E-4
2.1821429398652728E-4
2.178175489266756E-4
2.1742219883373137E-4
2.1702823645479855E-4
2.1663565458682874E-4
2.162444460761912E-4
2.158546038182656E-4
2.1546612075699364E-4
2.1507898988451003E-4
2.1469320424069967E-4
2.1430875691280104E-4
2.1392564103501444E-4
2.135438497881025E-4
2.131633763989948E-4
2.127842141403971E-4
2.1240635633041634E-4
2.1202979633216967E-4
2.11654527553418E-4
2.1128054344618058E-4
2.109078375063803E-4
2.1053640327346239E-4
2.1016623433004936E-4
2.0979732430156502E-4
2.0942966685589246E-4
2.0906325570302665E-4
2.086980845947025E-4
2.083341473240796E-4
2.0797143772538365E-4
2.0760994967357636E-4
2.0724967708401424E-4
2.0689061391212244E-4
2.0653275415307042E-4
2.0617609184143889E-4
2.0582062105090285E-4
2.0546633589391472E-4
2.0511323052138796E-4
2.0476129912237804E-4
2.0441053592379124E-4
2.0406093519005362E-4
2.0371249122283264E-4
2.033651983607145E-4
2.0301905097893115E-4
2.0267404348904116E-4
2.0233017033864694E-4
2.0198742601112372E-4
2.0164580502530022E-4
2.0130530193520103E-4
2.0096591132976266E-4
2.0062762783254194E-4
2.0029044610145235E-4
1.9995436082848695E-4
1.9961936673945375E-4
1.9928545859370237E-4
1.9895263118385737E-4
1.9862087933556033E-4
1.9829019790721186E-4
1.9796058178970404E-4
1.976320259061771E-4
1.9730452521175997E-4
1.969780746933155E-4
1.96652669369209E-4
1.9632830428903538E-4
1.9600497453340856E-4
1.9568267521368997E-4
1.9536140147176725E-4
1.9504114847981665E-4
1.9472191144005594E-4
1.944036855845296E-4
1.940864661748631E-4
1.9377024850204556E-4
1.9345502788619738E-4
1.9314079967634937E-4
1.9282755925021744E-4
1.9251530201399133E-4
1.9220402340209902E-4
1.918937188770161E-4
1.9158438392902736E-4
1.9127601407602942E-4
1.909686048633179E-4
1.9066215186338103E-4
1.903566506756785E-4
1.9005209692646508E-4
1.8974848626856288E-4
1.894458143811686E-4
1.891440769696671E-4
1.8884326976540907E-4
1.885433885255409E-4
1.8824442903279527E-4
1.8794638709530224E-4
1.8764925854640994E-4
1.873530392444785E-4
1.8705772507270188E-4
1.8676331193893418E-4
1.8646979577548553E-4
1.8617717253894804E-4
1.8588543821002447E-4
1.8559458879334123E-4
1.8530462031727185E-4
1.85015528833763E-4
1.847273104181619E-4
1.8443996116903512E-4
1.8415347720801656E-4
1.8386785467961839E-4
1.8358308975107286E-4
1.8329917861216818E-4
1.830161174750735E-4
1.8273390257418398E-4
1.8245253016596229E-4
1.8217199652876873E-4
1.8189229796269828E-4
1.8161343078944398E-4
1.813353913521162E-4
1.8105817601509632E-4
1.807817811638944E-4
1.8050620320497778E-4
1.8023143856563183E-4
1.7995748369380795E-4
1.7968433505797623E-4
1.7941198914697007E-4
1.7914044246984873E-4
1.788696915557559E-4
1.7859973295376153E-4
1.7833056323273184E-4
1.7806217898118745E-4
1.777945768071569E-4
1.7752775333804055E-4
1.7726170522048437E-4
1.769964291202205E-4
1.76731921721952E-4
1.7646817972921127E-4
1.762051998642291E-4
1.75942978867795E-4
1.756815134991391E-4
1.7542080053579791E-4
1.7516083677348023E-4
1.7490161902594374E-4
1.746431441248691E-4
1.7438540891973826E-4
1.741284102777033E-4
1.7387214508346344E-4
1.7361661023915E-4
1.7336180266419766E-4
1.731077192952323E-4
1.728543570859396E-4
1.726017130069571E-4
1.7234978404576015E-4
1.7209856720653145E-4
1.7184805951005622E-4
1.7159825799360702E-4
1.7134915971082933E-4
1.7110076173162562E-4
1.7085306114204837E-4
1.7060605504419342E-4
1.703597405560736E-4
1.701141148115283E-4
1.6986917496010956E-4
1.6962491816697092E-4
1.6938134161276333E-4
1.6913844249352955E-4
1.6889621802060803E-4
1.6865466542051395E-4
1.6841378193484718E-4
1.6817356482018994E-4
1.6793401134799943E-4
1.676951188045144E-4
1.6745688449065432E-4
1.6721930572191117E-4
1.669823798282692E-4
1.6674610415409058E-4
1.6651047605803265E-4
1.6627549291294358E-4
1.660411521057648E-4
1.658074510374527E-4
1.6557438712286646E-4
1.6534195779069149E-4
1.651101604833305E-4
1.648789926568315E-4
1.6464845178078557E-4
1.6441853533823652E-4
1.6418924082559462E-4
1.6396056575255136E-4
1.6373250764198808E-4
1.6350506402989506E-4
1.6327823246527638E-4
1.630520105100647E-4
1.6282639573904578E-4
1.626013857397699E-4
1.6237697811246395E-4
1.621531704699547E-4
1.6192996043758347E-4
1.6170734565312461E-4
1.6148532376670014E-4
1.6126389244071454E-4
1.6104304934975351E-4
1.6082279218052788E-4
1.6060311863177147E-4
1.603840264141865E-4
1.6016551325034973E-4
1.5994757687464E-4
1.5973021503316498E-4
1.5951342548368446E-4
1.592972059955381E-4
1.5908155434955957E-4
1.5886646833802097E-4
1.586519457645455E-4
1.584379844440393E-4
1.5822458220262142E-4
1.580117368775502E-4
1.5779944631715012E-4
1.5758770838074747E-4
1.5737652093859202E-4
1.571658818717981E-4
1.569557890722656E-4
1.5674624044262147E-4
1.5653723389614144E-4
1.5632876735668767E-4
1.5612083875864635E-4
1.5591344604685373E-4
1.5570658717653727E-4
1.5550026011324557E-4
1.5529446283278427E-4
1.550891933211512E-4
1.548844495744813E-4
1.5468022959896113E-4
1.5447653141079754E-4
1.5427335303612994E-4
1.5407069251097702E-4
1.5386854788117382E-4
1.5366691720231803E-4
1.534657985396995E-4
1.5326518996824126E-4
1.5306508957245004E-4
1.5286549544634098E-4
1.526664056933952E-4
1.524678184264888E-4
1.5226973176784227E-4
1.520721438489618E-4
1.5187505281057898E-4
1.516784568025942E-4
1.5148235398402526E-4
1.5128674252295197E-4
1.5109162059644636E-4
1.508969863905448E-4
1.5070283810016642E-4
1.5050917392906877E-4
1.5031599208980155E-4
1.5012329080364172E-4
1.4993106830054915E-4
1.497393228191087E-4
1.4954805260647817E-4
1.49357255918338E-4
1.4916693101884486E-4
1.4897707618056428E-4
1.4878768968444359E-4
1.485987698197356E-4
1.4841031488397526E-4
1.4822232318290445E-4
1.4803479303044054E-4
1.478477227486186E-4
1.4766111066755327E-4
1.4747495512536923E-4
1.4728925446817875E-4
1.4710400705001628E-4
1.469192112327988E-4
1.4673486538627748E-4
1.4655096788798705E-4
1.463675171232091E-4
1.4618451148491933E-4
1.460019493737356E-4
1.4581982919789247E-4
1.45638149373173E-4
1.454569083228774E-4
1.4527610447778323E-4
1.4509573627608468E-4
1.4491580216336385E-4
1.4473630059254217E-4
1.4455723002383388E-4
1.4437858892471384E-4
1.4420037576985778E-4
1.4402258904111533E-4
1.4384522722746515E-4
1.4366828882496653E-4
1.4349177233673028E-4
1.4331567627285876E-4
1.4313999915042415E-4
1.4296473949341955E-4
1.427898958327179E-4
1.4261546670603375E-4
1.424414506578883E-4
1.422678462395556E-4
1.4209465200904137E-4
1.4192186653103756E-4
1.4174948837687417E-4
1.4157751612449686E-4
1.4140594835841656E-4
1.4123478366967986E-4
1.4106402065582272E-4
1.4089365792084842E-4
1.4072369407516877E-4
1.4055412773558885E-4
1.40384957525256E-4
1.402161820736286E-4
1.4004780001644645E-4
1.3987980999568064E-4
1.3971221065951116E-4
1.395450006622844E-4
1.3937817866448493E-4
1.3921174333268762E-4
1.3904569333954197E-4
1.388800273637182E-4
1.3871474408988963E-4
1.3854984220869037E-4
1.3838532041668096E-4
1.3822117741631434E-4
1.3805741191591498E-4
1.3789402262962764E-4
1.3773100827739723E-4
1.375683675849338E-4
1.374060992836766E-4
1.3724420211076423E-4
1.3708267480900507E-4
1.3692151612684474E-4
1.3676072481832717E-4
1.366002996430783E-4
1.3644023936626063E-4
1.3628054275854865E-4
1.361212085961044E-4
1.3596223566053072E-4
1.3580362273885824E-4
1.3564536862350704E-4
1.3548747211225142E-4
1.3532993200821039E-4
1.3517274711979214E-4
1.3501591626068068E-4
1.3485943824980535E-4
1.3470331191131228E-4
1.3454753607452938E-4
1.34392109573942E-4
1.342370312491688E-4
1.340822999449281E-4
1.3392791451101002E-4
1.337738738022506E-4
1.3362017667850837E-4
1.3346682200462685E-4
1.3331380865041562E-4
1.3316113549062127E-4
1.3300880140490112E-4
1.3285680527779355E-4
1.3270514599869832E-4
1.3255382246183558E-4
1.324028335662405E-4
1.3225217821572312E-4
1.32101855318845E-4
1.3195186378889254E-4
1.31802202543859E-4
1.316528705064105E-4
1.3150386660386334E-4
1.313551897681655E-4
1.312068389358554E-4
1.310588130480581E-4
1.3091111105044956E-4
1.3076373189322923E-4
1.3061667453110367E-4
1.3046993792325455E-4
1.30323521033326E-4
1.301774228293902E-4
1.3003164228392712E-4
1.2988617837380144E-4
1.2974103008024638E-4
1.2959619638882114E-4
1.2945167628941113E-4
1.2930746877619218E-4
1.291635728476065E-4
1.2901998750634972E-4
1.2887671175933598E-4
1.2873374461768843E-4
1.285910850967067E-4
1.2844873221585062E-4
1.283066849987212E-4
1.2816494247302264E-4
1.2802350367056885E-4
1.2788236762723386E-4
1.277415333829479E-4
1.276009999816705E-4
1.2746076647136736E-4
1.2732083190399458E-4
1.2718119533547398E-4
1.270418558256738E-4
1.269028124383917E-4
1.2676406424132474E-4
1.2662561030606046E-4
1.2648744970804857E-4
1.2634958152658325E-4
1.2621200484478427E-4
1.260747187495833E-4
1.259377223316886E-4
1.258010146855776E-4
1.2566459490947733E-4
1.255284621053394E-4
1.2539261537882404E-4
1.2525705383928325E-4
1.2512177659973573E-4
1.2498678277685776E-4
1.248520714909519E-4
1.2471764186593886E-4
1.2458349302933274E-4
1.2444962411222888E-4
1.2431603424927715E-4
1.2418272257867636E-4
1.2404968824213623E-4
1.2391693038488205E-4
1.2378444815562355E-4
1.2365224070653877E-4
1.2352030719325937E-4
1.2338864677485025E-4
1.2325725861379522E-4
1.2312614187597553E-4
1.229952957306601E-4
1.228647193504797E-4
1.2273441191141068E-4
1.2260437259276993E-4
1.2247460057718325E-4
1.2234509505057485E-4
1.2221585520215454E-4
1.22086880224396E-4
1.2195816931302042E-4
1.2182972166698373E-4
1.2170153648845887E-4
1.2157361298281918E-4
1.2144595035861822E-4
1.2131854782758623E-4
1.2119140460460214E-4
1.2106451990768187E-4
1.2093789295796141E-4
1.20811522979689E-4
1.2068540920020107E-4
1.205595508499024E-4
1.2043394716227102E-4
1.2030859737381975E-4
1.20183500724096E-4
1.2005865645566243E-4
1.1993406381408079E-4
1.1980972204789675E-4
1.1968563040863062E-4
1.1956178815075738E-4
1.194381945316897E-4
1.1931484881177562E-4
1.1919175025426834E-4
1.1906889812532555E-4
1.189462916939825E-4
1.1882393023215411E-4
1.1870181301460158E-4
1.1857993931893525E-4
1.1845830842559333E-4
1.1833691961782407E-4
1.1821577218168484E-4
1.180948654060139E-4
1.1797419858242331E-4
1.1785377100528777E-4
1.1773358197173139E-4
1.176136307816075E-4
1.1749391673749178E-4
1.1737443914467007E-4
1.1725519731111589E-4
1.1713619054748966E-4
1.1701741816711914E-4
1.1689887948598834E-4
1.1678057382271763E-4
1.1666250049856878E-4
1.165446588374115E-4
1.1642704816572178E-4
1.1630966781257496E-4
1.1619251710961353E-4
1.1607559539106348E-4
1.1595890199369446E-4
1.1584243625682145E-4
1.1572619752229629E-4
1.1561018513447847E-4
1.1549439844024872E-4
1.1537883678896984E-4
1.1526349953249718E-4
1.1514838602515092E-4
1.15033495623717E-4
1.1491882768742257E-4
1.1480438157793953E-4
1.1469015665935559E-4
1.1457615229818008E-4
1.1446236786331657E-4
1.1434880272606693E-4
1.1423545626010853E-4
1.1412232784148417E-4
1.1400941684860232E-4
1.1389672266221118E-4
1.137842446653922E-4
1.1367198224355594E-4
1.135599347844252E-4
1.134481016780227E-4
1.1333648231666199E-4
1.1322507609494578E-4
1.1311388240973477E-4
1.1300290066016053E-4
1.1289213024759445E-4
1.1278157057565048E-4
1.1267122105017567E-4
1.125610810792264E-4
1.1245115007307135E-4
1.1234142744417908E-4
1.1223191260719835E-4
1.1212260497895746E-4
1.1201350397845797E-4
1.119046090268467E-4
1.117959195474289E-4
1.1168743496564277E-4
1.1157915470904744E-4
1.114710782073311E-4
1.1136320489227804E-4
1.1125553419778043E-4
1.1114806555981096E-4
1.1104079841642668E-4
1.1093373220775007E-4
1.1082686637596533E-4
1.107202003653076E-4
1.1061373362204959E-4
1.105074655945021E-4
1.1040139573298898E-4
1.1029552348985845E-4
1.1018984831945045E-4
1.1008436967810857E-4
1.0997908702416119E-4
1.0987399981790896E-4
1.097691075216271E-4
1.0966440959954238E-4
1.095599055178354E-4
1.0945559474462783E-4
1.0935147674997574E-4
1.092475510058514E-4
1.0914381698615047E-4
1.0904027416667263E-4
1.0893692202510849E-4
1.0883376004104947E-4
1.087307876959586E-4
1.0862800447317342E-4
1.085254098578983E-4
1.0842300333718956E-4
1.0832078439994988E-4
1.0821875253692665E-4
1.0811690724069108E-4
1.0801524800564186E-4
1.0791377432798756E-4
1.0781248570574304E-4
1.0771138163872994E-4
1.0761046162854575E-4
1.0750972517858277E-4
1.0740917179400077E-4
1.0730880098172811E-4
1.0720861225045188E-4
1.0710860511060734E-4
1.0700877907437534E-4
1.0690913365567046E-4
1.0680966837013623E-4
1.06710382735134E-4
1.0661127626974081E-4
1.0651234849473384E-4
1.0641359893258929E-4
1.0631502710747429E-4
1.0621663254524035E-4
1.0611841477340708E-4
1.0602037332116832E-4
1.05922507719377E-4
1.058248175005325E-4
1.0572730219879135E-4
1.0562996134993454E-4
1.0553279449138771E-4
1.0543580116219179E-4
1.0533898090300998E-4
1.0524233325611142E-4
1.0514585776537232E-4
1.0504955397626282E-4
1.0495342143584095E-4
1.0485745969274668E-4
1.0476166829719954E-4
1.0466604680098253E-4
1.045705947574438E-4
1.0447531172148516E-4
1.0438019724955473E-4
1.0428525089964216E-4
1.0419047223128E-4
1.0409586080551676E-4
1.0400141618492888E-4
1.0390713793360778E-4
1.0381302561715361E-4
1.0371907880266557E-4
1.0362529705874159E-4
1.0353167995546624E-4
1.0343822706440751E-4
1.0334493795861096E-4
1.0325181221259355E-4
1.0315884940232901E-4
1.0306604910525726E-4
1.0297341090025951E-4
1.0288093436767568E-4
1.0278861908927002E-4
1.0269646464824967E-4
1.0260447062924208E-4
1.0251263661830089E-4
1.0242096220288623E-4
1.0232944697187821E-4
1.0223809051554796E-4
1.021468924255692E-4
1.0205585229500348E-4
1.0196496971830331E-4
1.0187424429128892E-4
1.0178367561116488E-4
1.016932632764968E-4
1.0160300688721206E-4
1.0151290604459292E-4
1.0142296035127603E-4
1.0133316941124136E-4
1.0124353282980093E-4
1.0115405021360668E-4
1.010647211706361E-4
1.0097554531018712E-4
1.0088652224287772E-4
1.0079765158063023E-4
1.0070893293667693E-4
1.006203659255535E-4
1.005319501630808E-4
1.0044368526637491E-4
1.0035557085383054E-4
1.0026760654512997E-4
1.0017979196121584E-4
1.000921267243095E-4
1.000046104578895E-4
9.991724278669121E-5
The correct rate for BP: 100.00% 
