1.0405326073803847
0.752472965550246
0.14664222176794953
0.030053227574848667
0.014229167180219921
0.00979323584805721
0.007491680636871289
0.00606525418865316
0.005091373042038819
0.004383518602010425
0.0038457252042535753
0.0034233547399801028
0.003082945864633182
0.0028028386976482254
0.0025683859762057662
0.002369324980793922
0.0021982504369399323
0.0020496846849174964
0.0019194889713043549
0.001804478150862529
0.0017021612165895722
0.0016105621707758727
0.001528093630815361
0.0014534659021392179
0.0013856204259170368
0.0013236803052226593
0.001266913007390384
0.0012147018851974849
0.0011665241773530987
0.0011219338321035246
0.0010805479644538706
0.0010420360812860505
0.001006111436551659
9.725240412812343E-4
9.410549705483561E-4
9.115116952834131E-4
8.837242301467873E-4
8.575419358847145E-4
8.328308501275961E-4
8.094714475722886E-4
7.87356751145313E-4
7.663907316787776E-4
7.464869460140297E-4
7.2756737313754E-4
7.095614155849438E-4
6.924050393968027E-4
6.760400307304666E-4
6.604133510965278E-4
6.454765763025398E-4
6.311854067085985E-4
6.174992384519812E-4
6.043807869762852E-4
5.917957555785539E-4
5.797125428242857E-4
5.681019836214467E-4
5.569371195264173E-4
5.461929945076911E-4
5.358464729393162E-4
5.258760770550829E-4
5.162618414815585E-4
5.069851827950428E-4
4.980287823251157E-4
4.89376480663606E-4
4.810131825390516E-4
4.7292477088914435E-4
4.6509802911133763E-4
4.5752057059894716E-4
4.5018077477955367E-4
4.430677289672595E-4
4.3617117542223014E-4
4.294814630822747E-4
4.2298950349299775E-4
4.1668673051716563E-4
4.1056506345098074E-4
4.046168732163007E-4
3.988349513340674E-4
3.932124814159589E-4
3.877430129393618E-4
3.8242043709532143E-4
3.7723896452118185E-4
3.72193104748637E-4
3.6727764721527595E-4
3.6248764370273796E-4
3.578183920781756E-4
3.532654212277098E-4
3.4882447708127603E-4
3.4449150963789145E-4
3.4026266090884943E-4
3.3613425370410685E-4
3.321027811939257E-4
3.2816489718405533E-4
3.243174070482356E-4
3.205572592669175E-4
3.168815375253887E-4
3.132874533287931E-4
3.097723390949981E-4
3.0633364168974203E-4
3.029689163713394E-4
2.996758211150973E-4
2.964521112899646E-4
2.9329563466220083E-4
2.902043267028935E-4
2.871762061780554E-4
2.842093710016115E-4
2.813019943332424E-4
2.784523209043797E-4
2.7565866355698857E-4
2.729193999808817E-4
2.7023296963646733E-4
2.675978708507161E-4
2.650126580751519E-4
2.6247593929536753E-4
2.5998637358246106E-4
2.575426687773757E-4
2.551435792998298E-4
2.527879040740873E-4
2.504744845643863E-4
2.482022029133348E-4
2.4596998017699856E-4
2.4377677465095763E-4
2.4162158028183446E-4
2.3950342515929377E-4
2.374213700838213E-4
2.3537450720582378E-4
2.333619587320257E-4
2.3138287569521448E-4
2.2943643678388512E-4
2.2752184722825278E-4
2.2563833773964995E-4
2.2378516350024898E-4
2.2196160320037464E-4
2.2016695812085218E-4
2.184005512578909E-4
2.1666172648829353E-4
2.1494984777278172E-4
2.1326429839545994E-4
2.1160448023752694E-4
2.0996981308341744E-4
2.083597339577435E-4
2.0677369649140846E-4
2.052111703154457E-4
2.0367164048117455E-4
2.021546069053274E-4
2.0065958383892152E-4
1.9918609935871165E-4
1.9773369488009017E-4
1.963019246903946E-4
1.9489035550165725E-4
1.9349856602179937E-4
1.921261465434835E-4
1.9077269854967963E-4
1.8943783433523188E-4
1.8812117664365844E-4
1.8682235831844524E-4
1.8554102196820574E-4
1.842768196450257E-4
1.830294125354537E-4
1.8179847066348548E-4
1.805836726050582E-4
1.793847052135213E-4
1.7820126335560022E-4
1.7703304965736367E-4
1.7587977425981407E-4
1.747411545835914E-4
1.7361691510248847E-4
1.7250678712534128E-4
1.7141050858593388E-4
1.7032782384061496E-4
1.6925848347325604E-4
1.682022441072688E-4
1.6715886822437587E-4
1.66128123989867E-4
1.6510978508404485E-4
1.6410363053963642E-4
1.6310944458489566E-4
1.6212701649221596E-4
1.611561404319498E-4
1.601966153313105E-4
1.592482447381048E-4
1.583108366890973E-4
1.5738420358287245E-4
1.5646816205695365E-4
1.5556253286907264E-4
1.5466714078238156E-4
1.5378181445447725E-4
1.5290638633010925E-4
1.5204069253736268E-4
1.511845727872895E-4
1.503378702767507E-4
1.4950043159442532E-4
1.4867210662982026E-4
1.478527484852058E-4
1.4704221339033349E-4
1.4624036061986888E-4
1.454470524134057E-4
1.4466215389799184E-4
1.438855330130703E-4
1.431170604377301E-4
1.423566095202318E-4
1.4160405620964326E-4
1.4085927898962092E-4
1.401221588141499E-4
1.3939257904525376E-4
1.3867042539257433E-4
1.3795558585474088E-4
1.372479506625107E-4
1.3654741222356785E-4
1.3585386506896968E-4
1.3516720580115357E-4
1.3448733304344927E-4
1.3381414739109304E-4
1.3314755136361795E-4
1.324874493586385E-4
1.318337476069576E-4
1.311863541289333E-4
1.305451786921165E-4
1.2991013277004334E-4
1.292811295022282E-4
1.2865808365524546E-4
1.2804091158491118E-4
1.274295311994949E-4
1.2682386192397206E-4
1.2622382466524447E-4
1.256293417783006E-4
1.2504033703331717E-4
1.244567355836456E-4
1.2387846393465497E-4
1.2330544991341987E-4
1.2273762263921388E-4
1.2217491249479174E-4
1.2161725109843736E-4
1.2106457127672728E-4
1.2051680703804557E-4
1.1997389354676048E-4
1.1943576709808743E-4
1.1890236509360608E-4
1.1837362601740514E-4
1.1784948941283237E-4
1.1732989585985849E-4
1.1681478695300823E-4
1.1630410527985074E-4
1.1579779440002847E-4
1.1529579882483549E-4
1.1479806399727985E-4
1.143045362726661E-4
1.1381516289964941E-4
1.133298920017663E-4
1.1284867255940414E-4
1.1237145439224032E-4
1.1189818814209493E-4
1.1142882525619315E-4
1.1096331797085443E-4
1.1050161929556228E-4
1.10043682997423E-4
1.0958946358599042E-4
1.0913891629846292E-4
1.0869199708522963E-4
1.082486625957494E-4
1.078088701647815E-4
1.0737257779891954E-4
1.0693974416346349E-4
1.0651032856957456E-4
1.0608429096174662E-4
1.0566159190556385E-4
1.0524219257572435E-4
1.0482605474437372E-4
1.0441314076966843E-4
1.0400341358462273E-4
1.0359683668620794E-4
1.0319337412467766E-4
1.0279299049317548E-4
1.0239565091751974E-4
1.0200132104627691E-4
1.016099670410025E-4
1.0122155556674553E-4
1.0083605378272081E-4
1.0045342933322233E-4
1.0007365033871706E-4
9.969668538713721E-5
The correct rate for BP: 100.00% 
