1.3618126952166454
1.3608656862024588
0.9885855523583903
0.5526545359385601
0.24144181811245116
0.09687335283099219
0.05094460069521491
0.03346067971290574
0.024566511961601825
0.01924557114404663
0.015731262914012927
0.013249870727119747
0.011411289839191676
0.009998415632753607
0.008881226553189835
0.007977305303594813
0.007231988075457503
0.006607650698297903
0.0060775854320031675
0.005622331834998091
0.0052273888697833715
0.004881738973614197
0.004576867562404065
0.0043060947506315846
0.004064109467069568
0.00384663809135896
0.0036502045072057897
0.0034719535284359762
0.0033095190520435955
0.0031609242954971856
0.0030245053921316707
0.0028988522232619865
0.0027827621286963837
0.0026752033499645375
0.002575285907069477
0.0024822382085993365
0.0023953881243383734
0.0023141475608194424
0.002237999808482137
0.002166489098131155
0.0020992119307857095
0.0020358098403754203
0.001975963321301263
0.0019193867085316608
0.0018658238409075792
0.0018150443717957915
0.001766840617447482
0.0017210248540902241
0.0016774269911774104
0.0016358925612987593
0.0015962809777467775
0.001558464019193088
0.0015223245077824385
0.00148775515253221
0.0014546575344887356
0.0014229412138400724
0.001392522942275867
0.0013633259664452605
0.001335279410491176
0.0013083177274146958
0.0012823802105092939
0.001257410557353024
0.0012333564798990926
0.001210169355094651
0.0011878039112119914
0.001166217945717803
0.0011453720710534324
0.0011252294851667776
0.001105755764037892
0.0010869186737851087
0.0010686880002357092
0.001051035394102042
0.0010339342301260441
0.001017359478748234
0.001001287589024729
9.856963816622715E-4
9.705649511686227E-4
9.558735762275556E-4
9.416036375054208E-4
9.277375421824658E-4
9.142586545773728E-4
9.01151232300608E-4
8.884003674306553E-4
8.759919322595665E-4
8.639125292001475E-4
8.521494444882947E-4
8.40690605350106E-4
8.295245403359038E-4
8.186403425521544E-4
8.080276355479658E-4
7.976765416358765E-4
7.875776524472322E-4
7.777220015410137E-4
7.681010389013178E-4
7.587066071738949E-4
7.495309195051824E-4
7.40566538859649E-4
7.318063587019515E-4
7.232435849402156E-4
7.148717190358781E-4
7.066845421931364E-4
6.986761005487308E-4
6.908406912891551E-4
6.831728496283912E-4
6.756673365848735E-4
6.683191275010051E-4
6.6112340125348E-4
6.540755301064297E-4
6.471710701632291E-4
6.404057523764258E-4
6.337754740780609E-4
6.272762909957286E-4
6.209044097223226E-4
6.146561806096449E-4
6.085280910585055E-4
6.025167591797009E-4
5.966189278023366E-4
5.908314588074928E-4
5.851513277668785E-4
5.795756188675305E-4
5.74101520105042E-4
5.68726318728788E-4
5.634473969240593E-4
5.582622277167885E-4
5.531683710876887E-4
5.481634702834356E-4
5.432452483133491E-4
5.384115046208494E-4
5.336601119195668E-4
5.289890131847953E-4
5.243962187913979E-4
5.198798037899697E-4
5.154379053136204E-4
5.110687201079794E-4
5.067705021778513E-4
5.025415605440601E-4
4.983802571045048E-4
4.942850045939112E-4
4.902542646370007E-4
4.862865458900674E-4
4.8238040226643964E-4
4.785344312413582E-4
4.7474727223223597E-4
4.7101760505035634E-4
4.673441484204583E-4
4.6372565856467833E-4
4.601609278477096E-4
4.566487834800116E-4
4.531880862763117E-4
4.497777294666182E-4
4.4641663755712525E-4
4.431037652387394E-4
4.398380963407424E-4
4.366186428275958E-4
4.3344444383672687E-4
4.3031456475539295E-4
4.272280963348377E-4
4.2418415383989056E-4
4.211818762324698E-4
4.18220425387407E-4
4.152989853390423E-4
4.124167615573093E-4
4.0957298025188436E-4
4.067668877031629E-4
4.0399774961891616E-4
4.012648505154043E-4
3.985674931219644E-4
3.9590499780794487E-4
3.9327670203111913E-4
3.906819598065482E-4
3.8812014119511077E-4
3.8559063181077004E-4
3.830928323458331E-4
3.8062615811346667E-4
3.7819003860667405E-4
3.757839170730918E-4
3.7340725010496226E-4
3.710595072436208E-4
3.687401705979235E-4
3.664487344760298E-4
3.641847050300475E-4
3.6194759991293465E-4
3.597369479472711E-4
3.575522888053324E-4
3.55393172700076E-4
3.5325916008660015E-4
3.5114982137364367E-4
3.490647366447572E-4
3.470034953887816E-4
3.449656962391996E-4
3.429509467221567E-4
3.409588630126766E-4
3.389890696988622E-4
3.370411995537231E-4
3.351148933143779E-4
3.332097994683284E-4
3.313255740465808E-4
3.2946188042329316E-4
3.276183891218106E-4
3.2579477762674383E-4
3.239907302019587E-4
3.2220593771419595E-4
3.2044009746220884E-4
3.1869291301108446E-4
3.1696409403169387E-4
3.1525335614503776E-4
3.135604207712892E-4
3.118850149834044E-4
3.102268713651358E-4
3.085857278732957E-4
3.0696132770408437E-4
3.0535341916342594E-4
3.0376175554106834E-4
3.0218609498843706E-4
3.0062620039998276E-4
2.990818392980308E-4
2.975527837209438E-4
2.960388101144762E-4
2.9453969922628226E-4
2.930552360033928E-4
2.9158520949261674E-4
2.901294127437594E-4
2.8868764271554586E-4
2.872597001842018E-4
2.858453896545471E-4
2.8444451927356714E-4
2.830569007463864E-4
2.816823492545365E-4
2.803206833764494E-4
2.7897172501013416E-4
2.7763529929792914E-4
2.76311234553315E-4
2.749993621896632E-4
2.736995166509107E-4
2.724115353440663E-4
2.7113525857352255E-4
2.6987052947708714E-4
2.6861719396370574E-4
2.673751006528141E-4
2.661441008152714E-4
2.6492404831580506E-4
2.6371479955699225E-4
2.6251621342463123E-4
2.6132815123454644E-4
2.601504766807257E-4
2.5898305578480176E-4
2.5782575684679985E-4
2.5667845039711396E-4
2.555410091497182E-4
2.5441330795651244E-4
2.5329522376283796E-4
2.5218663556407815E-4
2.5108742436332106E-4
2.499974731300984E-4
2.489166667600845E-4
2.478448920358369E-4
2.467820375884459E-4
2.457279938601111E-4
2.446826530676794E-4
2.436459091669695E-4
2.4261765781802847E-4
2.415977963511674E-4
2.4058622373382323E-4
2.3958284053820635E-4
2.3858754890969467E-4
2.376002525359876E-4
2.366208566169681E-4
2.3564926783526617E-4
2.3468539432751128E-4
2.3372914565625663E-4
2.3278043278252613E-4
2.318391680390135E-4
2.3090526510388516E-4
2.2997863897516996E-4
2.290592059457466E-4
2.2814688357889262E-4
2.272415906843724E-4
2.2634324729506601E-4
2.254517746441282E-4
2.24567095142656E-4
2.2368913235783282E-4
2.2281781099157705E-4
2.2195305685965158E-4
2.210947968712379E-4
2.202429590089399E-4
2.1939747230924749E-4
2.1855826684339782E-4
2.1772527369868586E-4
2.1689842496013746E-4
2.1607765369259694E-4
2.1526289392321488E-4
2.1445408062426168E-4
2.1365114969636493E-4
2.1285403795204716E-4
2.1206268309965847E-4
2.1127702372760785E-4
2.104969992889485E-4
2.0972255008628717E-4
2.0895361725698476E-4
2.0819014275868505E-4
2.0743206935514615E-4
2.0667934060233017E-4
2.059319008348254E-4
2.05189695152519E-4
2.0445266940753295E-4
2.03720770191454E-4
2.0299394482279793E-4
2.0227214133474095E-4
2.0155530846309208E-4
2.0084339563450308E-4
2.0013635295492972E-4
1.994341311983057E-4
1.9873668179544728E-4
1.9804395682318095E-4
1.9735590899368712E-4
1.9667249164404303E-4
1.9599365872598624E-4
1.9531936479585884E-4
1.9464956500477083E-4
1.9398421508893575E-4
1.9332327136019342E-4
1.9266669069673193E-4
1.9201443053398697E-4
1.913664488556808E-4
1.9072270418508106E-4
1.9008315557640163E-4
1.8944776260635548E-4
1.8881648536590246E-4
1.881892844521056E-4
1.8756612096020045E-4
1.8694695647574426E-4
1.8633175306697589E-4
1.8572047327727604E-4
1.8511308011778474E-4
1.845095370601469E-4
1.839098080294114E-4
1.8331385739703445E-4
1.8272164997403472E-4
1.821331510042496E-4
1.8154832615773915E-4
1.8096714152430695E-4
1.8038956360710194E-4
1.7981555931640612E-4
1.7924509596345446E-4
1.78678141254434E-4
1.7811466328454575E-4
1.7755463053219304E-4
1.769980118532718E-4
1.764447764755543E-4
1.7589489399318103E-4
1.7534833436124784E-4
1.7480506789049232E-4
1.7426506524205202E-4
1.7372829742234825E-4
1.7319473577803726E-4
1.7266435199105113E-4
1.7213711807373432E-4
1.7161300636404805E-4
1.7109198952088383E-4
1.7057404051942223E-4
1.700591326466115E-4
1.6954723949668681E-4
1.6903833496679014E-4
1.685323932526531E-4
1.6802938884436357E-4
1.6752929652218864E-4
1.6703209135248814E-4
1.6653774868366977E-4
1.6604624414224309E-4
1.6555755362891866E-4
1.6507165331478308E-4
1.6458851963752294E-4
1.641081292977304E-4
1.6363045925526148E-4
1.6315548672565187E-4
1.6268318917659323E-4
1.6221354432447154E-4
1.6174653013095565E-4
1.6128212479964903E-4
1.608203067727912E-4
1.6036105472801485E-4
1.5990434757515265E-4
1.594501644530928E-4
1.5899848472670364E-4
1.5854928798378533E-4
1.5810255403207643E-4
1.5765826289631846E-4
1.5721639481535736E-4
1.5677693023929327E-4
1.5633984982668035E-4
1.559051344417619E-4
1.5547276515175354E-4
1.5504272322417863E-4
1.5461499012422596E-4
1.541895475121666E-4
1.5376637724080351E-4
1.5334546135295745E-4
1.5292678207900185E-4
1.5251032183442902E-4
1.5209606321745143E-4
1.5168398900664397E-4
1.5127408215863654E-4
1.5086632580580482E-4
1.5046070325403936E-4
1.5005719798051655E-4
1.49655793631524E-4
1.4925647402030463E-4
1.4885922312495167E-4
1.4846402508630766E-4
1.4807086420592068E-4
1.4767972494402376E-4
1.4729059191753358E-4
1.4690344989809752E-4
1.4651828381016384E-4
1.4613507872906055E-4
1.457538198791367E-4
1.453744926319097E-4
1.4499708250423796E-4
1.4462157515654047E-4
1.4424795639101685E-4
1.4387621214991545E-4
1.4350632851380685E-4
1.4313829169990697E-4
1.4277208806039938E-4
1.4240770408080613E-4
1.4204512637835221E-4
1.4168434170038857E-4
1.4132533692280962E-4
1.40968099048507E-4
1.4061261520585005E-4
1.4025887264717082E-4
1.399068587472878E-4
1.3955656100204166E-4
1.3920796702685478E-4
1.3886106455530907E-4
1.385158414377495E-4
1.3817228563990208E-4
1.378303852415072E-4
1.3749012843498933E-4
1.3715150352411996E-4
1.368144989227248E-4
1.364791031533946E-4
1.3614530484620956E-4
1.35813092737497E-4
1.3548245566859967E-4
1.3515338258465005E-4
1.3482586253337636E-4
1.3449988466392388E-4
1.341754382256809E-4
1.3385251256713178E-4
1.3353109713472113E-4
1.3321118147173897E-4
1.3289275521721061E-4
1.3257580810481373E-4
1.322603299617917E-4
1.319463107079119E-4
1.3163374035440802E-4
1.3132260900295537E-4
1.310129068446511E-4
1.3070462415899937E-4
1.303977513129471E-4
1.300922787598819E-4
1.2978819703868583E-4
1.2948549677276868E-4
1.2918416866914147E-4
1.2888420351748786E-4
1.2858559218924717E-4
1.2828832563671407E-4
1.2799239489215026E-4
1.2769779106690677E-4
1.2740450535055298E-4
1.2711252901002602E-4
1.268218533887892E-4
1.265324699059856E-4
1.2624437005563026E-4
1.25957545405793E-4
1.256719875978009E-4
1.2538768834543436E-4
1.25104639434168E-4
1.24822832720383E-4
1.2454226013060876E-4
1.2426291366078197E-4
1.239847853754948E-4
1.2370786740726445E-4
1.2343215195582168E-4
1.231576312873806E-4
1.2288429773394362E-4
1.2261214369261352E-4
1.2234116162488474E-4
1.220713440559916E-4
1.2180268357421652E-4
1.2153517283024765E-4
1.2126880453651074E-4
1.2100357146653652E-4
1.2073946645431144E-4
1.2047648239366678E-4
1.2021461223763655E-4
1.1995384899785972E-4
1.196941857439749E-4
1.1943561560300905E-4
1.1917813175879986E-4
1.1892172745140582E-4
1.1866639597653531E-4
1.1841213068496952E-4
1.1815892498200591E-4
1.1790677232690106E-4
1.1765566623231977E-4
1.1740560026380319E-4
1.1715656803921555E-4
1.1690856322823122E-4
1.1666157955180798E-4
1.1641561078166182E-4
1.1617065073977135E-4
1.1592669329785883E-4
1.1568373237690874E-4
1.1544176194666168E-4
1.1520077602513016E-4
1.1496076867812992E-4
1.1472173401879108E-4
1.1448366620709776E-4
1.1424655944942169E-4
1.1401040799806316E-4
1.1377520615080225E-4
1.135409482504466E-4
1.1330762868439381E-4
1.1307524188419374E-4
1.1284378232511623E-4
1.126132445257193E-4
1.1238362304744258E-4
1.1215491249416742E-4
1.1192710751183056E-4
1.1170020278799471E-4
1.1147419305146324E-4
1.1124907307187237E-4
1.1102483765929764E-4
1.1080148166387092E-4
1.1057899997539556E-4
1.1035738752295904E-4
1.1013663927456882E-4
1.0991675023677323E-4
1.0969771545429621E-4
1.0947953000967165E-4
1.092621890228934E-4
1.0904568765105192E-4
1.0883002108799057E-4
1.0861518456395039E-4
1.0840117334523784E-4
1.0818798273387522E-4
1.0797560806727601E-4
1.0776404471790327E-4
1.0755328809294981E-4
1.073433336340144E-4
1.0713417681677427E-4
1.0692581315067357E-4
1.0671823817861284E-4
1.0651144747663003E-4
1.0630543665360578E-4
1.0610020135094905E-4
1.0589573724230863E-4
1.0569204003326356E-4
1.0548910546104314E-4
1.0528692929423161E-4
1.0508550733247882E-4
1.0488483540622039E-4
1.0468490937639481E-4
1.0448572513417132E-4
1.042872786006628E-4
1.040895657266704E-4
1.0389258249240818E-4
1.0369632490723342E-4
1.035007890093842E-4
1.0330597086573092E-4
1.0311186657150589E-4
1.029184722500551E-4
1.027257840525821E-4
1.0253379815790933E-4
1.0234251077222102E-4
1.0215191812882276E-4
1.0196201648790476E-4
1.017728021362958E-4
1.0158427138723222E-4
1.0139642058012837E-4
1.0120924608033248E-4
1.0102274427891711E-4
1.0083691159242886E-4
1.006517444626883E-4
1.0046723935655804E-4
1.0028339276571535E-4
1.0010020120645321E-4
9.991766121945205E-5
The correct rate for BP: 100.00% 
