0.9200217924637504
0.987812623787748
0.5745540309351452
0.24655998732984286
0.10941331135589535
0.05157593814429334
0.032410159805711845
0.023383586953918685
0.018162393236848262
0.014775739346238798
0.012410169977192015
0.010669478891590294
0.00933801670938359
0.008288586190668953
0.007441434272398698
0.006744088478856852
0.006160652579000411
0.005665765308991892
0.005241015673564314
0.004872725054015475
0.0045505254078182416
0.004266419575160795
0.004014143524486056
0.003788723322266366
0.0035861609630161257
0.003403207446687439
0.003237196148411492
0.0030859186260134494
0.002947530798490402
0.002820481190364497
0.002703455430348895
0.0025953328755657
0.0024951523870253823
0.002402085086130319
0.0023154124898067743
0.0022345088280880214
0.0021588266420583986
0.002087884975356047
0.0020212596316759473
0.001958575089651714
0.0018994977561375003
0.0018437303070539114
0.0017910069171786984
0.0017410892205796205
0.0016937628747396047
0.0016488346259701772
0.0016061297930509732
0.0015654901013657453
0.0015267718120312562
0.001489844100316881
0.0014545876455527387
0.0014208934011223223
0.001388661518343097
0.0013578004022958181
0.0013282258811586642
0.0012998604734852193
0.0012726327402508089
0.0012464767104751818
0.0012213313708831293
0.001197140211449271
0.0011738508198358938
0.0011514145187126546
0.0011297860407749527
0.0011089232369804719
0.0010887868141200526
0.0010693400983487044
0.0010505488217378383
0.0010323809292831776
0.0010148064041237644
9.977971090040956E-4
9.813266422499085E-4
9.653702067355083E-4
9.499044904993563E-4
9.349075578210351E-4
9.203587497085857E-4
9.062385928637333E-4
8.925287162967332E-4
8.792117748532464E-4
8.662713789958938E-4
8.536920302533474E-4
8.414590618118823E-4
8.295585837790579E-4
8.179774326975862E-4
8.067031249304236E-4
7.957238135760516E-4
7.850282486068785E-4
7.746057399536884E-4
7.644461232858844E-4
7.545397282613523E-4
7.448773490409502E-4
7.354502168820241E-4
7.262499746423168E-4
7.172686530411898E-4
7.084986485387426E-4
6.999327027061684E-4
6.91563882971531E-4
6.833855646354585E-4
6.753914140605513E-4
6.675753729460938E-4
6.599316436076055E-4
6.524546751872845E-4
6.451391507274526E-4
6.379799750450154E-4
6.309722633496029E-4
6.241113305529564E-4
6.173926812211915E-4
6.108120001254122E-4
6.043651433495713E-4
5.980481299178369E-4
5.918571339063426E-4
5.857884770071908E-4
5.79838621514673E-4
5.740041637061822E-4
5.682818275922036E-4
5.626684590115979E-4
5.571610200502486E-4
5.51756583762649E-4
5.464523291774468E-4
5.412455365693087E-4
5.361335829808334E-4
5.311139379791039E-4
5.26184159632864E-4
5.213418906969346E-4
5.165848549916908E-4
5.119108539659963E-4
5.073177634328901E-4
5.028035304680638E-4
4.983661704617043E-4
4.940037643149342E-4
4.897144557727537E-4
4.854964488856998E-4
4.8134800559315066E-4
4.772674434214902E-4
4.7325313329083034E-4
4.693034974244193E-4
4.6541700735514805E-4
4.615921820239725E-4
4.578275859653184E-4
4.54121827574947E-4
4.5047355745587373E-4
4.468814668383246E-4
4.433442860698962E-4
4.3986078317231935E-4
4.364297624613975E-4
4.330500632269981E-4
4.2972055846999776E-4
4.264401536933739E-4
4.232077857448249E-4
4.2002242170823673E-4
4.1688305784176415E-4
4.137887185601773E-4
4.1073845545934625E-4
4.077313463808884E-4
4.0476649451501263E-4
4.0184302753980917E-4
3.9896009679524745E-4
3.9611687649025056E-4
3.9331256294134143E-4
3.9054637384142296E-4
3.8781754755724357E-4
3.851253424543272E-4
3.824690362480808E-4
3.798479253799079E-4
3.772613244172397E-4
3.747085654764013E-4
3.7218899766730225E-4
3.697019865590124E-4
3.672469136653309E-4
3.64823175949438E-4
3.6243018534683755E-4
3.6006736830583076E-4
3.577341653447247E-4
3.554300306251153E-4
3.5315443154054603E-4
3.509068483199223E-4
3.4868677364503737E-4
3.4649371228165853E-4
3.4432718072360254E-4
3.42186706849268E-4
3.4007182959015694E-4
3.3798209861082135E-4
3.359170739998724E-4
3.3387632597155784E-4
3.318594345774812E-4
3.2986598942808817E-4
3.2789558942355123E-4
3.259478424936269E-4
3.240223653462176E-4
3.22118783224215E-4
3.202367296704133E-4
3.1837584630005735E-4
3.165357825808522E-4
3.1471619562009194E-4
3.129167499586389E-4
3.1113711737154544E-4
3.0937697667498675E-4
3.076360135393615E-4
3.0591392030829544E-4
3.042103958233133E-4
3.025251452539913E-4
3.008578799333981E-4
2.9920831719864785E-4
2.9757618023631293E-4
2.959611979326213E-4
2.9436310472819E-4
2.9278164047717747E-4
2.912165503106689E-4
2.896675845041859E-4
2.881344983491548E-4
2.866170520281717E-4
2.851150104939739E-4
2.836281433519953E-4
2.8215622474631996E-4
2.8069903324900975E-4
2.792563517526043E-4
2.7782796736575767E-4
2.764136713118526E-4
2.7501325883053963E-4
2.736265290820518E-4
2.7225328505426147E-4
2.708933334723483E-4
2.6954648471100344E-4
2.6821255270908226E-4
2.6689135488665365E-4
2.6558271206433067E-4
2.642864483848271E-4
2.630023912366888E-4
2.6173037118006667E-4
2.604702218745748E-4
2.5922178000902673E-4
2.5798488523314796E-4
2.567593800910394E-4
2.5554510995649837E-4
2.5434192297000186E-4
2.531496699773982E-4
2.5196820447020047E-4
2.507973825274385E-4
2.496370627590685E-4
2.4848710625080886E-4
2.473473765104576E-4
2.462177394155558E-4
2.4509806316241466E-4
2.439882182164508E-4
2.4288807726378694E-4
2.4179751516407782E-4
2.407164089045382E-4
2.3964463755510573E-4
2.3858208222477038E-4
2.3752862601895042E-4
2.3648415399797387E-4
2.3544855313653725E-4
2.344217122842143E-4
2.3340352212690294E-4
2.32393875149242E-4
2.31392665597912E-4
2.3039978944586372E-4
2.2941514435738302E-4
2.2843862965401892E-4
2.2747014628130642E-4
2.2650959677632018E-4
2.25556885235963E-4
2.2461191728602282E-4
2.2367460005097263E-4
2.227448421244724E-4
2.2182255354054336E-4
2.2090764574545052E-4
2.200000315702207E-4
2.1909962520378644E-4
2.1820634216678067E-4
2.1732009928590986E-4
2.164408146689198E-4
2.1556840768013612E-4
2.147027989165671E-4
2.1384391018453564E-4
2.1299166447684382E-4
2.1214598595046267E-4
2.11306799904698E-4
2.1047403275986783E-4
2.096476120364473E-4
2.0882746633465928E-4
2.08013525314547E-4
2.0720571967646124E-4
2.064039811419773E-4
2.056082424352408E-4
2.0481843726471565E-4
2.0403450030531944E-4
2.0325636718096052E-4
2.0248397444742964E-4
2.0171725957568936E-4
2.0095616093548672E-4
2.0020061777934267E-4
1.9945057022686374E-4
1.9870595924940615E-4
1.979667266550336E-4
1.9723281507382718E-4
1.965041679434629E-4
1.9578072949513398E-4
1.9506244473973438E-4
1.9434925945432957E-4
1.936411201689363E-4
1.9293797415354013E-4
1.9223976940539356E-4
1.9154645463658593E-4
1.9085797926184238E-4
1.901742933865948E-4
1.894953477952765E-4
1.88821093939867E-4
1.881514839286516E-4
1.8748647051522037E-4
1.868260070876891E-4
1.8617004765811754E-4
1.855185468521556E-4
1.848714598988805E-4
1.842287426208517E-4
1.8359035142434313E-4
1.8295624328977766E-4
1.8232637576234953E-4
1.817007069428232E-4
1.8107919547850578E-4
1.8046180055442077E-4
1.7984848188461465E-4
1.7923919970366423E-4
1.7863391475832078E-4
1.780325882993345E-4
1.7743518207341704E-4
1.7684165831537125E-4
1.7625197974037118E-4
1.7566610953636115E-4
1.7508401135663438E-4
1.7450564931252875E-4
1.7393098796626076E-4
1.7335999232390818E-4
1.727926278284947E-4
1.7222886035323548E-4
1.7166865619488357E-4
1.711119820672116E-4
1.7055880509460032E-4
1.7000909280576537E-4
1.6946281312758103E-4
1.6891993437901666E-4
1.6838042526519742E-4
1.6784425487155656E-4
1.6731139265810228E-4
1.6678180845378521E-4
1.6625547245097109E-4
1.657323551999925E-4
1.6521242760384153E-4
1.646956609128995E-4
1.6418202671981437E-4
1.6367149695441683E-4
1.6316404387878996E-4
1.6265964008234512E-4
1.6215825847706376E-4
1.6165987229276371E-4
1.6116445507248424E-4
1.6067198066792982E-4
1.6018242323500193E-4
1.5969575722940272E-4
1.5921195740233466E-4
1.5873099879623094E-4
1.5825285674060942E-4
1.5777750684796085E-4
1.5730492500973E-4
1.568350873923397E-4
1.5636797043331398E-4
1.5590355083744222E-4
1.554418055730116E-4
1.5498271186812043E-4
1.5452624720702944E-4
1.5407238932658307E-4
1.536211162127007E-4
1.5317240609691483E-4
1.5272623745296327E-4
1.5228258899345425E-4
1.5184143966655923E-4
1.514027686528007E-4
1.509665553618459E-4
1.5053277942938512E-4
1.5010142071405458E-4
1.496724592944018E-4
1.4924587546590783E-4
1.4882164973804995E-4
1.4839976283141957E-4
1.4798019567488296E-4
1.4756292940278738E-4
1.4714794535221419E-4
1.467352250602664E-4
1.4632475026141883E-4
1.4591650288489394E-4
1.4551046505207246E-4
1.4510661907397266E-4
1.4470494744875032E-4
1.4430543285922785E-4
1.439080581704882E-4
1.4351280642748947E-4
1.4311966085271842E-4
1.4272860484388074E-4
1.4233962197163238E-4
1.4195269597734527E-4
1.4156781077089733E-4
1.4118495042850845E-4
1.4080409919060477E-4
1.4042524145970993E-4
1.4004836179838982E-4
1.3967344492719566E-4
1.3930047572266558E-4
1.3892943921535206E-4
1.3856032058786038E-4
1.3819310517294007E-4
1.3782777845159917E-4
1.374643260512272E-4
1.3710273374378944E-4
1.3674298744398717E-4
1.3638507320750447E-4
1.3602897722925054E-4
1.3567468584162944E-4
1.3532218551283651E-4
1.349714628451916E-4
1.3462250457348395E-4
1.3427529756334207E-4
1.3392982880963924E-4
1.335860854349051E-4
1.3324405468777102E-4
1.3290372394144555E-4
1.325650806921914E-4
1.3222811255784227E-4
1.3189280727633098E-4
1.315591527042494E-4
1.3122713681541223E-4
1.3089674769946284E-4
1.3056797356047703E-4
1.30240802715605E-4
1.2991522359372343E-4
1.2959122473410508E-4
1.2926879478511252E-4
1.2894792250290975E-4
1.2862859675019178E-4
1.2831080649492555E-4
1.2799454080912086E-4
1.2767978886760225E-4
1.2736653994681806E-4
1.2705478342364798E-4
1.2674450877424163E-4
1.2643570557284886E-4
1.261283634907151E-4
1.258224722949328E-4
1.255180218473417E-4
1.252150021034502E-4
1.2491340311135087E-4
1.2461321501066347E-4
1.243144280314886E-4
1.2401703249337556E-4
1.237210188043072E-4
1.2342637745969297E-4
1.231330990413849E-4
1.228411742166943E-4
1.2255059373743126E-4
1.2226134843895854E-4
1.2197342923924043E-4
1.2168682713793462E-4
1.2140153321547183E-4
1.2111753863215116E-4
1.2083483462725887E-4
1.2055341251818343E-4
1.2027326369956345E-4
1.1999437964241777E-4
1.1971675189331641E-4
1.194403720735406E-4
1.1916523187826618E-4
1.1889132307575523E-4
1.1861863750655454E-4
1.1834716708270681E-4
1.1807690378697436E-4
1.1780783967206638E-4
1.1753996685988889E-4
1.172732775407892E-4
1.1700776397281842E-4
1.1674341848100384E-4
1.1648023345662782E-4
1.1621820135651941E-4
1.1595731470234796E-4
1.1569756607993392E-4
1.1543894813856969E-4
1.1518145359033346E-4
1.149250752094315E-4
1.1466980583154026E-4
1.1441563835314764E-4
1.1416256573092356E-4
1.1391058098107737E-4
1.1365967717873865E-4
1.134098474573346E-4
1.1316108500798378E-4
1.1291338307889175E-4
1.1266673497475783E-4
1.1242113405618452E-4
1.1217657373910373E-4
1.1193304749419774E-4
1.1169054884633386E-4
1.1144907137401147E-4
1.1120860870880632E-4
1.1096915453481928E-4
1.1073070258815094E-4
1.10493246656359E-4
1.1025678057793461E-4
1.1002129824179166E-4
1.0978679358674165E-4
1.0955326060099486E-4
1.0932069332166338E-4
1.0908908583425543E-4
1.0885843227219901E-4
1.0862872681635049E-4
1.0839996369452285E-4
1.0817213718102063E-4
1.0794524159615606E-4
1.0771927130581025E-4
1.0749422072096585E-4
1.0727008429726522E-4
1.0704685653456337E-4
1.0682453197648673E-4
1.066031052100133E-4
1.0638257086502814E-4
1.0616292361391067E-4
1.0594415817111031E-4
1.0572626929274416E-4
1.0550925177617762E-4
1.0529310045962469E-4
1.050778102217561E-4
1.048633759812934E-4
1.0464979269663024E-4
1.0443705536543716E-4
1.0422515902429043E-4
1.0401409874829675E-4
1.0380386965070958E-4
1.035944668825734E-4
1.0338588563235875E-4
1.0317812112559894E-4
1.0297116862453605E-4
1.027650234277732E-4
1.0255968086992624E-4
1.0235513632128136E-4
1.0215138518745412E-4
1.0194842290905498E-4
1.0174624496136232E-4
1.0154484685398576E-4
1.0134422413055511E-4
1.0114437236838407E-4
1.009452871781699E-4
1.0074696420366908E-4
1.0054939912139497E-4
1.0035258764029976E-4
1.0015652550149045E-4
9.996120847791402E-5
The correct rate for BP: 100.00% 
