0.5975734788339
1.4684369700660977
0.42885992942504325
0.046659654458117525
0.017623184581880072
0.011438988129796938
0.0086118143898995
0.006916942406789513
0.00577840520855478
0.004958769768128783
0.004339948620713474
0.003856073227872421
0.003467353318830698
0.0031482818369323426
0.002881734182507099
0.002655778239644846
0.002461841646815118
0.002293605651421215
0.002146309661884034
0.0020162986736755235
0.0019007199217184229
0.0017973142804996198
0.0017042695631104216
0.0016201152847163253
0.0015436458249266636
0.0014738634292946102
0.001409935318762629
0.0013511609939252569
0.001296947014599818
0.0012467873340635098
0.0012002478114237426
0.0011569539021606809
0.0011165807913608894
0.0010788454224476861
0.0010435000099469972
0.001010326723819048
9.791333058661977E-4
9.497494330754412E-4
9.220236836110169E-4
8.958209921593031E-4
8.710205050247619E-4
8.47513763640177E-4
8.252031593347308E-4
8.040006132907019E-4
7.838264443449899E-4
7.646083942016361E-4
7.462807851257884E-4
7.287837895993499E-4
7.120627949697882E-4
6.960678489985711E-4
6.807531745540798E-4
6.660767436049066E-4
6.519999022381447E-4
6.384870397202274E-4
6.255052956881919E-4
6.130243004483813E-4
6.010159441013921E-4
5.894541708326239E-4
5.783147952292639E-4
5.675753379237955E-4
5.572148782355972E-4
5.472139217969118E-4
5.375542814176322E-4
5.282189696713493E-4
5.19192101880907E-4
5.104588083489163E-4
5.02005154822876E-4
4.93818070308694E-4
4.858852814535517E-4
4.7819525281206647E-4
4.7073713239018393E-4
4.6350070193149843E-4
4.5647633147164596E-4
4.4965493774000524E-4
4.4302794603445463E-4
4.365872552360837E-4
4.303252056666121E-4
4.242345495231149E-4
4.183084236523835E-4
4.12540324452095E-4
4.069240847077715E-4
4.0145385219370543E-4
3.9612406988345946E-4
3.9092945763051577E-4
3.8586499519351996E-4
3.8092590649247424E-4
3.761076449931634E-4
3.7140588012673923E-4
3.6681648466005965E-4
3.623355229401342E-4
3.579592399430136E-4
3.5368405106370475E-4
3.4950653258937773E-4
3.4542341280319037E-4
3.414315636705882E-4
3.375279930641886E-4
3.337098374870227E-4
3.2997435525730146E-4
3.2631892012100296E-4
3.227410152612723E-4
3.1923822767627373E-4
3.158082428993108E-4
3.1244884003721514E-4
3.0915788710488804E-4
3.0593333663557796E-4
3.0277322154811286E-4
2.996756512537436E-4
2.966388079865764E-4
2.9366094334273444E-4
2.907403750146185E-4
2.878754837075081E-4
2.8506471022680415E-4
2.823065527249886E-4
2.795995640981918E-4
2.76942349522999E-4
2.7433356412475963E-4
2.717719107692991E-4
2.6925613797048307E-4
2.6678503790666236E-4
2.643574445393643E-4
2.6197223182825285E-4
2.596283120365802E-4
2.5732463412188024E-4
2.550601822069379E-4
2.5283397412638643E-4
2.5064506004466983E-4
2.4849252114125407E-4
2.463754683593419E-4
2.4429304121456434E-4
2.4224440666026484E-4
2.4022875800634345E-4
2.3824531388870083E-4
2.3629331728652653E-4
2.343720345849178E-4
2.3248075468035862E-4
2.3061878812683079E-4
2.2878546632039822E-4
2.2698014072028845E-4
2.2520218210454198E-4
2.2345097985849681E-4
2.2172594129442E-4
2.2002649100069053E-4
2.1835207021907307E-4
2.167021362486711E-4
2.1507616187525053E-4
2.1347363482464204E-4
2.1189405723911263E-4
2.1033694517554163E-4
2.0880182812434261E-4
2.0728824854821567E-4
2.057957614396651E-4
2.0432393389651447E-4
2.028723447144916E-4
2.014405839961481E-4
2.0002825277528558E-4
1.9863496265626657E-4
1.9726033546744223E-4
1.9590400292811166E-4
1.9456560632839377E-4
1.9324479622140117E-4
1.9194123212719865E-4
1.9065458224803996E-4
1.8938452319432574E-4
1.881307397208699E-4
1.8689292447302374E-4
1.8567077774217703E-4
1.8446400723031266E-4
1.832723278231613E-4
1.8209546137162858E-4
1.8093313648114175E-4
1.7978508830856393E-4
1.786510583663807E-4
1.7753079433385695E-4
1.764240498748648E-4
1.753305844621257E-4
1.7425016320756712E-4
1.7318255669862995E-4
1.7212754084016996E-4
1.7108489670184055E-4
1.700544103706641E-4
1.690358728086141E-4
1.68029079715033E-4
1.6703383139363978E-4
1.6604993262399277E-4
1.650771925372508E-4
1.6411542449599892E-4
1.6316444597804704E-4
1.6222407846403682E-4
1.6129414732867804E-4
1.603744817355315E-4
1.594649145351483E-4
1.5856528216650405E-4
1.5767542456153239E-4
1.5679518505272175E-4
1.5592441028358618E-4
1.5506295012197662E-4
1.5421065757607042E-4
1.5336738871298163E-4
1.5253300257987725E-4
1.5170736112751326E-4
1.508903291361274E-4
1.500817741435486E-4
1.492815663755245E-4
1.4848957867810974E-4
1.4770568645210147E-4
1.4692976758942268E-4
1.4616170241138536E-4
1.4540137360879044E-4
1.4464866618378792E-4
1.4390346739340587E-4
1.4316566669476607E-4
1.424351556918559E-4
1.4171182808385573E-4
1.4099557961491597E-4
1.4028630802540254E-4
1.395839130045187E-4
1.3888829614424562E-4
1.3819936089460943E-4
1.3751701252018384E-4
1.3684115805780677E-4
1.3617170627547531E-4
1.3550856763238327E-4
1.3485165424004296E-4
1.3420087982448305E-4
1.3355615968947319E-4
1.3291741068074736E-4
1.322845511511924E-4
1.3165750092698636E-4
1.3103618127461214E-4
1.304205148687864E-4
1.298104257612283E-4
1.2920583935023284E-4
1.286066823510803E-4
1.280128827671929E-4
1.2742436986206025E-4
1.2684107413188486E-4
1.2626292727894008E-4
1.2568986218561908E-4
1.2512181288913741E-4
1.245587145568898E-4
1.2400050346243673E-4
1.2344711696209054E-4
1.2289849347209823E-4
1.2235457244639964E-4
1.2181529435493874E-4
1.2128060066250352E-4
1.2075043380811962E-4
1.2022473718493131E-4
1.1970345512056798E-4
1.1918653285803644E-4
1.1867391653702136E-4
1.1816555317568315E-4
1.1766139065288258E-4
1.171613776908345E-4
1.1666546383817251E-4
1.1617359945343188E-4
1.1568573568891536E-4
1.1520182447494437E-4
1.1472181850449788E-4
1.1424567121817672E-4
1.1377333678956082E-4
1.1330477011089487E-4
1.1283992677908744E-4
1.123787630820687E-4
1.1192123598543382E-4
1.1146730311942083E-4
1.1101692276616316E-4
1.1057005384724195E-4
1.1012665591153922E-4
1.0968668912332708E-4
1.0925011425067188E-4
1.088168926540661E-4
1.0838698627532957E-4
1.0796035762675239E-4
1.0753696978048974E-4
1.0711678635818523E-4
1.0669977152081225E-4
1.0628588995876734E-4
1.0587510688214812E-4
1.0546738801127735E-4
1.0506269956739466E-4
1.0466100826359628E-4
1.0426228129592411E-4
1.0386648633468164E-4
1.0347359151592544E-4
1.0308356543312384E-4
1.0269637712902422E-4
1.0231199608766153E-4
1.0193039222656002E-4
1.015515358890815E-4
1.0117539783695441E-4
1.0080194924293202E-4
1.0043116168363951E-4
1.000630071325297E-4
9.969745795302608E-5
The correct rate for BP: 100.00% 
