1.5343288650968183
1.0544467500331234
0.6494516118227321
0.15815712233057433
0.041865710235321256
0.021137155299635665
0.0145523943094735
0.011120910448308902
0.008997107139562812
0.007548849762372805
0.0064969385489937045
0.00569800440964881
0.005070587212470299
0.004564882556043748
0.004148692015651235
0.003800261431349647
0.0035043580809567426
0.0032499949379096553
0.003029046862307135
0.002835375416571513
0.002664256572410698
0.002511995576969654
0.002375661210327216
0.0022528983511037846
0.0021417931767306604
0.002040774519289061
0.0019485405444797045
0.001864003479550082
0.001786247410637383
0.0017144956808861482
0.0016480854345396797
0.0015864475443331434
0.0015290906395340471
0.0014755882897494882
0.001425568640502564
0.0013787059705047346
0.0013347137675825177
0.0012933390139954293
0.0012543574418074526
0.00121756957160336
0.0011827973877999523
0.0011498815343920134
0.001118678938572731
0.0010890607880082244
0.0010609108018976537
0.0010341237472542826
0.0010086041608018818
9.842652440224954E-4
9.610279046175726E-4
9.388199222583293E-4
9.175752202393074E-4
8.972332276910209E-4
8.77738319495515E-4
8.59039323091414E-4
8.410890830406538E-4
8.238440756237787E-4
8.072640668916123E-4
7.913118085683033E-4
7.759527670118524E-4
7.611548811189588E-4
7.468883456355127E-4
7.331254168193888E-4
7.198402378143082E-4
7.070086814440392E-4
6.946082084350665E-4
6.82617739331913E-4
6.710175385887608E-4
6.597891095096319E-4
6.489150988723566E-4
6.383792102120244E-4
6.281661248616492E-4
6.182614299533824E-4
6.086515526758415E-4
5.993237001631665E-4
5.902658044617799E-4
5.814664720820371E-4
5.729149376958329E-4
5.646010215886912E-4
5.565150905163155E-4
5.486480216524486E-4
5.409911693473947E-4
5.335363344451783E-4
5.262757359327836E-4
5.19201984717678E-4
5.12308059349697E-4
5.055872835214608E-4
4.990333051974011E-4
4.926400772356299E-4
4.8640183937982364E-4
4.8031310150958135E-4
4.743686280479445E-4
4.6856342343412383E-4
4.628927185775021E-4
4.573519582166818E-4
4.519367891138231E-4
4.466430490207606E-4
4.414667563586916E-4
4.364041005583457E-4
4.314514330118151E-4
4.266052585915319E-4
4.2186222769526304E-4
4.172191287796889E-4
4.126728813477922E-4
4.082205293583879E-4
4.0385923502842756E-4
3.995862730010787E-4
3.953990248547183E-4
3.912949739298221E-4
3.8727170045253653E-4
3.8332687693528174E-4
3.794582638362823E-4
3.756637054610995E-4
3.71941126090764E-4
3.6828852632184254E-4
3.647039796052517E-4
3.611856289711985E-4
3.5773168392881866E-4
3.5434041752966907E-4
3.5101016358512647E-4
3.477393140283574E-4
3.4452631641219576E-4
3.413696715348437E-4
3.382679311858337E-4
3.3521969600526616E-4
3.3222361344970345E-4
3.2927837585857296E-4
3.2638271861542114E-4
3.2353541839852786E-4
3.2073529151598415E-4
3.1798119232041784E-4
3.152720116990414E-4
3.126066756348446E-4
3.0998414383507603E-4
3.0740340842336217E-4
3.048634926920773E-4
3.023634499117286E-4
2.9990236219437606E-4
2.974793394082051E-4
2.9509351814064385E-4
2.927440607074861E-4
2.9043015420568473E-4
2.8815100960752403E-4
2.8590586089418036E-4
2.836939642266018E-4
2.8151459715195133E-4
2.7936705784367206E-4
2.772506643737639E-4
2.75164754015489E-4
2.7310868257514917E-4
2.710818237514841E-4
2.690835685213995E-4
2.671133245507556E-4
2.651705156290162E-4
2.632545811267147E-4
2.6136497547456065E-4
2.595011676632753E-4
2.57662640763178E-4
2.558488914626159E-4
2.5405942962436034E-4
2.522937778592096E-4
2.50551471116005E-4
2.4883205628727794E-4
2.4713509182994306E-4
2.454601474002824E-4
2.4380680350262615E-4
2.4217465115116083E-4
2.4056329154425869E-4
2.38972335750806E-4
2.3740140440803404E-4
2.358501274303605E-4
2.343181437287288E-4
2.3280510094007888E-4
2.313106551665047E-4
2.2983447072364504E-4
2.2837621989801304E-4
2.2693558271281913E-4
2.2551224670200364E-4
2.2410590669211358E-4
2.2271626459171163E-4
2.213430291880159E-4
2.199859159505051E-4
2.1864464684117092E-4
2.1731895013121257E-4
2.160085602238409E-4
2.147132174830682E-4
2.1343266806812756E-4
2.1216666377339607E-4
2.1091496187357548E-4
2.096773249739337E-4
2.0845352086540744E-4
2.072433223844048E-4
2.0604650727711825E-4
2.0486285806816434E-4
2.0369216193342598E-4
2.0253421057691412E-4
2.0138880011150138E-4
2.0025573094341586E-4
1.9913480766031423E-4
1.980258389228284E-4
1.9692863735949306E-4
1.958430194648604E-4
1.9476880550074553E-4
1.9370581940047487E-4
1.926538886760431E-4
1.916128443280312E-4
1.9058252075826427E-4
1.895627556850531E-4
1.8855339006094312E-4
1.8755426799290238E-4
1.8656523666486235E-4
1.8558614626249903E-4
1.8461684990023566E-4
1.836572035503238E-4
1.8270706597400891E-4
1.8176629865462144E-4
1.8083476573262693E-4
1.7991233394249454E-4
1.789988725513621E-4
1.7809425329941202E-4
1.771983503419432E-4
1.7631104019304246E-4
1.754322016708295E-4
1.7456171584419387E-4
1.736994659810409E-4
1.7284533749790286E-4
1.7199921791097555E-4
1.71160996788444E-4
1.7033056570412013E-4
1.6950781819231745E-4
1.686926497039425E-4
1.678849575637511E-4
1.670846409287488E-4
1.6629160074767662E-4
1.655057397215822E-4
1.6472696226540863E-4
1.63955174470594E-4
1.6319028406864525E-4
1.6243220039565038E-4
1.6168083435770325E-4
1.609360983972184E-4
1.6019790646012218E-4
1.5946617396384426E-4
1.5874081776614927E-4
1.5802175613475482E-4
1.5730890871769215E-4
1.5660219651442815E-4
1.5590154184769682E-4
1.5520686833603992E-4
1.545181008670206E-4
1.538351655710892E-4
1.5315798979610804E-4
1.5248650208248224E-4
1.5182063213890372E-4
1.5116031081868127E-4
1.505054700966434E-4
1.49856043046598E-4
1.4921196381932432E-4
1.4857316762109088E-4
1.4793959069270542E-4
1.4731117028902137E-4
1.466878446589714E-4
1.4606955302602894E-4
1.454562355691568E-4
1.4484783340418735E-4
1.442442885656388E-4
1.4364554398894354E-4
1.43051543493103E-4
1.4246223176372114E-4
1.418775543364387E-4
1.4129745758074407E-4
1.4072188868415395E-4
1.4015079563672476E-4
1.3958412721596573E-4
1.3902183297203883E-4
1.384638632133231E-4
1.3791016899227732E-4
1.3736070209164892E-4
1.3681541501093817E-4
1.3627426095321428E-4
1.3573719381218676E-4
1.352041681595681E-4
1.3467513923272483E-4
1.3415006292256682E-4
1.3362889576173692E-4
1.3311159491302446E-4
1.3259811815804384E-4
1.3208842388615153E-4
1.3158247108359885E-4
1.310802193229121E-4
1.305816287525201E-4
1.3008666008655666E-4
1.2959527459492154E-4
1.2910743409352547E-4
1.2862310093475604E-4
1.2814223799811482E-4
1.2766480868108292E-4
1.2719077689015099E-4
1.267201070320436E-4
1.2625276400512366E-4
1.2578871319097367E-4
1.25327920446144E-4
1.248703520940685E-4
1.2441597491716174E-4
1.2396475614905115E-4
1.2351666346697748E-4
1.2307166498435012E-4
1.226297292434499E-4
1.221908252082716E-4
1.2175492225751588E-4
1.2132199017771943E-4
1.2089199915651286E-4
1.2046491977602936E-4
1.2004072300641583E-4
1.1961938019949489E-4
1.1920086308254136E-4
1.1878514375217966E-4
1.1837219466839808E-4
1.1796198864868228E-4
1.1755449886225876E-4
1.1714969882444995E-4
1.1674756239113586E-4
1.1634806375333169E-4
1.1595117743184888E-4
1.1555687827207372E-4
1.1516514143883685E-4
1.1477594241138252E-4
1.1438925697843794E-4
1.140050612333571E-4
1.1362333156937579E-4
1.1324404467494303E-4
1.1286717752914399E-4
1.1249270739719736E-4
1.1212061182605553E-4
1.1175086864007196E-4
1.113834559367422E-4
1.1101835208253605E-4
1.1065553570880244E-4
1.1029498570774457E-4
1.099366812284705E-4
1.0958060167311163E-4
1.0922672669301783E-4
1.0887503618501653E-4
1.0852551028773483E-4
1.0817812937800186E-4
1.0783287406729553E-4
1.0748972519825877E-4
1.0714866384130045E-4
1.0680967129120783E-4
1.0647272906387417E-4
1.0613781889303212E-4
1.0580492272709336E-4
1.0547402272599818E-4
1.0514510125815118E-4
1.0481814089739744E-4
1.0449312442004899E-4
1.0417003480197655E-4
1.0384885521572845E-4
1.0352956902771621E-4
1.0321215979544996E-4
1.0289661126481181E-4
1.0258290736736572E-4
1.0227103221774861E-4
1.0196097011106851E-4
1.016527055203536E-4
1.0134622309407341E-4
1.0104150765366006E-4
1.0073854419109458E-4
1.0043731786654157E-4
1.0013781400599288E-4
9.984001809898301E-5
The correct rate for BP: 100.00% 
