0.6098374251670342
0.46563189876010974
0.17639195849829825
0.0750327993586632
0.04148288060930169
0.028083055565677976
0.021124814177669163
0.016876966638420626
0.014020306418321922
0.011971116913896154
0.01043154546357868
0.009233829730337139
0.008276344670117458
0.007493980563964702
0.006843121558902213
0.006293469192719534
0.005823330582945962
0.005416772525870253
0.005061833432860107
0.004749361498729667
0.0044722375636087695
0.004224841978323623
0.004002680629592479
0.003802117378440805
0.003620179225231739
0.0034544121652978557
0.00330277300704075
0.0031635471158769006
0.0030352851230850968
0.002916753693739172
0.0028068968451902734
0.002704805272819621
0.0026096918164288047
0.002520871681419286
0.002437746374831556
0.0023597905681087073
0.002286541283723738
0.0022175889405236797
0.002152569895976234
0.0020911602017319036
0.0020330703486297445
0.0019780408232189088
0.0019258383334786991
0.0018762525892147388
0.00182909354444782
0.0017841890263784375
0.0017413826892436922
0.0017005322423678784
0.001661507910542479
0.0016241910920116432
0.001588473185139854
0.0015542545595718933
0.0015214436515756083
0.0014899561664524633
0.001459714373541227
0.0014306464815318012
0.0014026860836314952
0.0013757716636518872
0.0013498461553650338
0.0013248565485551413
0.0013007535361018367
0.0012774911972021326
0.0012550267124929405
0.0012333201073938971
0.001212334020467296
0.0011920334940001105
0.001172385784364002
0.0011533601900112983
0.0011349278952258158
0.0011170618279727682
0.0010997365303879194
0.0010829280406160558
0.0010666137848568816
0.0010507724786060408
0.00103538403619147
0.0010204294878049338
0.0010058909033150698
9.917513222250753E-4
9.77994689205402E-4
9.646057946913262E-4
9.515702200879688E-4
9.388742871716356E-4
9.265050113180728E-4
9.144500582245312E-4
9.026977038254547E-4
8.912367971305824E-4
8.800567257402796E-4
8.691473838160955E-4
8.584991423053171E-4
8.481028212368647E-4
8.379496639226688E-4
8.280313129135474E-4
8.183397875721656E-4
8.088674631378197E-4
7.996070511686586E-4
7.905515812570359E-4
7.816943839223265E-4
7.730290745940081E-4
7.64549538604765E-4
7.562499171202572E-4
7.481245939381929E-4
7.4016818309469E-4
7.323755172210916E-4
7.247416365987815E-4
7.172617788636945E-4
7.099313693161942E-4
7.02746011795044E-4
6.957014800777765E-4
6.887937097722945E-4
6.820187906674414E-4
6.753729595124222E-4
6.688525931974791E-4
6.624542023099635E-4
6.561744250420091E-4
6.500100214276749E-4
6.439578678889223E-4
6.38014952071388E-4
6.321783679521401E-4
6.264453112028482E-4
6.208130747930644E-4
6.152790448191041E-4
6.09840696545324E-4
6.044955906451623E-4
5.992413696303921E-4
5.940757544576476E-4
5.889965413020897E-4
5.840015984886522E-4
5.790888635720492E-4
5.742563405571361E-4
5.695020972518595E-4
5.648242627455056E-4
5.602210250053461E-4
5.55690628585314E-4
5.512313724406141E-4
5.468416078426432E-4
5.425197363888927E-4
5.38264208102825E-4
5.340735196190075E-4
5.299462124491123E-4
5.258808713246203E-4
5.21876122612196E-4
5.179306327982483E-4
5.140431070389966E-4
5.102122877728606E-4
5.06436953392072E-4
5.027159169705345E-4
4.990480250452581E-4
4.954321564486573E-4
4.918672211893614E-4
4.883521593791143E-4
4.848859402036319E-4
4.814675609353062E-4
4.780960459857685E-4
4.747704459965109E-4
4.7148983696572346E-4
4.682533194097292E-4
4.6506001755740306E-4
4.6190907857609744E-4
4.5879967182762134E-4
4.557309881529309E-4
4.5270223918428255E-4
4.4971265668356436E-4
4.467614919057125E-4
4.438480149860527E-4
4.4097151435060764E-4
4.3813129614829114E-4
4.353266837040823E-4
4.325570169923023E-4
4.298216521290985E-4
4.2711996088336935E-4
4.244513302052869E-4
4.21815161771777E-4
4.1921087154816984E-4
4.1663788936537933E-4
4.1409565851199825E-4
4.115836353406969E-4
4.091012888882566E-4
4.06648100508866E-4
4.04223563519951E-4
4.0182718286018023E-4
3.994584747591119E-4
3.971169664179996E-4
3.9480219570135836E-4
3.9251371083887175E-4
3.902510701371954E-4
3.880138417013464E-4
3.8580160316520394E-4
3.8361394143089476E-4
3.8145045241666883E-4
3.7931074081289963E-4
3.7719441984598076E-4
3.751011110498234E-4
3.7303044404455904E-4
3.7098205632235065E-4
3.6895559303991727E-4
3.669507068175762E-4
3.6496705754457295E-4
3.630043121904654E-4
3.610621446223251E-4
3.591402354275688E-4
3.572382717422154E-4
3.553559470843696E-4
3.534929611927562E-4
3.516490198701195E-4
3.498238348313026E-4
3.480171235559095E-4
3.462286091452849E-4
3.444580201837731E-4
3.4270509060403394E-4
3.4096955955628227E-4
3.392511712813925E-4
3.3754967498762886E-4
3.358648247309648E-4
3.341963792988157E-4
3.3254410209712247E-4
3.309077610406327E-4
3.292871284462797E-4
3.276819809295886E-4
3.260920993039745E-4
3.24517268482853E-4
3.2295727738448194E-4
3.214119188394267E-4
3.198809895005743E-4
3.183642897556265E-4
3.1686162364196466E-4
3.153727987638468E-4
3.138976262118358E-4
3.124359204843743E-4
3.1098749941152644E-4
3.095521840806823E-4
3.0812979876428093E-4
3.0672017084943634E-4
3.053231307694106E-4
3.039385119368997E-4
3.0256615067904914E-4
3.012058861741576E-4
2.998575603900272E-4
2.9852101802392117E-4
2.971961064440155E-4
2.9588267563239126E-4
2.945805781294708E-4
2.9328966897984127E-4
2.920098056794754E-4
2.9074084812425507E-4
2.894826585597885E-4
2.8823510153250633E-4
2.869980438419306E-4
2.857713544941501E-4
2.845549046564417E-4
2.833485676129845E-4
2.8215221872169297E-4
2.809657353720544E-4
2.797889969440344E-4
2.7862188476794364E-4
2.7746428208527186E-4
2.763160740104764E-4
2.751771474936845E-4
2.74047391284234E-4
2.7292669589516115E-4
2.71814953568442E-4
2.707120582410987E-4
2.6961790551209753E-4
2.685323926099921E-4
2.6745541836133916E-4
2.6638688315984817E-4
2.653266889362163E-4
2.642747391286894E-4
2.6323093865426796E-4
2.621951938805833E-4
2.6116741259841103E-4
2.6014750399481253E-4
2.591353786268486E-4
2.581309483959411E-4
2.571341265227397E-4
2.561448275226188E-4
2.5516296718165396E-4
2.541884625331676E-4
2.5322123183480323E-4
2.5226119454604517E-4
2.513082713062958E-4
2.503623839133978E-4
2.4942345530260977E-4
2.4849140952608914E-4
2.475661717327413E-4
2.4664766814858096E-4
2.457358260574445E-4
2.4483057378217626E-4
2.439318406661632E-4
2.4303955705528305E-4
2.4215365428024874E-4
2.4127406463928886E-4
2.4040072138123078E-4
2.3953355868889191E-4
2.38672511662866E-4
2.3781751630561255E-4
2.3696850950588065E-4
2.3612542902346582E-4
2.352882134742664E-4
2.3445680231565444E-4
2.336311358321377E-4
2.3281115512133034E-4
2.3199680208018267E-4
2.3118801939150813E-4
2.3038475051076425E-4
2.29586939653127E-4
2.2879453178079772E-4
2.2800747259056923E-4
2.2722570850164739E-4
2.264491866436999E-4
2.256778548451614E-4
2.2491166162174348E-4
2.2415055616518793E-4
2.2339448833224175E-4
2.2264340863382712E-4
2.218972682244426E-4
2.2115601889176282E-4
2.2041961304643086E-4
2.1968800371206402E-4
2.1896114451542263E-4
2.1823898967680467E-4
2.1752149400060296E-4
2.1680861286602532E-4
2.1610030221801892E-4
2.1539651855835727E-4
2.1469721893689072E-4
2.1400236094295817E-4
2.1331190269696388E-4
2.126258028421285E-4
2.1194402053634478E-4
2.112665154442483E-4
2.1059324772937962E-4
2.0992417804652425E-4
2.0925926753418247E-4
2.085984778071698E-4
2.0794177094936328E-4
2.072891095065856E-4
2.0664045647959074E-4
2.0599577531721044E-4
2.0535502990960116E-4
2.0471818458161331E-4
2.0408520408631063E-4
2.0345605359854536E-4
2.028306987087093E-4
2.0220910541655771E-4
2.0159124012516662E-4
2.0097706963496893E-4
2.0036656113791968E-4
1.9975968221176178E-4
1.991564008143724E-4
1.985566852782319E-4
1.979605043049782E-4
1.9736782696004755E-4
1.9677862266743312E-4
1.9619286120449903E-4
1.9561051269691978E-4
1.9503154761367565E-4
1.9445593676215407E-4
1.9388365128333163E-4
1.9331466264701586E-4
1.9274894264722088E-4
1.9218646339754829E-4
1.9162719732671038E-4
1.9107111717409295E-4
1.9051819598539917E-4
1.8996840710838413E-4
1.89421724188627E-4
1.8887812116540406E-4
1.8833757226762213E-4
1.878000520098015E-4
1.8726553518815165E-4
1.86733996876703E-4
1.8620541242348279E-4
1.8567975744678523E-4
1.8515700783147752E-4
1.8463713972537892E-4
1.8412012953569867E-4
1.8360595392551832E-4
1.8309458981034864E-4
1.8258601435473825E-4
1.8208020496891211E-4
1.8157713930551557E-4
1.8107679525634676E-4
1.805791509492E-4
1.8008418474471766E-4
1.7959187523330846E-4
1.7910220123212108E-4
1.7861514178205135E-4
1.7813067614479988E-4
1.7764878379999247E-4
1.771694444423155E-4
1.7669263797872394E-4
1.7621834452567843E-4
1.757465444064209E-4
1.7527721814831644E-4
1.7481034648020552E-4
1.7434591032981184E-4
1.7388389082119985E-4
1.7342426927224836E-4
1.7296702719218562E-4
1.7251214627914607E-4
1.7205960841776768E-4
1.7160939567683313E-4
1.711614903069429E-4
1.7071587473821426E-4
1.702725315780247E-4
1.698314436088005E-4
1.6939259378580192E-4
1.6895596523499093E-4
1.6852154125088516E-4
1.6808930529446398E-4
1.6765924099112795E-4
1.6723133212863286E-4
1.6680556265511663E-4
1.663819166770993E-4
1.6596037845756663E-4
1.6554093241402524E-4
1.651235631166432E-4
1.6470825528636356E-4
1.6429499379309412E-4
1.6388376365388473E-4
1.6347455003115608E-4
1.630673382309428E-4
1.6266211370115686E-4
1.6225886202989406E-4
1.6185756894375867E-4
1.6145822030618157E-4
1.610608021158184E-4
1.606653005049252E-4
1.6027170173777154E-4
1.5987999220908297E-4
1.5949015844249684E-4
1.5910218708904233E-4
1.5871606492564252E-4
1.5833177885364038E-4
1.579493158973357E-4
1.5756866320255333E-4
1.5718980803523103E-4
1.5681273778001486E-4
1.564374399388848E-4
1.5606390212980704E-4
1.5569211208537245E-4
1.5532205765150713E-4
1.5495372678613455E-4
1.5458710755792275E-4
1.5422218814500175E-4
1.538589568337151E-4
1.5349740201738702E-4
1.5313751219510756E-4
1.5277927597054345E-4
1.5242268205073345E-4
1.520677192449415E-4
1.5171437646349976E-4
1.5136264271666338E-4
1.51012507113504E-4
1.506639588608004E-4
1.5031698726193518E-4
1.4997158171583923E-4
1.49627731715914E-4
1.492854268489938E-4
1.4894465679430707E-4
1.4860541132245519E-4
1.482676802944059E-4
1.4793145366050488E-4
1.4759672145949816E-4
1.472634738175437E-4
1.469317009472873E-4
1.4660139314689265E-4
1.4627254079913236E-4
1.4594513437045674E-4
1.456191644100884E-4
1.4529462154913925E-4
1.4497149649971588E-4
1.4464978005404897E-4
1.4432946308364303E-4
1.440105365384091E-4
1.436929914458537E-4
1.4337681891022041E-4
1.4306201011169786E-4
1.4274855630559734E-4
1.4243644882156793E-4
1.421256790627934E-4
1.4181623850523736E-4
1.4150811869686377E-4
1.4120131125688084E-4
1.4089580787499784E-4
1.4059160031067492E-4
1.40288680392417E-4
1.3998704001703548E-4
1.3968667114894255E-4
1.393875658194482E-4
1.3908971612607284E-4
1.3879311423185435E-4
1.384977523646793E-4
1.382036228166151E-4
1.379107179432377E-4
1.37619030163E-4
1.3732855195656987E-4
1.3703927586621265E-4
1.3675119449514542E-4
1.364643005069298E-4
1.3617858662485057E-4
1.35894045631322E-4
1.3561067036727508E-4
1.353284537315756E-4
1.3504738868044426E-4
1.3476746822687168E-4
1.3448868544005483E-4
1.3421103344482806E-4
1.3393450542111424E-4
1.3365909460337353E-4
1.3338479428005802E-4
1.3311159779307502E-4
1.3283949853726366E-4
1.3256848995985983E-4
1.322985655599939E-4
1.3202971888816125E-4
1.3176194354573526E-4
1.3149523318445444E-4
1.3122958150593478E-4
1.309649822611788E-4
1.3070142925010304E-4
1.3043891632104207E-4
1.3017743737029776E-4
1.299169863416705E-4
1.2965755722598352E-4
1.2939914406064298E-4
1.2914174092918965E-4
1.288853419608467E-4
1.2862994133008146E-4
1.2837553325617545E-4
1.2812211200279776E-4
1.2786967187756844E-4
1.276182072316543E-4
1.2736771245934573E-4
1.271181819976444E-4
1.2686961032586992E-4
1.2662199196524345E-4
1.2637532147850527E-4
1.2612959346951612E-4
1.258848025828742E-4
1.2564094350352777E-4
1.2539801095639398E-4
1.251559997060011E-4
1.2491490455609323E-4
1.246747203492885E-4
1.2443544196670545E-4
1.2419706432760126E-4
1.2395958238902496E-4
1.2372299114547227E-4
1.2348728562852211E-4
1.2325246090651507E-4
1.2301851208420086E-4
1.2278543430240487E-4
1.22553222737709E-4
1.2232187260210927E-4
1.2209137914269907E-4
1.218617376413482E-4
1.2163294341438762E-4
1.2140499181229046E-4
1.2117787821937527E-4
1.2095159805348078E-4
1.2072614676567811E-4
1.2050151983995926E-4
1.2027771279295281E-4
1.2005472117362386E-4
1.1983254056297406E-4
1.1961116657377814E-4
1.1939059485027289E-4
1.1917082106789416E-4
1.1895184093299433E-4
1.1873365018256396E-4
1.1851624458396414E-4
1.18299619934654E-4
1.1808377206192081E-4
1.1786869682262428E-4
1.1765439010293466E-4
1.1744084781806802E-4
1.1722806591203334E-4
1.1701604035738404E-4
1.1680476715496739E-4
1.1659424233366908E-4
1.1638446195018054E-4
1.1617542208874036E-4
1.1596711886091739E-4
1.1575954840535153E-4
1.1555270688752883E-4
1.1534659049955124E-4
1.1514119545990109E-4
1.149365180132167E-4
1.1473255443006696E-4
1.1452930100672959E-4
1.1432675406496266E-4
1.1412490995179908E-4
1.1392376503932064E-4
1.1372331572444692E-4
1.1352355842872742E-4
1.1332448959812473E-4
1.1312610570280882E-4
1.12928403236961E-4
1.127313787185573E-4
1.1253502868917638E-4
1.1233934971379543E-4
1.1214433838059625E-4
1.119499913007657E-4
1.117563051083158E-4
1.115632764598702E-4
1.113709020344911E-4
1.1117917853349022E-4
1.1098810268023973E-4
1.1079767121998497E-4
1.1060788091967338E-4
1.1041872856776898E-4
1.1023021097406341E-4
1.1004232496952075E-4
1.0985506740608493E-4
1.0966843515651279E-4
1.0948242511420728E-4
1.0929703419303704E-4
1.0911225932718209E-4
1.0892809747095607E-4
1.0874454559864493E-4
1.0856160070434764E-4
1.0837925980180885E-4
1.0819751992426638E-4
1.0801637812428133E-4
1.0783583147359583E-4
1.0765587706296145E-4
1.0747651200200226E-4
1.072977334190492E-4
1.0711953846099865E-4
1.069419242931522E-4
1.0676488809908526E-4
1.0658842708047707E-4
1.0641253845699133E-4
1.0623721946611186E-4
1.0606246736301563E-4
1.0588827942041961E-4
1.057146529284474E-4
1.0554158519448727E-4
1.0536907354306237E-4
1.0519711531568749E-4
1.0502570787073855E-4
1.0485484858331636E-4
1.0468453484511996E-4
1.0451476406430752E-4
1.0434553366537713E-4
1.0417684108903093E-4
1.0400868379205034E-4
1.0384105924717299E-4
1.0367396494296248E-4
1.0350739838369029E-4
1.0334135708921326E-4
1.031758385948452E-4
1.03010840451247E-4
1.0284636022429942E-4
1.0268239549499307E-4
1.025189438593027E-4
1.02356002928077E-4
1.0219357032692419E-4
1.0203164369609991E-4
1.0187022069038693E-4
1.0170929897899319E-4
1.0154887624543656E-4
1.0138895018743274E-4
1.012295185167941E-4
1.0107057895931688E-4
1.0091212925467823E-4
1.0075416715632466E-4
1.0059669043137333E-4
1.0043969686050783E-4
1.0028318423787082E-4
1.0012715037097435E-4
9.997159308058049E-5
The correct rate for BP: 100.00% 
