1.1938804623170542
0.7347962102788983
0.176312705856786
0.05203588550376601
0.01770762070643783
0.010228590775421481
0.007442460861049881
0.005868586994996876
0.004846707693810362
0.004127307691570142
0.003592681914988418
0.003179523163457442
0.002850599919613029
0.0025825322124145025
0.0023598780608627416
0.002172019788423479
0.002011412845305648
0.0018725473212380741
0.001751304616331608
0.0016445440237444298
0.0015498286195038064
0.001465238541080532
0.0013892407580801682
0.0013205963351603416
0.0012582931621138622
0.0012014963442071938
0.0011495110680255127
0.001101754428652617
0.0010577337921013302
0.0010170299898995042
9.79284131928316E-4
9.441871601377871E-4
9.114715008143482E-4
8.809043395581594E-4
8.522821625785076E-4
8.254262946518626E-4
8.001792277729936E-4
7.764015817779372E-4
7.539695736111001E-4
7.327728986643198E-4
7.127129480130923E-4
6.937013010509498E-4
6.756584451607168E-4
6.58512683526818E-4
6.421991996242019E-4
6.266592527909449E-4
6.118394839585517E-4
5.976913143455513E-4
5.841704229188676E-4
5.712362908509227E-4
5.58851803168195E-4
5.469828993924884E-4
5.355982662916005E-4
5.246690669392165E-4
5.141687011787479E-4
5.040725933284508E-4
4.943580035837197E-4
4.85003860089475E-4
4.7599060908938996E-4
4.6730008092368564E-4
4.589153699555086E-4
4.5082072676719937E-4
4.430014611893366E-4
4.354438549148237E-4
4.281350826114933E-4
4.210631405853339E-4
4.142167821651607E-4
4.075854590820624E-4
4.0115926820521785E-4
3.949289030721902E-4
3.8888560971816593E-4
3.830211463661898E-4
3.7732774659071834E-4
3.717980856105733E-4
3.66425249405866E-4
3.6120270638681246E-4
3.561242813721607E-4
3.511841316606063E-4
3.4637672500168517E-4
3.4169681929267033E-4
3.371394438458655E-4
3.3269988208659555E-4
3.2837365555610384E-4
3.24156509106096E-4
3.200443971827409E-4
3.160334711078472E-4
3.121200672737081E-4
3.0830069617607004E-4
3.045720322166282E-4
3.009309042129298E-4
2.973742865590546E-4
2.938992909857361E-4
2.9050315887303496E-4
2.8718325407283253E-4
2.839370562022697E-4
2.8076215437237246E-4
2.776562413194317E-4
2.746171079092333E-4
2.716426379868533E-4
2.687308035469612E-4
2.658796602015999E-4
2.6308734292434177E-4
2.603520620513479E-4
2.576720995214344E-4
2.55045805338732E-4
2.5247159424259354E-4
2.4994794257090174E-4
2.4747338530366393E-4
2.4504651327504834E-4
2.4266597054269312E-4
2.4033045190412423E-4
2.3803870055070042E-4
2.357895058503892E-4
2.3358170125109578E-4
2.3141416229706567E-4
2.2928580475128717E-4
2.2719558281730778E-4
2.251424874544582E-4
2.2312554478077113E-4
2.2114381455831696E-4
2.1919638875605326E-4
2.1728239018564176E-4
2.1540097120585842E-4
2.1355131249171634E-4
2.1173262186449166E-4
2.0994413317920206E-4
2.08185105266261E-4
2.064548209242887E-4
2.0475258596117267E-4
2.030777282807493E-4
2.014295970125737E-4
1.9980756168243026E-4
1.982110114213857E-4
1.9663935421131425E-4
1.9509201616492412E-4
1.9356844083851543E-4
1.9206808857568535E-4
1.905904358804031E-4
1.8913497481794661E-4
1.877012124422301E-4
1.8628867024820053E-4
1.8489688364805806E-4
1.8352540147002915E-4
1.8217378547865534E-4
1.8084160991546234E-4
1.7952846105904962E-4
1.782339368036137E-4
1.769576462550552E-4
1.756992093437783E-4
1.7445825645340796E-4
1.732344280646617E-4
1.720273744136703E-4
1.7083675516403276E-4
1.696622390920226E-4
1.6850350378428666E-4
1.6736023534748664E-4
1.6623212812932366E-4
1.6511888445045438E-4
1.6402021434675927E-4
1.6293583532157147E-4
1.618654721073219E-4
1.6080885643630753E-4
1.5976572682005678E-4
1.5873582833701236E-4
1.577189124281149E-4
1.5671473669996526E-4
1.557230647352537E-4
1.547436659100953E-4
1.537763152180572E-4
1.528207931005213E-4
1.5187688528316395E-4
1.5094438261826254E-4
1.5002308093263518E-4
1.4911278088093106E-4
1.482132878040799E-4
1.4732441159269046E-4
1.4644596655518342E-4
1.455777712904856E-4
1.4471964856509268E-4
1.438714251943224E-4
1.4303293192761182E-4
1.4220400333767358E-4
1.4138447771336782E-4
1.405741969561834E-4
1.397730064801083E-4
1.3898075511485368E-4
1.381972950122117E-4
1.3742248155550822E-4
1.3665617327197714E-4
1.3589823174797418E-4
1.351485215469058E-4
1.3440691012979683E-4
1.3367326777837028E-4
1.3294746752057609E-4
1.3222938505844724E-4
1.315188986982238E-4
1.3081588928265126E-4
1.3012024012537828E-4
1.2943183694738396E-4
1.2875056781532656E-4
1.2807632308181802E-4
1.27408995327477E-4
1.26748479304744E-4
1.2609467188338748E-4
1.2544747199763964E-4
1.2480678059490657E-4
1.241725005859951E-4
1.235445367968078E-4
1.2292279592144922E-4
1.2230718647672154E-4
1.2169761875791333E-4
1.2109400479588815E-4
1.2049625831540129E-4
1.1990429469460762E-4
1.1931803092573091E-4
1.1873738557683481E-4
1.1816227875469531E-4
1.1759263206869295E-4
1.1702836859573558E-4
1.1646941284613996E-4
1.1591569073048358E-4
1.1536712952733475E-4
1.1482365785190985E-4
1.1428520562555446E-4
1.1375170404607586E-4
1.1322308555887372E-4
1.1269928382884393E-4
1.1218023371304183E-4
1.11665871234082E-4
1.1115613355423008E-4
1.1065095895020868E-4
1.1015028678863338E-4
1.0965405750212408E-4
1.0916221256601967E-4
1.0867469447571902E-4
1.0819144672459478E-4
1.0771241378248122E-4
1.0723754107472005E-4
1.0676677496173152E-4
1.0630006271912855E-4
1.0583735251830514E-4
1.0537859340754468E-4
1.0492373529358637E-4
1.0447272892365593E-4
1.0402552586795422E-4
1.035820785025698E-4
1.031423399928233E-4
1.0270626427702218E-4
1.0227380605060079E-4
1.0184492075067301E-4
1.0141956454093925E-4
1.0099769429697252E-4
1.0057926759185455E-4
1.001642426821605E-4
9.975257849427434E-5
The correct rate for BP: 100.00% 
