1.495060942767303
0.9204362991870276
0.15210141664974697
0.0370002773631666
0.015638118593824708
0.010895061682388822
0.008395085607262591
0.006835097059023607
0.005763895299507454
0.0049813378020315295
0.004384112737633487
0.003913202453276245
0.0035323386933544913
0.0032179640544630172
0.002954095163447669
0.0027294977020124243
0.002536041111104753
0.0023676943827295282
0.0022198887139956176
0.002089099371155248
0.001972563441751239
0.0018680845350170067
0.0017738946737979773
0.0016885547302650013
0.0016108814040042582
0.00153989283353248
0.0014747675176157863
0.0014148128939445114
0.0013594410255877928
0.001308149587281288
0.0012605068509256665
0.0012161397221981728
0.00117472412869239
0.0011359772375335005
0.001099651108809499
0.0010655274850802428
0.0010334134866640196
0.0010031380342496858
9.745488594570753E-4
9.475099936741421E-4
9.218996482667925E-4
8.97608416842746E-4
8.74537743931628E-4
8.525986151604341E-4
8.317104324529225E-4
8.118000444843908E-4
7.928009079716781E-4
7.746523596695777E-4
7.57298982406202E-4
7.406900512960369E-4
7.247790485548243E-4
7.095232372111558E-4
6.948832855464997E-4
6.808229353644069E-4
6.673087082407848E-4
6.543096447817861E-4
6.417970726459281E-4
6.297443996989177E-4
6.181269291839809E-4
6.069216942243845E-4
5.961073093419465E-4
5.856638369869601E-4
5.755726673400248E-4
5.658164098730602E-4
5.563787953500723E-4
5.472445871150943E-4
5.383995006574644E-4
5.298301305681934E-4
5.215238841079809E-4
5.134689206997159E-4
5.056540967388686E-4
4.980689151849372E-4
4.907034794581766E-4
4.835484512191607E-4
4.765950116553348E-4
4.6983482593977884E-4
4.632600105633512E-4
4.568631032731113E-4
4.506370353779121E-4
4.4457510620675124E-4
4.386709595274012E-4
4.3291856175221545E-4
4.273121817752289E-4
4.218463723000522E-4
4.165159525316925E-4
4.113159921175437E-4
4.062417962338305E-4
4.012888917233493E-4
3.9645301419917884E-4
3.917300960368554E-4
3.871162551844355E-4
3.826077847263491E-4
3.782011431424237E-4
3.738929452088369E-4
3.6967995349213186E-4
3.6555907039180746E-4
3.615273306906733E-4
3.575818945756116E-4
3.537200410944937E-4
3.499391620178409E-4
3.462367560763212E-4
3.4261042354755773E-4
3.3905786116782946E-4
3.355768573461657E-4
3.3216528766006584E-4
3.288211106137882E-4
3.2554236364147523E-4
3.2232715933886395E-4
3.191736819084394E-4
3.160801838041383E-4
3.130449825625895E-4
3.100664578090098E-4
3.0714304842657976E-4
3.0427324987898597E-4
3.0145561167662705E-4
2.986887349774934E-4
2.9597127031452154E-4
2.93301915441695E-4
2.9067941329170914E-4
2.881025500385612E-4
2.85570153258805E-4
2.830810901856871E-4
2.8063426605073004E-4
2.782286225076962E-4
2.758631361342408E-4
2.7353681700676124E-4
2.712487073443818E-4
2.689978802181466E-4
2.6678343832181936E-4
2.646045128008852E-4
2.624602621365653E-4
2.6034987108186283E-4
2.5827254964683725E-4
2.562275321304559E-4
2.5421407619657173E-4
2.5223146199169447E-4
2.502789913023626E-4
2.483559867500635E-4
2.4646179102177376E-4
2.4459576613429274E-4
2.4275729273063814E-4
2.409457694069196E-4
2.3916061206812834E-4
2.374012533114243E-4
2.3566714183556142E-4
2.3395774187517414E-4
2.3227253265868843E-4
2.306110078887641E-4
2.2897267524411646E-4
2.2735705590178485E-4
2.2576368407878036E-4
2.241921065922922E-4
2.2264188243753297E-4
2.2111258238239565E-4
2.1960378857819368E-4
2.181150941856997E-4
2.1664610301581216E-4
2.1519642918418208E-4
2.1376569677915828E-4
2.123535395424941E-4
2.1095960056218997E-4
2.095835319769977E-4
2.082249946920329E-4
2.0688365810501823E-4
2.0555919984273133E-4
2.0425130550715326E-4
2.029596684309742E-4
2.0168398944200156E-4
2.0042397663613048E-4
1.9917934515848622E-4
1.9794981699243881E-4
1.967351207561123E-4
1.9553499150612606E-4
1.9434917054823078E-4
1.9317740525459905E-4
1.920194488874535E-4
1.9087506042882738E-4
1.897440044161653E-4
1.8862605078356632E-4
1.8752097470842435E-4
1.864285564632587E-4
1.8534858127253664E-4
1.842808391742932E-4
1.8322512488634033E-4
1.821812376769305E-4
1.8114898123965423E-4
1.801281635724609E-4
1.7911859686059976E-4
1.781200973633591E-4
1.7713248530446443E-4
1.7615558476598232E-4
1.7518922358560423E-4
1.7423323325719975E-4
1.7328744883450068E-4
1.7235170883780635E-4
1.714258551636119E-4
1.7050973299703956E-4
1.6960319072696642E-4
1.6870607986378973E-4
1.678182549596758E-4
1.6693957353126063E-4
1.6606989598468453E-4
1.652090855428805E-4
1.6435700817506096E-4
1.635135325282857E-4
1.6267852986107066E-4
1.6185187397898195E-4
1.6103344117208008E-4
1.602231101542412E-4
1.594207620042054E-4
1.586262801083633E-4
1.5783955010518022E-4
1.570604598312128E-4
1.5628889926868258E-4
1.555247604945254E-4
1.5476793763089517E-4
1.5401832679704593E-4
1.5327582606258717E-4
1.5254033540202557E-4
1.518117566505767E-4
1.5108999346120092E-4
1.5037495126281244E-4
1.49666537219652E-4
1.489646601917468E-4
1.4826923069646893E-4
1.4758016087110346E-4
1.4689736443645736E-4
1.4622075666141345E-4
1.4555025432845761E-4
1.448857757000972E-4
1.4422724048618395E-4
1.4357456981209542E-4
1.4292768618774857E-4
1.422865134774162E-4
1.4165097687034037E-4
1.4102100285209634E-4
1.4039651917670525E-4
1.397774548394476E-4
1.3916374005038733E-4
1.385553062085624E-4
1.3795208587682076E-4
1.3735401275731212E-4
1.3676102166758513E-4
1.3617304851726625E-4
1.3559003028535232E-4
1.3501190499804453E-4
1.3443861170713293E-4
1.338700904689235E-4
1.333062823236662E-4
1.3274712927550445E-4
1.3219257427289464E-4
1.3164256118951002E-4
1.310970348056034E-4
1.3055594078981682E-4
1.3001922568143374E-4
1.29486836873035E-4
1.289587225935908E-4
1.2843483189194018E-4
1.2791511462066293E-4
1.273995214203205E-4
1.2688800370408413E-4
1.2638051364270548E-4
1.2587700414984295E-4
1.2537742886772473E-4
1.248817421531477E-4
1.2438989906378079E-4
1.239018553448092E-4
1.2341756741585786E-4
1.2293699235822178E-4
1.2246008790238146E-4
1.2198681241581316E-4
1.2151712489104707E-4
1.2105098493401368E-4
1.205883527526455E-4
1.2012918914572014E-4
1.196734554919732E-4
1.1922111373941695E-4
1.1877212639493093E-4
1.1832645651405603E-4
1.1788406769100429E-4
1.1744492404892484E-4
1.1700899023032988E-4
1.1657623138776239E-4
1.1614661317465306E-4
1.1572010173636722E-4
1.1529666370145602E-4
1.1487626617307791E-4
1.1445887672061456E-4
1.1404446337145707E-4
1.1363299460296837E-4
1.1322443933461338E-4
1.1281876692024559E-4
1.1241594714056708E-4
1.120159501957465E-4
1.1161874669816085E-4
1.1122430766532627E-4
1.10832604512954E-4
1.1044360904813908E-4
1.1005729346271303E-4
1.0967363032670873E-4
1.092925925819681E-4
1.0891415353587442E-4
1.0853828685522501E-4
1.0816496656020277E-4
1.0779416701848886E-4
1.0742586293947446E-4
1.0706002936861397E-4
1.0669664168185917E-4
1.063356755802238E-4
1.05977107084447E-4
1.0562091252976759E-4
1.0526706856078888E-4
1.0491555212645787E-4
1.0456634047513025E-4
1.0421941114973244E-4
1.0387474198303473E-4
1.0353231109297825E-4
1.0319209687812684E-4
1.0285407801319942E-4
1.0251823344466274E-4
1.021845423864384E-4
1.0185298431567538E-4
1.0152353896860425E-4
1.0119618633647157E-4
1.0087090666154833E-4
1.0054768043321816E-4
1.002264883841246E-4
9.990731148641422E-5
The correct rate for BP: 100.00% 
