0.9200441730614443
0.8566437991709994
0.4212177669752301
0.1734745745038474
0.07847874630878111
0.047225832424978055
0.03351276604286037
0.02587922900512386
0.021020761839247195
0.017660567219074157
0.015200957870318279
0.013324632322931775
0.011847478627335751
0.010655337081511793
0.00967367709949544
0.008851789675849127
0.00815398581841297
0.0075544272117754295
0.007033952977878647
0.006578057848172811
0.006175562285099852
0.005817713307964524
0.00549756171193018
0.005209521459260544
0.004949052012100352
0.004712425398839024
0.004496552793044969
0.004298853608634539
0.004117155441442826
0.003949616707444641
0.0037946661973521025
0.003650955389320667
0.003517320489069664
0.0033927519617883957
0.0032763698882042683
0.003167403887942029
0.0030651766537101053
0.0029690903618799203
0.002878615390746805
0.0027932809025988554
0.0027126669405771833
0.0026363977639735775
0.002564136201700868
0.0024955788472813224
0.0024304519528375343
0.00236850790646854
0.0023095221987179003
0.0022532908008431832
0.002199627891229516
0.0021483638772782404
0.0020993436690035644
0.0020524251678159374
0.002007477939895583
0.0019643820484261812
0.0019230270229715816
0.0018833109476020047
0.0018451396521385604
0.001808425993189521
0.0017730892135820948
0.0017390543704141378
0.001706251823317357
0.0016746167756791432
0.001644088862549942
0.0016146117797974041
0.0015861329497794164
0.0015586032194166482
0.0015319765870673275
0.001506209955055139
0.0014812629050885684
0.0014570974941437056
0.001433678068672053
0.0014109710952465498
0.0013889450059768264
0.0013675700572158666
0.0013468182002463604
0.0013266629627806349
0.001307079340236013
0.0012880436958594627
0.0012695336688742461
0.0012515280899083304
0.001234006903041351
0.0012169510938748098
0.0012003426230906258
0.001184164365016668
0.0011684000507653702
0.0011530342155540614
0.0011380521498533345
0.0011234398540434277
0.0011091839962888627
0.0010952718733685815
0.0010816913742228939
0.0010684309460004392
0.0010554795624077666
0.00104282669418188
0.001030462281521623
0.0010183767083284637
0.001006560778119856
9.950056914900538E-4
9.83703025003966E-4
9.726447114189972E-4
9.618230211387059E-4
9.512305448098305E-4
9.408601769814592E-4
9.307051007516913E-4
9.207587733329257E-4
9.110149124725304E-4
9.014674836703568E-4
8.921106881392647E-4
8.829389514588527E-4
8.739469128763312E-4
8.65129415212046E-4
8.564814953301144E-4
8.479983751379034E-4
8.396754530802445E-4
8.315082960972061E-4
8.234926320161971E-4
8.1562434235133E-4
8.078994554849587E-4
8.00314140207878E-4
7.928646995965121E-4
7.855475652067663E-4
7.78359291565619E-4
7.712965509428437E-4
7.643561283864735E-4
7.575349170065211E-4
7.508299134927602E-4
7.442382138530664E-4
7.377570093598433E-4
7.313835826927165E-4
7.251153042666571E-4
7.189496287350979E-4
7.128840916585065E-4
7.069163063293255E-4
7.010439607448315E-4
6.952648147199467E-4
6.895766971324652E-4
6.83977503293815E-4
6.784651924386133E-4
6.7303778532688E-4
6.676933619530271E-4
6.624300593562121E-4
6.572460695267659E-4
6.521396374038867E-4
6.47109058960009E-4
6.421526793674586E-4
6.372688912433805E-4
6.324561329689839E-4
6.277128870795805E-4
6.23037678721863E-4
6.184290741752562E-4
6.138856794341891E-4
6.094061388484873E-4
6.049891338189995E-4
6.006333815460083E-4
5.963376338278185E-4
5.92100675907322E-4
5.879213253642069E-4
5.837984310507945E-4
5.7973087206954E-4
5.757175567902001E-4
5.717574219050315E-4
5.67849431520152E-4
5.639925762816925E-4
5.601858725348888E-4
5.564283615150321E-4
5.527191085685288E-4
5.490572024030819E-4
5.454417543655231E-4
5.418718977462004E-4
5.383467871087881E-4
5.348655976444526E-4
5.314275245493028E-4
5.280317824241942E-4
5.246776046959792E-4
5.213642430592297E-4
5.18090966937697E-4
5.148570629646528E-4
5.116618344812979E-4
5.085046010526276E-4
5.053846979999416E-4
5.02301475949384E-4
4.992543003958776E-4
4.962425512818491E-4
4.932656225901283E-4
4.903229219505155E-4
4.8741387025944287E-4
4.845379013122945E-4
4.816944614477902E-4
4.788830092040756E-4
4.76103014986023E-4
4.733539607433227E-4
4.706353396589591E-4
4.6794665584772336E-4
4.6528742406430005E-4
4.626571694207022E-4
4.600554271125576E-4
4.574817421540716E-4
4.549356691212272E-4
4.5241677190303257E-4
4.499246234604244E-4
4.4745880559262296E-4
4.450189087106468E-4
4.4260453161773397E-4
4.4021528129643253E-4
4.37850772702104E-4
4.3551062856266325E-4
4.3319447918427914E-4
4.309019622628699E-4
4.286327227011737E-4
4.263864124312204E-4
4.241626902420065E-4
4.219612216121872E-4
4.1978167854765235E-4
4.176237394237787E-4
4.154870888322242E-4
4.1337141743212413E-4
4.1127642180550683E-4
4.0920180431684055E-4
4.071472729764981E-4
4.0511254130813943E-4
4.03097328219708E-4
4.0110135787811214E-4
3.991243595873003E-4
3.9716606766977073E-4
3.9522622135129595E-4
3.933045646488043E-4
3.9140084626133133E-4
3.895148194639088E-4
3.8764624200434425E-4
3.8579487600273217E-4
3.8396048785369194E-4
3.821428481312021E-4
3.8034173149593606E-4
3.7855691660507976E-4
3.767881860244862E-4
3.750353261431537E-4
3.732981270899234E-4
3.715763826523409E-4
3.698698901976154E-4
3.681784505956097E-4
3.665018681438108E-4
3.648399504942165E-4
3.63192508582049E-4
3.615593565563394E-4
3.599403117121885E-4
3.583351944247747E-4
3.5674382808499865E-4
3.551660390367094E-4
3.5360165651554326E-4
3.520505125892007E-4
3.505124420992529E-4
3.4898728260431645E-4
3.4747487432469865E-4
3.4597506008827766E-4
3.444876852777918E-4
3.430125977793385E-4
3.415496479321424E-4
3.4009868847950225E-4
3.3865957452091364E-4
3.372321634653501E-4
3.358163149856083E-4
3.3441189097376455E-4
3.3301875549764847E-4
3.316367747583602E-4
3.3026581704875477E-4
3.289057527128923E-4
3.2755645410645107E-4
3.2621779555799666E-4
3.248896533312141E-4
3.235719055879302E-4
3.222644323520149E-4
3.2096711547411233E-4
3.196798385971293E-4
3.184024871225354E-4
3.1713494817740866E-4
3.158771105822043E-4
3.1462886481925235E-4
3.1339010300197097E-4
3.12160718844707E-4
3.1094060763331443E-4
3.0972966619631205E-4
3.085277928767145E-4
3.07334887504442E-4
3.061508513693817E-4
3.0497558719495805E-4
3.0380899911233906E-4
3.02650992635169E-4
3.0150147463482995E-4
3.0036035331625175E-4
2.992275381942331E-4
2.9810294007024584E-4
2.969864710097522E-4
2.958780443199856E-4
2.947775745281997E-4
2.936849773603789E-4
2.9260016972037275E-4
2.915230696694787E-4
2.9045359640646217E-4
2.8939167024793935E-4
2.883372126092205E-4
2.8729014598550016E-4
2.862503939334623E-4
2.8521788105323855E-4
2.841925329707323E-4
2.831742763203324E-4
2.8216303872791735E-4
2.8115874879425587E-4
2.801613360787057E-4
2.791707310832537E-4
2.7818686523685654E-4
2.772096708801054E-4
2.7623908125020736E-4
2.752750304662116E-4
2.7431745351458255E-4
2.7336628623502547E-4
2.7242146530658825E-4
2.7148292823403854E-4
2.705506133345155E-4
2.6962445972440854E-4
2.6870440730652654E-4
2.6779039675748327E-4
2.668823695153293E-4
2.6598026776745065E-4
2.6508403443863864E-4
2.64193613179451E-4
2.633089483547238E-4
2.624299850323788E-4
2.6155666897236077E-4
2.606889466158481E-4
2.598267650746143E-4
2.5897007212062655E-4
2.581188161757996E-4
2.5727294630198486E-4
2.564324121910891E-4
2.5559716415542725E-4
2.547671531182109E-4
2.5394233060423534E-4
2.5312264873073313E-4
2.5230806019837767E-4
2.514985182824672E-4
2.506939768242625E-4
2.498943902224711E-4
2.490997134249026E-4
2.4830990192025945E-4
2.475249117300688E-4
2.467446994007827E-4
2.4596922199598455E-4
2.4519843708877166E-4
2.444323027542229E-4
2.436707775620558E-4
2.4291382056936705E-4
2.4216139131352283E-4
2.4141344980515797E-4
2.4066995652131834E-4
2.3993087239869475E-4
2.3919615882699667E-4
2.3846577764243887E-4
2.3773969112130477E-4
2.3701786197368425E-4
2.3630025333725146E-4
2.3558682877119144E-4
2.3487755225022638E-4
2.3417238815871323E-4
2.3347130128487413E-4
2.3277425681511653E-4
2.3208122032843334E-4
2.313921577909133E-4
2.3070703555033343E-4
2.3002582033085004E-4
2.2934847922776526E-4
2.286749797023993E-4
2.2800528957702722E-4
2.2733937702990945E-4
2.266772105904132E-4
2.260187591341824E-4
2.253639918784298E-4
2.247128783772679E-4
2.2406538851713694E-4
2.2342149251230694E-4
2.2278116090043826E-4
2.221443645382267E-4
2.215110745971145E-4
2.2088126255907005E-4
2.2025490021242999E-4
2.1963195964782607E-4
2.1901241325415175E-4
2.1839623371460668E-4
2.1778339400280693E-4
2.1717386737894398E-4
2.1656762738602646E-4
2.1596464784614023E-4
2.1536490285682886E-4
2.1476836678745612E-4
2.1417501427569503E-4
2.1358482022403353E-4
2.1299775979632463E-4
2.1241380841442053E-4
2.1183294175485968E-4
2.1125513574555237E-4
2.1068036656259143E-4
2.101086106270533E-4
2.0953984460187521E-4
2.0897404538878275E-4
2.0841119012524487E-4
2.078512561814959E-4
2.0729422115757753E-4
2.067400628804665E-4
2.061887594011877E-4
2.0564028899203504E-4
2.0509463014378046E-4
2.045517615629489E-4
2.0401166216913803E-4
2.0347431109236734E-4
2.0293968767046359E-4
2.0240777144650175E-4
2.018785421662669E-4
2.0135197977576473E-4
2.0082806441875018E-4
2.0030677643432452E-4
1.9978809635454354E-4
1.9927200490204978E-4
1.987584829877768E-4
1.9824751170865784E-4
1.9773907234536532E-4
1.972331463601077E-4
1.9672971539444015E-4
1.962287612670969E-4
1.957302659718859E-4
1.9523421167557775E-4
1.9474058071586265E-4
1.9424935559929016E-4
1.9376051899928882E-4
1.9327405375417728E-4
1.927899428652089E-4
1.9230816949466765E-4
1.9182871696395599E-4
1.9135156875174598E-4
1.908767084921152E-4
1.9040411997275035E-4
1.899337871331478E-4
1.8946569406284934E-4
1.8899982499970033E-4
1.8853616432813232E-4
1.8807469657747814E-4
1.876154064202831E-4
1.871582786706788E-4
1.867032982827531E-4
1.8625045034893444E-4
1.8579972009843225E-4
1.8535109289566243E-4
1.84904554238718E-4
1.8446008975785139E-4
1.840176852139758E-4
1.835773264971951E-4
1.8313899962533908E-4
1.8270269074253777E-4
1.8226838611779233E-4
1.818360721435916E-4
1.814057353345196E-4
1.8097736232590113E-4
1.80550939872456E-4
1.8012645484698204E-4
1.7970389423903503E-4
1.7928324515364814E-4
1.788644948100544E-4
1.7844763054043205E-4
1.780326397886676E-4
1.776195101091247E-4
1.7720822916543884E-4
1.7679878472933456E-4
1.763911646794376E-4
1.75985357000117E-4
1.755813497803456E-4
1.751791312125608E-4
1.747786895915452E-4
1.7438001331334535E-4
1.7398309087415516E-4
1.735879108692581E-4
1.731944619919662E-4
1.7280273303257407E-4
1.7241271287732083E-4
1.7202439050736725E-4
1.71637754997801E-4
1.7125279551662956E-4
1.7086950132380295E-4
1.7048786177024813E-4
1.7010786629690608E-4
1.697295044337841E-4
1.6935276579903267E-4
1.6897764009801737E-4
1.6860411712239998E-4
1.682321867492604E-4
1.6786183894019316E-4
1.674930637404297E-4
1.671258512779865E-4
1.6676019176279015E-4
1.663960754858495E-4
1.660334928184167E-4
1.6567243421115952E-4
1.6531289019335372E-4
1.6495485137206555E-4
1.645983084313803E-4
1.642432521315995E-4
1.638896733084685E-4
1.6353756287241768E-4
1.6318691180780518E-4
1.628377111721664E-4
1.6248995209547617E-4
1.6214362577941663E-4
1.617987234966722E-4
1.614552365901958E-4
1.6111315647252187E-4
1.6077247462506527E-4
1.6043318259743666E-4
1.6009527200676031E-4
1.5975873453701037E-4
1.594235619383441E-4
1.5908974602644923E-4
1.5875727868189384E-4
1.5842615184949107E-4
1.580963575376658E-4
1.5776788781783158E-4
1.5744073482377354E-4
1.571148907510364E-4
1.5679034785632658E-4
1.564670984569132E-4
1.5614513493003216E-4
1.558244497123286E-4
1.555050352992476E-4
1.551868842444978E-4
1.5486998915947056E-4
1.5455434271268858E-4
1.5423993762925782E-4
1.5392676669032869E-4
1.5361482273255046E-4
1.533040986475528E-4
1.5299458738141287E-4
1.526862819341345E-4
1.5237917535914914E-4
1.5207326076279237E-4
1.5176853130382254E-4
1.5146498019290462E-4
1.5116260069213258E-4
1.508613861145473E-4
1.505613298236483E-4
1.5026242523293368E-4
1.499646658054198E-4
1.49668045053179E-4
1.493725565368964E-4
1.490781938654012E-4
1.4878495069522898E-4
1.4849282073017248E-4
1.4820179772084702E-4
1.4791187546426315E-4
1.4762304780339128E-4
1.4733530862673182E-4
1.470486518679246E-4
1.467630715053017E-4
1.4647856156149215E-4
1.4619511610302366E-4
1.4591272923991373E-4
1.456313951252716E-4
1.4535110795491446E-4
1.4507186196697288E-4
1.4479365144151227E-4
1.4451647070014455E-4
1.442403141056717E-4
1.4396517606169197E-4
1.4369105101224604E-4
1.4341793344145747E-4
1.431458178731564E-4
1.4287469887054737E-4
1.4260457103583437E-4
1.4233542900989087E-4
1.4206726747190759E-4
1.4180008113904742E-4
1.4153386476612273E-4
1.4126861314524628E-4
1.4100432110551552E-4
1.4074098351267526E-4
1.4047859526879533E-4
1.4021715131196373E-4
1.399566466159536E-4
1.3969707618992686E-4
1.3943843507810283E-4
1.3918071835947922E-4
1.3892392114750633E-4
1.3866803858980095E-4
1.384130658678389E-4
1.3815899819667106E-4
1.3790583082462897E-4
1.3765355903303338E-4
1.3740217813591673E-4
1.3715168347973046E-4
1.3690207044308338E-4
1.3665333443644667E-4
1.3640547090189314E-4
1.361584753128219E-4
1.3591234317369163E-4
1.356670700197581E-4
1.3542265141680828E-4
1.3517908296090038E-4
1.3493636027811368E-4
1.346944790242884E-4
1.3445343488476848E-4
1.3421322357416872E-4
1.3397384083611087E-4
1.3373528244299245E-4
1.3349754419573665E-4
1.3326062192355485E-4
1.3302451148371406E-4
1.3278920876129546E-4
1.3255470966897333E-4
1.3232101014676716E-4
1.320881061618346E-4
1.3185599370822712E-4
1.3162466880668427E-4
1.3139412750440342E-4
1.3116436587481668E-4
1.309353800173841E-4
1.3070716605737608E-4
1.3047972014565862E-4
1.302530384584806E-4
1.300271171972791E-4
1.2980195258845842E-4
1.295775408831867E-4
1.2935387835721055E-4
1.2913096131063144E-4
1.2890878606772456E-4
1.2868734897673872E-4
1.2846664640969746E-4
1.2824667476220926E-4
1.2802743045328045E-4
1.2780890992511999E-4
1.2759110964295835E-4
1.2737402609485659E-4
1.2715765579153057E-4
1.2694199526616025E-4
1.2672704107421871E-4
1.2651278979328916E-4
1.2629923802288896E-4
1.260863823842924E-4
1.2587421952036434E-4
1.2566274609538037E-4
1.254519587948706E-4
1.2524185432543123E-4
1.250324294145748E-4
1.248236808105571E-4
1.246156052822199E-4
1.2440819961882153E-4
1.2420146062987964E-4
1.2399538514501607E-4
1.2378997001378914E-4
1.2358521210555345E-4
1.2338110830929216E-4
1.2317765553346516E-4
1.2297485070586264E-4
1.2277269077346065E-4
1.225711727022472E-4
1.223702934771099E-4
1.2217005010166043E-4
1.2197043959810401E-4
1.217714590070972E-4
1.2157310538759742E-4
1.2137537581672869E-4
1.2117826738963808E-4
1.2098177721936196E-4
1.2078590243668722E-4
1.2059064019001291E-4
1.2039598764521855E-4
1.2020194198553475E-4
1.2000850041139604E-4
1.1981566014033498E-4
1.196234184068273E-4
1.1943177246217963E-4
1.1924071957439407E-4
1.1905025702805175E-4
1.1886038212417007E-4
1.1867109218010588E-4
1.1848238452940065E-4
1.1829425652168812E-4
1.1810670552254801E-4
1.1791972891341165E-4
1.1773332409142521E-4
1.1754748846933999E-4
1.173622194753933E-4
1.1717751455319255E-4
1.1699337116160814E-4
1.1680978677465081E-4
1.166267588813669E-4
1.1644428498571841E-4
1.1626236260648427E-4
1.1608098927714038E-4
1.1590016254576215E-4
1.1571987997490182E-4
1.1554013914149784E-4
1.153609376367651E-4
1.1518227306607864E-4
1.150041430488856E-4
1.1482654521859808E-4
1.1464947722248595E-4
1.1447293672157826E-4
1.1429692139056856E-4
1.1412142891771063E-4
1.1394645700471932E-4
1.137720033666744E-4
1.1359806573192482E-4
1.1342464184199587E-4
1.1325172945148773E-4
1.1307932632798412E-4
1.1290743025195769E-4
1.1273603901668505E-4
1.1256515042814075E-4
1.1239476230492424E-4
1.12224872478149E-4
1.1205547879137377E-4
1.1188657910049676E-4
1.1171817127367915E-4
1.1155025319125602E-4
1.1138282274564151E-4
1.1121587784125743E-4
1.1104941639443183E-4
1.1088343633333283E-4
1.1071793559786557E-4
1.1055291213960772E-4
1.1038836392171773E-4
1.1022428891884747E-4
1.1006068511708069E-4
1.0989755051383005E-4
1.0973488311777496E-4
1.095726809487745E-4
1.0941094203779572E-4
1.0924966442682469E-4
1.0908884616880039E-4
1.0892848532754197E-4
1.0876857997765233E-4
1.0860912820446739E-4
1.0845012810397267E-4
1.0829157778272294E-4
1.0813347535777974E-4
1.0797581895663079E-4
1.0781860671712556E-4
1.076618367873954E-4
1.0750550732579189E-4
1.0734961650080979E-4
1.0719416249102258E-4
1.0703914348500829E-4
1.068845576812866E-4
1.0673040328824662E-4
1.0657667852408126E-4
1.0642338161672477E-4
1.0627051080377724E-4
1.0611806433244516E-4
1.0596604045947832E-4
1.0581443745110274E-4
1.0566325358295067E-4
1.0551248714000675E-4
1.053621364165422E-4
1.0521219971604632E-4
1.0506267535117306E-4
1.0491356164367469E-4
1.0476485692433938E-4
1.0461655953293836E-4
1.0446866781815458E-4
1.04321180137531E-4
1.0417409485741036E-4
1.0402741035287593E-4
1.0388112500769237E-4
1.037352372142487E-4
1.0358974537350158E-4
1.0344464789491771E-4
1.0329994319642122E-4
1.0315562970432933E-4
1.0301170585330375E-4
1.0286817008629805E-4
1.0272502085449355E-4
1.0258225661725342E-4
1.0243987584206859E-4
1.0229787700449572E-4
1.0215625858811631E-4
1.0201501908447848E-4
1.0187415699304325E-4
1.0173367082113448E-4
1.0159355908388737E-4
1.0145382030420071E-4
1.0131445301268471E-4
1.0117545574760554E-4
1.0103682705484183E-4
1.0089856548783974E-4
1.007606696075491E-4
1.0062313798239037E-4
1.0048596918819736E-4
1.003491618081715E-4
1.0021271443283545E-4
1.000766256599887E-4
9.994089409465734E-5
The correct rate for BP: 100.00% 
