1.3328310050748202
1.0986461177278015
1.010841718846573
0.8874168869011834
0.7468459210986356
0.6074463619765162
0.48142882003670984
0.37602149338151325
0.2931704793706409
0.23068851488852202
0.18445986054805572
0.15028298823954553
0.12474110489623896
0.10533610006155654
0.09032206773266781
0.07849403156688974
0.06901698267065748
0.06130529684358238
0.054941861699221106
0.049624635604736005
0.045131278152910036
0.041295518866335416
0.037991159591237084
0.03512108447436187
0.032609595391818874
0.03039698660474151
0.028435649077517656
0.026687234807023043
0.025120566001989322
0.023710074688023768
0.022434624869646206
0.021276613941048465
0.020221280263570184
0.019256164592771376
0.018370687478259793
0.01755581491945216
0.01680379178901567
0.016107927733469404
0.015462424035727732
0.014862232692880126
0.014302941011246567
0.013780676550002858
0.01329202839555512
0.012833981621759322
0.01240386245809216
0.011999292201164061
0.011618148302619449
0.011258531376520971
0.01091873711254649
0.010597232273256596
0.01029263410598521
0.010003692621396817
0.00972927528816857
0.009468353771746848
0.009219992408669993
0.008983338159620245
0.008757611826568108
0.008542100353980574
0.008336150062559064
0.008139160687526608
0.00795058011302084
0.007769899710417254
0.007596650201995616
0.007430397982752512
0.007270741842740302
0.007117310040389745
0.006969757684107266
0.006827764385234375
0.006691032150388923
0.006559283485414152
0.006432259686760338
0.006309719299207664
0.006191436721491225
0.0060772009436730135
0.005966814402078486
0.005860091939322292
0.005756859858428688
0.005656955061338578
0.005560224263216617
0.005466523274949098
0.005375716347079025
0.0052876755691738005
0.0052022803192777935
0.005119416758680988
0.005038977367742644
0.004960860518958937
0.004884970083859588
0.0048112150706696175
0.0047395092899840405
0.00466977104597876
0.004601922850927389
0.004535891161011578
0.004471606131608005
0.004409001390408995
0.004348013826889181
0.00428858339677024
0.004230652940260575
0.004174168012958494
0.00411907672840864
0.004065329611391734
0.004012879461109373
0.003961681223499166
0.003911691871981932
0.003862870296002864
0.00381517719678263
0.003768574989743699
0.003723027713121991
0.003678500942313825
0.00363496170954586
0.0035923784284880326
0.003550720823460945
0.003509959862916274
0.003470067696894165
0.003431017598184939
0.0033927839069430397
0.003355341978520876
0.0033186681343075988
0.0032827396153740362
0.003247534538739938
0.003213031856092982
0.0031792113148019414
0.0031460534210772926
0.0031135394051436025
0.0030816511882972154
0.0030503713517322337
0.0030196831070256123
0.0029895702681797766
0.0029600172251284494
0.002931008918617588
0.0029025308163794514
0.0028745688905230903
0.002847109596070066
0.0028201398505685238
0.002793647014723441
0.0027676188739847413
0.0027420436210387027
0.0027169098391518895
0.0026922064863196147
0.0026679228801744746
0.0026440486836127584
0.002620573891099671
0.0025974888156163056
0.002574784076213897
0.002552450586142688
0.0025304795415250474
0.0025088624105439445
0.002487590923119914
0.0024666570610510285
0.0024460530485919886
0.0024257713434498685
0.0024058046281751357
0.002386145801928263
0.002366787972602613
0.002347724449286332
0.002328948735046081
0.002310454520016986
0.0022922356747836275
0.0022742862440383034
0.002256600440502708
0.002239172639100875
0.0022219973713710796
0.0022050693201056378
0.002188383314207742
0.0021719343237552565
0.0021557174552618843
0.0021397279471266845
0.00212396116526306
0.002108412598899369
0.002093077856543208
0.0020779526621020608
0.002063032851153245
0.0020483143673567313
0.002033793259004308
0.002019465675699248
0.002005327865160728
0.0019913761701476356
0.0019776070254965967
0.0019640169552692893
0.0019506025700045
0.001937360564070401
0.001924287713112833
0.0019113808715956273
0.0018986369704290964
0.0018860530146830687
0.0018736260813810017
0.0018613533173717537
0.0018492319372761152
0.0018372592215046579
0.0018254325143445215
0.0018137492221119663
0.0018022068113683442
0.001790802807196845
0.0017795347915376483
0.0017684004015792753
0.0017573973282037853
0.00174652331448397
0.0017357761542303026
0.0017251536905859126
0.0017146538146676203
0.0017042744642514253
0.0016940136225006802
0.0016838693167352977
0.0016738396172407024
0.001663922636114637
0.0016541165261509028
0.0016444194797583002
0.0016348297279136824
0.001625345539147802
0.0016159652185627881
0.0016066871068801244
0.0015975095795180247
0.0015884310456971162
0.001579449947573535
0.001570564759398321
0.0015617739867023219
0.0015530761655056199
0.0015444698615507103
0.001535953669558443
0.0015275262125062682
0.0015191861409275867
0.0015109321322318615
0.0015027628900446106
0.001494677143566582
0.0014866736469515496
0.0014787511787020962
0.0014709085410827172
0.0014631445595497318
0.0014554580821974205
0.001447847979219892
0.001440313142388091
0.0014328524845414763
0.0014254649390940302
0.0014181494595538855
0.00141090501905629
0.0014037306099095683
0.0013966252431533812
0.0013895879481292091
0.001382617772062465
0.00137571377965592
0.0013688750526941425
0.001362100689658571
0.0013553898053528274
0.0013487415305380856
0.0013421550115780634
0.0013356294100934103
0.0013291639026251903
0.0013227576803071664
0.001316409948546655
0.0013101199267136364
0.0013038868478379212
0.0012977099583141541
0.0012915885176143075
0.0012855217980076105
0.0012795090842875096
0.0012735496735056236
0.0012676428747123865
0.0012617880087041806
0.0012559844077768458
0.0012502314154853077
0.001244528386409161
0.0012388746859240982
0.001233269689978902
0.0012277127848779887
0.0012222033670691718
0.001216740842936706
0.0012113246285992208
0.001205954149712643
0.0012006288412778226
0.0011953481474527145
0.0011901115213691672
0.0011849184249539371
0.0011797683287540462
0.0011746607117661836
0.001169595061270171
0.0011645708726663194
0.0011595876493165564
0.001154644902389261
0.0011497421507077196
0.001144878920602021
0.0011400547457644258
0.0011352691671079867
0.0011305217326284095
0.0011258119972690965
0.001121139522789213
0.0011165038776346935
0.0011119046368122448
0.0011073413817660927
0.001102813700257497
0.001098321186246963
0.001093863439779063
0.0010894400668697945
0.0010850506793964082
0.0010806948949896658
0.0010763723369284668
0.0010720826340367051
0.0010678254205824696
0.0010636003361793403
0.0010594070256898127
0.001055245139130868
0.0010511143315814697
0.001047014263092115
0.0010429445985962599
0.0010389050078236303
0.0010348951652153753
0.0010309147498409918
0.0010269634453169978
0.0010230409397272886
0.0010191469255452143
0.0010152810995571679
0.0010114431627878363
0.0010076328204269675
0.0010038497817576612
0.001000093760086089
9.96364472672668E-4
9.926616406646601E-4
9.889849890300877E-4
9.853342464930513E-4
9.817091454702653E-4
9.781094220089402E-4
9.745348157258934E-4
9.709850697478369E-4
9.674599306529125E-4
9.639591484133195E-4
9.604824763391296E-4
9.570296710232034E-4
9.536004922871309E-4
9.501947031283048E-4
9.468120696680198E-4
9.434523611004795E-4
9.401153496429463E-4
9.368008104867518E-4
9.335085217492317E-4
9.302382644267295E-4
9.269898223482955E-4
9.237629821304476E-4
9.205575331326574E-4
9.173732674138163E-4
9.142099796893825E-4
9.110674672894541E-4
9.079455301175475E-4
9.048439706102045E-4
9.017625936973328E-4
8.987012067632626E-4
8.956596196085658E-4
8.926376444125718E-4
8.896350956965621E-4
8.866517902876305E-4
8.836875472832405E-4
8.807421880164362E-4
8.778155360216364E-4
8.749074170010732E-4
8.720176587919068E-4
8.691460913338029E-4
8.662925466372253E-4
8.634568587521943E-4
8.606388637377131E-4
8.57838399631605E-4
8.550553064210316E-4
8.522894260134127E-4
8.495406022079681E-4
8.468086806676483E-4
8.440935088916782E-4
8.413949361884973E-4
8.387128136491968E-4
8.360469941214484E-4
8.33397332183848E-4
8.307636841207212E-4
8.28145907897396E-4
8.255438631358278E-4
8.229574110907379E-4
8.20386414626075E-4
8.17830738191934E-4
8.152902478018609E-4
8.127648110105262E-4
8.102542968918075E-4
8.077585760171808E-4
8.052775204345918E-4
8.028110036475326E-4
8.00358900594623E-4
7.979210876294116E-4
7.95497442500575E-4
7.93087844332459E-4
7.906921736058746E-4
7.883103121393248E-4
7.859421430703974E-4
7.835875508375943E-4
7.812464211624099E-4
7.789186410316588E-4
7.766040986801816E-4
7.743026835737512E-4
7.720142863923278E-4
7.69738799013508E-4
7.674761144963228E-4
7.652261270652257E-4
7.62988732094406E-4
7.607638260922885E-4
7.585513066863251E-4
7.563510726080233E-4
7.541630236781999E-4
7.519870607924662E-4
7.49823085906982E-4
7.476710020243706E-4
7.455307131799167E-4
7.43402124427955E-4
7.412851418284447E-4
7.391796724338265E-4
7.370856242760177E-4
7.350029063536261E-4
7.329314286193915E-4
7.308711019677746E-4
7.288218382227965E-4
7.267835501260047E-4
7.247561513246613E-4
7.22739556360108E-4
7.20733680656293E-4
7.187384405084982E-4
7.167537530722175E-4
7.147795363522147E-4
7.128157091917432E-4
7.1086219126192E-4
7.089189030512656E-4
7.069857658554412E-4
7.050627017670589E-4
7.031496336657186E-4
7.01246485208138E-4
6.993531808184815E-4
6.974696456787877E-4
6.955958057195807E-4
6.937315876105598E-4
6.918769187515118E-4
6.900317272632689E-4
6.881959419788651E-4
6.863694924347874E-4
6.845523088623699E-4
6.82744322179291E-4
6.809454639812484E-4
6.79155666533674E-4
6.773748627636532E-4
6.756029862518694E-4
6.738399712247941E-4
6.720857525468238E-4
6.703402657126804E-4
6.686034468398162E-4
6.66875232661002E-4
6.651555605169732E-4
6.634443683491636E-4
6.617415946926235E-4
6.600471786689559E-4
6.583610599793935E-4
6.566831788979552E-4
6.550134762647162E-4
6.533518934791565E-4
6.516983724936015E-4
6.500528558067997E-4
6.484152864574906E-4
6.467856080181675E-4
6.451637645888702E-4
6.435497007910844E-4
6.419433617616807E-4
6.403446931470332E-4
6.387536410971E-4
6.371701522596738E-4
6.355941737746775E-4
6.340256532685377E-4
6.32464538848639E-4
6.30910779097845E-4
6.293643230691063E-4
6.27825120280154E-4
6.262931207082077E-4
6.247682747848327E-4
6.232505333908053E-4
6.217398478510801E-4
6.202361699297966E-4
6.18739451825402E-4
6.17249646165768E-4
6.157667060034483E-4
6.142905848109228E-4
6.128212364759923E-4
6.113586152971259E-4
6.099026759789817E-4
6.084533736279177E-4
6.07010663747554E-4
6.055745022344582E-4
6.041448453738104E-4
6.027216498351816E-4
6.01304872668336E-4
5.998944712991041E-4
5.984904035252952E-4
5.970926275126755E-4
5.957011017909879E-4
5.943157852500464E-4
5.929366371358266E-4
5.915636170466745E-4
5.901966849295283E-4
5.888358010761615E-4
5.874809261195376E-4
5.861320210301841E-4
5.84789047112549E-4
5.834519660015219E-4
5.82120739658911E-4
5.80795330369998E-4
5.794757007401064E-4
5.781618136912718E-4
5.768536324588941E-4
5.75551120588464E-4
5.742542419323221E-4
5.729629606464477E-4
5.716772411873147E-4
5.703970483087429E-4
5.69122347058862E-4
5.678531027770126E-4
5.665892810907676E-4
5.653308479129761E-4
5.640777694387796E-4
5.628300121427743E-4
5.615875427760996E-4
5.603503283636466E-4
5.591183362012268E-4
5.578915338528555E-4
5.566698891480025E-4
5.554533701788887E-4
5.542419452978589E-4
5.530355831147169E-4
5.518342524941562E-4
5.50637922553188E-4
5.494465626585941E-4
5.482601424244483E-4
5.470786317096163E-4
5.459020006153212E-4
5.447302194827333E-4
5.435632588905791E-4
5.42401089652781E-4
5.412436828161284E-4
5.400910096579762E-4
5.389430416839624E-4
5.377997506257708E-4
5.366611084388923E-4
5.355270873004502E-4
5.343976596070133E-4
5.332727979724378E-4
5.321524752257856E-4
5.310366644091818E-4
5.299253387757896E-4
5.288184717877213E-4
5.277160371140507E-4
5.266180086287681E-4
5.255243604088643E-4
5.244350667323036E-4
5.233501020761648E-4
5.222694411146708E-4
5.211930587173341E-4
5.201209299470794E-4
5.190530300584024E-4
5.179893344955332E-4
5.169298188906581E-4
5.158744590621024E-4
5.148232310125966E-4
5.137761109275302E-4
5.127330751731912E-4
5.116941002951186E-4
5.106591630163726E-4
5.096282402359014E-4
5.086013090268586E-4
5.07578346635003E-4
5.0655933047708E-4
5.055442381392206E-4
5.045330473753731E-4
5.035257361057497E-4
5.025222824152711E-4
5.015226645520572E-4
5.00526860925925E-4
4.995348501068617E-4
4.985466108235997E-4
4.975621219621417E-4
4.965813625642943E-4
4.956043118262815E-4
4.946309490973014E-4
4.936612538781498E-4
4.926952058198346E-4
4.917327847222239E-4
4.907739705326615E-4
4.898187433446639E-4
4.888670833966034E-4
4.8791897107036594E-4
4.8697438689009574E-4
4.8603331152088686E-4
4.850957257675378E-4
4.8416161057329894E-4
4.8323094701862283E-4
4.823037163199439E-4
4.8137989982847284E-4
4.8045947902899104E-4
4.795424355386649E-4
4.7862875110586716E-4
4.7771840760903856E-4
4.768113870554992E-4
4.759076715803546E-4
4.7500724344533106E-4
4.741100850376981E-4
4.7321617886913786E-4
4.7232550757467115E-4
4.7143805391157537E-4
4.7055380075830924E-4
4.696727311134769E-4
4.687948280947646E-4
4.679200749379049E-4
4.6704845499566356E-4
4.6617995173682184E-4
4.6531454874517624E-4
4.644522297185395E-4
4.6359297846776653E-4
4.627367789157655E-4
4.618836150965782E-4
4.6103347115435795E-4
4.601863313425087E-4
4.5934218002268036E-4
4.5850100166388945E-4
4.5766278084159284E-4
4.568275022367685E-4
4.5599515063505293E-4
4.5516571092581973E-4
4.543391681013253E-4
4.535155072558284E-4
4.526947135847351E-4
4.5187677238374776E-4
4.51061669048019E-4
4.5024938907131814E-4
4.494399180452177E-4
4.4863324165824315E-4
4.478293456951061E-4
4.4702821603586853E-4
4.4622983865517284E-4
4.4543419962143384E-4
4.4464128509607675E-4
4.438510813327727E-4
4.430635746766499E-4
4.422787515635684E-4
4.414965985193516E-4
4.4071710215906265E-4
4.3994024918625664E-4
4.391660263922567E-4
4.3839442065544504E-4
4.376254189405462E-4
4.3685900829792235E-4
4.3609517586286665E-4
4.353339088549315E-4
4.345751945772244E-4
4.338190204157464E-4
4.330653738387038E-4
4.323142423958625E-4
4.315656137178769E-4
4.308194755156347E-4
4.300758155796298E-4
4.293346217792963E-4
4.285958820624066E-4
4.27859584454411E-4
4.2712571705784137E-4
4.263942680516905E-4
4.2566522569078527E-4
4.2493857830520773E-4
4.2421431429968417E-4
4.234924221529868E-4
4.2277289041737175E-4
4.2205570771796584E-4
4.213408627522081E-4
4.206283442892857E-4
4.199181411695522E-4
4.1921024230398216E-4
4.185046366736022E-4
4.1780131332896497E-4
4.1710026138957936E-4
4.164014700433908E-4
4.157049285462299E-4
4.150106262213093E-4
4.143185524586695E-4
4.1362869671467736E-4
4.1294104851151046E-4
4.1225559743664745E-4
4.1157233314235704E-4
4.1089124534520236E-4
4.1021232382555033E-4
4.0953555842706494E-4
4.0886093905623776E-4
4.0818845568189936E-4
4.0751809833473754E-4
4.0684985710683053E-4
4.0618372215117405E-4
4.055196836812191E-4
4.04857731970408E-4
4.041978573517212E-4
4.0354005021722624E-4
4.028843010176243E-4
4.0223060026181064E-4
4.015789385164302E-4
4.0092930640545375E-4
4.0028169460972266E-4
3.996360938665516E-4
3.989924949692745E-4
3.983508887668463E-4
3.977112661634055E-4
3.970736181178824E-4
3.9643793564357973E-4
3.9580420980775595E-4
3.9517243173124554E-4
3.945425925880425E-4
3.9391468360491875E-4
3.932886960610193E-4
3.9266462128748254E-4
3.9204245066704583E-4
3.914221756336943E-4
3.9080378767223555E-4
3.9018727831796493E-4
3.8957263915628056E-4
3.889598618223018E-4
3.883489380005317E-4
3.8773985942447663E-4
3.871326178762886E-4
3.86527205186417E-4
3.859236132332495E-4
3.853218339427725E-4
3.8472185928821565E-4
3.841236812897132E-4
3.8352729201395646E-4
3.8293268357387426E-4
3.8233984812827837E-4
3.8174877788155274E-4
3.811594650833019E-4
3.8057190202803333E-4
3.799860810548576E-4
3.794019945471277E-4
3.788196349321617E-4
3.7823899468089264E-4
3.7766006630758067E-4
3.770828423694968E-4
3.765073154666171E-4
3.759334782413125E-4
3.7536132337805E-4
3.7479084360310925E-4
3.742220316842542E-4
3.736548804304795E-4
3.730893826916679E-4
3.7252553135835664E-4
3.719633193614171E-4
3.7140273967176975E-4
3.708437853001266E-4
3.702864492966865E-4
3.697307247508701E-4
3.691766047910467E-4
3.686240825842474E-4
3.6807315133592097E-4
3.6752380428964283E-4
3.6697603472685613E-4
3.664298359666209E-4
3.658852013653228E-4
3.65342124316449E-4
3.6480059825031396E-4
3.642606166337954E-4
3.637221729701024E-4
3.6318526079850755E-4
3.626498736941139E-4
3.6211600526758596E-4
3.615836491649425E-4
3.610527990672669E-4
3.605234486904984E-4
3.599955917851906E-4
3.5946922213626696E-4
3.5894433356278583E-4
3.584209199177175E-4
3.5789897508770084E-4
3.5737849299282494E-4
3.5685946758639637E-4
3.5634189285471267E-4
3.5582576281684196E-4
3.5531107152440974E-4
3.5479781306134916E-4
3.542859815437268E-4
3.5377557111948717E-4
3.5326657596825906E-4
3.527589903011417E-4
3.522528083604862E-4
3.517480244196939E-4
3.512446327829905E-4
3.5074262778525295E-4
3.502420037917749E-4
3.497427551980782E-4
3.492448764296989E-4
3.4874836194201294E-4
3.482532062200101E-4
3.4775940377811256E-4
3.4726694915998064E-4
3.467758369383081E-4
3.4628606171464415E-4
3.4579761811919874E-4
3.453105008106433E-4
3.4482470447593454E-4
3.4434022383013493E-4
3.4385705361620765E-4
3.433751886048474E-4
3.4289462359430326E-4
3.424153534101881E-4
3.4193737290529665E-4
3.4146067695944957E-4
3.4098526047929187E-4
3.405111183981291E-4
3.4003824567576437E-4
3.395666372983049E-4
3.390962882780143E-4
3.386271936531213E-4
3.3815934848767056E-4
3.376927478713461E-4
3.3722738691930877E-4
3.367632607720292E-4
3.36300364595127E-4
3.3583869357921514E-4
3.353782429397282E-4
3.349190079167658E-4
3.344609837749536E-4
3.3400416580325E-4
3.335485493148231E-4
3.330941296468894E-4
3.326409021605424E-4
3.321888622406278E-4
3.3173800529557267E-4
3.312883267572444E-4
3.308398220807991E-4
3.303924867445338E-4
3.2994631624974467E-4
3.2950130612057713E-4
3.2905745190388346E-4
3.286147491690775E-4
3.2817319350800727E-4
3.277327805347876E-4
3.272935058856734E-4
3.2685536521893314E-4
3.2641835421469846E-4
3.2598246857481865E-4
3.2554770402274655E-4
3.2511405630338366E-4
3.246815211829635E-4
3.242500944489064E-4
3.2381977190969934E-4
3.233905493947413E-4
3.2296242275425564E-4
3.2253538785910615E-4
3.221094406007301E-4
3.216845768909591E-4
3.2126079266192093E-4
3.208380838659077E-4
3.2041644647526005E-4
3.1999587648222035E-4
3.1957636989884047E-4
3.191579227568405E-4
3.1874053110749064E-4
3.1832419102149965E-4
3.1790889858888976E-4
3.174946499188819E-4
3.1708144113977584E-4
3.166692683988264E-4
3.162581278621643E-4
3.158480157146132E-4
3.154389281596568E-4
3.1503086141925716E-4
3.146238117337924E-4
3.142177753619135E-4
3.13812748580447E-4
3.134087276842873E-4
3.1300570898627804E-4
3.1260368881712E-4
3.1220266352524503E-4
3.1180262947673004E-4
3.1140358305515974E-4
3.1100552066156626E-4
3.10608438714284E-4
3.1021233364886253E-4
3.098172019179799E-4
3.094230399913065E-4
3.090298443554319E-4
3.0863761151374855E-4
3.082463379863668E-4
3.0785602030999676E-4
3.07466655037869E-4
3.0707823873961674E-4
3.066907680012033E-4
3.063042394248004E-4
3.059186496287117E-4
3.055339952472637E-4
3.05150272930722E-4
3.0476747934519646E-4
3.0438561117254476E-4
3.040046651102699E-4
3.0362463787145645E-4
3.032455261846492E-4
3.0286732679377977E-4
3.024900364580729E-4
3.0211365195195885E-4
3.017381700649822E-4
3.0136358760171E-4
3.0098990138165767E-4
3.0061710823918865E-4
3.00245205023434E-4
2.998741885982044E-4
2.995040558419174E-4
2.991348036474838E-4
2.9876642892226246E-4
2.983989285879423E-4
2.9803229958049187E-4
2.976665388500406E-4
2.9730164336082786E-4
2.96937610091114E-4
2.965744360330917E-4
2.962121181928132E-4
2.9585065359010094E-4
2.95490039258497E-4
2.951302722451479E-4
2.9477134961075087E-4
2.944132684294675E-4
2.940560257888548E-4
2.9369961878977904E-4
2.9334404454634504E-4
2.929893001858208E-4
2.926353828485696E-4
2.922822896879655E-4
2.9193001787031653E-4
2.9157856457481547E-4
2.912279269934353E-4
2.908781023308779E-4
2.9052908780449906E-4
2.9018088064423865E-4
2.898334780925368E-4
2.894868774042846E-4
2.891410758467386E-4
2.8879607069945244E-4
2.884518592542143E-4
2.8810843881499104E-4
2.877658066978198E-4
2.8742396023078603E-4
2.870828967539306E-4
2.867426136191923E-4
2.864031081903376E-4
2.8606437784289244E-4
2.8572641996408915E-4
2.853892319527875E-4
2.8505281121942583E-4
2.847171551859332E-4
2.843822612856951E-4
2.8404812696347046E-4
2.83714749675335E-4
2.833821268886139E-4
2.830502560818298E-4
2.827191347446369E-4
2.8238876037775675E-4
2.820591304929192E-4
2.817302426128102E-4
2.8140209427099215E-4
2.810746830118681E-4
2.807480063906107E-4
2.804220619730953E-4
2.800968473358686E-4
2.7977236006605034E-4
2.7944859776131935E-4
2.7912555802982045E-4
2.7880323849013096E-4
2.7848163677119726E-4
2.781607505122685E-4
2.7784057736286315E-4
2.7752111498268795E-4
2.7720236104159863E-4
2.7688431321955026E-4
2.7656696920652895E-4
2.7625032670249537E-4
2.759343834173557E-4
2.756191370708826E-4
2.753045853926716E-4
2.749907261220913E-4
2.746775570082299E-4
2.7436507580984174E-4
2.740532802952989E-4
2.737421682425221E-4
2.7343173743896865E-4
2.7312198568153707E-4
2.7281291077655453E-4
2.7250451053969734E-4
2.721967827959635E-4
2.718897253796079E-4
2.715833361341033E-4
2.7127761291208583E-4
2.709725535753081E-4
2.706681559945968E-4
2.7036441804979746E-4
2.700613376297246E-4
2.6975891263212177E-4
2.6945714096361737E-4
2.691560205396689E-4
2.688555492845203E-4
2.6855572513115593E-4
2.682565460212572E-4
2.679580099051537E-4
2.6766011474178185E-4
2.673628584986343E-4
2.670662391517231E-4
2.667702546855222E-4
2.6647490309294835E-4
2.661801823752866E-4
2.6588609054216427E-4
2.655926256115103E-4
2.6529978560950636E-4
2.6500756857053917E-4
2.6471597253716577E-4
2.644249955600701E-4
2.6413463569802375E-4
2.638448910178363E-4
2.6355575959432093E-4
2.632672395102477E-4
2.6297932885630774E-4
2.62692025731071E-4
2.6240532824094853E-4
2.62119234500142E-4
2.618337426306141E-4
2.6154885076205153E-4
2.6126455703181026E-4
2.609808595848977E-4
2.6069775657391447E-4
2.604152461590195E-4
2.601333265079094E-4
2.5985199579575105E-4
2.5957125220516474E-4
2.5929109392618956E-4
2.5901151915622486E-4
2.5873252610000895E-4
2.584541129695803E-4
2.581762779842306E-4
2.5789901937049215E-4
2.5762233536206786E-4
2.5734622419982004E-4
2.5707068413173236E-4
2.567957134128559E-4
2.565213103052986E-4
2.562474730781706E-4
2.5597420000755757E-4
2.5570148937648584E-4
2.554293394748854E-4
2.5515774859955664E-4
2.5488671505413576E-4
2.546162371490581E-4
2.5434631320153287E-4
2.540769415354964E-4
2.538081204815898E-4
2.535398483771235E-4
2.5327212356603514E-4
2.5300494439887E-4
2.527383092327438E-4
2.524722164312987E-4
2.522066643646935E-4
2.519416514095451E-4
2.5167717594892227E-4
2.514132363722971E-4
2.511498310755213E-4
2.508869584607834E-4
2.506246169365966E-4
2.503628049177485E-4
2.5010152082528283E-4
2.498407630864669E-4
2.4958053013475966E-4
2.493208204097726E-4
2.490616323572594E-4
2.4880296442906434E-4
2.485448150831112E-4
2.4828718278336166E-4
2.480300659997896E-4
2.4777346320834913E-4
2.4751737289095384E-4
2.4726179353543834E-4
2.470067236355359E-4
2.467521616908451E-4
2.464981062068069E-4
2.462445556946644E-4
2.4599150867145634E-4
2.4573896365997323E-4
2.4548691918872654E-4
2.45235373791935E-4
2.449843260094818E-4
2.4473377438689485E-4
2.444837174753337E-4
2.4423415383153905E-4
2.4398508201781512E-4
2.4373650060199986E-4
2.4348840815745346E-4
2.4324080326301365E-4
2.4299368450297692E-4
2.4274705046707195E-4
2.4250089975043503E-4
2.4225523095358707E-4
2.4201004268239616E-4
2.4176533354806906E-4
2.41521102167102E-4
2.4127734716129185E-4
2.410340671576728E-4
2.4079126078851686E-4
2.4054892669129704E-4
2.4030706350866565E-4
2.400656698884346E-4
2.3982474448353927E-4
2.3958428595203287E-4
2.3934429295704212E-4
2.391047641667588E-4
2.388656982544087E-4
2.3862709389822352E-4
2.3838894978143435E-4
2.3815126459222113E-4
2.3791403702372394E-4
2.376772657739856E-4
2.3744094954595063E-4
2.3720508704744178E-4
2.36969676991116E-4
2.3673471809447516E-4
2.3650020907981027E-4
2.362661486742081E-4
2.3603253560950337E-4
2.3579936862227604E-4
2.355666464538197E-4
2.3533436785012308E-4
2.3510253156184768E-4
2.3487113634430493E-4
2.3464018095743018E-4
2.3440966416577415E-4
2.3417958473847525E-4
2.3394994144922544E-4
2.337207330762738E-4
2.3349195840238526E-4
2.332636162148318E-4
2.330357053053637E-4
2.3280822447019274E-4
2.325811725099793E-4
2.3235454822979033E-4
2.321283504391017E-4
2.3190257795176704E-4
2.3167722958600574E-4
2.3145230416436727E-4
2.3122780051373145E-4
2.3100371746527252E-4
2.3078005385444478E-4
2.3055680852096945E-4
2.3033398030880602E-4
2.3011156806613715E-4
2.2988957064535247E-4
2.2966798690302365E-4
2.2944681569988845E-4
2.292260559008305E-4
2.2900570637486258E-4
2.287857659951081E-4
2.2856623363878132E-4
2.2834710818716512E-4
2.2812838852560228E-4
2.279100735434646E-4
2.2769216213414984E-4
2.2747465319504647E-4
2.272575456275315E-4
2.270408383369488E-4
2.268245302325747E-4
2.2660862022762636E-4
2.2639310723922558E-4
2.2617799018839066E-4
2.2596326800001802E-4
2.2574893960285272E-4
2.255350039294934E-4
2.2532145991635474E-4
2.2510830650366364E-4
2.2489554263543137E-4
2.2468316725944988E-4
2.2447117932726147E-4
2.2425957779415416E-4
2.2404836161913787E-4
2.238375297649244E-4
2.2362708119792106E-4
2.234170148882116E-4
2.2320732980953334E-4
2.2299802493926603E-4
2.227890992584165E-4
2.2258055175160342E-4
2.223723814070316E-4
2.2216458721649706E-4
2.2195716817534594E-4
2.2175012328247507E-4
2.215434515403181E-4
2.213371519548196E-4
2.2113122353542022E-4
2.2092566529505528E-4
2.2072047625012407E-4
2.2051565542047775E-4
2.2031120182941407E-4
2.2010711450365738E-4
2.1990339247332337E-4
2.1970003477194747E-4
2.1949704043642944E-4
2.1929440850703533E-4
2.1909213802739135E-4
2.18890228044449E-4
2.1868867760848568E-4
2.1848748577308914E-4
2.1828665159513727E-4
2.1808617413478847E-4
2.1788605245546172E-4
2.1768628562382936E-4
2.1748687270980365E-4
2.172878127865154E-4
2.170891049303039E-4
2.1689074822069983E-4
2.1669274174042862E-4
2.1649508457536907E-4
2.1629777581456245E-4
2.1610081455018253E-4
2.1590419987753642E-4
2.157079308950471E-4
2.1551200670422865E-4
2.1531642640968852E-4
2.151211891191099E-4
2.149262939432293E-4
2.1473173999583947E-4
2.1453752639375855E-4
2.1434365225683627E-4
2.141501167079268E-4
2.1395691887287572E-4
2.1376405788052234E-4
2.1357153286266598E-4
2.1337934295406936E-4
2.1318748729244407E-4
2.1299596501842997E-4
2.1280477527559102E-4
2.1261391721039924E-4
2.1242338997221505E-4
2.1223319271329426E-4
2.1204332458875944E-4
2.118537847565929E-4
2.1166457237762495E-4
2.1147568661552066E-4
2.1128712663677184E-4
2.1109889161067993E-4
2.1091098070934224E-4
2.1072339310765673E-4
2.105361279832885E-4
2.1034918451666654E-4
2.1016256189098332E-4
2.0997625929216162E-4
2.09790275908863E-4
2.0960461093246538E-4
2.0941926355705386E-4
2.092342329794149E-4
2.0904951839901723E-4
2.088651190179968E-4
2.0868103404116805E-4
2.0849726267598552E-4
2.083138041325522E-4
2.081306576235905E-4
2.0794782236445701E-4
2.0776529757310675E-4
2.0758308247009684E-4
2.0740117627856782E-4
2.0721957822424048E-4
2.070382875353999E-4
2.0685730344288162E-4
2.0667662518007723E-4
2.064962519829017E-4
2.063161830897981E-4
2.061364177417217E-4
2.0595695518213768E-4
2.0577779465698874E-4
2.055989354147137E-4
2.0542037670622358E-4
2.0524211778488732E-4
2.050641579065232E-4
2.04886496329397E-4
2.0470913231420627E-4
2.0453206512407082E-4
2.043552940245231E-4
2.0417881828349666E-4
2.04002637171317E-4
2.0382674996070015E-4
2.0365115592672502E-4
2.0347585434684576E-4
2.0330084450086294E-4
2.031261256709242E-4
2.029516971415119E-4
2.0277755819943775E-4
2.026037081338256E-4
2.0243014623611157E-4
2.0225687180002003E-4
2.020838841215738E-4
2.0191118249907543E-4
2.0173876623309024E-4
2.0156663462644759E-4
2.0139478698423275E-4
2.0122322261377035E-4
2.0105194082461632E-4
2.00880940928558E-4
2.007102222395933E-4
2.0053978407393378E-4
2.0036962574998462E-4
2.0019974658833775E-4
2.0003014591177433E-4
1.9986082304524098E-4
1.9969177731585E-4
1.9952300805286483E-4
1.9935451458770746E-4
1.9918629625392356E-4
1.9901835238719524E-4
1.9885068232532247E-4
1.986832854082232E-4
1.9851616097791156E-4
1.9834930837850406E-4
1.9818272695619878E-4
1.9801641605927893E-4
1.9785037503809513E-4
1.976846032450612E-4
1.9751910003464407E-4
1.97353864763364E-4
1.9718889678977162E-4
1.9702419547445142E-4
1.9685976018000954E-4
1.96695590271069E-4
1.9653168511425488E-4
1.9636804407819632E-4
1.9620466653350876E-4
1.9604155185279387E-4
1.9587869941062894E-4
1.9571610858355452E-4
1.9555377875007606E-4
1.9539170929064727E-4
1.95229899587669E-4
1.9506834902547742E-4
1.9490705699034132E-4
1.94746022870449E-4
1.9458524605590235E-4
1.9442472593871139E-4
1.942644619127849E-4
1.941044533739286E-4
1.9394469971982878E-4
1.937852003500426E-4
1.9362595466601562E-4
1.9346696207103603E-4
1.9330822197026395E-4
1.9314973377070028E-4
1.9299149688118664E-4
1.9283351071240515E-4
1.9267577467685737E-4
1.9251828818887324E-4
1.9236105066459098E-4
1.922040615219514E-4
1.920473201807083E-4
1.918908260623965E-4
1.9173457859033408E-4
1.9157857718962712E-4
1.914228212871506E-4
1.912673103115452E-4
1.9111204369320005E-4
1.9095702086426993E-4
1.9080224125865084E-4
1.9064770431197173E-4
1.9049340946159724E-4
1.9033935614661275E-4
1.901855438078361E-4
1.900319718877771E-4
1.8987863983066454E-4
1.8972554708241945E-4
1.8957269309066217E-4
1.894200773046917E-4
1.892676991754947E-4
1.891155581557177E-4
1.8896365369969087E-4
1.8881198526339446E-4
1.8866055230446459E-4
1.8850935428219156E-4
1.8835839065749712E-4
1.882076608929443E-4
1.8805716445272915E-4
1.879069008026656E-4
1.8775686941018785E-4
1.876070697443375E-4
1.8745750127576534E-4
1.8730816347672087E-4
1.8715905582104755E-4
1.8701017778416693E-4
1.8686152884309597E-4
1.867131084764157E-4
1.8656491616428234E-4
1.864169513884168E-4
1.8626921363208763E-4
1.8612170238012504E-4
1.8597441711890533E-4
1.8582735733633628E-4
1.8568052252187418E-4
1.8553391216648792E-4
1.8538752576268043E-4
1.8524136280447122E-4
1.8509542278738545E-4
1.8494970520845902E-4
1.8480420956622963E-4
1.8465893536072597E-4
1.8451388209346996E-4
1.843690492674691E-4
1.8422443638720245E-4
1.8408004295862468E-4
1.8393586848916002E-4
1.8379191248769406E-4
1.8364817446457233E-4
1.835046539315844E-4
1.8336135040197414E-4
1.83218263390415E-4
1.83075392413031E-4
1.8293273698735967E-4
1.8279029663237787E-4
1.826480708684772E-4
1.8250605921745427E-4
1.8236426120253065E-4
1.8222267634832325E-4
1.820813041808488E-4
1.8194014422751712E-4
1.817991960171267E-4
1.8165845907986206E-4
1.8151793294728916E-4
1.8137761715234147E-4
1.8123751122931854E-4
1.8109761471389073E-4
1.8095792714308787E-4
1.8081844805528706E-4
1.806791769902158E-4
1.8054011348894757E-4
1.8040125709389802E-4
1.8026260734880627E-4
1.8012416379875026E-4
1.7998592599013138E-4
1.798478934706702E-4
1.7971006578939414E-4
1.7957244249665482E-4
1.7943502314409879E-4
1.7929780728467555E-4
1.791607944726311E-4
1.7902398426350707E-4
1.7888737621412563E-4
1.787509698825927E-4
1.7861476482829375E-4
1.784787606118872E-4
1.7834295679529694E-4
1.7820735294171302E-4
1.7807194861558013E-4
1.7793674338260521E-4
1.778017368097395E-4
1.7766692846518444E-4
1.7753231791837603E-4
1.7739790473999577E-4
1.772636885019517E-4
1.7712966877737974E-4
1.7699584514064637E-4
1.7686221716732415E-4
1.7672878443421538E-4
1.765955465193223E-4
1.764625030018628E-4
1.763296534622444E-4
1.7619699748208244E-4
1.7606453464418185E-4
1.7593226453254296E-4
1.7580018673233981E-4
1.756683008299345E-4
1.7553660641286595E-4
1.7540510306984607E-4
1.7527379039075273E-4
1.7514266796662484E-4
1.750117353896725E-4
1.7488099225325114E-4
1.7475043815187095E-4
1.746200726811914E-4
1.7448989543801863E-4
1.7435990602029271E-4
1.742301040270923E-4
1.7410048905862926E-4
1.73971060716242E-4
1.7384181860239333E-4
1.7371276232066652E-4
1.73583891475758E-4
1.7345520567348008E-4
1.7332670452075005E-4
1.731983876255934E-4
1.730702545971337E-4
1.7294230504559389E-4
1.7281453858228403E-4
1.7268695481960673E-4
1.72559553371056E-4
1.7243233385119488E-4
1.723052958756728E-4
1.7217843906121088E-4
1.720517630256028E-4
1.7192526738770355E-4
1.7179895176743965E-4
1.7167281578578408E-4
1.7154685906477693E-4
1.7142108122750432E-4
1.7129548189810242E-4
1.7117006070175355E-4
1.710448172646746E-4
1.7091975121413027E-4
1.7079486217840882E-4
1.706701497868336E-4
1.7054561366975247E-4
1.7042125345854265E-4
1.7029706878559438E-4
1.7017305928431392E-4
1.700492245891231E-4
1.699255643354566E-4
1.6980207815974402E-4
1.6967876569942496E-4
1.695556265929393E-4
1.6943266047971886E-4
1.693098670001832E-4
1.691872457957516E-4
1.690647965088166E-4
1.6894251878276262E-4
1.6882041226194846E-4
1.6869847659170027E-4
1.6857671141833484E-4
1.6845511638911568E-4
1.6833369115228707E-4
1.6821243535705192E-4
1.6809134865356616E-4
1.679704306929448E-4
1.6784968112725965E-4
1.6772909960952363E-4
1.6760868579369885E-4
1.6748843933469127E-4
1.6736835988834147E-4
1.6724844711143527E-4
1.671287006616814E-4
1.6700912019772268E-4
1.6688970537913017E-4
1.6677045586639818E-4
1.6665137132093792E-4
1.6653245140508003E-4
1.6641369578207025E-4
1.6629510411606782E-4
1.6617667607213488E-4
1.6605841131623863E-4
1.659403095152516E-4
1.6582237033694867E-4
1.6570459344998994E-4
1.6558697852394005E-4
1.6546952522924653E-4
1.653522332372439E-4
1.6523510222015556E-4
1.651181318510819E-4
1.6500132180400091E-4
1.6488467175376968E-4
1.6476818137611346E-4
1.6465185034763254E-4
1.6453567834578568E-4
1.6441966504890038E-4
1.6430381013616486E-4
1.6418811328762308E-4
1.6407257418417687E-4
1.6395719250757488E-4
1.6384196794042312E-4
1.6372690016616573E-4
1.6361198886910078E-4
1.6349723373434977E-4
1.633826344478958E-4
1.632681906965358E-4
1.631539021679118E-4
1.6303976855049478E-4
1.6292578953357439E-4
1.6281196480727667E-4
1.6269829406254086E-4
1.6258477699112372E-4
1.6247141328561054E-4
1.623582026393835E-4
1.622451447466465E-4
1.6213223930241065E-4
1.6201948600248924E-4
1.6190688454349893E-4
1.6179443462285953E-4
1.6168213593878458E-4
1.6156998819028792E-4
1.614579910771712E-4
1.6134614430002842E-4
1.6123444756023725E-4
1.611229005599634E-4
1.61011503002156E-4
1.6090025459054126E-4
1.6078915502962135E-4
1.6067820402467257E-4
1.6056740128174597E-4
1.6045674650766605E-4
1.603462394100118E-4
1.6023587969713968E-4
1.601256670781581E-4
1.6001560126294048E-4
1.599056819621178E-4
1.59795908887074E-4
1.5968628174994388E-4
1.5957680026361143E-4
1.594674641417116E-4
1.5935827309862137E-4
1.5924922684946332E-4
1.591403251100921E-4
1.590315675971124E-4
1.5892295402785038E-4
1.588144841203734E-4
1.587061575934839E-4
1.5859797416670042E-4
1.5848993356027565E-4
1.5838203549518312E-4
1.5827427969311567E-4
1.581666658764896E-4
1.5805919376843408E-4
1.5795186309279405E-4
1.5784467357412858E-4
1.577376249377026E-4
1.5763071690948655E-4
1.57523949216161E-4
1.5741732158510785E-4
1.573108337444119E-4
1.5720448542284863E-4
1.5709827634990077E-4
1.5699220625573483E-4
1.5688627487121153E-4
1.5678048192788836E-4
1.5667482715800012E-4
1.5656931029447253E-4
1.5646393107091315E-4
1.563586892216097E-4
1.5625358448152857E-4
1.5614861658631374E-4
1.5604378527228312E-4
1.5593909027642404E-4
1.5583453133639685E-4
1.5573010819053225E-4
1.5562582057781777E-4
1.5552166823791402E-4
1.5541765091113823E-4
1.5531376833847476E-4
1.5521002026154984E-4
1.5510640642265854E-4
1.5500292656474616E-4
1.5489958043140808E-4
1.5479636776688388E-4
1.546932883160739E-4
1.5459034182450872E-4
1.5448752803836978E-4
1.543848467044795E-4
1.5428229757029547E-4
1.54179880383914E-4
1.5407759489406882E-4
1.5397544085012793E-4
1.5387341800208283E-4
1.5377152610056055E-4
1.5366976489681382E-4
1.535681341427189E-4
1.534666335907775E-4
1.5336526299411027E-4
1.5326402210646056E-4
1.5316291068218353E-4
1.5306192847625713E-4
1.529610752442648E-4
1.52860350742412E-4
1.5275975472749985E-4
1.526592869569515E-4
1.5255894718878423E-4
1.5245873518163108E-4
1.523586506947134E-4
1.522586934878655E-4
1.5215886332151722E-4
1.5205915995668683E-4
1.5195958315499493E-4
1.5186013267865767E-4
1.5176080829047464E-4
1.5166160975383869E-4
1.515625368327298E-4
1.514635892917115E-4
1.513647668959359E-4
1.512660694111302E-4
1.5116749660361054E-4
1.5106904824026263E-4
1.5097072408855604E-4
1.508725239165288E-4
1.5077444749279795E-4
1.5067649458654956E-4
1.5057866496753688E-4
1.504809584060816E-4
1.503833746730791E-4
1.5028591353997666E-4
1.501885747787962E-4
1.5009135816210936E-4
1.499942634630561E-4
1.4989729045532797E-4
1.4980043891317773E-4
1.4970370861140583E-4
1.4960709932537196E-4
1.4951061083098025E-4
1.4941424290468755E-4
1.4931799532349937E-4
1.4922186786495652E-4
1.4912586030716395E-4
1.4902997242875114E-4
1.4893420400889263E-4
1.4883855482730166E-4
1.4874302466423776E-4
1.4864761330048534E-4
1.4855232051736846E-4
1.4845714609674248E-4
1.4836208982099274E-4
1.4826715147303344E-4
1.4817233083630786E-4
1.4807762769479036E-4
1.4798304183297285E-4
1.478885730358714E-4
1.477942210890225E-4
1.4769998577848697E-4
1.4760586689084083E-4
1.4751186421317906E-4
1.4741797753310736E-4
1.473242066387512E-4
1.4723055131873907E-4
1.471370113622209E-4
1.4704358655885064E-4
1.4695027669878668E-4
1.4685708157269477E-4
1.467640009717491E-4
1.466710346876239E-4
1.465781825124951E-4
1.4648544423903696E-4
1.46392819660426E-4
1.4630030857032926E-4
1.4620791076291623E-4
1.4611562603284809E-4
1.4602345417527284E-4
1.459313949858395E-4
1.4583944826068176E-4
1.4574761379641688E-4
1.4565589139015642E-4
1.4556428083949016E-4
1.4547278194250034E-4
1.4538139449774316E-4
1.452901183042581E-4
1.4519895316156685E-4
1.451078988696649E-4
1.4501695522903236E-4
1.449261220406107E-4
1.448353991058286E-4
1.4474478622658146E-4
1.4465428320523406E-4
1.4456388984462274E-4
1.4447360594805212E-4
1.4438343131929578E-4
1.4429336576258716E-4
1.4420340908263132E-4
1.4411356108458794E-4
1.4402382157408439E-4
1.4393419035720474E-4
1.4384466724049011E-4
1.437552520309434E-4
1.4366594453602406E-4
1.4357674456364183E-4
1.4348765192215773E-4
1.4339866642039306E-4
1.4330978786761112E-4
1.432210160735296E-4
1.4313235084831478E-4
1.4304379200257553E-4
1.4295533934737155E-4
1.4286699269419926E-4
1.4277875185500407E-4
1.4269061664216886E-4
1.426025868685199E-4
1.4251466234732163E-4
1.4242684289227572E-4
1.4233912831751664E-4
1.4225151843762094E-4
1.4216401306759227E-4
1.4207661202287117E-4
1.4198931511932918E-4
1.4190212217326528E-4
1.4181503300140705E-4
1.417280474209124E-4
1.4164116524936562E-4
1.415543863047745E-4
1.4146771040556737E-4
1.4138113737060352E-4
1.4129466701915747E-4
1.4120829917092304E-4
1.4112203364601434E-4
1.4103587026496957E-4
1.4094980884873316E-4
1.4086384921867078E-4
1.407779911965608E-4
1.4069223460459312E-4
1.4060657926537296E-4
1.405210250019169E-4
1.4043557163764326E-4
1.40350218996384E-4
1.4026496690238013E-4
1.4017981518027497E-4
1.400947636551145E-4
1.4000981215235572E-4
1.399249604978488E-4
1.3984020851785518E-4
1.3975555603902657E-4
1.396710028884156E-4
1.395865488934834E-4
1.3950219388207287E-4
1.3941793768242901E-4
1.393337801231949E-4
1.39249721033399E-4
1.3916576024246502E-4
1.390818975802169E-4
1.3899813287685013E-4
1.38914465962966E-4
1.3883089666954132E-4
1.387474248279484E-4
1.3866405026994002E-4
1.3858077282765419E-4
1.3849759233360996E-4
1.3841450862071665E-4
1.3833152152225553E-4
1.3824863087189367E-4
1.3816583650367342E-4
1.3808313825201555E-4
1.380005359517219E-4
1.37918029437962E-4
1.378356185462929E-4
1.377533031126282E-4
1.376710829732701E-4
1.375889579648807E-4
1.375069279244985E-4
1.3742499268953095E-4
1.3734315209775112E-4
1.3726140598730566E-4
1.3717975419669871E-4
1.3709819656480653E-4
1.3701673293086496E-4
1.369353631344778E-4
1.368540870156069E-4
1.3677290441458184E-4
1.3669181517207707E-4
1.366108191291465E-4
1.3652991612718776E-4
1.3644910600796247E-4
1.363683886135842E-4
1.3628776378652355E-4
1.362072313696069E-4
1.3612679120601456E-4
1.3604644313927033E-4
1.3596618701326046E-4
1.3588602267221206E-4
1.3580594996071203E-4
1.357259687236831E-4
1.356460788064106E-4
1.3556628005450552E-4
1.3548657231394315E-4
1.3540695543103574E-4
1.3532742925243855E-4
1.3524799362514962E-4
1.3516864839650916E-4
1.3508939341419523E-4
1.3501022852623005E-4
1.349311535809742E-4
1.3485216842712376E-4
1.3477327291370973E-4
1.346944668901032E-4
1.3461575020600754E-4
1.345371227114644E-4
1.3445858425684105E-4
1.3438013469284254E-4
1.343017738705045E-4
1.3422350164119396E-4
1.341453178566006E-4
1.3406722236875397E-4
1.3398921502999947E-4
1.339112956930203E-4
1.3383346421081365E-4
1.337557204367136E-4
1.3367806422436945E-4
1.336004954277583E-4
1.3352301390118072E-4
1.334456194992528E-4
1.333683120769115E-4
1.3329109148942366E-4
1.3321395759236115E-4
1.3313691024162148E-4
1.330599492934229E-4
1.3298307460429015E-4
1.3290628603106444E-4
1.3282958343091163E-4
1.327529666613018E-4
1.3267643558002013E-4
1.3259999004516085E-4
1.3252362991513918E-4
1.3244735504866446E-4
1.323711653047695E-4
1.3229506054278963E-4
1.3221904062236698E-4
1.321431054034546E-4
1.3206725474630742E-4
1.319914885114851E-4
1.3191580655985848E-4
1.3184020875259132E-4
1.3176469495115623E-4
1.3168926501733047E-4
1.316139188131865E-4
1.3153865620109918E-4
1.314634770437415E-4
1.313883812040902E-4
1.3131336854541072E-4
1.3123843893127508E-4
1.31163592225544E-4
1.3108882829237936E-4
1.3101414699623278E-4
1.309395482018525E-4
1.308650317742753E-4
1.3079059757883943E-4
1.3071624548116425E-4
1.30641975347166E-4
1.3056778704305022E-4
1.3049368043530925E-4
1.3041965539072352E-4
1.303457117763638E-4
1.302718494595867E-4
1.301980683080301E-4
1.3012436818962664E-4
1.3005074897258425E-4
1.299772105253974E-4
1.2990375271684638E-4
1.2983037541598952E-4
1.297570784921704E-4
1.2968386181501113E-4
1.2961072525441162E-4
1.2953766868055262E-4
1.294646919638974E-4
1.2939179497518027E-4
1.2931897758541768E-4
1.292462396658968E-4
1.2917358108818888E-4
1.2910100172412522E-4
1.2902850144583188E-4
1.2895608012568783E-4
1.2888373763635704E-4
1.288114738507713E-4
1.2873928864213493E-4
1.286671818839161E-4
1.2859515344986592E-4
1.2852320321398927E-4
1.2845133105057163E-4
1.2837953683415785E-4
1.2830782043956384E-4
1.2823618174186914E-4
1.281646206164214E-4
1.2809313693883117E-4
1.2802173058497218E-4
1.279504014309822E-4
1.2787914935326523E-4
1.2780797422847818E-4
1.277368759335492E-4
1.276658543456615E-4
1.2759490934225904E-4
1.2752404080104454E-4
1.2745324859998107E-4
1.2738253261728745E-4
1.2731189273144133E-4
1.2724132882117352E-4
1.271708407654738E-4
1.27100428443587E-4
1.2703009173501133E-4
1.2695983051949926E-4
1.2688964467705516E-4
1.268195340879352E-4
1.2674949863265172E-4
1.2667953819196784E-4
1.2660965264688835E-4
1.265398418786772E-4
1.2647010576884672E-4
1.2640044419914972E-4
1.2633085705159407E-4
1.2626134420843784E-4
1.2619190555217784E-4
1.2612254096556184E-4
1.2605325033157849E-4
1.259840335334664E-4
1.2591489045470322E-4
1.2584582097901304E-4
1.2577682499036454E-4
1.2570790237296373E-4
1.2563905301126094E-4
1.255702767899449E-4
1.2550157359394876E-4
1.2543294330844018E-4
1.2536438581883043E-4
1.2529590101076707E-4
1.2522748877013932E-4
1.251591489830639E-4
1.2509088153590125E-4
1.250226863152481E-4
1.2495456320793565E-4
1.248865121010259E-4
1.2481853288182117E-4
1.2475062543785127E-4
1.246827896568834E-4
1.246150254269167E-4
1.2454733263617744E-4
1.2447971117313022E-4
1.2441216092646021E-4
1.2434468178509542E-4
1.2427727363818232E-4
1.2420993637509854E-4
1.2414266988545718E-4
1.240754740590862E-4
1.240083487860517E-4
1.2394129395663925E-4
1.2387430946136701E-4
1.2380739519096795E-4
1.2374055103641033E-4
1.2367377688887962E-4
1.2360707263979232E-4
1.2354043818077498E-4
1.234738734036899E-4
1.234073782006143E-4
1.2334095246384588E-4
1.2327459608590846E-4
1.232083089595402E-4
1.2314209097770158E-4
1.2307594203357175E-4
1.2300986202054952E-4
1.2294385083224887E-4
1.2287790836250232E-4
1.2281203450535856E-4
1.2274622915508737E-4
1.2268049220616427E-4
1.226148235532898E-4
1.2254922309137402E-4
1.224836907155403E-4
1.224182263211321E-4
1.223528298036959E-4
1.2228750105899568E-4
1.2222223998301128E-4
1.2215704647192612E-4
1.2209192042213945E-4
1.2202686173026103E-4
1.2196187029310732E-4
1.2189694600770358E-4
1.2183208877128906E-4
1.217672984813053E-4
1.2170257503540502E-4
1.2163791833144577E-4
1.2157332826749691E-4
1.215088047418252E-4
1.2144434765291026E-4
1.21379956899432E-4
1.2131563238027838E-4
1.2125137399453988E-4
1.21187181641509E-4
1.2112305522068585E-4
1.2105899463176836E-4
1.2099499977465785E-4
1.2093107054945534E-4
1.2086720685646789E-4
1.208034085961974E-4
1.2073967566935118E-4
1.2067600797682852E-4
1.2061240541973624E-4
1.2054886789937208E-4
1.204853953172364E-4
1.2042198757502866E-4
1.2035864457464026E-4
1.2029536621816029E-4
1.2023215240787267E-4
1.2016900304626363E-4
1.2010591803600857E-4
1.2004289727997599E-4
1.1997994068123292E-4
1.1991704814304016E-4
1.198542195688466E-4
1.1979145486229572E-4
1.1972875392722576E-4
1.1966611666766553E-4
1.1960354298783468E-4
1.1954103279214118E-4
1.1947858598518646E-4
1.1941620247176144E-4
1.193538821568444E-4
1.1929162494560343E-4
1.1922943074339651E-4
1.1916729945576444E-4
1.1910523098844723E-4
1.1904322524735223E-4
1.1898128213859503E-4
1.189194015684612E-4
1.188575834434282E-4
1.1879582767016155E-4
1.1873413415550487E-4
1.1867250280649172E-4
1.1861093353033378E-4
1.1854942623443053E-4
1.1848798082636416E-4
1.1842659721389624E-4
1.1836527530497242E-4
1.1830401500771916E-4
1.1824281623044628E-4
1.1818167888164177E-4
1.1812060286997339E-4
1.1805958810428978E-4
1.1799863449362073E-4
1.1793774194716972E-4
1.178769103743224E-4
1.1781613968464338E-4
1.1775542978787377E-4
1.176947805939314E-4
1.1763419201290797E-4
1.1757366395507655E-4
1.1751319633088293E-4
1.1745278905094816E-4
1.1739244202607215E-4
1.173321551672237E-4
1.1727192838555263E-4
1.1721176159237017E-4
1.1715165469917689E-4
1.1709160761763426E-4
1.1703162025958241E-4
1.1697169253702889E-4
1.169118243621548E-4
1.168520156473141E-4
1.1679226630503357E-4
1.1673257624800287E-4
1.1667294538908663E-4
1.1661337364131997E-4
1.1655386091790323E-4
1.1649440713220668E-4
1.1643501219777066E-4
1.1637567602830561E-4
1.1631639853768403E-4
1.1625717963994607E-4
1.16198019249303E-4
1.1613891728013041E-4
1.1607987364696521E-4
1.160208882645169E-4
1.1596196104765668E-4
1.159030919114196E-4
1.1584428077100563E-4
1.157855275417778E-4
1.1572683213927017E-4
1.1566819447916777E-4
1.1560961447732387E-4
1.1555109204975643E-4
1.154926271126435E-4
1.1543421958232469E-4
1.153758693752971E-4
1.1531757640822567E-4
1.1525934059793105E-4
1.1520116186139733E-4
1.1514304011576137E-4
1.1508497527832739E-4
1.1502696726655191E-4
1.1496901599805487E-4
1.149111213906083E-4
1.14853283362151E-4
1.1479550183077447E-4
1.147377767147245E-4
1.1468010793240381E-4
1.146224954023753E-4
1.1456493904335598E-4
1.1450743877421825E-4
1.1444999451398966E-4
1.1439260618185025E-4
1.1433527369713811E-4
1.1427799697934315E-4
1.1422077594810949E-4
1.1416361052323468E-4
1.1410650062466977E-4
1.1404944617251741E-4
1.1399244708702966E-4
1.1393550328861614E-4
1.1387861469783823E-4
1.1382178123539771E-4
1.1376500282216097E-4
1.1370827937913651E-4
1.1365161082748523E-4
1.1359499708851613E-4
1.1353843808369124E-4
1.1348193373461634E-4
1.1342548396305176E-4
1.1336908869090083E-4
1.1331274784021893E-4
1.1325646133320554E-4
1.132002290922077E-4
1.1314405103972401E-4
1.1308792709839394E-4
1.1303185719100594E-4
1.1297584124049366E-4
1.1291987916993634E-4
1.1286397090255827E-4
1.128081163617283E-4
1.1275231547096154E-4
1.1269656815391472E-4
1.1264087433438845E-4
1.1258523393633122E-4
1.1252964688382989E-4
1.1247411310111474E-4
1.1241863251255905E-4
1.1236320504267902E-4
1.1230783061613495E-4
1.1225250915772174E-4
1.1219724059237866E-4
1.121420248451914E-4
1.1208686184138055E-4
1.1203175150630263E-4
1.1197669376546588E-4
1.1192168854450634E-4
1.1186673576920621E-4
1.118118353654843E-4
1.1175698725939674E-4
1.1170219137714193E-4
1.116474476450498E-4
1.1159275598959644E-4
1.1153811633738249E-4
1.1148352861515981E-4
1.1142899274981037E-4
1.1137450866834824E-4
1.1132007629793158E-4
1.1126569556584776E-4
1.112113663995211E-4
1.1115708872651522E-4
1.111028624745237E-4
1.1104868757137325E-4
1.109945639450299E-4
1.1094049152359353E-4
1.1088647023528856E-4
1.1083250000848313E-4
1.1077858077167288E-4
1.1072471245348726E-4
1.1067089498268819E-4
1.1061712828816915E-4
1.105634122989533E-4
1.1050974694419863E-4
1.1045613215319556E-4
1.1040256785535823E-4
1.1034905398023648E-4
1.1029559045750738E-4
1.1024217721698545E-4
1.1018881418860294E-4
1.1013550130242939E-4
1.1008223848866188E-4
1.1002902567762286E-4
1.0997586279977035E-4
1.0992274978568305E-4
1.0986968656606813E-4
1.0981667307176685E-4
1.0976370923373786E-4
1.0971079498307745E-4
1.0965793025099788E-4
1.0960511496884817E-4
1.095523490680915E-4
1.0949963248032849E-4
1.0944696513728026E-4
1.0939434697078731E-4
1.0934177791282665E-4
1.0928925789548846E-4
1.0923678685099901E-4
1.0918436471169683E-4
1.0913199141005303E-4
1.0907966687865382E-4
1.0902739105021842E-4
1.0897516385758061E-4
1.0892298523370255E-4
1.088708551116661E-4
1.0881877342467275E-4
1.0876674010605036E-4
1.087147550892477E-4
1.086628183078311E-4
1.0861092969549095E-4
1.0855908918603702E-4
1.0850729671340201E-4
1.0845555221163532E-4
1.0840385561490866E-4
1.0835220685751039E-4
1.0830060587385128E-4
1.0824905259846169E-4
1.0819754696598559E-4
1.0814608891119361E-4
1.0809467836896401E-4
1.0804331527430586E-4
1.0799199956233456E-4
1.0794073116828968E-4
1.0788951002752288E-4
1.0783833607550956E-4
1.0778720924783776E-4
1.0773612948020909E-4
1.0768509670844545E-4
1.0763411086848419E-4
1.0758317189637864E-4
1.0753227972829376E-4
1.0748143430051457E-4
1.0743063554943676E-4
1.0737988341157607E-4
1.0732917782355241E-4
1.0727851872211432E-4
1.0722790604411066E-4
1.0717733972651032E-4
1.0712681970639607E-4
1.0707634592095988E-4
1.0702591830751339E-4
1.0697553680347085E-4
1.0692520134636587E-4
1.0687491187384548E-4
1.0682466832365909E-4
1.0677447063368182E-4
1.0672431874188875E-4
1.0667421258636823E-4
1.0662415210532264E-4
1.0657413723705939E-4
1.0652416792000532E-4
1.0647424409268926E-4
1.0642436569375396E-4
1.0637453266194475E-4
1.0632474493612843E-4
1.0627500245527265E-4
1.0622530515845246E-4
1.0617565298485779E-4
1.0612604587378205E-4
1.0607648376462723E-4
1.0602696659690846E-4
1.0597749431024132E-4
1.0592806684435329E-4
1.0587868413907633E-4
1.0582934613435115E-4
1.0578005277022624E-4
1.0573080398685174E-4
1.0568159972449276E-4
1.0563243992350776E-4
1.0558332452437379E-4
1.0553425346766477E-4
1.054852266940657E-4
1.0543624414436094E-4
1.0538730575944193E-4
1.0533841148030905E-4
1.0528956124806108E-4
1.0524075500390202E-4
1.0519199268914646E-4
1.0514327424519904E-4
1.050945996135808E-4
1.0504596873591083E-4
1.0499738155391165E-4
1.0494883800940801E-4
1.0490033804432452E-4
1.048518816006983E-4
1.0480346862065605E-4
1.0475509904643368E-4
1.0470677282036759E-4
1.0465848988489345E-4
1.0461025018254999E-4
1.0456205365597714E-4
1.0451390024791218E-4
1.0446578990119947E-4
1.0441772255878009E-4
1.0436969816369139E-4
1.0432171665907684E-4
1.0427377798817805E-4
1.042258820943329E-4
1.0417802892098016E-4
1.041302184116592E-4
1.0408245051001034E-4
1.0403472515976406E-4
1.0398704230475664E-4
1.0393940188892177E-4
1.0389180385628642E-4
1.0384424815098185E-4
1.0379673471723236E-4
1.0374926349935867E-4
1.0370183444178309E-4
1.0365444748902242E-4
1.0360710258568604E-4
1.0355979967648814E-4
1.0351253870623468E-4
1.034653196198262E-4
1.0341814236226074E-4
1.0337100687863457E-4
1.0332391311413223E-4
1.0327686101404258E-4
1.0322985052374106E-4
1.0318288158870292E-4
1.0313595415449861E-4
1.0308906816678883E-4
1.0304222357133367E-4
1.0299542031398296E-4
1.0294865834067973E-4
1.0290193759746723E-4
1.0285525803047507E-4
1.0280861958592511E-4
1.027620222101431E-4
1.0271546584953478E-4
1.0266895045060304E-4
1.0262247595994798E-4
1.0257604232425231E-4
1.0252964949030295E-4
1.0248329740496604E-4
1.0243698601520944E-4
1.0239071526808517E-4
1.0234448511074026E-4
1.0229829549041305E-4
1.0225214635442836E-4
1.0220603765021018E-4
1.0215996932526313E-4
1.0211394132718561E-4
1.0206795360366985E-4
1.0202200610249556E-4
1.0197609877152979E-4
1.0193023155873217E-4
1.0188440441214772E-4
1.0183861727991454E-4
1.0179287011025894E-4
1.0174716285149494E-4
1.0170149545202359E-4
1.0165586786033926E-4
1.0161028002501702E-4
1.0156473189472554E-4
1.0151922341822069E-4
1.0147375454434773E-4
1.01428325222027E-4
1.013829354002849E-4
1.0133758502822443E-4
1.0129227405503148E-4
1.0124700242998644E-4
1.012017701024535E-4
1.0115657702188389E-4
1.0111142313781258E-4
1.0106630839986237E-4
1.0102123275774081E-4
1.0097619616124181E-4
1.0093119856024665E-4
1.0088623990471364E-4
1.0084132014469856E-4
1.0079643923033112E-4
1.0075159711182979E-4
1.0070679373950073E-4
1.0066202906373023E-4
1.0061730303498891E-4
1.0057261560383036E-4
1.0052796672090002E-4
1.0048335633691394E-4
1.0043878440268216E-4
1.0039425086909328E-4
1.0034975568711949E-4
1.0030529880781558E-4
1.0026088018232215E-4
1.0021649976185589E-4
1.001721574977243E-4
1.0012785334130848E-4
1.0008358724407677E-4
1.0003935915758237E-4
9.999516903344708E-5
The correct rate for BP: 100.00% 
