0.662967682132797
1.5259100212835102
0.40563529471916254
0.10234052302184246
0.03483627904861273
0.017677726418038824
0.012204192355298637
0.009388632467958083
0.007641419359028009
0.006444168672059342
0.0055703197704506805
0.004903666791242687
0.004378055614453848
0.003952918075615771
0.0036019397327467584
0.0033072827153032237
0.0030564167353617075
0.0028402768353971916
0.0026521405045666175
0.002486915748730698
0.002340674391475123
0.0022103372358579397
0.0020934563146370244
0.0019880609601174003
0.0018925468623202746
0.0018055947178938203
0.0017261096456827536
0.0016531754320758842
0.001586019534468651
0.0015239860015033523
0.0014665142957463492
0.0014131225699879344
0.0013633943412054764
0.0013169677831080854
0.0012735270559377308
0.0012327952351987828
0.0011945285055790155
0.001158511363643354
0.0011245526306100713
0.001092482120022992
0.001062147838204463
0.0010334136207211353
0.0010061571276718674
9.802681358379221E-4
9.556470776669975E-4
9.322037864697896E-4
9.098564146706826E-4
8.885304979095069E-4
8.681581425693786E-4
8.486773181606019E-4
8.300312391151385E-4
8.121678230920488E-4
7.950392149774008E-4
7.786013674745244E-4
7.62813670593671E-4
7.476386235216648E-4
7.330415433261928E-4
7.18990305763228E-4
7.054551141377631E-4
6.924082927412192E-4
6.798241018725046E-4
6.676785718589699E-4
6.559493538407998E-4
6.446155853780601E-4
6.336577691921546E-4
6.230576635695174E-4
6.127981831408409E-4
6.028633089087909E-4
5.932380065348515E-4
5.839081520149359E-4
5.748604639767456E-4
5.660824419212484E-4
5.575623098089315E-4
5.492889644593506E-4
5.412519282920873E-4
5.334413059893201E-4
5.258477447059319E-4
5.184623974932701E-4
5.1127688963812E-4
5.04283287649636E-4
4.974740706546658E-4
4.90842103986225E-4
4.843806147717249E-4
4.780831693466385E-4
4.7194365233651494E-4
4.659562472655134E-4
4.601154185631192E-4
4.544158948530619E-4
4.488526534191192E-4
4.4342090575238795E-4
4.3811608409331364E-4
4.3293382888953967E-4
4.2786997709781064E-4
4.2292055126448E-4
4.1808174932484463E-4
4.1334993506684186E-4
4.087216292091519E-4
4.0419350104812265E-4
3.997623606316787E-4
3.9542515142189247E-4
3.9117894341099044E-4
3.870209266585616E-4
3.829484052201193E-4
3.7895879143979574E-4
3.750496005818683E-4
3.712184457780489E-4
3.6746303326892516E-4
3.6378115791992473E-4
3.60170698993495E-4
3.5662961616057955E-4
3.531559457357555E-4
3.497477971215896E-4
3.464033494487326E-4
3.4312084839936886E-4
3.398986032024468E-4
3.36734983789912E-4
3.33628418104104E-4
3.30577389546868E-4
3.275804345619277E-4
3.246361403423678E-4
3.2174314265580225E-4
3.1890012378022413E-4
3.161058105440466E-4
3.133589724642153E-4
3.106584199768205E-4
3.0800300275475985E-4
3.053916081076283E-4
3.028231594591081E-4
3.0029661489755743E-4
2.9781096579573204E-4
2.9536523549580516E-4
2.929584780561228E-4
2.9058977705637194E-4
2.8825824445796814E-4
2.8596301951674274E-4
2.8370326774514274E-4
2.8147817992133493E-4
2.79286971142784E-4
2.7712887992195574E-4
2.7500316732202175E-4
2.7290911613046657E-4
2.7084603006875135E-4
2.688132330361205E-4
2.6681006838592846E-4
2.648358982328024E-4
2.6289010278918916E-4
2.609720797297645E-4
2.590812435824269E-4
2.5721702514453697E-4
2.5537887092321804E-4
2.535662425985566E-4
2.517786165086266E-4
2.5001548315531277E-4
2.482763467299515E-4
2.4656072465786653E-4
2.4486814716095527E-4
2.431981568374589E-4
2.4155030825816844E-4
2.3992416757829372E-4
2.383193121643261E-4
2.3673533023518532E-4
2.3517182051705475E-4
2.336283919112622E-4
2.3210466317468104E-4
2.306002626120643E-4
2.2911482777980067E-4
2.2764800520064682E-4
2.2619945008890149E-4
2.2476882608560593E-4
2.233558050033851E-4
2.21960066580433E-4
2.2058129824336538E-4
2.1921919487850154E-4
2.1787345861122898E-4
2.1654379859317694E-4
2.1522993079681828E-4
2.1393157781720597E-4
2.1264846868061977E-4
2.1138033865974502E-4
2.101269290952104E-4
2.0888798722318766E-4
2.0766326600882352E-4
2.0645252398528437E-4
2.0525552509817417E-4
2.0407203855514418E-4
2.0290183868047507E-4
2.0174470477444514E-4
2.0060042097729493E-4
1.9946877613764624E-4
1.983495636851518E-4
1.9724258150727856E-4
1.9614763183001247E-4
1.9506452110238745E-4
1.9399305988466276E-4
1.9293306274003564E-4
1.9188434812975505E-4
1.9084673831149665E-4
1.898200592409082E-4
1.8880414047619447E-4
1.8779881508563156E-4
1.868039195579108E-4
1.8581929371522325E-4
1.84844780628957E-4
1.8388022653794786E-4
1.8292548076918953E-4
1.8198039566088268E-4
1.8104482648780172E-4
1.80118631388837E-4
1.7920167129668695E-4
1.7829380986959694E-4
1.7739491342511017E-4
1.7650485087568807E-4
1.756234936662441E-4
1.7475071571343754E-4
1.73886393346701E-4
1.7303040525097326E-4
1.721826324110108E-4
1.7134295805731412E-4
1.7051126761352645E-4
1.6968744864533943E-4
1.6887139081078577E-4
1.6806298581193248E-4
1.6726212734789238E-4
1.6646871106911978E-4
1.656826345329623E-4
1.649037971604114E-4
1.6413210019403159E-4
1.6336744665701572E-4
1.6260974131334039E-4
1.6185889062898456E-4
1.6111480273417312E-4
1.6037738738662445E-4
1.5964655593577603E-4
1.5892222128791893E-4
1.5820429787227684E-4
1.574927016079428E-4
1.5678734987168084E-4
1.560881614665588E-4
1.553950565913866E-4
1.547079568109252E-4
1.5402678502687421E-4
1.5335146544956447E-4
1.526819235704036E-4
1.520180861349798E-4
1.5135988111685236E-4
1.507072376920064E-4
1.5006008621392633E-4
1.4941835818927835E-4
1.4878198625422234E-4
1.4815090415127875E-4
1.4752504670676375E-4
1.4690434980878123E-4
1.4628875038574376E-4
1.4567818638541814E-4
1.4507259675445376E-4
1.4447192141843422E-4
1.4387610126237634E-4
1.4328507811170167E-4
1.4269879471366312E-4
1.4211719471921136E-4
1.4154022266526953E-4
1.409678239574353E-4
1.40399944853098E-4
1.3983653244491895E-4
1.3927753464471765E-4
1.3872290016772167E-4
1.381725785171661E-4
1.3762651996926785E-4
1.3708467555852795E-4
1.3654699706336056E-4
1.3601343699206524E-4
1.3548394856910298E-4
1.3495848572168086E-4
1.3443700306663692E-4
1.3391945589762255E-4
1.3340580017256773E-4
1.3289599250140708E-4
1.3238999013410566E-4
1.3188775094892448E-4
1.313892334409534E-4
1.3089439671088297E-4
1.3040320045403853E-4
1.2991560494963325E-4
1.2943157105025944E-4
1.2895106017161756E-4
1.284740342824359E-4
1.2800045589463494E-4
1.2753028805369458E-4
1.2706349432920231E-4
1.266000388056332E-4
1.2613988607330682E-4
1.2568300121952787E-4
1.2522934981992878E-4
1.2477889792997734E-4
1.2433161207667394E-4
1.2388745925040524E-4
1.2344640689697985E-4
1.2300842290981895E-4
1.2257347562230432E-4
1.2214153380030282E-4
1.2171256663480696E-4
1.2128654373475999E-4
1.2086343512000705E-4
1.2044321121438206E-4
1.2002584283896377E-4
1.1961130120542356E-4
1.191995579095455E-4
1.1879058492484614E-4
1.1838435459633875E-4
1.1798083963440907E-4
1.1758001310883044E-4
1.1718184844285668E-4
1.1678631940748138E-4
1.1639340011576869E-4
1.1600306501731406E-4
1.1561528889281143E-4
1.15230046848712E-4
1.1484731431200021E-4
1.1446706702506344E-4
1.1408928104066257E-4
1.1371393271699098E-4
1.1334099871284549E-4
1.1297045598285343E-4
1.1260228177283958E-4
1.122364536152329E-4
1.1187294932459198E-4
1.1151174699318622E-4
1.1115282498669404E-4
1.1079616193995144E-4
1.1044173675278933E-4
1.1008952858595377E-4
1.097395168570868E-4
1.0939168123679988E-4
1.0904600164480266E-4
1.0870245824610827E-4
1.0836103144732058E-4
1.0802170189295575E-4
1.0768445046187149E-4
1.0734925826372198E-4
1.0701610663551694E-4
1.0668497713819665E-4
1.0635585155330479E-4
1.0602871187970931E-4
1.0570354033037383E-4
1.0538031932919514E-4
1.0505903150788728E-4
1.0473965970294042E-4
1.0442218695260442E-4
1.0410659649395464E-4
1.0379287175997406E-4
1.0348099637673748E-4
1.0317095416058243E-4
1.0286272911537629E-4
1.0255630542982026E-4
1.0225166747477372E-4
1.019487998006704E-4
1.0164768713493308E-4
1.0134831437946222E-4
1.0105066660815647E-4
1.0075472906447434E-4
1.0046048715904258E-4
1.0016792646729578E-4
9.987703272717255E-5
The correct rate for BP: 100.00% 
