1.1139380314998062
1.3901601933649232
0.78401983429412
0.3813410555943677
0.09993744114081926
0.02680587112852063
0.01611073033168638
0.01174792250268176
0.009241312656889886
0.007604187636446818
0.006450017333125137
0.005592850836420705
0.004931537735945751
0.004406194959965699
0.003979074436877507
0.0036251932578022085
0.003327358137499946
0.003073350546379818
0.0028542505723967654
0.002663395649833319
0.002495710159547283
0.002347260405499536
0.002214951269046287
0.0020963145841905863
0.0019893584443687966
0.0018924579219794005
0.0018042745136199168
0.0017236958783880664
0.001649790150708149
0.0015817708786625584
0.0015189698154118693
0.0014608155877803488
0.0014068168141639806
0.0013565486267705191
0.0013096418243649936
0.0012657740762250956
0.0012246627392330633
0.0011860589536897693
0.0011497427603115922
0.0011155190384328877
0.0010832141089287255
0.0010526728785124162
0.0010237564275162561
9.963399629615102E-4
9.703110740755304E-4
9.455682394583567E-4
9.220195446121258E-4
8.99581576101435E-4
8.781784646483661E-4
8.577410543145871E-4
8.382061788376886E-4
8.19516029365613E-4
8.01617600423072E-4
7.844622030649333E-4
7.680050359160861E-4
7.52204806238344E-4
7.370233943596196E-4
7.224255557950482E-4
7.083786562205683E-4
6.948524351558141E-4
6.818187947989716E-4
6.692516109505816E-4
6.57126563381697E-4
6.454209833571109E-4
6.341137163268269E-4
6.231849980573999E-4
6.126163426957502E-4
6.023904414482082E-4
5.924910707206915E-4
5.829030087070668E-4
5.736119595345985E-4
5.646044841810776E-4
5.558679374700107E-4
5.473904105301657E-4
5.391606781754813E-4
5.311681507222643E-4
5.234028298140204E-4
5.158552678711048E-4
5.085165308234049E-4
5.013781638207942E-4
4.944321596478319E-4
4.8767092959768144E-4
4.8108727658506263E-4
4.746743703003763E-4
4.6842572422685407E-4
4.623351743599753E-4
4.5639685948423826E-4
4.506052028760993E-4
4.44954895314404E-4
4.3944087929092597E-4
4.340583343232654E-4
4.288026632816633E-4
4.2366947964908195E-4
4.1865459564122316E-4
4.137540111196615E-4
4.08963903237087E-4
4.0428061675900517E-4
3.9970065501095727E-4
3.952206714047119E-4
3.908374615007547E-4
3.8654795556796037E-4
3.823492116045722E-4
3.7823840878749976E-4
3.7421284131965106E-4
3.702699126474435E-4
3.6640713002272947E-4
3.626220993856182E-4
3.5891252054622187E-4
3.552761826452722E-4
3.517109598749739E-4
3.4821480744286643E-4
3.447857577628087E-4
3.41421916858287E-4
3.381214609644811E-4
3.348826333163041E-4
3.317037411107594E-4
3.2858315263266385E-4
3.2551929453357236E-4
3.225106492545311E-4
3.195557525838354E-4
3.166531913416651E-4
3.1380160118395423E-4
3.109996645184371E-4
3.0824610852622406E-4
3.055397032827707E-4
3.0287925997243283E-4
3.002636291912678E-4
2.9769169933300095E-4
2.951623950534982E-4
2.926746758092757E-4
2.9022753446598004E-4
2.878199959729258E-4
2.8545111610010966E-4
2.8311998023422053E-4
2.8082570223058576E-4
2.785674233179204E-4
2.763443110531622E-4
2.741555583236874E-4
2.7200038239448977E-4
2.698780239979044E-4
2.677877464637409E-4
2.657288348877216E-4
2.6370059533628327E-4
2.617023540859189E-4
2.5973345689526105E-4
2.5779326830840287E-4
2.5588117098776194E-4
2.539965650751337E-4
2.521388675795282E-4
2.503075117905009E-4
2.485019467157228E-4
2.467216365416538E-4
2.4496606011624315E-4
2.432347104525596E-4
2.4152709425240897E-4
2.3984273144904048E-4
2.381811547679429E-4
2.3654190930506982E-4
2.349245521215283E-4
2.3332865185410199E-4
2.3175378834083628E-4
2.3019955226105118E-4
2.2866554478907122E-4
2.271513772611621E-4
2.2565667085500395E-4
2.241810562812121E-4
2.2272417348635318E-4
2.2128567136696993E-4
2.1986520749414475E-4
2.1846244784813393E-4
2.1707706656269265E-4
2.157087456786102E-4
2.1435717490614895E-4
2.130220513959468E-4
2.1170307951807912E-4
2.1039997064891905E-4
2.0911244296551004E-4
2.0784022124708363E-4
2.0658303668351122E-4
2.0534062669033158E-4
2.0411273473017473E-4
2.028991101402379E-4
2.0169950796565723E-4
2.0051368879848462E-4
1.9934141862208908E-4
1.9818246866073618E-4
1.9703661523416406E-4
1.9590363961699444E-4
1.9478332790272455E-4
1.936754708721847E-4
1.925798638662572E-4
1.9149630666273873E-4
1.904246033571304E-4
1.89364562247248E-4
1.8831599572153275E-4
1.8727872015085898E-4
1.8625255578377632E-4
1.8523732664500913E-4
1.8423286043716837E-4
1.8323898844542998E-4
1.8225554544525367E-4
1.8128236961284392E-4
1.8031930243840724E-4
1.7936618864201418E-4
1.7842287609202116E-4
1.774892157259371E-4
1.7656506147366755E-4
1.7565027018303495E-4
1.7474470154751884E-4
1.7384821803612688E-4
1.729606848253093E-4
1.7208196973289382E-4
1.7121194315389957E-4
1.7035047799825287E-4
1.6949744963025721E-4
1.6865273580984766E-4
1.678162166354512E-4
1.6698777448854456E-4
1.6616729397973104E-4
1.6535466189634545E-4
1.6454976715154444E-4
1.6375250073478008E-4
1.6296275566368988E-4
1.621804269372921E-4
1.6140541149045607E-4
1.6063760814965337E-4
1.5987691758988996E-4
1.5912324229280724E-4
1.5837648650593317E-4
1.576365562030064E-4
1.5690335904537515E-4
1.5617680434443118E-4
1.554568030250194E-4
1.5474326758984556E-4
1.5403611208477576E-4
1.5333525206510544E-4
1.5264060456264482E-4
1.5195208805370854E-4
1.5126962242790587E-4
1.505931289577366E-4
1.4992253026898658E-4
1.4925775031184965E-4
1.4859871433281415E-4
1.479453488472335E-4
1.4729758161260927E-4
1.4665534160252663E-4
1.4601855898127518E-4
1.4538716507905212E-4
1.4476109236782485E-4
1.4414027443776436E-4
1.4352464597427547E-4
1.4291414273556442E-4
1.4230870153078977E-4
1.4170826019871651E-4
1.4111275758688533E-4
1.405221335313223E-4
1.3993632883667318E-4
1.393552852568785E-4
1.3877894547626173E-4
1.3820725309108593E-4
1.3764015259154714E-4
1.3707758934418838E-4
1.3651950957473046E-4
1.359658603512852E-4
1.3541658956798928E-4
1.3487164592900384E-4
1.3433097893287454E-4
1.337945388572572E-4
1.3326227674401202E-4
1.3273414438460903E-4
1.322100943058827E-4
1.3169007975610925E-4
1.3117405469139338E-4
1.3066197376236565E-4
1.3015379230116924E-4
1.296494663087577E-4
1.291489524424473E-4
1.2865220800376782E-4
1.281591909265767E-4
1.2766985976542377E-4
1.2718417368418446E-4
1.2670209244494327E-4
1.262235763970964E-4
1.257485864667277E-4
1.2527708414617739E-4
1.2480903148385643E-4
1.2434439107428193E-4
1.238831260483145E-4
1.2342520006360197E-4
1.229705772952436E-4
1.2251922242663394E-4
1.2207110064051265E-4
1.2162617761018854E-4
1.21184419490958E-4
1.2074579291170801E-4
1.2031026496667294E-4
1.198778032073908E-4
1.1944837563479589E-4
1.1902195069149276E-4
1.1859849725419456E-4
1.1817798462629254E-4
1.177603825305989E-4
1.173456611022285E-4
1.1693379088162149E-4
1.165247428077152E-4
1.1611848821123866E-4
1.1571499880817336E-4
1.1531424669329765E-4
1.149162043338997E-4
1.1452084456360058E-4
1.141281405762896E-4
1.1373806592020614E-4
1.133505944921019E-4
1.1296570053155427E-4
1.1258335861536E-4
1.1220354365205923E-4
1.118262308765524E-4
1.114513958448346E-4
1.1107901442881235E-4
1.1070906281124384E-4
1.1034151748075694E-4
1.0997635522696444E-4
1.096135531356886E-4
1.0925308858425987E-4
1.0889493923690001E-4
1.085390830402168E-4
1.081854982187616E-4
1.0783416327067591E-4
1.0748505696342267E-4
1.0713815832959174E-4
1.0679344666279398E-4
1.0645090151361689E-4
1.0611050268565975E-4
1.0577223023165735E-4
1.0543606444964264E-4
1.051019858792173E-4
1.0476997529785483E-4
1.0444001371730166E-4
1.0411208238001806E-4
1.037861627557017E-4
1.0346223653786438E-4
1.03140285640476E-4
1.0282029219465879E-4
1.0250223854545249E-4
1.0218610724863277E-4
1.0187188106757904E-4
1.0155954297021543E-4
1.0124907612598414E-4
1.0094046390288051E-4
1.0063368986455353E-4
1.0032873776743986E-4
1.0002559155795131E-4
9.972423536970996E-5
The correct rate for BP: 100.00% 
