1.148140524604324
1.0100201291170872
0.7218979324053882
0.46395625511794736
0.2886282100810591
0.18092969325852593
0.11942235884303506
0.08488505316761705
0.06427139801483377
0.050976945575870104
0.041837673506330345
0.035236205773526416
0.030279964930664777
0.026442602227511
0.023396278007049704
0.02092737321633672
0.018891365283751998
0.017187331325477073
0.015742863954633226
0.014504788885606025
0.013433255131276502
0.012497859214356253
0.011675036273078629
0.010946263004420427
0.010296794134695322
0.009714757512040656
0.009190495189303448
0.008716076357844719
0.008284932350405992
0.007891579676569869
0.007531407432130285
0.0072005123862928615
0.006895569798785211
0.006613731306031692
0.006352543522998289
0.006109882648105985
0.005883901539429354
0.0056729865897349446
0.005475722359863912
0.005290862399260586
0.0051173050341704876
0.004954073169921306
0.004800297356343668
0.004655201521021116
0.0045180908954547926
0.004388341753009922
0.004265392651035467
0.00414873692755279
0.00403791624893468
0.003932515041725536
0.0038321556712185637
0.003736494253164568
0.003645217004238116
0.003558037052557413
0.00347469164236787
0.003394939677520953
0.0033185595570548753
0.003245347263364802
0.003175114669416221
0.003107688036430191
0.0030429066776324646
0.0029806217671530188
0.0029206952761072985
0.002862999020377197
0.0028074138067179623
0.0027538286656089333
0.0027021401607927008
0.002652251766752273
0.00260407330649394
0.002557520442963881
0.002512514218253584
0.0024689806354630515
0.0024268502787082005
0.0023860579672944434
0.0023465424405436247
0.002308246070166609
0.0022711145974274286
0.002235096892653708
0.0022001447349190226
0.002166212609960214
0.0021332575246015917
0.0021012388361418884
0.002070118095322041
0.002039858901635403
0.0020104267698685878
0.001981789006874177
0.0019539145976758474
0.0019267741000957826
0.001900339547173102
0.0018745843567126354
0.0018494832473664878
0.0018250121607070186
0.00180114818880047
0.0017778695068356777
0.0017551553104029566
0.0017329857570545163
0.0017113419118112115
0.0016902056963092609
0.0016695598413080225
0.0016493878423034726
0.0016296739180142869
0.0016104029715267281
0.001591560553902891
0.0015731328300727415
0.0015551065468452278
0.0015374690028871938
0.0015202080205309221
0.0015033119192822042
0.0014867694909111286
0.0014705699760166862
0.0014547030419650763
0.0014391587621089324
0.0014239275962021046
0.0014090003719307244
0.0013943682674873573
0.0013800227951206257
0.0013659557855972121
0.0013521593735182586
0.0013386259834358698
0.00132534831671971
0.0013123193391269326
0.0012995322690321268
0.0012869805662769208
0.0012746579216016954
0.0012625582466243334
0.001250675664333545
0.0012390045000661653
0.001227539272940195
0.0012162746877169383
0.0012052056270675676
0.0011943271442209592
0.0011836344559710478
0.001173122936023539
0.001162788108662986
0.0011526256427224128
0.0011426313458388379
0.0011328011589791024
0.001123131151221329
0.001113617514778204
0.0011042565602492663
0.001095044712089945
0.0010859785042859693
0.0010770545762225124
0.001068269668737761
0.0010596206203516419
0.0010511043636605361
0.0010427179218897205
0.0010344584055954488
0.0010263230095092803
0.0010183090095175018
0.001010413759769013
0.0010026346899053536
9.94969302406943E-4
9.874151700498867E-4
9.79969933468031E-4
9.726312988152349E-4
9.653970355231561E-4
9.582649741499902E-4
9.512330043158945E-4
9.442990727211338E-4
9.374611812430503E-4
9.30717385108316E-4
9.24065791136916E-4
9.175045560547403E-4
9.110318848715949E-4
9.046460293217648E-4
8.983452863642787E-4
8.92127996740311E-4
8.859925435851678E-4
8.799373510924438E-4
8.739608832281595E-4
8.680616424926286E-4
8.62238168728113E-4
8.564890379702057E-4
8.508128613411576E-4
8.452082839833642E-4
8.396739840313113E-4
8.342086716203845E-4
8.288110879310561E-4
8.234800042668758E-4
8.182142211650932E-4
8.13012567538301E-4
8.078738998460973E-4
8.027971012954096E-4
7.977810810683906E-4
7.928247735767637E-4
7.879271377415889E-4
7.830871562974339E-4
7.783038351200172E-4
7.735762025763497E-4
7.689033088966015E-4
7.64284225566749E-4
7.597180447413006E-4
7.552038786752502E-4
7.507408591746038E-4
7.463281370647295E-4
7.419648816758724E-4
7.37650280345242E-4
7.333835379349155E-4
7.29163876365197E-4
7.249905341626306E-4
7.208627660223165E-4
7.167798423838651E-4
7.127410490206176E-4
7.087456866415598E-4
7.047930705055602E-4
7.008825300473777E-4
6.97013408515152E-4
6.931850626188908E-4
6.893968621895569E-4
6.856481898484676E-4
6.819384406865399E-4
6.782670219531296E-4
6.746333527540816E-4
6.710368637586837E-4
6.674769969152682E-4
6.639532051750654E-4
6.604649522241499E-4
6.570117122231075E-4
6.53592969554226E-4
6.502082185759466E-4
6.468569633843003E-4
6.435387175811392E-4
6.402530040489415E-4
6.369993547319356E-4
6.337773104233555E-4
6.305864205586655E-4
6.274262430144951E-4
6.242963439131714E-4
6.211962974325872E-4
6.181256856213108E-4
6.1508409821877E-4
6.120711324802374E-4
6.090863930066313E-4
6.06129491578868E-4
6.032000469966575E-4
6.002976849215896E-4
5.97422037724428E-4
5.94572744336399E-4
5.917494501044437E-4
5.889518066502365E-4
5.861794717329183E-4
5.83432109115348E-4
5.80709388433901E-4
5.780109850715417E-4
5.753365800342215E-4
5.726858598304029E-4
5.700585163536765E-4
5.674542467683297E-4
5.648727533978485E-4
5.623137436161736E-4
5.597769297417338E-4
5.572620289340789E-4
5.547687630931288E-4
5.522968587608782E-4
5.498460470255459E-4
5.474160634280653E-4
5.450066478708903E-4
5.426175445289859E-4
5.402485017630152E-4
5.378992720345996E-4
5.355696118236376E-4
5.332592815475847E-4
5.309680454826957E-4
5.286956716871094E-4
5.264419319257805E-4
5.242066015971724E-4
5.219894596616687E-4
5.197902885716954E-4
5.17608874203431E-4
5.154450057901325E-4
5.132984758569965E-4
5.111690801575528E-4
5.090566176114617E-4
5.069608902437923E-4
5.048817031256743E-4
5.028188643162696E-4
5.007721848061041E-4
4.98741478461643E-4
4.967265619711419E-4
4.947272547916807E-4
4.92743379097415E-4
4.907747597289428E-4
4.888212241438248E-4
4.8688260236818886E-4
4.849587269493844E-4
4.830494329096948E-4
4.8115455770106195E-4
4.792739411607724E-4
4.774074254681362E-4
4.7555485510208115E-4
4.737160767996799E-4
4.7189093951554347E-4
4.700792943821094E-4
4.68280994670751E-4
4.664958957537324E-4
4.6472385506697936E-4
4.6296473207358703E-4
4.6121838822816186E-4
4.5948468694186344E-4
4.577634935481838E-4
4.5605467526946237E-4
4.54358101184071E-4
4.5267364219427514E-4
4.510011709947997E-4
4.4934056204197996E-4
4.4769169152359827E-4
4.460544373292767E-4
4.44428679021554E-4
4.428142978074651E-4
4.4121117651075236E-4
4.3961919954459784E-4
4.380382528849482E-4
4.364682240443202E-4
4.3490900204615766E-4
4.333604773997189E-4
4.3182254207540925E-4
4.302950894806449E-4
4.2877801443617133E-4
4.2727121315285296E-4
4.2577458320892096E-4
4.2428802352764255E-4
4.228114343554626E-4
4.213447172405338E-4
4.198877750116777E-4
4.1844051175775153E-4
4.1700283280740483E-4
4.155746447092162E-4
4.1415585521223803E-4
4.1274637324688427E-4
4.113461089061864E-4
4.0995497342739986E-4
4.08572879173978E-4
4.0719973961785255E-4
4.0583546932208565E-4
4.044799839237883E-4
4.031332001174277E-4
4.017950356383821E-4
4.0046540924684737E-4
3.9914424071198836E-4
3.9783145079645243E-4
3.96526961241086E-4
3.952306947500042E-4
3.939425749758771E-4
3.9266252650551936E-4
3.913904748457198E-4
3.901263464093377E-4
3.888700685016469E-4
3.876215693069177E-4
3.8638077787526547E-4
3.8514762410968295E-4
3.839220387533694E-4
3.8270395337722626E-4
3.814933003676062E-4
3.8029001291426675E-4
3.790940249985513E-4
3.77905271381751E-4
3.7672368759368753E-4
3.755492099215129E-4
3.74381775398645E-4
3.7322132179397213E-4
3.7206778760118665E-4
3.7092111202831774E-4
3.697812349874697E-4
3.6864809708468893E-4
3.675216396100555E-4
3.664018045278951E-4
3.652885344672015E-4
3.6418177271219077E-4
3.630814631930222E-4
3.619875504766877E-4
3.608999797580451E-4
3.59818696850997E-4
3.5874364817982965E-4
3.576747807706865E-4
3.5661204224318586E-4
3.5555538080218007E-4
3.5450474522964753E-4
3.5346008487673655E-4
3.5242134965589295E-4
3.513884900331808E-4
3.503614570206787E-4
3.4934020216901695E-4
3.483246775600563E-4
3.473148357996359E-4
3.4631063001049886E-4
3.453120138252963E-4
3.443189413796919E-4
3.4333136730562087E-4
3.423492467246145E-4
3.4137253524127003E-4
3.404011889367734E-4
3.394351643625826E-4
3.3847441853417673E-4
3.3751890892490494E-4
3.3656859345994507E-4
3.356234305103513E-4
3.34683378887192E-4
3.3374839783578876E-4
3.328184470300326E-4
3.31893486566801E-4
3.30973476960454E-4
3.3005837913741584E-4
3.291481544308493E-4
3.2824276457539856E-4
3.273421717020263E-4
3.2644633833291386E-4
3.255552273764687E-4
3.2466880212235445E-4
3.237870262366725E-4
3.2290986375714764E-4
3.2203727908841574E-4
3.21169236997397E-4
3.20305702608711E-4
3.194466414001693E-4
3.1859201919835854E-4
3.177418021742428E-4
3.1689595683889293E-4
3.160544500392062E-4
3.152172489537705E-4
3.143843210887153E-4
3.1355563427368834E-4
3.127311566578206E-4
3.119108567058352E-4
3.110947031941433E-4
3.1028266520702086E-4
3.094747121328643E-4
3.086708136604532E-4
3.0787093977531965E-4
3.07075060756125E-4
3.06283147171123E-4
3.0549516987465365E-4
3.047111000036879E-4
3.039309089744442E-4
3.03154568479021E-4
3.0238205048210354E-4
3.0161332721770383E-4
3.0084837118595496E-4
3.000871551499419E-4
2.993296521325885E-4
2.985758354135829E-4
2.9782567852632946E-4
2.9707915525498346E-4
2.9633623963150064E-4
2.955969059327131E-4
2.9486112867747714E-4
2.9412888262386207E-4
2.9340014276633226E-4
2.9267488433303376E-4
2.9195308278306373E-4
2.912347138037988E-4
2.9051975330828266E-4
2.898081774326028E-4
2.8909996253333674E-4
2.8839508518503903E-4
2.876935221777157E-4
2.869952505143962E-4
2.8630024740869934E-4
2.856084902824333E-4
2.849199567632379E-4
2.842346246822621E-4
2.8355247207186886E-4
2.8287347716336004E-4
2.8219761838474443E-4
2.815248743585321E-4
2.8085522389956896E-4
2.801886460128774E-4
2.7952511989153656E-4
2.788646249146029E-4
2.7820714064504204E-4
2.775526468276866E-4
2.769011233872449E-4
2.7625255042630333E-4
2.756069082233791E-4
2.7496417723098834E-4
2.7432433807373757E-4
2.736873715464505E-4
2.7305325861230674E-4
2.7242198040101364E-4
2.717935182069913E-4
2.711678534876068E-4
2.705449678613897E-4
2.6992484310631404E-4
2.69307461158063E-4
2.6869280410835294E-4
2.68080854203254E-4
2.674715938415317E-4
2.6686500557303176E-4
2.6626107209705576E-4
2.656597762607812E-4
2.6506110105769783E-4
2.644650296260459E-4
2.6387154524729864E-4
2.632806313446423E-4
2.6269227148149774E-4
2.6210644936003205E-4
2.615231488197241E-4
2.609423538359155E-4
2.603640485183944E-4
2.597882171099995E-4
2.5921484398523447E-4
2.5864391364890276E-4
2.5807541073476616E-4
2.575093200042037E-4
2.5694562634489464E-4
2.563843147695264E-4
2.5582537041451785E-4
2.552687785387245E-4
2.547145245222196E-4
2.5416259386503885E-4
2.5361297218596027E-4
2.530656452212985E-4
2.5252059882371013E-4
2.519778189610266E-4
2.5143729171507367E-4
2.5089900328054154E-4
2.5036293996382597E-4
2.498290881819248E-4
2.4929743446132715E-4
2.487679654369036E-4
2.4824066785084136E-4
2.4771552855156837E-4
2.471925344926904E-4
2.466716727319596E-4
2.461529304302257E-4
2.45636294850432E-4
2.4512175335660133E-4
2.4460929341284124E-4
2.4409890258235715E-4
2.435905685264853E-4
2.4308427900372514E-4
2.425800218687951E-4
2.4207778507169263E-4
2.4157755665676287E-4
2.4107932476178712E-4
2.4058307761707138E-4
2.4008880354455548E-4
2.395964909569169E-4
2.3910612835671477E-4
2.3861770433550054E-4
2.3813120757298716E-4
2.3764662683618297E-4
2.3716395097856503E-4
2.3668316893925832E-4
2.3620426974220625E-4
2.3572724249536992E-4
2.352520763899331E-4
2.3477876069950783E-4
2.3430728477935386E-4
2.3383763806561014E-4
2.3336981007452594E-4
2.329037904017206E-4
2.324395687214179E-4
2.319771347857243E-4
2.3151647842389333E-4
2.3105758954160104E-4
2.3060045812024537E-4
2.3014507421622915E-4
2.2969142796026398E-4
2.2923950955668784E-4
2.2878930928277628E-4
2.2834081748807414E-4
2.278940245937218E-4
2.2744892109179875E-4
2.2700549754467577E-4
2.265637445843633E-4
2.2612365291187903E-4
2.2568521329660238E-4
2.2524841657567735E-4
2.248132536533674E-4
2.2437971550046408E-4
2.2394779315367076E-4
2.2351747771501648E-4
2.2308876035124592E-4
2.2266163229326392E-4
2.222360848355262E-4
2.2181210933548936E-4
2.213896972130377E-4
2.2096883994991435E-4
2.2054952908918702E-4
2.2013175623468057E-4
2.1971551305044706E-4
2.193007912602248E-4
2.1888758264690557E-4
2.1847587905201394E-4
2.1806567237518955E-4
2.1765695457366208E-4
2.1724971766175926E-4
2.168439537103864E-4
2.1643965484654647E-4
2.1603681325282605E-4
2.1563542116692766E-4
2.1523547088117943E-4
2.148369547420526E-4
2.144398651497008E-4
2.1404419455747464E-4
2.136499354714862E-4
2.1325708045012693E-4
2.1286562210361674E-4
2.124755530935738E-4
2.1208686613255189E-4
2.1169955398361084E-4
2.113136094598796E-4
2.1092902542412613E-4
2.105457947883276E-4
2.101639105132572E-4
2.0978336560806377E-4
2.094041531298534E-4
2.0902626618328208E-4
2.0864969792016826E-4
2.0827444153906192E-4
2.0790049028487662E-4
2.0752783744848105E-4
2.0715647636631245E-4
2.067864004200008E-4
2.064176030359814E-4
2.0605007768511598E-4
2.0568381788231506E-4
2.053188171862011E-4
2.0495506919869302E-4
2.0459256756467952E-4
2.0423130597165733E-4
2.0387127814935785E-4
2.0351247786941796E-4
2.0315489894502274E-4
2.027985352305523E-4
2.024433806212605E-4
2.0208942905291716E-4
2.0173667450149466E-4
2.0138511098281912E-4
2.0103473255225033E-4
2.0068553330435736E-4
2.0033750737260154E-4
1.999906489290045E-4
1.9964495218384996E-4
1.9930041138536367E-4
1.9895702081940264E-4
1.986147748091539E-4
1.9827366771482788E-4
1.9793369393336231E-4
1.9759484789812345E-4
1.972571240786104E-4
1.9692051698016314E-4
1.9658502114367884E-4
1.9625063114532448E-4
1.9591734159624737E-4
1.9558514714230135E-4
1.952540424637737E-4
1.9492402227509731E-4
1.9459508132458868E-4
1.942672143941728E-4
1.939404162991222E-4
1.9361468188778023E-4
1.9329000604131536E-4
1.9296638367344716E-4
1.9264380973019643E-4
1.923222791896307E-4
1.9200178706160108E-4
1.9168232838752107E-4
1.9136389824007865E-4
1.9104649172301777E-4
1.9073010397089273E-4
1.904147301488195E-4
1.9010036545223966E-4
1.8978700510669262E-4
1.894746443675676E-4
1.891632785198799E-4
1.888529028780438E-4
1.8854351278563695E-4
1.8823510361517964E-4
1.879276707679094E-4
1.8762120967356414E-4
1.8731571579015734E-4
1.8701118460376286E-4
1.8670761162829466E-4
1.864049924053096E-4
1.8610332250377427E-4
1.8580259751987117E-4
1.855028130767837E-4
1.8520396482448912E-4
1.8490604843956682E-4
1.846090596249829E-4
1.8431299410989405E-4
1.840178476494497E-4
1.8372361602459738E-4
1.834302950418881E-4
1.831378805332778E-4
1.8284636835594386E-4
1.8255575439208473E-4
1.8226603454875225E-4
1.8197720475763787E-4
1.816892609749097E-4
1.814021991810214E-4
1.8111601538053375E-4
1.8083070560192868E-4
1.8054626589744408E-4
1.8026269234288023E-4
1.7997998103743825E-4
1.7969812810354394E-4
1.794171296866714E-4
1.7913698195517764E-4
1.7885768110013575E-4
1.7857922333515495E-4
1.7830160489623319E-4
1.7802482204157914E-4
1.7774887105145263E-4
1.7747374822800737E-4
1.7719944989512577E-4
1.7692597239826375E-4
1.766533121042908E-4
1.7638146540133374E-4
1.761104286986269E-4
1.7584019842635697E-4
1.7557077103550416E-4
1.7530214299769757E-4
1.7503431080507356E-4
1.7476727097011176E-4
1.7450102002550066E-4
1.7423555452398902E-4
1.7397087103823347E-4
1.7370696616067247E-4
1.7344383650336428E-4
1.7318147869787312E-4
1.7291988939509246E-4
1.7265906526515068E-4
1.7239900299723015E-4
1.7213969929946802E-4
1.7188115089880406E-4
1.7162335454084268E-4
1.7136630698973753E-4
1.7111000502804185E-4
1.7085444545659206E-4
1.7059962509436983E-4
1.7034554077838187E-4
1.7009218936352613E-4
1.6983956772247005E-4
1.695876727455244E-4
1.693365013405194E-4
1.6908605043268395E-4
1.6883631696451993E-4
1.685872978956889E-4
1.683389902028853E-4
1.680913908797171E-4
1.6784449693659615E-4
1.6759830540061742E-4
1.673528133154385E-4
1.6710801774117112E-4
1.6686391575427043E-4
1.6662050444740716E-4
1.663777809293742E-4
1.6613574232496407E-4
1.6589438577486128E-4
1.6565370843553507E-4
1.6541370747912907E-4
1.651743800933553E-4
1.6493572348138844E-4
1.646977348617587E-4
1.644604114682412E-4
1.6422375054976493E-4
1.6398774937030587E-4
1.6375240520877024E-4
1.6351771535891478E-4
1.6328367712923375E-4
1.6305028784285725E-4
1.6281754483745743E-4
1.6258544546515877E-4
1.623539870924195E-4
1.6212316709994745E-4
1.6189298288261505E-4
1.616634318493398E-4
1.6143451142300877E-4
1.612062190403828E-4
1.6097855215199005E-4
1.6075150822205598E-4
1.605250847283953E-4
1.6029927916232214E-4
1.6007408902857188E-4
1.598495118451981E-4
1.596255451434963E-4
1.594021864679047E-4
1.5917943337592823E-4
1.589572834380456E-4
1.5873573423762338E-4
1.585147833708338E-4
1.5829442844656922E-4
1.5807466708635812E-4
1.5785549692428401E-4
1.5763691560689977E-4
1.5741892079314701E-4
1.5720151015427997E-4
1.569846813737778E-4
1.5676843214726657E-4
1.5655276018244666E-4
1.563376631990028E-4
1.561231389285352E-4
1.5590918511448077E-4
1.5569579951203505E-4
1.5548297988806817E-4
1.5527072402106724E-4
1.550590297010482E-4
1.5484789472948175E-4
1.5463731691922071E-4
1.5442729409443495E-4
1.542178240905272E-4
1.5400890475406571E-4
1.5380053394271472E-4
1.5359270952515925E-4
1.5338542938103807E-4
1.5317869140087266E-4
1.5297249348599683E-4
1.527668335484888E-4
1.5256170951110054E-4
1.523571193071959E-4
1.5215306088067564E-4
1.5194953218591604E-4
1.5174653118770132E-4
1.515440558611584E-4
1.5134210419168618E-4
1.5114067417490069E-4
1.5093976381655804E-4
1.5073937113250466E-4
1.5053949414860882E-4
1.503401309006803E-4
1.501412794344463E-4
1.499429378054486E-4
1.497451040790064E-4
1.4954777633015254E-4
1.4935095264356275E-4
1.4915463111351152E-4
1.4895880984379094E-4
1.487634869476732E-4
1.4856866054784075E-4
1.483743287763251E-4
1.4818048977445868E-4
1.479871416928097E-4
1.4779428269112604E-4
1.476019109382805E-4
1.4741002461221678E-4
1.4721862189988666E-4
1.470277009972007E-4
1.4683726010896928E-4
1.4664729744885807E-4
1.4645781123931272E-4
1.4626879971153242E-4
1.460802611053903E-4
1.4589219366939715E-4
1.457045956606461E-4
1.4551746534475213E-4
1.453308009958158E-4
1.4514460089635055E-4
1.449588633372552E-4
1.4477358661774245E-4
1.4458876904530326E-4
1.4440440893564253E-4
1.4422050461264878E-4
1.440370544083264E-4
1.4385405666275704E-4
1.436715097240462E-4
1.434894119482836E-4
1.4330776169947667E-4
1.4312655734952684E-4
1.429457972781644E-4
1.4276547987290857E-4
1.4258560352902255E-4
1.424061666494609E-4
1.4222716764483083E-4
1.4204860493334455E-4
1.418704769407677E-4
1.4169278210038485E-4
1.4151551885294972E-4
1.413386856466368E-4
1.4116228093700498E-4
1.4098630318695233E-4
1.408107508666659E-4
1.4063562245358738E-4
1.4046091643236646E-4
1.4028663129481942E-4
1.401127655398808E-4
1.3993931767357948E-4
1.3976628620896605E-4
1.3959366966610933E-4
1.3942146657202457E-4
1.3924967546065015E-4
1.390782948727979E-4
1.3890732335611596E-4
1.387367594650591E-4
1.3856660176082483E-4
1.38396848811343E-4
1.3822749919121453E-4
1.3805855148168517E-4
1.3789000427059746E-4
1.3772185615236232E-4
1.3755410572792069E-4
1.373867516046932E-4
1.3721979239655774E-4
1.3705322672380303E-4
1.3688705321309805E-4
1.3672127049744643E-4
1.3655587721616183E-4
1.3639087201482345E-4
1.362262535452423E-4
1.360620204654226E-4
1.3589817143953495E-4
1.3573470513787345E-4
1.3557162023682237E-4
1.3540891541882E-4
1.352465893723322E-4
1.3508464079180817E-4
1.3492306837764698E-4
1.3476187083617756E-4
1.3460104687960603E-4
1.344405952259958E-4
1.3428051459922808E-4
1.3412080372897058E-4
1.3396146135064713E-4
1.3380248620540531E-4
1.3364387704007812E-4
1.334856326071579E-4
1.3332775166476519E-4
1.3317023297661028E-4
1.3301307531197337E-4
1.328562774456635E-4
1.3269983815798462E-4
1.325437562347229E-4
1.3238803046709444E-4
1.3223265965172843E-4
1.3207764259063923E-4
1.3192297809117763E-4
1.3176866496603112E-4
1.3161470203316246E-4
1.3146108811580473E-4
1.3130782204241742E-4
1.31154902646668E-4
1.31002328767396E-4
1.308500992485851E-4
1.306982129393374E-4
1.3054666869385056E-4
1.3039546537137197E-4
1.3024460183619216E-4
1.3009407695760227E-4
1.2994388960987273E-4
1.297940386722272E-4
1.2964452302881123E-4
1.2949534156867187E-4
1.2934649318571985E-4
1.2919797677871597E-4
1.2904979125123262E-4
1.289019355116425E-4
1.2875440847307234E-4
1.286072090534007E-4
1.284603361752092E-4
1.283137887657715E-4
1.2816756575702775E-4
1.2802166608554932E-4
1.2787608869252773E-4
1.2773083252373655E-4
1.27585896529512E-4
1.274412796647309E-4
1.2729698088879033E-4
1.2715299916556396E-4
1.270093334634027E-4
1.2686598275509384E-4
1.2672294601784223E-4
1.2658022223324878E-4
1.2643781038729153E-4
1.2629570947028264E-4
1.2615391847686932E-4
1.2601243640599633E-4
1.2587126226088873E-4
1.257303950490265E-4
1.2558983378212356E-4
1.2544957747610244E-4
1.2530962515107432E-4
1.2516997583131973E-4
1.2503062854526083E-4
1.2489158232544597E-4
1.247528362085156E-4
1.246143892351994E-4
1.2447624045027698E-4
1.2433838890256983E-4
1.2420083364491055E-4
1.2406357373412485E-4
1.239266082310186E-4
1.2378993620034036E-4
1.2365355671077458E-4
1.2351746883491787E-4
1.2338167164925698E-4
1.232461642341479E-4
1.2311094567379622E-4
1.2297601505623828E-4
1.228413714733215E-4
1.2270701402068056E-4
1.2257294179772498E-4
1.224391539076122E-4
1.223056494572323E-4
1.2217242755718845E-4
1.22039487321776E-4
1.2190682786896455E-4
1.2177444832037998E-4
1.2164234780128393E-4
1.2151052544055353E-4
1.2137898037066552E-4
1.2124771172768357E-4
1.2111671865122407E-4
1.2098600028445262E-4
1.2085555577406054E-4
1.2072538427024371E-4
1.2059548492668963E-4
1.2046585690055802E-4
1.2033649935246825E-4
1.2020741144646065E-4
1.2007859235001282E-4
1.1995004123399308E-4
1.1982175727265623E-4
1.1969373964362598E-4
1.195659875278794E-4
1.1943850010971757E-4
1.1931127657676438E-4
1.1918431611994201E-4
1.1905761793345921E-4
1.1893118121478325E-4
1.1880500516463533E-4
1.1867908898697674E-4
1.1855343188897565E-4
1.1842803308100095E-4
1.1830289177661957E-4
1.1817800719255371E-4
1.1805337854868506E-4
1.1792900506803184E-4
1.1780488597673394E-4
1.176810205040401E-4
1.1755740788227944E-4
1.1743404734687207E-4
1.1731093813628152E-4
1.1718807949202852E-4
1.1706547065865939E-4
1.1694311088372895E-4
1.1682099941780333E-4
1.1669913551442239E-4
1.1657751843010037E-4
1.164561474243098E-4
1.1633502175945634E-4
1.1621414070087715E-4
1.1609350351681909E-4
1.1597310947842658E-4
1.1585295785972746E-4
1.157330479376192E-4
1.1561337899185234E-4
1.1549395030501648E-4
1.1537476116253159E-4
1.1525581085263075E-4
1.1513709866633776E-4
1.1501862389747714E-4
1.1490038584263059E-4
1.1478238380114443E-4
1.1466461707511339E-4
1.145470849693548E-4
1.1442978679141358E-4
1.1431272185153124E-4
1.1419588946264751E-4
1.1407928894037593E-4
1.1396291960300046E-4
1.1384678077145582E-4
1.1373087176931568E-4
1.1361519192278275E-4
1.1349974056067141E-4
1.1338451701440035E-4
1.1326952061797995E-4
1.1315475070799037E-4
1.1304020662358729E-4
1.1292588770646704E-4
1.1281179330087116E-4
1.1269792275357064E-4
1.125842754138494E-4
1.1247085063349596E-4
1.1235764776679017E-4
1.1224466617048978E-4
1.1213190520382428E-4
1.1201936422847805E-4
1.1190704260857725E-4
1.1179493971068343E-4
1.1168305490377954E-4
1.1157138755925332E-4
1.11459937050897E-4
1.1134870275488505E-4
1.112376840497731E-4
1.111268803164757E-4
1.1101629093825885E-4
1.1090591530073947E-4
1.1079575279185595E-4
1.1068580280187179E-4
1.1057606472335553E-4
1.1046653795117941E-4
1.1035722188249998E-4
1.1024811591674702E-4
1.1013921945562037E-4
1.1003053190307587E-4
1.0992205266531003E-4
1.0981378115075461E-4
1.0970571677006731E-4
1.095978589361194E-4
1.0949020706397808E-4
1.0938276057091418E-4
1.0927551887637154E-4
1.0916848140197061E-4
1.0906164757149433E-4
1.0895501681087476E-4
1.0884858854818921E-4
1.087423622136477E-4
1.0863633723957816E-4
1.0853051306042207E-4
1.0842488911272835E-4
1.083194648351358E-4
1.0821423966836277E-4
1.0810921305520635E-4
1.0800438444052755E-4
1.078997532712377E-4
1.0779531899629914E-4
1.0769108106670306E-4
1.075870389354738E-4
1.0748319205764863E-4
1.0737953989027566E-4
1.0727608189239668E-4
1.0717281752504555E-4
1.0706974625123983E-4
1.0696686753596343E-4
1.068641808461657E-4
1.0676168565074731E-4
1.0665938142055376E-4
1.065572676283699E-4
1.064553437489E-4
1.0635360925877206E-4
1.0625206363652194E-4
1.0615070636258578E-4
1.060495369192945E-4
1.0594855479085582E-4
1.058477594633602E-4
1.057471504247584E-4
1.0564672716486299E-4
1.0554648917533702E-4
1.0544643594967932E-4
1.0534656698322548E-4
1.0524688177313933E-4
1.0514737981839486E-4
1.0504806061977746E-4
1.049489236798718E-4
1.0484996850305726E-4
1.047511945954959E-4
1.0465260146512387E-4
1.0455418862164794E-4
1.0445595557653461E-4
1.0435790184300272E-4
1.042600269360173E-4
1.0416233037227882E-4
1.0406481167021486E-4
1.0396747034997859E-4
1.0387030593343345E-4
1.0377331794415149E-4
1.0367650590740333E-4
1.0357986935014719E-4
1.0348340780103206E-4
1.0338712079037213E-4
1.0329100785016178E-4
1.0319506851404846E-4
1.0309930231733947E-4
1.0300370879698415E-4
1.0290828749157197E-4
1.0281303794133031E-4
1.0271795968810379E-4
1.0262305227535959E-4
1.025283152481728E-4
1.024337481532253E-4
1.0233935053879383E-4
1.0224512195474668E-4
1.021510619525304E-4
1.0205717008517299E-4
1.0196344590726769E-4
1.0186988897497077E-4
1.0177649884599545E-4
1.0168327507959938E-4
1.0159021723658635E-4
1.014973248792935E-4
1.0140459757158459E-4
1.0131203487884693E-4
1.012196363679839E-4
1.0112740160740648E-4
1.0103533016702607E-4
1.009434216182506E-4
1.0085167553398169E-4
1.0076009148859222E-4
1.0066866905794212E-4
1.0057740781935935E-4
1.0048630735162812E-4
1.0039536723499886E-4
1.0030458705116891E-4
1.0021396638327951E-4
1.0012350481591344E-4
1.0003320193508089E-4
9.994305732822382E-5
The correct rate for BP: 100.00% 
