1.4521930181596927
1.2473375651975922
0.7566443442621017
0.3147630122542951
0.10934351279270894
0.03971535564245908
0.022905460061709574
0.016107835464852206
0.012376518978511244
0.01001621011906395
0.008390668702755942
0.0072048895187758494
0.006303001020842847
0.0055948489122669195
0.005024677062195714
0.004556167691416595
0.004164663053269788
0.003832843313457251
0.0035481925515654608
0.0033014457544652243
0.003085600826158571
0.002895269675842994
0.0027262400860405354
0.0025751726704776813
0.002439386759872472
0.0023167062293890386
0.0022053465902262814
0.0021038310296466268
0.0020109271087405105
0.0019255984313718126
0.0018469673170849281
0.001774285667003465
0.0017069120025163824
0.0016442932057647828
0.0015859498778541174
0.0015314645068877563
0.001480471837457384
0.0014326509790371091
0.0013877188984060184
0.0013454250215296892
0.0013055467307757928
0.0012678855892318702
0.0012322641590205915
0.0011985233076035298
0.0011665199171152847
0.0011361249282378048
0.001107221663090216
0.0010797043818812357
0.0010534770362560606
0.001028452188827474
0.0010045500736639524
9.81697776784094E-4
9.598285191856962E-4
9.388810277810168E-4
9.187989819432748E-4
8.995305252931398E-4
8.810278339456556E-4
8.632467337608584E-4
8.461463602439216E-4
8.296888556637617E-4
8.138390987339104E-4
7.98564462852445E-4
7.83834599449588E-4
7.696212434592961E-4
7.558980383290456E-4
7.426403783212002E-4
7.298252661490686E-4
7.174311842397806E-4
7.054379781293238E-4
6.938267506796141E-4
6.825797659661526E-4
6.716803618226308E-4
6.611128701482676E-4
6.508625441875143E-4
6.40915492082183E-4
6.312586160752098E-4
6.218795568142801E-4
6.127666422642531E-4
6.039088407903562E-4
5.952957180213069E-4
5.869173971423694E-4
5.787645223051392E-4
5.708282248729072E-4
5.631000922491199E-4
5.555721390616036E-4
5.482367804980557E-4
5.410868076080161E-4
5.341153644045476E-4
5.273159266149005E-4
5.206822819434503E-4
5.142085117231429E-4
5.078889738430683E-4
5.017182868499812E-4
4.956913151309136E-4
4.898031550922149E-4
4.8404912225790845E-4
4.784247392169563E-4
4.7292572435509805E-4
4.675479813124827E-4
4.6228758911318654E-4
4.57140792917364E-4
4.5210399535074375E-4
4.471737483699395E-4
4.4234674562545036E-4
4.37619815287226E-4
4.3298991330053524E-4
4.2845411704237594E-4
4.240096193509951E-4
4.1965372290326327E-4
4.1538383491645283E-4
4.1119746215295547E-4
4.070922062078319E-4
4.0306575906083787E-4
3.991158988757385E-4
3.952404860310871E-4
3.914374593677344E-4
3.8770483263941076E-4
3.840406911537475E-4
3.804431885918807E-4
3.76910543995741E-4
3.73441038912777E-4
3.7003301468866063E-4
3.666848698990785E-4
3.6339505791240705E-4
3.6016208457552846E-4
3.569845060156398E-4
3.5386092655132254E-4
3.507899967065879E-4
3.477704113220903E-4
3.4480090775794854E-4
3.4188026418309936E-4
3.390072979463495E-4
3.361808640245921E-4
3.333998535440537E-4
3.3066319237044556E-4
3.279698397645159E-4
3.253187870992999E-4
3.2270905663591765E-4
3.201397003548019E-4
3.176097988394574E-4
3.1511846020997514E-4
3.1266481910383824E-4
3.1024803570149303E-4
3.078672947944895E-4
3.0552180489398746E-4
3.0321079737764063E-4
3.0093352567294346E-4
2.9868926447521705E-4
2.964773089985657E-4
2.9429697425817987E-4
2.921475943824761E-4
2.9002852195362486E-4
2.8793912737512924E-4
2.858787982651723E-4
2.838469388744884E-4
2.8184296952767123E-4
2.798663260867509E-4
2.779164594360796E-4
2.759928349875121E-4
2.7409493220495885E-4
2.7222224414745765E-4
2.703742770298861E-4
2.685505498005829E-4
2.6675059373505635E-4
2.649739520451541E-4
2.63220179502934E-4
2.6148884207864703E-4
2.5977951659219444E-4
2.5809179037750314E-4
2.564252609592298E-4
2.547795357413118E-4
2.531542317068211E-4
2.515489751286762E-4
2.499634012907481E-4
2.483971542189251E-4
2.468498864217168E-4
2.453212586400404E-4
2.438109396057541E-4
2.4231860580866473E-4
2.408439412715608E-4
2.393866373330536E-4
2.3794639243785747E-4
2.365229119342095E-4
2.3511590787817562E-4
2.3372509884455827E-4
2.3235020974414597E-4
2.3099097164705221E-4
2.2964712161193396E-4
2.2831840252083007E-4
2.2700456291943947E-4
2.2570535686259173E-4
2.2442054376475162E-4
2.2314988825535814E-4
2.2189316003878997E-4
2.2065013375883083E-4
2.1942058886743237E-4
2.182043094976277E-4
2.17001084340446E-4
2.1581070652568812E-4
2.1463297350640082E-4
2.1346768694694427E-4
2.1231465261450227E-4
2.1117368027392488E-4
2.1004458358578364E-4
2.0892718000750608E-4
2.0782129069752566E-4
2.067267404222863E-4
2.0564335746604535E-4
2.0457097354335913E-4
2.0350942371416336E-4
2.02458546301346E-4
2.0141818281075674E-4
2.0038817785353425E-4
1.9936837907071818E-4
1.9835863705999527E-4
1.9735880530460798E-4
1.9636874010426174E-4
1.953883005080203E-4
1.944173482490976E-4
1.9345574768149892E-4
1.925033657184425E-4
1.915600717724914E-4
1.9062573769739092E-4
1.8970023773145524E-4
1.8878344844259367E-4
1.8787524867478587E-4
1.8697551949605778E-4
1.8608414414785307E-4
1.8520100799579786E-4
1.8432599848177997E-4
1.834590050773223E-4
1.8259991923819116E-4
1.8174863436024282E-4
1.809050457364134E-4
1.8006905051485967E-4
1.7924054765818944E-4
1.7841943790377265E-4
1.7760562372508195E-4
1.7679900929403402E-4
1.7599950044429734E-4
1.7520700463557294E-4
1.744214309187524E-4
1.7364268990199803E-4
1.728706937176617E-4
1.7210535599005767E-4
1.71346591804036E-4
1.7059431767435285E-4
1.6984845151580638E-4
1.6910891261410555E-4
1.6837562159747592E-4
1.6764850040895885E-4
1.6692747227938968E-4
1.6621246170104935E-4
1.6550339440193462E-4
1.648001973206984E-4
1.641027985821363E-4
1.6341112747331535E-4
1.6272511442025816E-4
1.620446909651624E-4
1.6136978974421663E-4
1.6070034446587784E-4
1.6003628988971795E-4
1.5937756180572977E-4
1.5872409701414483E-4
1.5807583330570402E-4
1.5743270944240144E-4
1.567946651386603E-4
1.5616164104295964E-4
1.555335787198762E-4
1.5491042063253238E-4
1.5429211012545215E-4
1.53678591407811E-4
1.5306980953705743E-4
1.5246571040289787E-4
1.5186624071167242E-4
1.5127134797103943E-4
1.506809804750314E-4
1.500950872894341E-4
1.4951361823749474E-4
1.4893652388593028E-4
1.4836375553126238E-4
1.4779526518645208E-4
1.472310055678023E-4
1.4667093008217534E-4
1.461149928144729E-4
1.4556314851538418E-4
1.4501535258941133E-4
1.4447156108312925E-4
1.4393173067372858E-4
1.4339581865776706E-4
1.4286378294019468E-4
1.4233558202358002E-4
1.4181117499758355E-4
1.4129052152865145E-4
1.4077358184991603E-4
1.402603167513103E-4
1.397506875698895E-4
1.3924465618036299E-4
1.3874218498579976E-4
1.3824323690854126E-4
1.3774777538130264E-4
1.3725576433844944E-4
1.367671682074461E-4
1.3628195190049656E-4
1.3580008080633595E-4
1.3532152078219483E-4
1.348462381459303E-4
1.3437419966830965E-4
1.3390537256543976E-4
1.3343972449137396E-4
1.329772235308292E-4
1.32517838192077E-4
1.3206153739996366E-4
1.3160829048905947E-4
1.3115806719696447E-4
1.307108376577182E-4
1.3026657239535784E-4
1.2982524231759033E-4
1.2938681870959697E-4
1.2895127322794158E-4
1.2851857789461735E-4
1.2808870509118105E-4
1.2766162755303766E-4
1.2723731836378286E-4
1.26815750949701E-4
1.2639689907433945E-4
1.2598073683318874E-4
1.2556723864848009E-4
1.2515637926404792E-4
1.247481337403235E-4
1.243424774494035E-4
1.2393938607020195E-4
1.2353883558371785E-4
1.2314080226836542E-4
1.2274526269540024E-4
1.223521937244363E-4
1.2196157249902756E-4
1.2157337644235003E-4
1.2118758325294589E-4
1.208041709005585E-4
1.2042311762202981E-4
1.2004440191727667E-4
1.1966800254535331E-4
1.1929389852055432E-4
1.1892206910861468E-4
1.1855249382297052E-4
1.1818515242107786E-4
1.1782002490079874E-4
1.1745709149686348E-4
1.1709633267738024E-4
1.1673772914041182E-4
1.1638126181061585E-4
1.1602691183593822E-4
1.1567466058436656E-4
1.1532448964073839E-4
1.1497638080360633E-4
1.1463031608216345E-4
1.1428627769319678E-4
1.1394424805813295E-4
1.1360420980010297E-4
1.1326614574106004E-4
1.1293003889896692E-4
1.1259587248500678E-4
1.122636299008562E-4
1.1193329473600152E-4
1.1160485076509456E-4
1.1127828194535733E-4
1.1095357241402954E-4
1.1063070648586768E-4
1.103096686506585E-4
1.0999044357081702E-4
1.0967301607896855E-4
1.0935737117562842E-4
1.0904349402688789E-4
1.0873136996212318E-4
1.0842098447179037E-4
1.0811232320520884E-4
1.0780537196840715E-4
1.0750011672199455E-4
1.0719654357906932E-4
1.0689463880316256E-4
1.0659438880621253E-4
1.062957801465672E-4
1.0599879952703365E-4
1.0570343379294253E-4
1.0540966993024902E-4
1.0511749506366659E-4
1.0482689645483112E-4
1.0453786150048562E-4
1.0425037773070621E-4
1.0396443280714273E-4
1.0368001452129534E-4
1.0339711079282215E-4
1.0311570966785964E-4
1.0283579931737943E-4
1.0255736803557054E-4
1.0228040423823982E-4
1.0200489646124699E-4
1.0173083335895405E-4
1.0145820370270579E-4
1.0118699637932971E-4
1.0091720038965787E-4
1.0064880484707606E-4
1.0038179897609308E-4
1.0011617211092743E-4
9.985191369412245E-5
The correct rate for BP: 100.00% 
