1.1783244614460748
0.9278015960978685
0.44924695371119655
0.16723463822509302
0.07773432722998198
0.043994308678664086
0.02981028115751932
0.022260882362938682
0.017628186534187646
0.014517753447163627
0.012296000186770828
0.010635576228471546
0.009351071754775439
0.008329958480557075
0.007500156930434357
0.006813453530793057
0.0062364307720412515
0.00574522708654328
0.005322368388602146
0.0049547772015379405
0.004632479872221102
0.004347742826269316
0.00409448090761055
0.003867843077638637
0.0036639165751343877
0.0034795119324602117
0.003312004265075374
0.003159214419010519
0.0030193188024820647
0.002890780161947169
0.0027722938556261796
0.002662745734783918
0.002561178817621886
0.0024667666929705516
0.0023787921248339997
0.0022966297124162966
0.002219731739065211
0.0021476165484186445
0.0020798589380743
0.0020160821750095557
0.0019559513230783102
0.0018991676385352065
0.0018454638399501358
0.0017946000978895395
0.0017463606201453918
0.0017005507321455932
0.0016569943710094243
0.001615531926666452
0.0015760183754006854
0.0015383216607726868
0.0015023212846136012
0.0014679070770634004
0.001434978119742958
0.001403441800337452
0.0013732129803121266
0.0013442132603236185
0.0013163703302456098
0.001289617392687022
0.0012638926505169022
0.001239138850280863
0.001215302874546058
0.001192335377183353
0.0011701904564176183
0.00114882536117428
0.0011282002268441734
0.001108277837095144
0.001089023408792252
0.0010704043974605663
0.0010523903210439586
0.0010349525999896064
0.0010180644119256411
0.00100170055940638
9.858373493784151E-4
9.704524831769209E-4
9.555249559974914E-4
9.410349649074725E-4
9.269638245648366E-4
9.132938899036739E-4
9.000084851256441E-4
8.87091838406966E-4
8.745290217931036E-4
8.623058958076978E-4
8.504090583513641E-4
8.388257975087173E-4
8.275440479202746E-4
8.165523504099248E-4
8.058398145887844E-4
7.953960841833074E-4
7.852113048595279E-4
7.752760943368599E-4
7.655815146041595E-4
7.561190460679887E-4
7.468805634785468E-4
7.378583134927182E-4
7.290448937460899E-4
7.204332333172614E-4
7.120165744778025E-4
7.037884556305501E-4
6.957426953471376E-4
6.878733774233044E-4
6.801748368771638E-4
6.726416468220788E-4
6.652686061511295E-4
6.580507279753886E-4
6.509832287629736E-4
6.440615181298188E-4
6.372811892371896E-4
6.306380097543971E-4
6.241279133483572E-4
6.177469916646148E-4
6.114914867671277E-4
6.053577840065491E-4
5.993424052890538E-4
5.934420027197113E-4
5.876533525964506E-4
5.819733497322488E-4
5.7639900208494E-4
5.709274256753757E-4
5.655558397760509E-4
5.6028156235371E-4
5.551020057503223E-4
5.500146725881428E-4
5.450171518854365E-4
5.401071153703111E-4
5.352823139810536E-4
5.30540574542072E-4
5.258797966052449E-4
5.212979494471928E-4
5.167930692136326E-4
5.123632562024261E-4
5.080066722776078E-4
5.037215384070522E-4
4.995061323169959E-4
4.953587862570258E-4
4.912778848694369E-4
4.872618631574444E-4
4.8330920454688845E-4
4.794184390364708E-4
4.755881414318656E-4
4.7181692965931276E-4
4.681034631545384E-4
4.6444644132315465E-4
4.6084460206884716E-4
4.5729672038589367E-4
4.538016070127857E-4
4.5035810714390723E-4
4.469650991963316E-4
4.436214936290241E-4
4.4032623181189807E-4
4.370782849423131E-4
4.338766530066163E-4
4.3072036378466835E-4
4.27608471895282E-4
4.2454005788053896E-4
4.2151422732729127E-4
4.185301100239874E-4
4.155868591512338E-4
4.126836505045414E-4
4.098196817477388E-4
4.0699417169568614E-4
4.0420635962493524E-4
4.014555046111091E-4
3.987408848917486E-4
3.960617972535841E-4
3.9341755644302736E-4
3.908074945990115E-4
3.8823096070701686E-4
3.8568732007358575E-4
3.831759538202441E-4
3.80696258396091E-4
3.7824764510829394E-4
3.7582953966961075E-4
3.7344138176235666E-4
3.710826246180218E-4
3.687527346119818E-4
3.6645119087255036E-4
3.6417748490393524E-4
3.619311202224057E-4
3.597116120051852E-4
3.575184867515792E-4
3.5535128195577715E-4
3.532095457909255E-4
3.510928368039816E-4
3.490007236209646E-4
3.46932784662155E-4
3.448886078668376E-4
3.4286779042730874E-4
3.4086993853167424E-4
3.388946671151774E-4
3.3694159961970274E-4
3.3501036776112955E-4
3.331006113043025E-4
3.3121197784520724E-4
3.2934412260024714E-4
3.274967082022058E-4
3.2566940450273605E-4
3.238618883811033E-4
3.220738435589576E-4
3.203049604209237E-4
3.1855493584077854E-4
3.168234730130335E-4
3.1511028128972855E-4
3.1341507602220664E-4
3.1173757840777537E-4
3.100775153410002E-4
3.0843461926951437E-4
3.0680862805417024E-4
3.051992848333833E-4
3.036063378915117E-4
3.0202954053117374E-4
3.004686509493085E-4
2.989234321168957E-4
2.9739365166217416E-4
2.958790817573037E-4
2.9437949900826374E-4
2.928946843479539E-4
2.914244229323731E-4
2.8996850403973257E-4
2.885267209724729E-4
2.8709887096202473E-4
2.856847550762884E-4
2.842841781296642E-4
2.8289694859564326E-4
2.8152287852178205E-4
2.8016178344706814E-4
2.788134823215373E-4
2.774777974280954E-4
2.761545543064969E-4
2.748435816793671E-4
2.735447113802169E-4
2.722577782834379E-4
2.7098262023613357E-4
2.697190779917752E-4
2.684669951456584E-4
2.672262180720222E-4
2.65996595862847E-4
2.647779802682497E-4
2.6357022563846356E-4
2.623731888672789E-4
2.611867293369956E-4
2.6001070886476325E-4
2.5884499165031703E-4
2.5768944422504983E-4
2.565439354023725E-4
2.554083362293286E-4
2.5428251993946625E-4
2.5316636190684356E-4
2.520597396012262E-4
2.509625325443878E-4
2.498746222674911E-4
2.487958922695452E-4
2.4772622797685634E-4
2.466655167034977E-4
2.456136476127392E-4
2.4457051167940533E-4
2.4353600165316568E-4
2.425100120227014E-4
2.4149243898073238E-4
2.404831803898786E-4
2.3948213574936074E-4
2.384892061624499E-4
2.375042943047422E-4
2.3652730439313122E-4
2.355581421555365E-4
2.3459671480134282E-4
2.3364293099252054E-4
2.3269670081541512E-4
2.3175793575319091E-4
2.3082654865892732E-4
2.2990245372929948E-4
2.2898556647889143E-4
2.2807580371508713E-4
2.2717308351351718E-4
2.2627732519408936E-4
2.253884492975253E-4
2.2450637756244802E-4
2.236310329029898E-4
2.2276233938687176E-4
2.2190022221397576E-4
2.2104460769543352E-4
2.2019542323310252E-4
2.1935259729956278E-4
2.1851605941851552E-4
2.1768574014560817E-4
2.1686157104968854E-4
2.1604348469447322E-4
2.1523141462057623E-4
2.1442529532797997E-4
2.1362506225881464E-4
2.128306517805727E-4
2.1204200116961826E-4
2.1125904859510962E-4
2.1048173310320324E-4
2.097099946016269E-4
2.089437738445588E-4
2.0818301241784412E-4
2.0742765272449454E-4
2.0667763797049975E-4
2.0593291215093977E-4
2.0519342003636964E-4
2.0445910715950565E-4
2.0372991980215603E-4
2.0300580498243336E-4
2.0228671044225427E-4
2.0157258463502205E-4
2.00863376713636E-4
2.001590365187025E-4
1.9945951456697595E-4
1.9876476204006566E-4
1.9807473077332156E-4
1.9738937324499507E-4
1.9670864256556348E-4
1.9603249246729577E-4
1.95360877294022E-4
1.9469375199108845E-4
1.9403107209553145E-4
1.9337279372642007E-4
1.9271887357539345E-4
1.9206926889740627E-4
1.9142393750161093E-4
1.9078283774243628E-4
1.901459285108591E-4
1.8951316922580366E-4
1.8888451982572305E-4
1.8825994076035222E-4
1.8763939298259582E-4
1.870228379405884E-4
1.8641023756988203E-4
1.8580155428581468E-4
1.8519675097598078E-4
1.8459579099287774E-4
1.8399863814666447E-4
1.8340525669807302E-4
1.828156113514297E-4
1.8222966724783444E-4
1.8164738995844407E-4
1.8106874547786826E-4
1.8049370021772207E-4
1.7992222100026383E-4
1.7935427505217267E-4
1.7878982999840494E-4
1.7822885385620485E-4
1.7767131502919635E-4
1.7711718230157162E-4
1.7656642483242018E-4
1.760190121501156E-4
1.754749141468469E-4
1.7493410107319654E-4
1.7439654353286808E-4
1.7386221247746604E-4
1.7333107920138125E-4
1.7280311533677373E-4
1.722782928486321E-4
1.717565840299181E-4
1.712379614968181E-4
1.7072239818403717E-4
1.702098673402131E-4
1.6970034252339428E-4
1.6919379759657667E-4
1.6869020672335345E-4
1.6818954436361794E-4
1.6769178526933372E-4
1.671969044803954E-4
1.6670487732053853E-4
1.662156793933463E-4
1.6572928657829133E-4
1.652456750268684E-4
1.6476482115878303E-4
1.6428670165819173E-4
1.6381129347005146E-4
1.6333857379644673E-4
1.628685200930679E-4
1.624011100656933E-4
1.6193632166673055E-4
1.6147413309184152E-4
1.610145227766067E-4
1.6055746939323622E-4
1.6010295184736215E-4
1.5965094927483593E-4
1.592014410386339E-4
1.587544067257733E-4
1.5830982614429084E-4
1.5786767932026918E-4
1.5742794649491431E-4
1.569906081216746E-4
1.565556448634063E-4
1.5612303758959315E-4
1.5569276737359379E-4
1.5526481548994706E-4
1.5483916341171852E-4
1.5441579280787602E-4
1.539946855407225E-4
1.5357582366336162E-4
1.5315918941719681E-4
1.5274476522949065E-4
1.5233253371093323E-4
1.5192247765326799E-4
1.5151458002695838E-4
1.5110882397886065E-4
1.5070519282997963E-4
1.503036700732031E-4
1.4990423937113028E-4
1.495068845538814E-4
1.4911158961697173E-4
1.4871833871921177E-4
1.4832711618063428E-4
1.479379064804459E-4
1.4755069425503455E-4
1.471654642959866E-4
1.4678220154812853E-4
1.4640089110762026E-4
1.4602151822005856E-4
1.4564406827861765E-4
1.452685268222075E-4
1.4489487953368195E-4
1.4452311223804153E-4
1.4415321090068597E-4
1.437851616256924E-4
1.4341895065409432E-4
1.4305456436223044E-4
1.426919892600618E-4
1.4233121198956993E-4
1.419722193231289E-4
1.4161499816193427E-4
1.412595355344459E-4
1.4090581859484377E-4
1.4055383462151775E-4
1.4020357101557766E-4
1.3985501529936543E-4
1.3950815511503518E-4
1.3916297822309272E-4
1.388194725010061E-4
1.3847762594180712E-4
1.3813742665272547E-4
1.3779886285383657E-4
1.3746192287673558E-4
1.3712659516321635E-4
1.3679286826398366E-4
1.3646073083738026E-4
1.361301716481205E-4
1.35801179566058E-4
1.3547374356495662E-4
1.3514785272129303E-4
1.3482349621305177E-4
1.3450066331856993E-4
1.3417934341537185E-4
1.3385952597902748E-4
1.3354120058203014E-4
1.3322435689268404E-4
1.3290898467401403E-4
1.325950737826853E-4
1.3228261416793142E-4
1.3197159587051546E-4
1.3166200902168276E-4
1.3135384384215006E-4
1.3104709064108293E-4
1.307417398151171E-4
1.3043778184736448E-4
1.301352073064497E-4
1.298340068455584E-4
1.2953417120148547E-4
1.2923569119371723E-4
1.2893855772350132E-4
1.2864276177294664E-4
1.2834829440413835E-4
1.2805514675823829E-4
1.2776331005463055E-4
1.2747277559005602E-4
1.2718353473776517E-4
1.268955789466825E-4
1.266088997405798E-4
1.2632348871727017E-4
1.2603933754778773E-4
1.2575643797560813E-4
1.25474781815857E-4
1.2519436095454357E-4
1.2491516734779173E-4
1.2463719302108946E-4
1.243604300685438E-4
1.24084870652147E-4
1.2381050700105295E-4
1.235373314108614E-4
1.2326533624290565E-4
1.2299451392356814E-4
1.2272485694357255E-4
1.224563578573286E-4
1.2218900928223482E-4
1.2192280389803714E-4
1.2165773444615804E-4
1.2139379372906097E-4
1.2113097460960713E-4
1.2086927001042947E-4
1.2060867291330228E-4
1.2034917635853388E-4
1.2009077344435926E-4
1.1983345732633261E-4
1.1957722121674929E-4
1.1932205838404367E-4
1.1906796215222689E-4
1.188149259003108E-4
1.1856294306173682E-4
1.1831200712383549E-4
1.1806211162725644E-4
1.1781325016544922E-4
1.1756541638410318E-4
1.1731860398063325E-4
1.1707280670364661E-4
1.1682801835243925E-4
1.1658423277646842E-4
1.1634144387485612E-4
1.1609964559589059E-4
1.1585883193653277E-4
1.1561899694193183E-4
1.1538013470493298E-4
1.1514223936562238E-4
1.1490530511083473E-4
1.1466932617370709E-4
1.1443429683321211E-4
1.1420021141370443E-4
1.1396706428447805E-4
1.1373484985931258E-4
1.13503562596056E-4
1.1327319699617187E-4
1.1304374760432175E-4
1.1281520900794319E-4
1.1258757583683407E-4
1.1236084276273169E-4
1.1213500449891445E-4
1.1191005579980119E-4
1.1168599146053838E-4
1.1146280631661967E-4
1.1124049524349662E-4
1.1101905315618474E-4
1.107984750088953E-4
1.1057875579465115E-4
1.1035989054492164E-4
1.1014187432924189E-4
1.0992470225487292E-4
1.0970836946641798E-4
1.0949287114549057E-4
1.092782025103435E-4
1.0906435881553746E-4
1.0885133535159037E-4
1.0863912744463818E-4
1.0842773045610448E-4
1.0821713978236248E-4
1.080073508544177E-4
1.0779835913757473E-4
1.0759016013111817E-4
1.073827493679955E-4
1.0717612241451229E-4
1.0697027487001122E-4
1.0676520236657196E-4
1.0656090056870789E-4
1.0635736517305863E-4
1.0615459190811325E-4
1.0595257653389032E-4
1.0575131484167374E-4
1.0555080265370991E-4
1.0535103582292637E-4
1.051520102326615E-4
1.0495372179637257E-4
1.0475616645737482E-4
1.045593401885567E-4
1.0436323899212621E-4
1.0416785889933785E-4
1.0397319597022655E-4
1.0377924629335078E-4
1.0358600598554356E-4
1.0339347119164334E-4
1.0320163808425877E-4
1.0301050286350632E-4
1.0282006175677044E-4
1.0263031101846313E-4
1.0244124692977333E-4
1.0225286579844032E-4
1.0206516395851108E-4
1.018781377701048E-4
1.0169178361919267E-4
1.0150609791735303E-4
1.0132107710156512E-4
1.0113671763396956E-4
1.0095301600165479E-4
1.0076996871643767E-4
1.0058757231464116E-4
1.0040582335689202E-4
1.0022471842789478E-4
1.000442541362305E-4
9.986442711414987E-5
The correct rate for BP: 100.00% 
