1.2501125729276052
0.7487315312578591
0.35235688686916555
0.15906419461231772
0.08567396914466316
0.05562655116952611
0.040373611648650366
0.03132607927762794
0.025399418571366007
0.02124494904488016
0.018186252212344847
0.015849011503513307
0.014010251688837122
0.012529327924672345
0.011313374368923577
0.010298735108990709
0.009440394131186754
0.008705665350506578
0.00807027177318059
0.007515824393531888
0.007028152464882601
0.006596168707045186
0.006211080324078494
0.005865829259147776
0.005554687846250209
0.005272961934737025
0.005016769696072584
0.004782874604622247
0.004568557778236881
0.00437151930725609
0.004189801201759778
0.004021726647279597
0.0038658516948583835
0.0037209265255544067
0.003585864155124939
0.0034597149699633263
0.003341645869902284
0.003230923077874589
0.003126897888761953
0.0030289947897475093
0.0029367015060513153
0.0028495606190393676
0.002767162475551149
0.0026891391631393537
0.002615159369614886
0.00254492397970303
0.002478162288880867
0.0024146287361909353
0.002354100075232417
0.00229637291655033
0.0022412615859904368
0.00218859625281617
0.002138221288923412
0.0020899938266752795
0.002043782487976712
0.0019994662614253476
0.001956933507877038
0.001916081077683298
0.0018768135252989755
0.0018390424090079132
0.0018026856652395128
0.0017676670484064268
0.0017339156284289837
0.0017013653391605486
0.0016699545718229587
0.0016396258083248537
0.0016103252899905506
0.0015820027177894094
0.001554610980639918
0.0015281059087806075
0.0015024460495614864
0.0014775924633233886
0.001453508537304754
0.0014301598157529926
0.001407513844624375
0.0013855400294374087
0.00136420950500343
0.0013434950158970418
0.0013233708066517408
0.0013038125207734523
0.0012847971077602723
0.0012663027374003781
0.0012483087206947396
0.001230795436817197
0.0012137442655829904
0.0011971375249490617
0.0011809584131158635
0.001165190954841731
0.0011498199516180047
0.0011348309353860666
0.0011202101255071554
0.0011059443887224418
0.0010920212018646132
0.0010784286171037348
0.0010651552295295572
0.0010521901468896985
0.001039522961318931
0.0010271437229090283
0.0010150429149814058
0.0010032114309364109
9.916405525636565E-4
9.803219297074236E-4
9.692475611897145E-4
9.584097769014873E-4
9.478012209798302E-4
9.374148359952732E-4
9.272438480794473E-4
9.172817529288032E-4
9.075223026248896E-4
8.979594932165194E-4
8.88587553012964E-4
8.794009315413904E-4
8.70394289125228E-4
8.615624870430767E-4
8.529005782310607E-4
8.44403798494081E-4
8.360675581937334E-4
8.278874343833496E-4
8.198591633622377E-4
8.119786336234828E-4
8.042418791713626E-4
7.966450731860291E-4
7.89184522014633E-4
7.818566594695773E-4
7.746580414157312E-4
7.675853406297835E-4
7.606353419159529E-4
7.538049374633064E-4
7.470911224309112E-4
7.404909907479521E-4
7.340017311166885E-4
7.276206232070365E-4
7.21345034032152E-4
7.151724144950215E-4
7.091002960968433E-4
7.031262877984794E-4
6.972480730265948E-4
6.914634068170221E-4
6.857701130879301E-4
6.801660820360463E-4
6.746492676495445E-4
6.6921768533153E-4
6.638694096284965E-4
6.586025720583162E-4
6.534153590328716E-4
6.483060098704051E-4
6.432728148932343E-4
6.383141136065892E-4
6.334282929544908E-4
6.286137856490382E-4
6.238690685694036E-4
6.191926612273079E-4
6.145831242956855E-4
6.100390581975907E-4
6.055591017524755E-4
6.011419308771668E-4
5.96786257338974E-4
5.924908275584758E-4
5.882544214598193E-4
5.840758513661838E-4
5.799539609385126E-4
5.75887624155479E-4
5.718757443328084E-4
5.679172531803275E-4
5.640111098948856E-4
5.601563002877274E-4
5.563518359447394E-4
5.525967534181128E-4
5.488901134481317E-4
5.452310002137279E-4
5.416185206106193E-4
5.380518035558363E-4
5.345299993175017E-4
5.310522788688576E-4
5.276178332654911E-4
5.242258730447834E-4
5.208756276466896E-4
5.175663448549735E-4
5.142972902580713E-4
5.110677467287092E-4
5.078770139216704E-4
5.047244077888241E-4
5.016092601108352E-4
4.985309180448303E-4
4.95488743687456E-4
4.924821136526316E-4
4.895104186635339E-4
4.865730631581416E-4
4.8366946490795257E-4
4.8079905464922646E-4
4.7796127572637977E-4
4.7515558374704343E-4
4.7238144624827945E-4
4.696383423736626E-4
4.6692576256069014E-4
4.642432082382294E-4
4.615901915335847E-4
4.5896623498882077E-4
4.5637087128608066E-4
4.538036429814454E-4
4.512641022471451E-4
4.487518106217383E-4
4.4626633876802943E-4
4.438072662383962E-4
4.413741812473144E-4
4.389666804507974E-4
4.3658436873248785E-4
4.3422685899622404E-4
4.3189377196481025E-4
4.295847359847715E-4
4.2729938683695333E-4
4.250373675526405E-4
4.2279832823515894E-4
4.2058192588665115E-4
4.1838782423990706E-4
4.162156935950562E-4
4.140652106610243E-4
4.1193605840145366E-4
4.098279258851066E-4
4.077405081404762E-4
4.056735060145406E-4
4.036266260354862E-4
4.015995802792884E-4
3.995920862399982E-4
3.9760386670367075E-4
3.9563464962574747E-4
3.9368416801185003E-4
3.9175215980181814E-4
3.8983836775691904E-4
3.879425393501382E-4
3.8606442665942907E-4
3.8420378626383074E-4
3.823603791423839E-4
3.8053397057575346E-4
3.7872433005046085E-4
3.7693123116563844E-4
3.751544515422677E-4
3.7339377273477907E-4
3.716489801450022E-4
3.699198629382814E-4
3.682062139618495E-4
3.66507829665259E-4
3.648245100228649E-4
3.6315605845830846E-4
3.615022817709215E-4
3.5986299006397494E-4
3.582379966747773E-4
3.5662711810651116E-4
3.5503017396178654E-4
3.53446986877857E-4
3.518773824634212E-4
3.5032118923704624E-4
3.4877823856704784E-4
3.4724836461288397E-4
3.457314042679845E-4
3.442271971039532E-4
3.427355853161362E-4
3.4125641367052916E-4
3.397895294519058E-4
3.383347824132683E-4
3.3689202472643166E-4
3.354611109338462E-4
3.3404189790151294E-4
3.326342447730568E-4
3.312380129248337E-4
3.298530659221422E-4
3.284792694764092E-4
3.27116491403407E-4
3.2576460158241516E-4
3.2442347191635957E-4
3.230929762928162E-4
3.217729905459488E-4
3.2046339241931595E-4
3.191640615295087E-4
3.1787487933061093E-4
3.165957290794769E-4
3.153264958017715E-4
3.1406706625880537E-4
3.1281732891506447E-4
3.115771739065022E-4
3.103464930095095E-4
3.0912517961058605E-4
3.079131286766778E-4
3.067102367261468E-4
3.0551640180040196E-4
3.0433152343614124E-4
3.0315550263816584E-4
3.0198824185283946E-4
3.008296449420653E-4
2.996796171578501E-4
2.9853806511741737E-4
2.9740489677882733E-4
2.9628002141713434E-4
2.9516334960104693E-4
2.9405479317007283E-4
2.929542652121504E-4
2.91861680041756E-4
2.9077695317844706E-4
2.8970000132587853E-4
2.886307423512351E-4
2.875690952651017E-4
2.865149802017306E-4
2.854683183997493E-4
2.8442903218321296E-4
2.8339704494309396E-4
2.823722811191119E-4
2.813546661819551E-4
2.8034412661583763E-4
2.7934058990143645E-4
2.783439844991492E-4
2.773542398326885E-4
2.763712862730182E-4
2.753950551225986E-4
2.744254785999361E-4
2.73462489824455E-4
2.725060228016523E-4
2.7155601240856463E-4
2.7061239437948723E-4
2.6967510529199077E-4
2.687440825532249E-4
2.678192643864527E-4
2.669005898178789E-4
2.659879986637001E-4
2.6508143151742706E-4
2.6418082973745456E-4
2.632861354348228E-4
2.623972914612874E-4
2.615142413975332E-4
2.6063692954167694E-4
2.5976530089794856E-4
2.5889930116559576E-4
2.580388767280019E-4
2.5718397464199956E-4
2.5633454262738404E-4
2.554905290566292E-4
2.546518829447721E-4
2.5381855393952094E-4
2.5299049231150783E-4
2.5216764894473977E-4
2.513499753272198E-4
2.505374235417357E-4
2.4972994625683696E-4
2.4892749671792213E-4
2.481300287385699E-4
2.4733749669193897E-4
2.4654985550238404E-4
2.4576706063719566E-4
2.4498906809849216E-4
2.442158344152535E-4
2.4344731663550348E-4
2.42683472318621E-4
2.4192425952780324E-4
2.4116963682263272E-4
2.4041956325181134E-4
2.3967399834598588E-4
2.3893290211072425E-4
2.3819623501960497E-4
2.3746395800742056E-4
2.3673603246350986E-4
2.360124202252019E-4
2.352930835713616E-4
2.345779852160679E-4
2.3386708830236687E-4
2.331603563961767E-4
2.3245775348025772E-4
2.3175924394829023E-4
2.3106479259908178E-4
2.303743646308358E-4
2.296879256355285E-4
2.290054415933996E-4
2.2832687886750888E-4
2.276522041983852E-4
2.269813846987929E-4
2.2631438784855628E-4
2.2565118148946492E-4
2.249917338202968E-4
2.2433601339189914E-4
2.236839891023504E-4
2.230356301921932E-4
2.2239090623978427E-4
2.217497871566731E-4
2.211122431830788E-4
2.2047824488344623E-4
2.1984776314204745E-4
2.1922076915868916E-4
2.185972344444619E-4
2.1797713081756856E-4
2.173604303992148E-4
2.1674710560957663E-4
2.1613712916381298E-4
2.1553047406815587E-4
2.1492711361606644E-4
2.143270213844278E-4
2.1373017122982966E-4
2.131365372848904E-4
2.1254609395462707E-4
2.1195881591292188E-4
2.1137467809900415E-4
2.1079365571400325E-4
2.102157242175487E-4
2.0964085932443548E-4
2.0906903700133747E-4
2.085002334635389E-4
2.0793442517178255E-4
2.0737158882909866E-4
2.0681170137771702E-4
2.0625473999602947E-4
2.0570068209558077E-4
2.0514950531810795E-4
2.0460118753264659E-4
2.040557068326488E-4
2.0351304153316517E-4
2.029731701680608E-4
2.0243607148728797E-4
2.0190172445416174E-4
2.0137010824273398E-4
2.008412022351429E-4
2.0031498601906243E-4
1.997914393851289E-4
1.992705423244668E-4
1.9875227502620213E-4
1.9823661787503593E-4
1.9772355144885247E-4
1.9721305651634598E-4
1.9670511403471235E-4
1.9619970514734704E-4
1.9569681118158117E-4
1.9519641364646316E-4
1.9469849423055932E-4
1.9420303479978978E-4
1.9371001739531144E-4
1.9321942423139297E-4
1.9273123769336225E-4
1.922454403355537E-4
1.917620148793058E-4
1.912809442109737E-4
1.90802211379962E-4
1.9032579959681352E-4
1.8985169223130144E-4
1.8937987281055253E-4
1.8891032501720123E-4
1.8844303268757321E-4
1.8797797980987734E-4
1.8751515052244542E-4
1.8705452911198036E-4
1.8659610001182854E-4
1.861398478002924E-4
1.8568575719894856E-4
1.8523381307099465E-4
1.8478400041962236E-4
1.8433630438641275E-4
1.8389071024974403E-4
1.8344720342323588E-4
1.8300576945420413E-4
1.8256639402213718E-4
1.821290629371975E-4
1.8169376213874873E-4
1.8126047769388156E-4
1.808291957959868E-4
1.8039990276332726E-4
1.799725850376308E-4
1.795472291827196E-4
1.7912382188314084E-4
1.7870234994281486E-4
1.7828280028370797E-4
1.7786515994453427E-4
1.7744941607943866E-4
1.7703555595674294E-4
1.766235669576753E-4
1.7621343657512668E-4
1.758051524124305E-4
1.7539870218214368E-4
1.7499407370485565E-4
1.7459125490801482E-4
1.7419023382475582E-4
1.7379099859275547E-4
1.7339353745309913E-4
1.7299783874916087E-4
1.7260389092549724E-4
1.7221168252675738E-4
1.7182120219661395E-4
1.7143243867668372E-4
1.7104538080549666E-4
1.7066001751745244E-4
1.702763378417956E-4
1.6989433090161099E-4
1.6951398591282402E-4
1.6913529218321404E-4
1.687582391114602E-4
1.6838281618615134E-4
1.6800901298487153E-4
1.6763681917323796E-4
1.6726622450399662E-4
1.66897218816103E-4
1.665297920338167E-4
1.661639341658208E-4
1.6579963530434185E-4
1.654368856242737E-4
1.650756753823332E-4
1.64715994916211E-4
1.6435783464372838E-4
1.6400118506201667E-4
1.6364603674670622E-4
1.6329238035112158E-4
1.62940206605477E-4
1.625895063160952E-4
1.622402703646408E-4
1.6189248970733695E-4
1.6154615537422015E-4
1.6120125846839377E-4
1.6085779016527518E-4
1.6051574171188475E-4
1.6017510442610717E-4
1.5983586969598273E-4
1.594980289790267E-4
1.5916157380148322E-4
1.588264957576988E-4
1.5849278650939495E-4
1.5816043778501965E-4
1.5782944137908276E-4
1.574997891514953E-4
1.5717147302692202E-4
1.5684448499415338E-4
1.5651881710545778E-4
1.5619446147596404E-4
1.558714102830423E-4
1.555496557657009E-4
1.5522919022397064E-4
1.549100060183206E-4
1.545920955690583E-4
1.5427545135575694E-4
1.5396006591667755E-4
1.5364593184819477E-4
1.5333304180424446E-4
1.530213884957515E-4
1.5271096469010516E-4
1.524017632105942E-4
1.520937769358748E-4
1.5178699879945563E-4
1.5148142178914937E-4
1.511770389465685E-4
1.508738433666136E-4
1.5057182819696086E-4
1.502709866375617E-4
1.4997131194015252E-4
1.496727974077582E-4
1.4937543639420968E-4
1.490792223036732E-4
1.487841485901625E-4
1.484902087570826E-4
1.4819739635676095E-4
1.4790570498999776E-4
1.476151283055973E-4
1.4732565999993805E-4
1.4703729381651992E-4
1.4675002354553086E-4
1.4646384302340943E-4
1.4617874613242837E-4
1.4589472680025023E-4
1.4561177899953247E-4
1.4532989674749902E-4
1.4504907410553517E-4
1.447693051787804E-4
1.4449058411573125E-4
1.4421290510784607E-4
1.4393626238914107E-4
1.436606502358286E-4
1.433860629659014E-4
1.431124949387793E-4
1.4283994055492278E-4
1.4256839425546596E-4
1.422978505218395E-4
1.4202830387542506E-4
1.417597488771816E-4
1.4149218012730132E-4
1.412255922648392E-4
1.4095997996739238E-4
1.406953379507372E-4
1.4043166096848738E-4
1.4016894381177326E-4
1.3990718130889418E-4
1.3964636832499507E-4
1.3938649976173592E-4
1.3912757055698096E-4
1.3886957568445794E-4
1.3861251015346738E-4
1.3835636900855187E-4
1.3810114732919096E-4
1.3784684022950312E-4
1.3759344285792585E-4
1.3734095039694022E-4
1.3708935806275023E-4
1.3683866110500399E-4
1.3658885480650088E-4
1.3633993448290165E-4
1.3609189548243885E-4
1.3584473318565198E-4
1.3559844300509E-4
1.3535302038504774E-4
1.3510846080128886E-4
1.3486475976077225E-4
1.3462191280139168E-4
1.3437991549171015E-4
1.3413876343069652E-4
1.3389845224745772E-4
1.336589776009966E-4
1.3342033517995468E-4
1.331825207023476E-4
1.3294552991533493E-4
1.327093585949633E-4
1.3247400254592448E-4
1.3223945760130925E-4
1.320057196223823E-4
1.3177278449833153E-4
1.3154064814603614E-4
1.3130930650984395E-4
1.310787555613295E-4
1.3084899129908015E-4
1.306200097484548E-4
1.3039180696138052E-4
1.301643790161139E-4
1.2993772201703402E-4
1.297118320944212E-4
1.2948670540424763E-4
1.2926233812795998E-4
1.2903872647227447E-4
1.2881586666896216E-4
1.285937549746546E-4
1.2837238767062818E-4
1.281517610626093E-4
1.279318714805725E-4
1.2771271527854688E-4
1.2749428883441051E-4
1.2727658854970559E-4
1.2705961084944276E-4
1.268433521819143E-4
1.2662780901849839E-4
1.26412977853481E-4
1.2619885520386083E-4
1.2598543760918297E-4
1.2577272163133795E-4
1.2556070385439527E-4
1.253493808844244E-4
1.2513874934931313E-4
1.2492880589859846E-4
1.247195472032904E-4
1.2451096995570632E-4
1.243030708692911E-4
1.2409584667846406E-4
1.2388929413843832E-4
1.2368341002506504E-4
1.2347819113466682E-4
1.2327363428387707E-4
1.2306973630948247E-4
1.2286649406826022E-4
1.2266390443682116E-4
1.2246196431145857E-4
1.2226067060798848E-4
1.220600202616038E-4
1.2186001022671402E-4
1.2166063747680485E-4
1.2146189900428712E-4
1.2126379182033838E-4
1.2106631295477778E-4
1.2086945945590356E-4
1.2067322839036204E-4
1.204776168429986E-4
1.2028262191672352E-4
1.2008824073236069E-4
1.1989447042852651E-4
1.1970130816148812E-4
1.1950875110501145E-4
1.193167964502567E-4
1.1912544140562023E-4
1.1893468319661318E-4
1.187445190657358E-4
1.1855494627233979E-4
1.1836596209250123E-4
1.181775638188967E-4
1.179897487606811E-4
1.1780251424335228E-4
1.1761585760863827E-4
1.1742977621436895E-4
1.1724426743435682E-4
1.1705932865827542E-4
1.1687495729154187E-4
1.1669115075520309E-4
1.1650790648580248E-4
1.1632522193528799E-4
1.1614309457087505E-4
1.1596152187494937E-4
1.1578050134494469E-4
1.1560003049323332E-4
1.1542010684701408E-4
1.1524072794820601E-4
1.1506189135333628E-4
1.1488359463343481E-4
1.1470583537392099E-4
1.1452861117450968E-4
1.143519196490903E-4
1.1417575842563972E-4
1.1400012514610422E-4
1.1382501746630644E-4
1.1365043305584011E-4
1.1347636959796823E-4
1.1330282478953092E-4
1.1312979634083439E-4
1.1295728197556492E-4
1.1278527943068032E-4
1.1261378645632972E-4
1.1244280081573727E-4
1.1227232028512454E-4
1.1210234265361141E-4
1.1193286572311578E-4
1.1176388730827877E-4
1.1159540523635286E-4
1.1142741734712164E-4
1.1125992149281569E-4
1.1109291553801183E-4
1.1092639735955272E-4
1.107603648464528E-4
1.1059481589982094E-4
1.1042974843276337E-4
1.1026516037030787E-4
1.1010104964931295E-4
1.0993741421838281E-4
1.097742520377968E-4
1.0961156107941145E-4
1.0944933932657854E-4
1.092875847740853E-4
1.0912629542804669E-4
1.0896546930584088E-4
1.0880510443603096E-4
1.0864519885827651E-4
1.0848575062327137E-4
1.0832675779264944E-4
1.0816821843892005E-4
1.0801013064538407E-4
1.0785249250607132E-4
1.0769530212564826E-4
1.0753855761936042E-4
1.0738225711294817E-4
1.0722639874258011E-4
1.0707098065477648E-4
1.0691600100634508E-4
1.0676145796429743E-4
1.0660734970579562E-4
1.0645367441806539E-4
1.0630043029833919E-4
1.0614761555378105E-4
1.0599522840142286E-4
1.058432670680925E-4
1.0569172979034967E-4
1.0554061481441873E-4
1.0538992039612514E-4
1.0523964480082519E-4
1.0508978630334456E-4
1.0494034318791334E-4
1.0479131374810674E-4
1.0464269628677035E-4
1.0449448911597077E-4
1.0434669055692338E-4
1.0419929893993853E-4
1.0405231260435195E-4
1.0390572989846975E-4
1.0375954917951029E-4
1.0361376881353569E-4
1.0346838717540424E-4
1.0332340264869585E-4
1.0317881362567631E-4
1.0303461850721169E-4
1.0289081570273836E-4
1.0274740363018331E-4
1.0260438071592632E-4
1.0246174539472707E-4
1.0231949610968275E-4
1.0217763131216907E-4
1.0203614946177557E-4
1.0189504902627254E-4
1.0175432848153605E-4
1.0161398631150422E-4
1.0147402100812414E-4
1.0133443107130036E-4
1.0119521500883751E-4
1.0105637133639607E-4
1.0091789857742946E-4
1.0077979526314431E-4
1.0064205993244712E-4
1.0050469113189257E-4
1.0036768741563197E-4
1.0023104734536433E-4
1.0009476949029183E-4
9.995885242706748E-5
The correct rate for BP: 100.00% 
