1.0611715664948007
0.5420784974867349
0.1225394201299471
0.03290591127204301
0.015703580236660103
0.01018913503090586
0.007601854325544738
0.006066223788758168
0.005044607607081255
0.004314863105279428
0.0037673109036822313
0.0033412795389080397
0.0030004002813589525
0.0027215181284964427
0.002489179988189056
0.0022926742331251665
0.0021243402096509274
0.0019785536625261894
0.0018510921170560104
0.001738723806267222
0.0016389332995110975
0.001549733549304686
0.0014695341701475414
0.0013970472475213923
0.001331218764542942
0.0012711778691966167
0.0012161987919285092
0.001165671880525061
0.0011190813037809384
0.001075987699235906
0.0010360145318783032
9.988372700865604E-4
9.641747228629694E-4
9.317820513131329E-4
9.014450888236498E-4
8.729756928243855E-4
8.462079160953674E-4
8.209948339531294E-4
7.97205899956235E-4
7.747247302606389E-4
7.534472377475292E-4
7.332800532023498E-4
7.141391833509516E-4
6.959488653404183E-4
6.786405849410661E-4
6.621522318276721E-4
6.464273701377841E-4
6.314146063774105E-4
6.170670398606846E-4
6.033417833897488E-4
5.901995439291844E-4
5.776042547013472E-4
5.655227515003554E-4
5.539244871520006E-4
5.427812789810505E-4
5.320670849230127E-4
5.21757804563853E-4
5.118311019318617E-4
5.022662473195837E-4
4.930439757961137E-4
4.841463603926276E-4
4.7555669821797045E-4
4.672594079934847E-4
4.592399376946372E-4
4.5148468115646125E-4
4.439809026450707E-4
4.3671666852237404E-4
4.296807852386898E-4
4.228627429806925E-4
4.1625266438268026E-4
4.09841257778785E-4
4.0361977453446475E-4
3.975799700483402E-4
3.9171406806173077E-4
3.860147279534653E-4
3.804750147330337E-4
3.750883714761135E-4
3.6984859397399617E-4
3.6474980739237945E-4
3.597864447563412E-4
3.549532270972444E-4
3.502451451137559E-4
3.456574422141776E-4
3.411855988203505E-4
3.3682531782509487E-4
3.3257251110558776E-4
3.2842328700441654E-4
3.24373938698351E-4
3.2042093338237126E-4
3.16560902203061E-4
3.127906308816412E-4
3.0910705097217183E-4
3.055072317053379E-4
3.0198837237265777E-4
2.9854779520978113E-4
2.951829387412558E-4
2.91891351552207E-4
2.8867068645537197E-4
2.855186950245749E-4
2.8243322246805994E-4
2.7941220281737904E-4
2.7645365440931294E-4
2.735556756403984E-4
2.7071644097493924E-4
2.6793419718913324E-4
2.6520725983515404E-4
2.6253400991035707E-4
2.599128907178338E-4
2.5734240490568963E-4
2.5482111167321524E-4
2.523476241331939E-4
2.4992060682018166E-4
2.475387733354823E-4
2.4520088412015317E-4
2.4290574434797634E-4
2.4065220193098552E-4
2.3843914563054453E-4
2.3626550326756972E-4
2.3413024002586028E-4
2.3203235684296226E-4
2.2997088888332306E-4
2.2794490408889197E-4
2.2595350180263757E-4
2.2399581146071904E-4
2.2207099134936067E-4
2.2017822742275144E-4
2.183167321784752E-4
2.1648574358725772E-4
2.1468452407400878E-4
2.1291235954724712E-4
2.1116855847438495E-4
2.0945245100021807E-4
2.077633881063973E-4
2.0610074080961764E-4
2.044638993965022E-4
2.0285227269319854E-4
2.012652873679127E-4
1.997023872646147E-4
1.9816303276634612E-4
1.966467001865837E-4
1.9515288118724107E-4
1.9368108222193883E-4
1.9223082400331322E-4
1.908016409931218E-4
1.8939308091404396E-4
1.880047042820964E-4
1.8663608395866267E-4
1.8528680472117476E-4
1.8395646285155538E-4
1.8264466574158757E-4
1.8135103151436016E-4
1.8007518866107908E-4
1.7881677569250344E-4
1.7757544080431286E-4
1.7635084155577855E-4
1.751426445611282E-4
1.7395052519300727E-4
1.7277416729749527E-4
1.7161326292017596E-4
1.7046751204271562E-4
1.6933662232954474E-4
1.6822030888414925E-4
1.6711829401456235E-4
1.6603030700765726E-4
1.649560839118667E-4
1.638953673279436E-4
1.6284790620742782E-4
1.6181345565851395E-4
1.6079177675896214E-4
1.5978263637577802E-4
1.5878580699139566E-4
1.5780106653605979E-4
1.568281982261678E-4
1.5586699040833922E-4
1.5491723640892387E-4
1.5397873438881838E-4
1.5305128720328074E-4
1.5213470226660875E-4
1.5122879142146249E-4
1.5033337081264057E-4
1.4944826076514084E-4
1.4857328566635167E-4
1.4770827385217507E-4
1.4685305749697797E-4
1.4600747250717935E-4
1.4517135841835387E-4
1.4434455829572722E-4
1.4352691863790044E-4
1.4271828928372302E-4
1.4191852332216907E-4
1.4112747700510147E-4
1.4034500966283824E-4
1.3957098362239878E-4
1.3880526412833662E-4
1.3804771926606533E-4
1.3729821988758665E-4
1.3655663953952773E-4
1.3582285439342264E-4
1.3509674317811895E-4
1.3437818711428353E-4
1.336670698508926E-4
1.3296327740365934E-4
1.3226669809530956E-4
1.3157722249767162E-4
1.308947433754879E-4
1.302191556318896E-4
1.29550356255517E-4
1.2888824426916196E-4
1.282327206799545E-4
1.2758368843096476E-4
1.269410523542516E-4
1.2630471912523613E-4
1.2567459721841078E-4
1.2505059686430077E-4
1.2443263000766968E-4
1.2382061026688912E-4
1.2321445289449002E-4
1.2261407473877957E-4
1.2201939420656638E-4
1.2143033122691869E-4
1.2084680721590588E-4
1.2026874504234449E-4
1.1969606899445838E-4
1.1912870474747292E-4
1.1856657933207132E-4
1.1800962110372634E-4
1.1745775971283966E-4
1.1691092607570209E-4
1.1636905234621208E-4
1.1583207188836902E-4
1.1529991924947928E-4
1.1477253013407065E-4
1.1424984137850071E-4
1.1373179092622859E-4
1.1321831780371741E-4
1.127093620969869E-4
1.1220486492874493E-4
1.1170476843613295E-4
1.1120901574901209E-4
1.1071755096883767E-4
1.1023031914803857E-4
1.0974726626994502E-4
1.0926833922919764E-4
1.0879348581266522E-4
1.0832265468083405E-4
1.0785579534965968E-4
1.0739285817286841E-4
1.0693379432469464E-4
1.0647855578304936E-4
1.0602709531308458E-4
1.0557936645118278E-4
1.0513532348930869E-4
1.0469492145976155E-4
1.0425811612027911E-4
1.0382486393951171E-4
1.0339512208282561E-4
1.0296884839847645E-4
1.0254600140406876E-4
1.0212654027336767E-4
1.017104248234057E-4
1.0129761550190314E-4
1.008880733749639E-4
1.0048176011507844E-4
1.0007863798938788E-4
9.96786698482319E-5
The correct rate for BP: 100.00% 
