0.8927030229945894
0.4228434076210287
0.0793904976205526
0.009893618078964212
0.007768605821253418
0.006372914123663913
0.005396930072351222
0.004677705431671704
0.004126022951732053
0.003689542875670534
0.0033356393404799043
0.0030429380414568785
0.0027968546186055853
0.0025870971961130746
0.00240619519596111
0.002248594387469848
0.0021100793222732957
0.0019873928344541804
0.0018779783689164818
0.0017798012302061848
0.0016912219130414356
0.001610904625742953
0.0015377501011702727
0.0014708454890966392
0.0014094264686655925
0.0013528482393472025
0.0013005630540603502
0.0012521026354211946
0.0012070642801628628
0.0011650997797164287
0.0011259065128928253
0.001089220229629524
0.001054809162785769
0.0010224691913804662
9.920198426045575E-4
9.633009677164847E-4
9.361699629604492E-4
9.104994340565438E-4
8.861752238317567E-4
8.63094738805234E-4
8.411655231857124E-4
8.203040386485322E-4
8.004346160765595E-4
7.814885516529063E-4
7.634033246454961E-4
7.461219181985028E-4
7.295922276533015E-4
7.137665435225296E-4
6.986010983606967E-4
6.840556685095166E-4
6.700932231228844E-4
6.56679614053948E-4
6.437833011630418E-4
6.313751084174794E-4
6.194280068326461E-4
6.079169208725187E-4
5.968185554057444E-4
5.861112407170169E-4
5.757747934149462E-4
5.657903913674722E-4
5.561404610428044E-4
5.468085758445623E-4
5.377793642103951E-4
5.290384263980821E-4
5.205722590166152E-4
5.123681864747292E-4
5.04414298618804E-4
4.966993939183868E-4
4.892129276323251E-4
4.8194496445394584E-4
4.748861351904151E-4
4.680275970812538E-4
4.613609974046132E-4
4.5487844005798997E-4
4.4857245483389326E-4
4.424359691403948E-4
4.364622819428337E-4
4.306450397258393E-4
4.249782142955E-4
4.1945608225944553E-4
4.140732060389246E-4
4.0882441628112406E-4
4.0370479555283786E-4
3.98709663207997E-4
3.9383456133168586E-4
3.890752416724553E-4
3.8442765348283784E-4
3.79887932195373E-4
3.7545238886793755E-4
3.711175003381668E-4
3.668799000320431E-4
3.627363693765468E-4
3.5868382977057294E-4
3.5471933507230283E-4
3.5084006456469267E-4
3.4704331636396097E-4
3.433265012389669E-4
3.396871368118151E-4
3.3612284211270255E-4
3.326313324639018E-4
3.292104146699999E-4
3.2585798249322516E-4
3.2257201239433385E-4
3.1935055952109497E-4
3.1619175392773E-4
3.130937970099634E-4
3.100549581415067E-4
3.0707357149879994E-4
3.0414803306187476E-4
3.012767977800106E-4
2.9845837689179184E-4
2.956913353897891E-4
2.9297428962087263E-4
2.903059050138076E-4
2.8768489392623606E-4
2.8511001360391957E-4
2.825800642453961E-4
2.800938871657789E-4
2.776503630538359E-4
2.7524841031686573E-4
2.7288698350826535E-4
2.7056507183300255E-4
2.6828169772654005E-4
2.660359155030184E-4
2.638268100688546E-4
2.616534956979989E-4
2.5951511486552463E-4
2.574108371362829E-4
2.553398581056435E-4
2.5330139838946816E-4
2.512947026607248E-4
2.493190387301718E-4
2.473736966688649E-4
2.454579879702191E-4
2.4357124474959967E-4
2.4171281897949337E-4
2.398820817584039E-4
2.380784226117962E-4
2.3630124882341642E-4
2.3454998479548848E-4
2.3282407143636083E-4
2.311229655741746E-4
2.2944613939534947E-4
2.2779307990663207E-4
2.2616328841956388E-4
2.2455628005628545E-4
2.2297158327567955E-4
2.2140873941884742E-4
2.198673022730391E-4
2.1834683765313838E-4
2.1684692299991552E-4
2.1536714699425198E-4
2.1390710918658837E-4
2.1246641964094327E-4
2.1104469859279754E-4
2.0964157612022357E-4
2.082566918277028E-4
2.068896945420173E-4
2.0554024201970038E-4
2.0420800066555848E-4
2.0289264526173812E-4
2.0159385870690608E-4
2.0031133176511487E-4
1.990447628239095E-4
1.9779385766129147E-4
1.9655832922118764E-4
1.9533789739701837E-4
1.9413228882307398E-4
1.929412366733471E-4
1.917644804675012E-4
1.906017658837206E-4
1.8945284457812947E-4
1.883174740105062E-4
1.8719541727606133E-4
1.860864429430362E-4
1.8499032489586336E-4
1.8390684218367364E-4
1.8283577887398664E-4
1.8177692391129312E-4
1.8073007098041261E-4
1.7969501837441514E-4
1.786715688669207E-4
1.776595295886053E-4
1.7665871190780005E-4
1.756689313149424E-4
1.7469000731082525E-4
1.7372176329842653E-4
1.7276402647823998E-4
1.7181662774692452E-4
1.708794015992177E-4
1.6995218603291397E-4
1.6903482245684762E-4
1.681271556017746E-4
1.672290334340017E-4
1.663403070717118E-4
1.6546083070386513E-4
1.6459046151158196E-4
1.63729059591941E-4
1.628764878840659E-4
1.6203261209746863E-4
1.6119730064254956E-4
1.6037042456314466E-4
1.595518574711238E-4
1.5874147548289362E-4
1.5793915715778609E-4
1.5714478343825677E-4
1.5635823759182243E-4
1.5557940515469084E-4
1.548081738770139E-4
1.5404443366972444E-4
1.53288076552893E-4
1.5253899660555163E-4
1.517970899169441E-4
1.510622545391688E-4
1.5033439044111004E-4
1.4961339946372175E-4
1.4889918527648545E-4
1.481916533351429E-4
1.474907108405389E-4
1.4679626669863465E-4
1.4610823148159148E-4
1.45426517389925E-4
1.4475103821567838E-4
1.4408170930659223E-4
1.4341844753124327E-4
1.4276117124510104E-4
1.4210980025749798E-4
1.4146425579947443E-4
1.4082446049247296E-4
1.4019033831784504E-4
1.3956181458717667E-4
1.3893881591336147E-4
1.383212701824386E-4
1.3770910652616516E-4
1.3710225529526936E-4
1.3650064803342186E-4
1.3590421745183877E-4
1.3531289740454256E-4
1.3472662286426355E-4
1.3414532989892048E-4
1.3356895564870747E-4
1.3299743830376173E-4
1.3243071708235414E-4
1.3186873220965924E-4
1.313114248970228E-4
1.3075873732174156E-4
1.3021061260735941E-4
1.2966699480440757E-4
1.291278288716429E-4
1.2859306065772326E-4
1.2806263688333198E-4
1.2753650512373245E-4
1.2701461379172657E-4
1.2649691212102872E-4
1.2598335015003435E-4
1.2547387870597793E-4
1.2496844938943798E-4
1.24467014559231E-4
1.2396952731765791E-4
1.234759414960675E-4
1.229862116407812E-4
1.225002929993326E-4
1.2201814150701988E-4
1.2153971377376888E-4
1.2106496707130069E-4
1.2059385932057814E-4
1.2012634907955412E-4
1.1966239553117779E-4
1.1920195847168504E-4
1.1874499829913941E-4
1.1829147600224044E-4
1.178413531493651E-4
1.1739459187787255E-4
1.1695115488362235E-4
1.1651100541074018E-4
1.160741072415981E-4
1.1564042468702129E-4
1.1520992257669564E-4
1.1478256624979171E-4
1.1435832154579755E-4
1.1393715479553193E-4
1.1351903281236498E-4
1.1310392288361377E-4
1.126917927621343E-4
1.122826106580817E-4
1.1187634523084685E-4
1.114729655811619E-4
1.1107244124338571E-4
1.1067474217792077E-4
1.1027983876381714E-4
1.0988770179151216E-4
1.0949830245573244E-4
1.0911161234852969E-4
1.0872760345247312E-4
1.0834624813396888E-4
1.0796751913672627E-4
1.0759138957534759E-4
1.0721783292905789E-4
1.0684682303554934E-4
1.0647833408496178E-4
1.0611234061397621E-4
1.0574881750003691E-4
1.0538773995566095E-4
1.0502908352290311E-4
1.0467282406789598E-4
1.0431893777550979E-4
1.039674011441215E-4
1.0361819098048617E-4
1.0327128439469022E-4
1.0292665879523479E-4
1.0258429188418737E-4
1.0224416165244065E-4
1.0190624637506035E-4
1.0157052460672498E-4
1.0123697517723705E-4
1.0090557718715314E-4
1.0057631000346317E-4
1.0024915325536608E-4
9.992408683013767E-5
The correct rate for BP: 100.00% 
