1.0527082590011132
0.5010614027969985
0.1193970020971159
0.022565178546345904
0.014309597741333877
0.010487770456131189
0.008263842468709478
0.006805701396189255
0.005775796079317435
0.005010019655090437
0.004418706983668185
0.003948650791135072
0.003566262712986057
0.003249290167079405
0.0029824067135942635
0.002754713311422976
0.002558248748205061
0.0023870634907831156
0.002236623001426942
0.0021034114231858908
0.0019846613017148254
0.0018781649452706947
0.0017821400432884646
0.001695132177764675
0.0016159429349365823
0.0015435761085600777
0.0014771969009834626
0.001416100603238572
0.001359688283005177
0.0013074477187171923
0.0012589383063829752
0.0012137790068846755
0.001171638643244112
0.0011322280307978487
0.0010952935491773982
0.0010606118574638947
0.0010279855224828616
9.972393815789453E-4
9.682175000360372E-4
9.407806128984519E-4
9.148039636814686E-4
8.901754700543105E-4
8.667941602949656E-4
8.445688350789651E-4
8.234169176653492E-4
8.032634622960385E-4
7.840402960219672E-4
7.656852735046315E-4
7.481416278435315E-4
7.313574033215366E-4
7.152849582774983E-4
6.998805282135888E-4
6.851038408059713E-4
6.709177757774833E-4
6.572880636603915E-4
6.441830183677125E-4
6.315732992357207E-4
6.194316988235959E-4
6.077329532812751E-4
5.964535725391084E-4
5.855716879479248E-4
5.750669153165217E-4
5.649202315645703E-4
5.551138634405885E-4
5.456311869528029E-4
5.364566363310005E-4
5.275756214839178E-4
5.189744530432238E-4
5.106402741943358E-4
5.025609985892534E-4
4.947252537187379E-4
4.871223291930366E-4
4.7974212944272034E-4
4.7257513040599994E-4
4.656123398167089E-4
4.588452607491598E-4
4.5226585811310215E-4
4.4586652782447434E-4
4.3964006840642385E-4
4.335796548003817E-4
4.2767881418954995E-4
4.219314036570029E-4
4.163315895183063E-4
4.1087382818434876E-4
4.055528484241042E-4
4.003636349094402E-4
3.9530141293547957E-4
3.9036163421974745E-4
3.855399636925815E-4
3.8083226719907255E-4
3.7623460004020175E-4
3.7174319628717684E-4
3.6735445880896214E-4
3.630649499581653E-4
3.588713828651904E-4
3.547706132949858E-4
3.507596320244178E-4
3.46835557701986E-4
3.429956301546811E-4
3.3923720410974657E-4
3.355577433016748E-4
3.31954814937216E-4
3.284260844933102E-4
3.24969310824898E-4
3.2158234156126375E-4
3.1826310877136827E-4
3.150096248799609E-4
3.118199788178374E-4
3.086923323906694E-4
3.0562491685215756E-4
3.0261602966821143E-4
2.996640314598769E-4
2.9676734311364717E-4
2.9392444304853887E-4
2.9113386463013247E-4
2.8839419372251934E-4
2.8570406636953467E-4
2.830621665975601E-4
2.804672243323934E-4
2.7791801342342995E-4
2.7541334976878047E-4
2.7295208953529766E-4
2.7053312746808404E-4
2.6815539528412375E-4
2.6581786014540066E-4
2.635195232067746E-4
2.6125941823451854E-4
2.5903661029148703E-4
2.568501944852082E-4
2.546992947754335E-4
2.5258306283788747E-4
2.5050067698112656E-4
2.484513411136849E-4
2.464342837587615E-4
2.44448757113969E-4
2.4249403615371812E-4
2.4056941777202346E-4
2.3867421996364452E-4
2.368077810415469E-4
2.3496945888884437E-4
2.3315863024345206E-4
2.3137469001381378E-4
2.2961705062413446E-4
2.2788514138763198E-4
2.2617840790644788E-4
2.2449631149689666E-4
2.2283832863881296E-4
2.2120395044780927E-4
2.1959268216940534E-4
2.180040426938977E-4
2.164375640910419E-4
2.1489279116360002E-4
2.1336928101886788E-4
2.118666026573279E-4
2.103843365776524E-4
2.0892207439733183E-4
2.0747941848812636E-4
2.0605598162578938E-4
2.0465138665332294E-4
2.0326526615719858E-4
2.0189726215594998E-4
2.0054702580063802E-4
1.992142170865723E-4
1.9789850457591708E-4
1.9659956513058037E-4
1.953170836550686E-4
1.9405075284876792E-4
1.9280027296733138E-4
1.9156535159274454E-4
1.9034570341171502E-4
1.891410500020326E-4
1.8795111962657612E-4
1.8677564703464038E-4
1.8561437327030498E-4
1.844670454875105E-4
1.833334167716176E-4
1.8221324596716726E-4
1.8110629751158232E-4
1.8001234127459567E-4
1.7893115240314727E-4
1.7786251117156174E-4
1.7680620283679863E-4
1.7576201749853606E-4
1.7472974996396234E-4
1.737091996170397E-4
1.7270017029209582E-4
1.7170247015157203E-4
1.7071591156776763E-4
1.6974031100843007E-4
1.6877548892604578E-4
1.678212696506911E-4
1.6687748128632555E-4
1.6594395561036584E-4
1.6502052797645793E-4
1.64107037220307E-4
1.632033255684664E-4
1.623092385499459E-4
1.614246249106165E-4
1.6054933653018364E-4
1.5968322834177974E-4
1.5882615825397122E-4
1.5797798707515678E-4
1.571385784402434E-4
1.5630779873953795E-4
1.5548551704975996E-4
1.5467160506712482E-4
1.538659370423967E-4
1.5306838971786805E-4
1.5227884226619559E-4
1.5149717623100543E-4
1.5072327546925544E-4
1.4995702609523707E-4
1.4919831642621232E-4
1.484470369296016E-4
1.4770308017168427E-4
1.4696634076774806E-4
1.462367153336593E-4
1.4551410243879862E-4
1.4479840256028948E-4
1.4408951803855186E-4
1.4338735303403443E-4
1.4269181348519633E-4
1.4200280706759557E-4
1.413202431541478E-4
1.4064403277641455E-4
1.3997408858700474E-4
1.3931032482293335E-4
1.386526572700051E-4
1.380010032281338E-4
1.37355281477599E-4
1.36715412246192E-4
1.3608131717722405E-4
1.3545291929839738E-4
1.3483014299145785E-4
1.3421291396269462E-4
1.3360115921413735E-4
1.3299480701556147E-4
1.3239378687716907E-4
1.317980295230086E-4
1.3120746686503653E-4
1.3062203197787445E-4
1.3004165907417635E-4
1.2946628348064497E-4
1.2889584161461593E-4
1.2833027096127145E-4
1.2776951005138152E-4
1.2721349843962528E-4
1.2666217668343978E-4
1.2611548632237408E-4
1.2557336985798075E-4
1.250357707341773E-4
1.2450263331808406E-4
1.2397390288133536E-4
1.2344952558183907E-4
1.2292944844597935E-4
1.2241361935122833E-4
1.2190198700919764E-4
1.2139450094907271E-4
1.2089111150144103E-4
1.2039176978252306E-4
1.1989642767874171E-4
1.1940503783167337E-4
1.1891755362334094E-4
1.1843392916186683E-4
1.1795411926742001E-4
1.1747807945852578E-4
1.1700576593866976E-4
1.1653713558320867E-4
1.1607214592658293E-4
1.1561075514982982E-4
1.1515292206835366E-4
1.1469860611998845E-4
1.1424776735333477E-4
1.1380036641634391E-4
1.1335636454515856E-4
1.1291572355321299E-4
1.1247840582054926E-4
1.1204437428340166E-4
1.1161359242398474E-4
1.111860242605117E-4
1.1076163433743416E-4
1.1034038771589507E-4
1.099222499643802E-4
1.0950718714957648E-4
1.0909516582742397E-4
1.0868615303436695E-4
1.0828011627878597E-4
1.0787702353260513E-4
1.0747684322309341E-4
1.070795442248267E-4
1.0668509585182143E-4
1.0629346784983695E-4
1.0590463038883302E-4
1.0551855405559164E-4
1.0513520984648698E-4
1.0475456916040539E-4
1.0437660379180898E-4
1.0400128592394624E-4
1.036285881222112E-4
1.0325848332760285E-4
1.0289094485037177E-4
1.0252594636373709E-4
1.0216346189778135E-4
1.0180346583342941E-4
1.0144593289658065E-4
1.0109083815232453E-4
1.0073815699930904E-4
1.003878651641844E-4
1.0003993869618614E-4
9.969435396180446E-5
The correct rate for BP: 100.00% 
