1.0565178127278172
1.0199875921077972
0.6326515763658084
0.335409310465147
0.15898505672761015
0.08888606267308663
0.05966416470925016
0.04411895513408223
0.03463358953880142
0.028310870714891256
0.023826407941252275
0.020496396099410893
0.01793495171845499
0.015908994198870784
0.014269976315483544
0.012919024350673824
0.011787926207623966
0.010828186323820694
0.010004433040099538
0.009290292220259799
0.008665717910700352
0.008115215374981707
0.007626628098331599
0.007190291189900947
0.00679842872027697
0.006444717047667234
0.006123963329336676
0.00583186539164997
0.0055648299966168345
0.005319833641829821
0.005094314757869738
0.004886089370027353
0.004693284495897783
0.004514285090450168
0.0043476914405913905
0.00419228469305106
0.004046998766529549
0.003910897314928652
0.003783154716566906
0.003663040294693116
0.003549905148476671
0.0034431711059564095
0.0033423214119041667
0.0032468928419724734
0.0031564689955160684
0.0030706745672820328
0.002989170435851486
0.0029116494366083273
0.002837832710854523
0.002767466541816181
0.0027003196037016465
0.0026361805624650096
0.0025748559770962147
0.002516168458574173
0.0024599550504473787
0.0024060658006384494
0.002354362498730542
0.0023047175568690456
0.0022570130156437745
0.0022111396590228346
0.0021669962246812545
0.0021244886979831304
0.0020835296794939943
0.0020440378172731036
0.0020059372963620674
0.001969157378881546
0.0019336319889986869
0.0018992993377573123
0.0018661015833902352
0.001833984523272901
0.0018028973141445866
0.001772792217626835
0.001743624368419643
0.0017153515628603533
0.0016879340657957348
0.0016613344339495586
0.0016355173541707283
0.001610449495124744
0.0015860993711472174
0.001562437217115817
0.0015394348733174207
0.0015170656793948006
0.0014953043765509083
0.0014741270172730372
0.001453510881913016
0.0014334344015257002
0.0014138770864266662
0.0013948194599822147
0.0013762429971916536
0.001358130067663272
0.001340463882623011
0.0013232284456280027
0.0013064085066873724
0.0012899895195196106
0.0012739576016998562
0.0012582994974726367
0.0012430025430249729
0.0012280546340326657
0.0012134441953086687
0.0011991601523969014
0.0011851919049681147
0.0011715293018861414
0.0011581626178240518
0.0011450825313192108
0.001132280104165385
0.0011197467620481093
0.0011074742763370331
0.0010954547469555907
0.001083680586254659
0.001072144503822456
0.0010608394921680193
0.0010497588132205005
0.0010388959855906353
0.001028244772544923
0.0010177991706464993
0.0010075533990201672
9.975018892020564E-4
9.876392755372213E-4
9.779603860911137E-4
9.68460234043206E-4
9.591340095333185E-4
9.499770719331525E-4
9.409849425175531E-4
9.321532975115846E-4
9.234779614912105E-4
9.14954901116952E-4
9.065802191809482E-4
8.983501489496008E-4
8.902610487845976E-4
8.82309397026789E-4
8.744917871278738E-4
8.668049230162128E-4
8.592456146836833E-4
8.518107739814706E-4
8.444974106133445E-4
8.373026283157495E-4
8.302236212146153E-4
8.232576703495021E-4
8.164021403562264E-4
8.096544762995079E-4
8.030122006479855E-4
7.964729103840716E-4
7.900342742417513E-4
7.836940300658747E-4
7.774499822865748E-4
7.712999995032689E-4
7.652420121725425E-4
7.59274010394835E-4
7.533940417951363E-4
7.476002094929213E-4
7.418906701571119E-4
7.362636321419167E-4
7.307173536996254E-4
7.252501412667384E-4
7.198603478199627E-4
7.145463712987137E-4
7.09306653091127E-4
7.041396765804834E-4
6.990439657494157E-4
6.940180838391383E-4
6.890606320612109E-4
6.841702483595202E-4
6.793456062200969E-4
6.745854135268114E-4
6.698884114606829E-4
6.652533734410936E-4
6.606791041069025E-4
6.561644383358411E-4
6.517082403004537E-4
6.473094025589882E-4
6.429668451798706E-4
6.386795148981778E-4
6.344463843028262E-4
6.302664510532216E-4
6.261387371240448E-4
6.220622880770742E-4
6.180361723589137E-4
6.140594806235525E-4
6.101313250787172E-4
6.062508388550991E-4
6.024171753974996E-4
5.986295078770274E-4
5.948870286234855E-4
5.911889485771727E-4
5.875344967592867E-4
5.839229197603005E-4
5.803534812454645E-4
5.768254614768713E-4
5.733381568514335E-4
5.698908794540955E-4
5.664829566258176E-4
5.631137305456156E-4
5.597825578262544E-4
5.564888091230353E-4
5.532318687551493E-4
5.500111343391958E-4
5.468260164343764E-4
5.436759381989164E-4
5.405603350573512E-4
5.374786543782538E-4
5.344303551620155E-4
5.314149077383199E-4
5.284317934729999E-4
5.254805044838582E-4
5.225605433652595E-4
5.19671422921029E-4
5.168126659055047E-4
5.13983804772375E-4
5.11184381431042E-4
5.084139470102784E-4
5.05672061628914E-4
5.029582941732676E-4
5.002722220811679E-4
4.976134311322809E-4
4.949815152445553E-4
4.923760762765655E-4
4.897967238355883E-4
4.8724307509115015E-4
4.8471475459395624E-4
4.82211394099954E-4
4.797326323993621E-4
4.772781151505828E-4
4.748474947187042E-4
4.7244043001858885E-4
4.7005658636225975E-4
4.6769563531058687E-4
4.6535725452899175E-4
4.6304112764718544E-4
4.6074694412268264E-4
4.584743991080488E-4
4.5622319332177174E-4
4.539930329225657E-4
4.517836293870988E-4
4.4959469939094126E-4
4.474259646927549E-4
4.4527715202146627E-4
4.431479929664804E-4
4.4103822387076984E-4
4.3894758572672035E-4
4.368758240747563E-4
4.348226889045357E-4
4.327879345587418E-4
4.30771319639327E-4
4.2877260691616544E-4
4.2679156323804744E-4
4.248279594458934E-4
4.22881570288233E-4
4.2095217433875626E-4
4.1903955391595625E-4
4.171434950047908E-4
4.1526378718026365E-4
4.1340022353293345E-4
4.1155260059624394E-4
4.097207182756508E-4
4.0790437977947084E-4
4.061033915514403E-4
4.0431756320488617E-4
4.0254670745851553E-4
4.00790640073735E-4
3.9904917979349135E-4
3.9732214828255613E-4
3.9560937006925925E-4
3.939106724885761E-4
3.922258856265881E-4
3.90554842266237E-4
3.888973778343376E-4
3.872533303498714E-4
3.856225403734535E-4
3.840048509579539E-4
3.8240010760032375E-4
3.808081581944491E-4
3.792288529851657E-4
3.7766204452326394E-4
3.7610758762154196E-4
3.7456533931188056E-4
3.7303515880322873E-4
3.7151690744059913E-4
3.7001044866493375E-4
3.6851564797390037E-4
3.670323728835531E-4
3.655604928908233E-4
3.6409987943687434E-4
3.6265040587123566E-4
3.6121194741675416E-4
3.597843811352559E-4
3.583675858940417E-4
3.5696144233302116E-4
3.555658328326276E-4
3.541806414823865E-4
3.528057540501785E-4
3.514410579521266E-4
3.5008644222319794E-4
3.4874179748833336E-4
3.474070159342912E-4
3.4608199128199587E-4
3.447666187595318E-4
3.4346079507566624E-4
3.421644183939546E-4
3.4087738830735747E-4
3.3959960581340205E-4
3.3833097328985346E-4
3.3707139447090417E-4
3.358207744238E-4
3.3457901952602045E-4
3.333460374428611E-4
3.3212173710550836E-4
3.309060286895539E-4
3.296988235939166E-4
3.28500034420242E-4
3.2730957495265284E-4
3.261273601379548E-4
3.2495330606622033E-4
3.2378732995174363E-4
3.226293501143918E-4
3.2147928596133453E-4
3.2033705796910474E-4
3.1920258766601566E-4
3.180757976149512E-4
3.1695661139647513E-4
3.158449535922371E-4
3.1474074976877E-4
3.136439264615247E-4
3.1255441115926765E-4
3.1147213228876575E-4
3.103970191997281E-4
3.09329002150088E-4
3.0826801229154576E-4
3.0721398165535875E-4
3.06166843138438E-4
3.0512653048968865E-4
3.0409297829660887E-4
3.0306612197214425E-4
3.0204589774177905E-4
3.0103224263088306E-4
3.0002509445226896E-4
2.9902439179400853E-4
2.980300740074548E-4
2.9704208119548563E-4
2.960603542009737E-4
2.9508483459545973E-4
2.94115464668023E-4
2.931521874143879E-4
2.921949465261736E-4
2.912436863803989E-4
2.902983520291229E-4
2.893588891893045E-4
2.8842524423284687E-4
2.8749736417677636E-4
2.865751966736633E-4
2.8565869000214277E-4
2.8474779305766854E-4
2.838424553433741E-4
2.8294262696113145E-4
2.8204825860275674E-4
2.8115930154135857E-4
2.802757076228537E-4
2.79397429257626E-4
2.785244194123213E-4
2.7765663160179207E-4
2.7679401988118266E-4
2.759365388381409E-4
2.750841435851855E-4
2.742367897521682E-4
2.733944334789026E-4
2.7255703140789857E-4
2.7172454067720374E-4
2.708969189134119E-4
2.700741242247517E-4
2.692561151942911E-4
2.684428508732815E-4
2.6763429077460464E-4
2.668303948662954E-4
2.6603112356523174E-4
2.6523643773088406E-4
2.6444629865917605E-4
2.6366066807646636E-4
2.628795081336063E-4
2.6210278140010305E-4
2.6133045085840534E-4
2.605624798982065E-4
2.5979883231095133E-4
2.5903947228432284E-4
2.5828436439690264E-4
2.5753347361286E-4
2.5678676527676096E-4
2.560442051084445E-4
2.5530575919798854E-4
2.5457139400074727E-4
2.5384107633248676E-4
2.5311477336457895E-4
2.523924526192679E-4
2.5167408196504013E-4
2.509596296120316E-4
2.5024906410753793E-4
2.495423543315693E-4
2.4883946949250823E-4
2.4814037912279316E-4
2.474450530747033E-4
2.4675346151618193E-4
2.460655749267696E-4
2.453813640935303E-4
2.447008001071133E-4
2.4402385435782063E-4
2.4335049853177425E-4
2.4268070460710105E-4
2.4201444485023136E-4
2.4135169181218935E-4
2.4069241832499084E-4
2.400365974980791E-4
2.393842027148013E-4
2.3873520762895928E-4
2.3808958616139582E-4
2.3744731249665117E-4
2.3680836107963407E-4
2.361727066123935E-4
2.3554032405089296E-4
2.3491118860185365E-4
2.342852757196505E-4
2.3366256110323304E-4
2.3304302069311313E-4
2.3242663066837973E-4
2.3181336744377372E-4
2.3120320766679508E-4
2.305961282148527E-4
2.2999210619246106E-4
2.2939111892846407E-4
2.2879314397332976E-4
2.2819815909644832E-4
2.2760614228349137E-4
2.2701707173379318E-4
2.2643092585779767E-4
2.2584768327450668E-4
2.2526732280899107E-4
2.2468982348992494E-4
2.2411516454715486E-4
2.2354332540931908E-4
2.229742857014733E-4
2.2240802524277104E-4
2.2184452404417528E-4
2.212837623061923E-4
2.207257204166472E-4
2.2017037894848102E-4
2.1961771865758518E-4
2.1906772048067104E-4
2.1852036553315785E-4
2.1797563510709493E-4
2.174335106691129E-4
2.1689397385841E-4
2.1635700648475E-4
2.158225905264987E-4
2.15290708128697E-4
2.1476134160113299E-4
2.1423447341647095E-4
2.137100862083812E-4
2.1318816276970755E-4
2.1266868605067515E-4
2.1215163915706893E-4
2.1163700534851322E-4
2.1112476803670802E-4
2.1061491078372144E-4
2.1010741730031704E-4
2.0960227144424786E-4
2.0909945721865456E-4
2.0859895877040993E-4
2.0810076038853042E-4
2.076048465025924E-4
2.0711120168117437E-4
2.0661981063032378E-4
2.0613065819201484E-4
2.056437293426815E-4
2.051590091917145E-4
2.0467648298001602E-4
2.0419613607855621E-4
2.037179539869384E-4
2.032419223320125E-4
2.027680268664856E-4
2.0229625346755906E-4
2.0182658813556193E-4
2.0135901699263828E-4
2.008935262814225E-4
2.0043010236374989E-4
1.999687317193719E-4
1.9950940094467788E-4
1.990520967514737E-4
1.9859680596572585E-4
1.9814351552635838E-4
1.9769221248404096E-4
1.972428840000172E-4
1.9679551734491467E-4
1.9635009989761126E-4
1.9590661914407117E-4
1.9546506267623294E-4
1.950254181908923E-4
1.9458767348859584E-4
1.9415181647256717E-4
1.937178351476307E-4
1.9328571761914528E-4
1.9285545209197111E-4
1.9242702686943108E-4
1.9200043035228764E-4
1.9157565103774697E-4
1.911526775184508E-4
1.9073149848150198E-4
1.9031210270749343E-4
1.8989447906955133E-4
1.8947861653237862E-4
1.8906450415133582E-4
1.8865213107150582E-4
1.8824148652678066E-4
1.8783255983896563E-4
1.8742534041688404E-4
1.8701981775550542E-4
1.8661598143506966E-4
1.862138211202327E-4
1.8581332655919655E-4
1.854144875829159E-4
1.8501729410422553E-4
1.8462173611704768E-4
1.8422780369557176E-4
1.8383548699346165E-4
1.834447762430631E-4
1.8305566175462611E-4
1.8266813391553272E-4
1.8228218318952895E-4
1.818978001159899E-4
1.8151497530915128E-4
1.8113369945739642E-4
1.8075396332252014E-4
1.8037575773900206E-4
1.7999907361331338E-4
1.7962390192320513E-4
1.7925023371701608E-4
1.788780601129944E-4
1.7850737229860747E-4
1.7813816152988717E-4
1.7777041913075194E-4
1.774041364923702E-4
1.7703930507249855E-4
1.7667591639484867E-4
1.7631396204846343E-4
1.7595343368707818E-4
1.7559432302851103E-4
1.7523662185404504E-4
1.7488032200784463E-4
1.7452541539633511E-4
1.7417189398761845E-4
1.7381974981090135E-4
1.7346897495591225E-4
1.731195615723232E-4
1.7277150186920063E-4
1.7242478811442996E-4
1.7207941263418822E-4
1.7173536781237125E-4
1.7139264609008126E-4
1.7105123996507133E-4
1.7071114199123118E-4
1.7037234477807066E-4
1.700348409901874E-4
1.696986233467706E-4
1.6936368462109485E-4
1.690300176400194E-4
1.6869761528348604E-4
1.6836647048405577E-4
1.680365762263996E-4
1.6770792554684057E-4
1.6738051153287177E-4
1.6705432732269358E-4
1.6672936610475175E-4
1.6640562111727987E-4
1.6608308564784678E-4
1.657617530329097E-4
1.654416166573842E-4
1.6512266995418292E-4
1.648049064038059E-4
1.6448831953390047E-4
1.641729029188413E-4
1.6385865017931812E-4
1.6354555498190298E-4
1.632336110386647E-4
1.6292281210674526E-4
1.6261315198796338E-4
1.6230462452842856E-4
1.619972236181289E-4
1.616909431905584E-4
1.6138577722232545E-4
1.610817197327756E-4
1.607787647836098E-4
1.6047690647852272E-4
1.6017613896282637E-4
1.5987645642307808E-4
1.59577853086739E-4
1.5928032322180038E-4
1.589838611364429E-4
1.586884611786712E-4
1.5839411773598607E-4
1.5810082523503048E-4
1.5780857814124788E-4
1.575173709585637E-4
1.5722719822903246E-4
1.5693805453251985E-4
1.5664993448638397E-4
1.5636283274513858E-4
1.560767440001479E-4
1.557916629793017E-4
1.5550758444671277E-4
1.5522450320239683E-4
1.5494241408197827E-4
1.5466131195637743E-4
1.54381191731521E-4
1.541020483480361E-4
1.5382387678096465E-4
1.5354667203946204E-4
1.5327042916653025E-4
1.5299514323870525E-4
1.5272080936580158E-4
1.524474226906133E-4
1.5217497838864922E-4
1.5190347166785863E-4
1.5163289776835373E-4
1.513632519621466E-4
1.5109452955288524E-4
1.5082672587558952E-4
1.5055983629638594E-4
1.5029385621225904E-4
1.5002878105079264E-4
1.4976460626991072E-4
1.4950132735764134E-4
1.4923893983185378E-4
1.4897743924002083E-4
1.4871682115898333E-4
1.484570811946996E-4
1.4819821498200368E-4
1.47940218184383E-4
1.4768308649373973E-4
1.4742681563015064E-4
1.4717140134165252E-4
1.469168394040086E-4
1.4666312562048106E-4
1.4641025582161287E-4
1.4615822586500966E-4
1.45907031635115E-4
1.4565666904300327E-4
1.4540713402615572E-4
1.451584225482595E-4
1.4491053059898667E-4
1.446634541937947E-4
1.4441718937371927E-4
1.4417173220517034E-4
1.4392707877972097E-4
1.4368322521392783E-4
1.4344016764911006E-4
1.4319790225117294E-4
1.429564252103959E-4
1.4271573274126086E-4
1.4247582108222978E-4
1.4223668649559785E-4
1.4199832526726633E-4
1.417607337065843E-4
1.4152390814615269E-4
1.4128784494164495E-4
1.4105254047162727E-4
1.4081799113737576E-4
1.405841933627158E-4
1.4035114359381738E-4
1.4011883829905396E-4
1.3988727396880947E-4
1.396564471153106E-4
1.3942635427246304E-4
1.391969919956831E-4
1.3896835686173531E-4
1.3874044546855746E-4
1.3851325443510742E-4
1.382867804011964E-4
1.380610200273391E-4
1.3783596999457644E-4
1.37611627004345E-4
1.3738798777829524E-4
1.371650490581529E-4
1.3694280760556476E-4
1.3672126020194573E-4
1.3650040364832701E-4
1.3628023476520976E-4
1.3606075039242075E-4
1.3584194738895924E-4
1.356238226328579E-4
1.3540637302103965E-4
1.3518959546917996E-4
1.3497348691154617E-4
1.3475804430088993E-4
1.3454326460827866E-4
1.3432914482298415E-4
1.3411568195232453E-4
1.3390287302154043E-4
1.3369071507367118E-4
1.3347920516940305E-4
1.332683403869529E-4
1.330581178219325E-4
1.3284853458721762E-4
1.3263958781283396E-4
1.3243127464580658E-4
1.322235922500649E-4
1.320165378062889E-4
1.3181010851180913E-4
1.316043015804703E-4
1.313991142425194E-4
1.3119454374447724E-4
1.309905873490278E-4
1.307872423348989E-4
1.3058450599673612E-4
1.3038237564500565E-4
1.3018084860585757E-4
1.299799222210301E-4
1.2977959384772778E-4
1.295798608585135E-4
1.2938072064118937E-4
1.2918217059870247E-4
1.2898420814902017E-4
1.2878683072503424E-4
1.2859003577444418E-4
1.2839382075966016E-4
1.2819818315768262E-4
1.280031204600211E-4
1.2780863017257247E-4
1.2761470981552392E-4
1.2742135692325193E-4
1.2722856904422044E-4
1.2703634374087997E-4
1.268446785895728E-4
1.266535711804319E-4
1.2646301911727964E-4
1.2627302001754013E-4
1.2608357151213336E-4
1.2589467124538638E-4
1.2570631687494084E-4
1.2551850607165103E-4
1.253312365195036E-4
1.2514450591551173E-4
1.2495831196963965E-4
1.2477265240469127E-4
1.245875249562459E-4
1.2440292737254943E-4
1.2421885741443478E-4
1.2403531285523937E-4
1.2385229148069747E-4
1.2366979108888496E-4
1.234878094901115E-4
1.233063445068416E-4
1.2312539397361325E-4
1.229449557369565E-4
1.227650276553058E-4
1.2258560759892E-4
1.2240669344980147E-4
1.2222828310161712E-4
1.2205037445961928E-4
1.2187296544056263E-4
1.2169605397262819E-4
1.2151963799534536E-4
1.2134371545951586E-4
1.211682843271369E-4
1.2099334257131913E-4
1.2081888817622096E-4
1.2064491913696767E-4
1.2047143345958153E-4
1.2029842916090239E-4
1.2012590426851844E-4
1.199538568206986E-4
1.1978228486630779E-4
1.196111864647467E-4
1.1944055968588055E-4
1.1927040260996799E-4
1.1910071332758057E-4
1.1893148993955536E-4
1.1876273055690688E-4
1.1859443330076983E-4
1.1842659630232786E-4
1.1825921770274931E-4
1.1809229565311731E-4
1.1792582831437062E-4
1.1775981385723049E-4
1.175942504621414E-4
1.1742913631920205E-4
1.1726446962810875E-4
1.1710024859808633E-4
1.1693647144782939E-4
1.1677313640543628E-4
1.1661024170834759E-4
1.164477856032916E-4
1.162857663462161E-4
1.1612418220222914E-4
1.1596303144554186E-4
1.158023123594097E-4
1.1564202323607154E-4
1.1548216237669175E-4
1.1532272809129922E-4
1.1516371869873724E-4
1.150051325265985E-4
1.1484696791117552E-4
1.1468922319739909E-4
1.1453189673878448E-4
1.1437498689737578E-4
1.142184920436938E-4
1.140624105566768E-4
1.1390674082363119E-4
1.1375148124017251E-4
1.1359663021017695E-4
1.1344218614572717E-4
1.1328814746705917E-4
1.1313451260251105E-4
1.1298127998847173E-4
1.1282844806932926E-4
1.1267601529741626E-4
1.1252398013296813E-4
1.1237234104406215E-4
1.1222109650658004E-4
1.1207024500414894E-4
1.1191978502809367E-4
1.1176971507739376E-4
1.116200336586308E-4
1.1147073928594027E-4
1.1132183048096896E-4
1.1117330577281389E-4
1.1102516369800199E-4
1.1087740280041167E-4
1.107300216312569E-4
1.1058301874901217E-4
1.1043639271939693E-4
1.1029014211530442E-4
1.1014426551677588E-4
1.0999876151094308E-4
1.0985362869199398E-4
1.0970886566112191E-4
1.095644710264866E-4
1.094204434031708E-4
1.0927678141312949E-4
1.0913348368516485E-4
1.089905488548694E-4
1.0884797556458166E-4
1.0870576246335837E-4
1.0856390820692583E-4
1.0842241145763627E-4
1.0828127088443512E-4
1.0814048516280945E-4
1.0800005297476125E-4
1.0785997300875622E-4
1.0772024395968499E-4
1.0758086452884196E-4
1.07441833423858E-4
1.0730314935868395E-4
1.0716481105354345E-4
1.0702681723489331E-4
1.0688916663539214E-4
1.0675185799385451E-4
1.0661489005522952E-4
1.0647826157053882E-4
1.0634197129686457E-4
1.0620601799729696E-4
1.0607040044090397E-4
1.0593511740269868E-4
1.0580016766359779E-4
1.0566555001038846E-4
1.055312632356914E-4
1.0539730613793233E-4
1.0526367752130123E-4
1.0513037619571624E-4
1.0499740097679774E-4
1.048647506858276E-4
1.0473242414971782E-4
1.0460042020097424E-4
1.0446873767767246E-4
1.0433737542341222E-4
1.042063322872945E-4
1.0407560712388523E-4
1.0394519879317915E-4
1.038151061605777E-4
1.0368532809684958E-4
1.035558634780987E-4
1.0342671118574048E-4
1.032978701064614E-4
1.0316933913218925E-4
1.0304111716007836E-4
1.029132030924486E-4
1.027855958367828E-4
1.0265829430568576E-4
1.0253129741685899E-4
1.0240460409305625E-4
1.0227821326207274E-4
1.021521238567116E-4
1.0202633481474472E-4
1.0190084507889069E-4
1.017756535967944E-4
1.0165075932098291E-4
1.0152616120884559E-4
1.0140185822260648E-4
1.0127784932930097E-4
1.011541335007306E-4
1.0103070971345853E-4
1.0090757694876374E-4
1.0078473419262639E-4
1.0066218043569374E-4
1.0053991467325453E-4
1.0041793590521846E-4
1.0029624313607799E-4
1.0017483537489662E-4
1.0005371163526481E-4
9.993287093529738E-5
The correct rate for BP: 100.00% 
