1.0863129201769037
1.0131758448774453
0.7602430707111986
0.5108280840779102
0.3254480214040032
0.21024357951918204
0.14371084421419156
0.10480933648783129
0.08059544182465253
0.06453260480787783
0.05329476019808557
0.04508683200935643
0.038879192810652205
0.034048466873444316
0.030199307782921386
0.027070848811446134
0.02448501622834865
0.022316646219110104
0.020475504403912173
0.018895080745633043
0.01752538725661824
0.016328199891172998
0.015273837489071114
0.014338933107950258
0.013504861432847449
0.012756609287668775
0.012081951256859319
0.011470839130127114
0.01091494362335689
0.010407306153150067
0.00994207123366276
0.00951427867693247
0.009119700668847522
0.008754712881492937
0.008416191658892515
0.008101431362234731
0.007808077437654322
0.0075340718459986356
0.007277608286503166
0.007037095235443226
0.0068111252627820855
0.006598449424214076
0.006397955781031327
0.006208651296237913
0.00602964650704926
0.0058601424921536195
0.005699419744861193
0.005546828636467837
0.005401781212273334
0.0052637441090857325
0.005132232420275139
0.0050068043644721305
0.004887056638348442
0.0047726203537392636
0.004663157475579086
0.004558357690440099
0.004457935646445178
0.004361628514421237
0.004269193827716874
0.004180407564411487
0.004095062440920145
0.004012966390428906
0.003933941203329262
0.0038578213099746076
0.003784452688756982
0.0037136918847752247
0.0036454051263043615
0.003579467527932793
0.003515762370653517
0.0034541804504161925
0.0033946194876973176
0.0033369835915528336
0.0032811827724031723
0.0032271324984809754
0.0031747532914638
0.0031239703573293547
0.003074713248920842
0.0030269155571028463
0.0029805146277334226
0.0029354513019798534
0.0028916696777722033
0.00284911689042237
0.0028077429106439017
0.0027675003583897857
0.0027283443310879524
0.0026902322449971023
0.0026531236885333517
0.002616980286531123
0.0025817655745031167
0.002547444882053683
0.0025139852246809763
0.0024813552032746564
0.00244952491068083
0.002418465844763304
0.0023881508274424933
0.0023585539292397648
0.00232965039889708
0.0023014165976796303
0.0022738299380034364
0.002246868826060534
0.0022205126081425103
0.002194741520388296
0.002169536641704895
0.002144879849630885
0.002120753778930956
0.0020971417827270952
0.0020740278959878312
0.0020513968012106946
0.002029233796146473
0.0020075247634254233
0.001986256141956359
0.001965414899979666
0.0019449885096639722
0.0019249649231448105
0.0019053325499109267
0.0018860802354510292
0.0018671972410800237
0.0018486732248697234
0.001830498223614359
0.0018126626357662869
0.001795157205281608
0.0017779730063199903
0.0017611014287464673
0.00174453416438692
0.0017282631939920289
0.0017122807748675348
0.0016965794291317058
0.0016811519325632697
0.0016659913040055064
0.0016510907952947051
0.0016364438816828697
0.0016220442527268989
0.0016078858036178596
0.00159396262692597
0.0015802690047382274
0.0015667994011672006
0.001553548455210712
0.001540510973943504
0.0015276819260230511
0.001515056435492836
0.0015026297758672586
0.0014903973644835925
0.0014783547571068942
0.0014664976427748778
0.0014548218388705074
0.0014433232864104685
0.0014319980455389275
0.0014208422912159397
0.0014098523090910094
0.001399024491552543
0.0013883553339445313
0.0013778414309423177
0.0013674794730797538
0.0013572662434203206
0.0013471986143654797
0.001337273544593635
0.0013274880761235083
0.0013178393314961687
0.001308324511070144
0.001298940890424303
0.0012896858178636705
0.001280556712023387
0.0012715510595663593
0.0012626664129703753
0.001253900388400685
0.0012452506636642167
0.0012367149762417587
0.0012282911213948346
0.0012199769503437514
0.0012117703685139889
0.0012036693338477542
0.0011956718551779971
0.0011877759906622812
0.0011799798462738178
0.0011722815743473508
0.0011646793721775618
0.0011571714806677903
0.0011497561830270378
0.0011424318035131603
0.0011351967062204562
0.0011280492939097478
0.001120988006879353
0.0011140113218751396
0.0011071177510382408
0.0011003058408888353
0.0010935741713446146
0.001086921354772521
0.0010803460350725235
0.0010738468867920684
0.001067422614270157
0.0010610719508097899
0.0010547936578777304
0.001048586524330536
0.001042449365665938
0.0010363810232984429
0.0010303803638584018
0.0010244462785136178
0.001018577682312618
0.0010127735135488578
0.0010070327331450134
0.0010013543240566713
9.957372906947107E-4
9.901806583656894E-4
9.846834727295674E-4
9.79244799274176E-4
9.73863722805826E-4
9.685393469554457E-4
9.632707936997793E-4
9.580572028970369E-4
9.528977318365167E-4
9.477915548017322E-4
9.427378626465518E-4
9.377358623839243E-4
9.327847767867154E-4
9.278838440003179E-4
9.23032317166532E-4
9.182294640584377E-4
9.134745667258187E-4
9.087669211508036E-4
9.041058369134124E-4
8.994906368666236E-4
8.949206568207022E-4
8.903952452364294E-4
8.85913762927002E-4
8.814755827682808E-4
8.77080089417137E-4
8.727266790375625E-4
8.684147590344454E-4
8.641437477946137E-4
8.599130744349798E-4
8.55722178557615E-4
8.515705100113741E-4
8.474575286600641E-4
8.433827041568199E-4
8.393455157245044E-4
8.35345451942007E-4
8.313820105362042E-4
8.27454698179423E-4
8.235630302922666E-4
8.197065308515565E-4
8.158847322033519E-4
8.120971748808252E-4
8.083434074267924E-4
8.046229862208999E-4
8.009354753112141E-4
7.972804462501221E-4
7.936574779343986E-4
7.900661564493678E-4
7.865060749169476E-4
7.829768333475766E-4
7.794780384958E-4
7.760093037194932E-4
7.725702488425659E-4
7.691605000210775E-4
7.657796896126265E-4
7.624274560489918E-4
7.591034437118473E-4
7.558073028115157E-4
7.525386892686828E-4
7.49297264598943E-4
7.460826958001427E-4
7.428946552424096E-4
7.397328205608298E-4
7.365968745506572E-4
7.334865050650058E-4
7.304014049149895E-4
7.273412717721656E-4
7.243058080732929E-4
7.212947209273045E-4
7.183077220244396E-4
7.153445275474948E-4
7.124048580850902E-4
7.094884385469841E-4
7.065949980812469E-4
7.037242699934168E-4
7.008759916674297E-4
6.980499044883555E-4
6.952457537668751E-4
6.92463288665479E-4
6.897022621262878E-4
6.869624308004948E-4
6.842435549793778E-4
6.81545398526861E-4
6.78867728813515E-4
6.762103166520509E-4
6.73572936234227E-4
6.709553650691002E-4
6.683573839226714E-4
6.657787767587691E-4
6.632193306813058E-4
6.606788358776788E-4
6.581570855634508E-4
6.556538759282099E-4
6.531690060825202E-4
6.507022780060999E-4
6.482534964969936E-4
6.45822469121914E-4
6.434090061675142E-4
6.410129205928114E-4
6.386340279824845E-4
6.362721465012235E-4
6.339270968489787E-4
6.315987022171687E-4
6.292867882457449E-4
6.269911829812119E-4
6.24711716835407E-4
6.224482225452204E-4
6.202005351330372E-4
6.179684918680855E-4
6.157519322284618E-4
6.135506978639897E-4
6.113646325597859E-4
6.091935822006019E-4
6.070373947358043E-4
6.048959201450988E-4
6.027690104049473E-4
6.006565194555928E-4
5.985583031687805E-4
5.964742193160889E-4
5.944041275378893E-4
5.923478893128906E-4
5.903053679283236E-4
5.882764284506188E-4
5.862609376967478E-4
5.842587642060458E-4
5.822697782125924E-4
5.802938516181429E-4
5.783308579655363E-4
5.76380672412635E-4
5.744431717067626E-4
5.725182341595965E-4
5.706057396225746E-4
5.687055694627035E-4
5.668176065388844E-4
5.649417351786343E-4
5.630778411552577E-4
5.612258116654481E-4
5.593855353072829E-4
5.575569020586453E-4
5.557398032560177E-4
5.539341315737025E-4
5.521397810033721E-4
5.503566468340347E-4
5.485846256323402E-4
5.468236152232386E-4
5.450735146710159E-4
5.433342242606341E-4
5.416056454794418E-4
5.398876809991683E-4
5.381802346582849E-4
5.364832114446615E-4
5.347965174785096E-4
5.331200599956683E-4
5.314537473311353E-4
5.297974889029328E-4
5.281511951962374E-4
5.265147777477808E-4
5.248881491305198E-4
5.232712229386008E-4
5.216639137725627E-4
5.200661372247828E-4
5.184778098651919E-4
5.16898849227253E-4
5.153291737941376E-4
5.137687029851541E-4
5.122173571424388E-4
5.106750575178219E-4
5.091417262599602E-4
5.076172864016482E-4
5.061016618473747E-4
5.045947773610794E-4
5.030965585541055E-4
5.016069318733608E-4
5.00125824589667E-4
4.986531647863371E-4
4.971888813478699E-4
4.957329039489331E-4
4.942851630434233E-4
4.928455898537834E-4
4.914141163604536E-4
4.899906752915201E-4
4.885752001124906E-4
4.8716762501630905E-4
4.857678849134518E-4
4.84375915422235E-4
4.82991652859273E-4
4.816150342300599E-4
4.8024599721975016E-4
4.7888448018403365E-4
4.775304221402101E-4
4.7618376275836204E-4
4.748444423526821E-4
4.73512401872956E-4
4.721875828961486E-4
4.7086992761815607E-4
4.695593788456434E-4
4.6825587998807546E-4
4.669593750497886E-4
4.6566980862227004E-4
4.64387125876495E-4
4.631112725554267E-4
4.618421949665821E-4
4.6057983997476793E-4
4.5932415499490135E-4
4.580750879849277E-4
4.5683258743887793E-4
4.55596602380003E-4
4.5436708235403354E-4
4.531439774225392E-4
4.519272381563694E-4
4.5071681562921606E-4
4.4951266141127135E-4
4.483147275629701E-4
4.471229666288252E-4
4.4593733163136867E-4
4.44757776065181E-4
4.435842538909822E-4
4.424167195298661E-4
4.412551278575612E-4
4.4009943419880896E-4
4.389495943218255E-4
4.3780556443284024E-4
4.366673011706925E-4
4.355347616015443E-4
4.344079032136571E-4
4.3328668391223176E-4
4.321710620143372E-4
4.3106099624390154E-4
4.299564457268019E-4
4.28857369985986E-4
4.277637289366811E-4
4.2667548288171227E-4
4.2559259250680504E-4
4.24515018876028E-4
4.234427234272616E-4
4.223756679677615E-4
4.213138146697374E-4
4.2025712606604557E-4
4.192055650459235E-4
4.181590948507702E-4
4.1711767906999983E-4
4.160812816369593E-4
4.1504986682488603E-4
4.1402339924294216E-4
4.130018438322874E-4
4.119851658622111E-4
4.1097333092631903E-4
4.0996630493879215E-4
4.089640541306509E-4
4.0796654504611675E-4
4.069737445389984E-4
4.059856197691487E-4
4.050021381989474E-4
4.040232675898241E-4
4.0304897599887805E-4
4.0207923177550185E-4
4.0111400355803944E-4
4.00153260270542E-4
3.9919697111951753E-4
3.982451055907469E-4
3.972976334461498E-4
3.9635452472066033E-4
3.954157497191896E-4
3.944812790136066E-4
3.935510834397237E-4
3.9262513409440216E-4
3.917034023326271E-4
3.9078585976464966E-4
3.8987247825315657E-4
3.8896322991050517E-4
3.88058087095938E-4
3.8715702241290596E-4
3.8626000870636433E-4
3.8536701906013364E-4
3.8447802679430365E-4
3.8359300546264265E-4
3.8271192885007204E-4
3.8183477097013377E-4
3.8096150606254574E-4
3.800921085907274E-4
3.792265532394191E-4
3.783648149122584E-4
3.7750686872948234E-4
3.766526900255595E-4
3.758022543469284E-4
3.7495553744971565E-4
3.7411251529752363E-4
3.73273164059218E-4
3.724374601067295E-4
3.7160538001294966E-4
3.707769005495652E-4
3.699519986849928E-4
3.6913065158228884E-4
3.683128365971287E-4
3.6749853127576374E-4
3.6668771335305705E-4
3.658803607504907E-4
3.6507645157423985E-4
3.642759641132544E-4
3.634788768373507E-4
3.6268516839535724E-4
3.618948176132458E-4
3.611078034923325E-4
3.6032410520745123E-4
3.5954370210519124E-4
3.5876657370211755E-4
3.5799269968305315E-4
3.5722205989935417E-4
3.564546343672142E-4
3.556904032659937E-4
3.549293469365527E-4
3.541714458796428E-4
3.5341668075425863E-4
3.526650323760715E-4
3.519164817158345E-4
3.5117100989784226E-4
3.504285981983689E-4
3.496892280441763E-4
3.4895288101098685E-4
3.482195388220192E-4
3.474891833465099E-4
3.4676179659826837E-4
3.4603736073423805E-4
3.453158580531026E-4
3.4459727099386004E-4
3.4388158213445895E-4
3.431687741904365E-4
3.424588300135482E-4
3.417517325904507E-4
3.4104746504139523E-4
3.403460106188839E-4
3.396473527064289E-4
3.389514748172547E-4
3.382583605930373E-4
3.375679938026763E-4
3.3688035834106387E-4
3.3619543822785013E-4
3.3551321760626765E-4
3.34833680741933E-4
3.341568120216695E-4
3.334825959523567E-4
3.328110171597862E-4
3.3214206038750566E-4
3.3147571049572873E-4
3.3081195246020183E-4
3.3015077137112423E-4
3.2949215243206244E-4
3.2883608095887534E-4
3.2818254237865457E-4
3.2753152222869084E-4
3.2688300615541145E-4
3.2623697991339645E-4
3.255934293643258E-4
3.249523404760116E-4
3.243136993213866E-4
3.236774920775403E-4
3.2304370502473913E-4
3.2241232454547887E-4
3.21783337123539E-4
3.2115672934303834E-4
3.205324878875175E-4
3.199105995390189E-4
3.1929105117718464E-4
3.186738297783664E-4
3.180589224147162E-4
3.174463162533549E-4
3.1683599855545735E-4
3.162279566754237E-4
3.156221780600322E-4
3.15018650247585E-4
3.1441736086709776E-4
3.138182976374738E-4
3.1322144836666815E-4
3.126268009509303E-4
3.1203434337397307E-4
3.114440637062046E-4
3.108559501039481E-4
3.1026999080867323E-4
3.096861741462307E-4
3.0910448852610335E-4
3.085249224406666E-4
3.0794746446444546E-4
3.073721032533893E-4
3.067988275441475E-4
3.0622762615336023E-4
3.05658487976952E-4
3.050914019894339E-4
3.045263572431989E-4
3.0396334286786754E-4
3.0340234806958713E-4
3.0284336213036857E-4
3.022863744074219E-4
3.0173137433250636E-4
3.0117835141128027E-4
3.006272952226559E-4
3.000781954181631E-4
2.9953104172133387E-4
2.989858239270546E-4
2.9844253190097124E-4
2.9790115557887784E-4
2.9736168496610727E-4
2.968241101369297E-4
2.9628842123397806E-4
2.9575460846764445E-4
2.9522266211551713E-4
2.9469257252179656E-4
2.9416433009672835E-4
2.936379253160547E-4
2.93113348720446E-4
2.9259059091495137E-4
2.920696425684604E-4
2.915504944131614E-4
2.9103313724400447E-4
2.905175619181836E-4
2.900037593545988E-4
2.8949172053335066E-4
2.8898143649522083E-4
2.8847289834117387E-4
2.8796609723183783E-4
2.874610243870279E-4
2.869576710852425E-4
2.864560286631745E-4
2.859560885152297E-4
2.8545784209305607E-4
2.849612809050659E-4
2.8446639651596306E-4
2.839731805462835E-4
2.834816246719398E-4
2.829917206237633E-4
2.825034601870472E-4
2.820168352011079E-4
2.8153183755884873E-4
2.8104845920631365E-4
2.8056669214224824E-4
2.8008652841769163E-4
2.7960796013553794E-4
2.7913097945011356E-4
2.7865557856677055E-4
2.781817497414638E-4
2.7770948528035155E-4
2.772387775393845E-4
2.7676961892392004E-4
2.763020018882957E-4
2.758359189354703E-4
2.7537136261660694E-4
2.7490832553071114E-4
2.744468003242286E-4
2.7398677969068245E-4
2.7352825637028794E-4
2.7307122314959125E-4
2.726156728610948E-4
2.7216159838289574E-4
2.7170899263832327E-4
2.712578485955898E-4
2.7080815926742747E-4
2.703599177107385E-4
2.699131170262581E-4
2.6946775035820066E-4
2.6902381089392293E-4
2.685812918635866E-4
2.6814018653981717E-4
2.6770048823739013E-4
2.6726219031288534E-4
2.6682528616436824E-4
2.6638976923107317E-4
2.659556329930716E-4
2.655228709709775E-4
2.650914767256048E-4
2.6466144385768245E-4
2.642327660075355E-4
2.638054368547879E-4
2.6337945011804505E-4
2.6295479955461645E-4
2.6253147896020254E-4
2.621094821686051E-4
2.616888030514449E-4
2.612694355178635E-4
2.608513735142424E-4
2.604346110239172E-4
2.6001914206690073E-4
2.596049606996024E-4
2.591920610145529E-4
2.5878043714013427E-4
2.5837008324030864E-4
2.5796099351434545E-4
2.575531621965632E-4
2.571465835560597E-4
2.5674125189645405E-4
2.563371615556352E-4
2.55934306905489E-4
2.5553268235166236E-4
2.551322823332984E-4
2.547331013227933E-4
2.5433513382555595E-4
2.539383743797419E-4
2.535428175560344E-4
2.531484579573869E-4
2.527552902187964E-4
2.523633090070594E-4
2.5197250902053736E-4
2.5158288498893275E-4
2.5119443167304274E-4
2.5080714386455615E-4
2.5042101638579454E-4
2.5003604408952666E-4
2.4965222185870567E-4
2.4926954460627993E-4
2.488880072749617E-4
2.485076048370056E-4
2.4812833229401307E-4
2.4775018467670045E-4
2.47373157044687E-4
2.4699724448630527E-4
2.466224421183834E-4
2.4624874508602686E-4
2.4587614856243E-4
2.4550464774867855E-4
2.451342378735353E-4
2.4476491419324895E-4
2.443966719913524E-4
2.4402950657847594E-4
2.4366341329214403E-4
2.432983874965945E-4
2.4293442458257677E-4
2.4257151996717044E-4
2.4220966909360177E-4
2.4184886743104688E-4
2.4148911047445964E-4
2.4113039374437406E-4
2.4077271278675049E-4
2.4041606317276433E-4
2.4006044049865256E-4
2.397058403855217E-4
2.3935225847918805E-4
2.3899969044999226E-4
2.38648131992636E-4
2.382975788259996E-4
2.3794802669298515E-4
2.3759947136034625E-4
2.3725190861852122E-4
2.3690533428146835E-4
2.3655974418649756E-4
2.3621513419411146E-4
2.358715001878527E-4
2.3552883807413655E-4
2.3518714378209144E-4
2.3484641326340205E-4
2.34506642492169E-4
2.34167827464727E-4
2.3382996419952004E-4
2.334930487369303E-4
2.331570771391381E-4
2.3282204548997056E-4
2.3248794989475072E-4
2.3215478648015025E-4
2.3182255139404708E-4
2.3149124080538823E-4
2.3116085090403192E-4
2.308313779006093E-4
2.3050281802639483E-4
2.3017516753315588E-4
2.2984842269301286E-4
2.295225797983094E-4
2.2919763516147457E-4
2.2887358511487855E-4
2.2855042601071298E-4
2.2822815422084437E-4
2.2790676613669244E-4
2.2758625816909314E-4
2.2726662674816587E-4
2.269478683231949E-4
2.266299793624964E-4
2.2631295635328413E-4
2.2599679580155883E-4
2.2568149423196968E-4
2.2536704818769876E-4
2.2505345423032893E-4
2.2474070893973428E-4
2.2442880891395555E-4
2.241177507690734E-4
2.2380753113909212E-4
2.2349814667582479E-4
2.2318959404878306E-4
2.2288186994504094E-4
2.2257497106913863E-4
2.2226889414295463E-4
2.2196363590560374E-4
2.216591931133178E-4
2.213555625393347E-4
2.210527409737825E-4
2.2075072522358791E-4
2.204495121123422E-4
2.2014909848021036E-4
2.198494811838163E-4
2.1955065709614152E-4
2.192526231064072E-4
2.1895537611999166E-4
2.1865891305830224E-4
2.183632308586847E-4
2.1806832647431647E-4
2.1777419687411402E-4
2.1748083904261006E-4
2.1718824997988274E-4
2.1689642670143526E-4
2.1660536623810126E-4
2.1631506563594868E-4
2.160255219561865E-4
2.1573673227506115E-4
2.1544869368375885E-4
2.1516140328833402E-4
2.1487485820957346E-4
2.1458905558294404E-4
2.1430399255847017E-4
2.1401966630066186E-4
2.1373607398841125E-4
2.1345321281490047E-4
2.1317107998752855E-4
2.1288967272779682E-4
2.1260898827124748E-4
2.1232902386734653E-4
2.1204977677942032E-4
2.1177124428456456E-4
2.1149342367353944E-4
2.112163122507074E-4
2.1093990733394034E-4
2.1066420625453014E-4
2.1038920635711245E-4
2.1011490499957974E-4
2.0984129955299507E-4
2.0956838740152116E-4
2.0929616594233784E-4
2.0902463258554147E-4
2.087537847540963E-4
2.084836198837285E-4
2.0821413542286625E-4
2.079453288325519E-4
2.0767719758636204E-4
2.074097391703382E-4
2.0714295108290802E-4
2.0687683083480548E-4
2.066113759489979E-4
2.0634658396061857E-4
2.0608245241687464E-4
2.0581897887699628E-4
2.055561609121439E-4
2.0529399610534147E-4
2.0503248205141586E-4
2.0477161635690656E-4
2.045113966400098E-4
2.0425182053049852E-4
2.0399288566965552E-4
2.0373458971020993E-4
2.0347693031625867E-4
2.0321990516319557E-4
2.0296351193766174E-4
2.0270774833745832E-4
2.024526120714914E-4
2.0219810085969403E-4
2.0194421243297683E-4
2.0169094453314666E-4
2.014382949128471E-4
2.0118626133549823E-4
2.0093484157522753E-4
2.0068403341680146E-4
2.0043383465557845E-4
2.001842430974252E-4
1.9993525655866916E-4
1.9968687286603138E-4
1.9943908985656743E-4
1.9919190537760306E-4
1.9894531728667088E-4
1.9869932345145772E-4
1.9845392174974212E-4
1.982091100693318E-4
1.9796488630800994E-4
1.977212483734695E-4
1.974781941832627E-4
1.9723572166473525E-4
1.9699382875497926E-4
1.9675251340076956E-4
1.9651177355850243E-4
1.962716071941517E-4
1.9603201228320197E-4
1.9579298681060298E-4
1.9555452877070733E-4
1.9531663616721316E-4
1.9507930701312157E-4
1.9484253933067135E-4
1.946063311512964E-4
1.9437068051555777E-4
1.941355854731031E-4
1.9390104408261767E-4
1.936670544117543E-4
1.9343361453709755E-4
1.9320072254411566E-4
1.9296837652708738E-4
1.9273657458907512E-4
1.9250531484186275E-4
1.9227459540590658E-4
1.9204441441029383E-4
1.918147699926782E-4
1.9158566029924532E-4
1.9135708348465855E-4
1.9112903771200976E-4
1.9090152115277235E-4
1.906745319867573E-4
1.9044806840205674E-4
1.9022212859500713E-4
1.899967107701343E-4
1.8977181314011913E-4
1.895474339257376E-4
1.8932357135582076E-4
1.8910022366721142E-4
1.888773891047195E-4
1.8865506592107513E-4
1.884332523768768E-4
1.8821194674056374E-4
1.8799114728836188E-4
1.8777085230423614E-4
1.875510600798584E-4
1.8733176891455572E-4
1.8711297711527085E-4
1.8689468299651872E-4
1.8667688488034664E-4
1.8645958109629425E-4
1.862427699813393E-4
1.8602644987987413E-4
1.858106191436508E-4
1.855952761317507E-4
1.853804192105379E-4
1.8516604675361596E-4
1.8495215714179765E-4
1.847387487630534E-4
1.8452582001248565E-4
1.843133692922765E-4
1.841013950116585E-4
1.838898955868701E-4
1.8367886944111985E-4
1.8346831500454756E-4
1.8325823071418333E-4
1.8304861501392068E-4
1.828394663544652E-4
1.8263078319330497E-4
1.8242256399467308E-4
1.8221480722951168E-4
1.820075113754301E-4
1.8180067491667593E-4
1.8159429634409687E-4
1.8138837415510137E-4
1.8118290685362632E-4
1.8097789295010313E-4
1.807733309614149E-4
1.8056921941087266E-4
1.8036555682817505E-4
1.8016234174937786E-4
1.7995957271684318E-4
1.7975724827923523E-4
1.7955536699146158E-4
1.7935392741464873E-4
1.7915292811610556E-4
1.7895236766930284E-4
1.7875224465381862E-4
1.785525576553272E-4
1.7835330526555133E-4
1.7815448608223504E-4
1.7795609870911624E-4
1.7775814175588869E-4
1.775606138381747E-4
1.7736351357748841E-4
1.771668396012064E-4
1.7697059054254407E-4
1.7677476504051473E-4
1.7657936173990385E-4
1.7638437929123584E-4
1.761898163507488E-4
1.759956715803607E-4
1.7580194364763758E-4
1.7560863122576806E-4
1.7541573299353165E-4
1.7522324763527547E-4
1.7503117384086892E-4
1.748395103056986E-4
1.7464825573061232E-4
1.744574088219165E-4
1.7426696829132764E-4
1.740769328559625E-4
1.7388730123828452E-4
1.7369807216610747E-4
1.735092443725405E-4
1.7332081659597677E-4
1.7313278758006025E-4
1.7294515607366103E-4
1.727579208308373E-4
1.725710806108314E-4
1.7238463417802176E-4
1.7219858030190403E-4
1.720129177570678E-4
1.7182764532316447E-4
1.7164276178488843E-4
1.714582659319387E-4
1.7127415655901287E-4
1.710904324657581E-4
1.7090709245676762E-4
1.7072413534153857E-4
1.7054155993446015E-4
1.703593650547765E-4
1.70177549526569E-4
1.699961121787359E-4
1.698150518449574E-4
1.6963436736367444E-4
1.6945405757806857E-4
1.6927412133604163E-4
1.69094557490177E-4
1.689153648977276E-4
1.6873654242059317E-4
1.6855808892528784E-4
1.6838000328292258E-4
1.6820228436918976E-4
1.6802493106431702E-4
1.67847942253072E-4
1.6767131682472313E-4
1.674950536730187E-4
1.6731915169616504E-4
1.6714360979681092E-4
1.6696842688201474E-4
1.6679360186322962E-4
1.6661913365627904E-4
1.6644502118133488E-4
1.6627126336289647E-4
1.6609785912976964E-4
1.6592480741504026E-4
1.657521071560637E-4
1.6557975729443445E-4
1.6540775677596043E-4
1.652361045506584E-4
1.6506479957272197E-4
1.6489384080049983E-4
1.6472322719648334E-4
1.6455295772727E-4
1.6438303136356725E-4
1.6421344708015325E-4
1.640442038558607E-4
1.6387530067356397E-4
1.6370673652014675E-4
1.635385103864947E-4
1.6337062126747153E-4
1.632030681618991E-4
1.630358500725312E-4
1.6286896600604896E-4
1.62702414973029E-4
1.625361959879281E-4
1.623703080690686E-4
1.6220475023861572E-4
1.6203952152255192E-4
1.6187462095067554E-4
1.6171004755657017E-4
1.6154580037757875E-4
1.6138187845480718E-4
1.6121828083309056E-4
1.6105500656097288E-4
1.6089205469069933E-4
1.6072942427819084E-4
1.605671143830378E-4
1.6040512406846125E-4
1.6024345240131467E-4
1.600820984520611E-4
1.599210612947485E-4
1.5976034000700248E-4
1.5959993367000648E-4
1.594398413684796E-4
1.5928006219066544E-4
1.5912059522831163E-4
1.5896143957665516E-4
1.5880259433440666E-4
1.5864405860372882E-4
1.5848583149022917E-4
1.583279121029312E-4
1.5817029955426435E-4
1.580129929600589E-4
1.5785599143950716E-4
1.576992941151644E-4
1.5754290011292483E-4
1.573868085620155E-4
1.5723101859496912E-4
1.5707552934761442E-4
1.5692033995905446E-4
1.5676544957166772E-4
1.5661085733106888E-4
1.5645656238611242E-4
1.5630256388886814E-4
1.561488609946118E-4
1.5599545286179881E-4
1.5584233865207018E-4
1.556895175302129E-4
1.5553698866416208E-4
1.553847512249813E-4
1.5523280438684928E-4
1.5508114732703653E-4
1.5492977922590482E-4
1.547786992668878E-4
1.5462790663647112E-4
1.5447740052417893E-4
1.543271801225733E-4
1.5417724462721925E-4
1.5402759323668514E-4
1.5387822515253055E-4
1.5372913957927413E-4
1.5358033572440574E-4
1.5343181279835175E-4
1.5328357001447287E-4
1.531356065890428E-4
1.5298792174124517E-4
1.528405146931464E-4
1.526933846696978E-4
1.5254653089870918E-4
1.5239995261083774E-4
1.5225364903959112E-4
1.521076194212876E-4
1.5196186299506334E-4
1.5181637900285117E-4
1.5167116668937737E-4
1.5152622530212765E-4
1.5138155409135713E-4
1.5123715231007132E-4
1.5109301921400141E-4
1.5094915406161378E-4
1.5080555611406935E-4
1.5066222463524316E-4
1.5051915889168713E-4
1.5037635815262824E-4
1.5023382168995948E-4
1.5009154877821375E-4
1.4994953869457142E-4
1.4980779071883485E-4
1.4966630413341646E-4
1.4952507822333858E-4
1.4938411227620466E-4
1.4924340558220256E-4
1.49102957434086E-4
1.4896276712716134E-4
1.488228339592838E-4
1.486831572308357E-4
1.4854373624472423E-4
1.4840457030636418E-4
1.4826565872367182E-4
1.4812700080704512E-4
1.4798859586936426E-4
1.4785044322597002E-4
1.4771254219466195E-4
1.4757489209567644E-4
1.474374922516884E-4
1.4730034198779388E-4
1.4716344063149216E-4
1.470267875126936E-4
1.4689038196368903E-4
1.4675422331914968E-4
1.4661831091612105E-4
1.4648264409399773E-4
1.4634722219452646E-4
1.4621204456178964E-4
1.4607711054220144E-4
1.459424194844801E-4
1.4580797073966193E-4
1.4567376366107632E-4
1.455397976043305E-4
1.4540607192731978E-4
1.452725859901968E-4
1.4513933915537254E-4
1.4500633078750165E-4
1.4487356025348242E-4
1.4474102692243118E-4
1.4460873016568254E-4
1.444766693567796E-4
1.4434484387146527E-4
1.442132530876637E-4
1.4408189638547995E-4
1.4395077314719145E-4
1.438198827572292E-4
1.4368922460217785E-4
1.43558798070759E-4
1.4342860255382834E-4
1.4329863744436507E-4
1.431689021374548E-4
1.4303939603029224E-4
1.429101185221667E-4
1.427810690144435E-4
1.4265224691058145E-4
1.4252365161609122E-4
1.4239528253854824E-4
1.422671390875794E-4
1.4213922067485006E-4
1.4201152671405463E-4
1.4188405662091618E-4
1.417568098131708E-4
1.4162978571056044E-4
1.415029837348209E-4
1.4137640330968507E-4
1.4125004386085523E-4
1.4112390481601118E-4
1.4099798560480157E-4
1.4087228565881908E-4
1.4074680441161184E-4
1.4062154129866557E-4
1.404964957573869E-4
1.4037166722711864E-4
1.4024705514910252E-4
1.401226589665001E-4
1.399984781243615E-4
1.3987451206962507E-4
1.397507602511188E-4
1.3962722211953823E-4
1.395038971274455E-4
1.3938078472926135E-4
1.392578843812571E-4
1.3913519554154102E-4
1.390127176700642E-4
1.3889045022859642E-4
1.387683926807302E-4
1.386465444918714E-4
1.3852490512922608E-4
1.384034740617916E-4
1.382822507603674E-4
1.381612346975216E-4
1.380404253476021E-4
1.3791982218672194E-4
1.3779942469274774E-4
1.3767923234530685E-4
1.3755924462576245E-4
1.3743946101722076E-4
1.3731988100451064E-4
1.3720050407419376E-4
1.370813297145352E-4
1.3696235741551604E-4
1.3684358666881603E-4
1.367250169678057E-4
1.366066478075531E-4
1.3648847868479188E-4
1.3637050909793823E-4
1.3625273854707222E-4
1.3613516653392964E-4
1.3601779256190472E-4
1.3590061613603385E-4
1.3578363676299153E-4
1.356668539510853E-4
1.355502672102482E-4
1.3543387605202909E-4
1.3531767998959564E-4
1.3520167853770868E-4
1.3508587121274286E-4
1.3497025753265415E-4
1.3485483701698416E-4
1.3473960918686408E-4
1.3462457356498405E-4
1.3450972967560859E-4
1.3439507704456294E-4
1.3428061519921993E-4
1.3416634366850635E-4
1.3405226198288264E-4
1.3393836967434984E-4
1.3382466627643547E-4
1.337111513241895E-4
1.3359782435417455E-4
1.334846849044658E-4
1.333717325146427E-4
1.3325896672578295E-4
1.331463870804518E-4
1.3303399312270607E-4
1.32921784398074E-4
1.328097604535672E-4
1.3269792083765665E-4
1.3258626510027555E-4
1.3247479279281931E-4
1.323635034681284E-4
1.3225239668048663E-4
1.32141471985617E-4
1.3203072894067664E-4
1.3192016710425163E-4
1.3180978603634052E-4
1.3169958529836665E-4
1.3158956445315432E-4
1.314797230649393E-4
1.3137006069935392E-4
1.312605769234191E-4
1.3115127130554973E-4
1.3104214341553763E-4
1.3093319282455007E-4
1.3082441910512946E-4
1.3071582183118226E-4
1.3060740057797314E-4
1.304991549221188E-4
1.3039108444159393E-4
1.3028318871570346E-4
1.301754673251045E-4
1.3006791985178352E-4
1.299605458790436E-4
1.2985334499152586E-4
1.2974631677518426E-4
1.296394608172768E-4
1.2953277670637762E-4
1.2942626403236387E-4
1.2931992238639922E-4
1.2921375136094878E-4
1.2910775054976142E-4
1.290019195478639E-4
1.288962579515603E-4
1.287907653584363E-4
1.2868544136732704E-4
1.285802855783434E-4
1.284752975928452E-4
1.2837047701344623E-4
1.282658234440075E-4
1.2816133648963296E-4
1.280570157566588E-4
1.279528608526612E-4
1.2784887138643286E-4
1.2774504696800134E-4
1.2764138720860498E-4
1.275378917206928E-4
1.2743456011793226E-4
1.2733139201518613E-4
1.2722838702851734E-4
1.271255447751848E-4
1.2702286487363825E-4
1.269203469435086E-4
1.2681799060561345E-4
1.2671579548194335E-4
1.266137611956583E-4
1.2651188737108693E-4
1.2641017363372264E-4
1.263086196102142E-4
1.2620722492836674E-4
1.2610598921712897E-4
1.2600491210660052E-4
1.2590399322801726E-4
1.2580323221375377E-4
1.2570262869731496E-4
1.256021823133342E-4
1.2550189269756434E-4
1.2540175948688064E-4
1.253017823192721E-4
1.2520196083383851E-4
1.2510229467077932E-4
1.2500278347140484E-4
1.2490342687811632E-4
1.2480422453441483E-4
1.2470517608488007E-4
1.246062811751888E-4
1.245075394520878E-4
1.2440895056341146E-4
1.2431051415805753E-4
1.2421222988599534E-4
1.2411409739826468E-4
1.2401611634695533E-4
1.2391828638521924E-4
1.2382060716726174E-4
1.237230783483395E-4
1.236256995847428E-4
1.2352847053381555E-4
1.2343139085392943E-4
1.2333446020449567E-4
1.232376782459461E-4
1.2314104463974593E-4
1.230445590483781E-4
1.229482211353416E-4
1.2285203056515068E-4
1.2275598700333022E-4
1.2266009011640942E-4
1.225643395719222E-4
1.2246873503839268E-4
1.2237327618535543E-4
1.2227796268332106E-4
1.2218279420379402E-4
1.220877704192636E-4
1.219928910031938E-4
1.2189815563003226E-4
1.2180356397519077E-4
1.2170911571506013E-4
1.2161481052699031E-4
1.2152064808929076E-4
1.21426628081236E-4
1.213327501830513E-4
1.21239014075915E-4
1.2114541944195089E-4
1.2105196596422677E-4
1.2095865332675579E-4
1.208654812144834E-4
1.2077244931329291E-4
1.2067955730999302E-4
1.2058680489232402E-4
1.204941917489457E-4
1.2040171756944519E-4
1.2030938204431367E-4
1.2021718486497044E-4
1.2012512572373205E-4
1.2003320431383085E-4
1.1994142032939909E-4
1.198497734654658E-4
1.1975826341796198E-4
1.196668898837096E-4
1.1957565256042257E-4
1.1948455114669798E-4
1.193935853420204E-4
1.1930275484675257E-4
1.192120593621364E-4
1.1912149859028451E-4
1.1903107223418503E-4
1.189407799976921E-4
1.188506215855209E-4
1.187605967032546E-4
1.1867070505732748E-4
1.185809463550337E-4
1.1849132030451825E-4
1.1840182661477434E-4
1.1831246499564366E-4
1.1822323515780619E-4
1.1813413681278811E-4
1.1804516967294537E-4
1.1795633345147056E-4
1.1786762786239165E-4
1.1777905262055552E-4
1.1769060744164327E-4
1.1760229204214995E-4
1.1751410613939027E-4
1.1742604945149967E-4
1.1733812169742474E-4
1.1725032259691875E-4
1.1716265187054748E-4
1.1707510923967396E-4
1.1698769442647042E-4
1.169004071539036E-4
1.1681324714573535E-4
1.1672621412651787E-4
1.166393078216009E-4
1.1655252795711491E-4
1.1646587425997888E-4
1.1637934645789086E-4
1.1629294427932286E-4
1.1620666745353403E-4
1.1612051571055067E-4
1.1603448878116353E-4
1.1594858639694428E-4
1.1586280829021722E-4
1.1577715419407575E-4
1.1569162384237332E-4
1.1560621696971583E-4
1.1552093331146944E-4
1.1543577260374199E-4
1.1535073458340073E-4
1.1526581898805717E-4
1.1518102555605703E-4
1.1509635402650167E-4
1.1501180413921928E-4
1.1492737563477824E-4
1.1484306825448084E-4
1.1475888174035959E-4
1.1467481583517266E-4
1.145908702824048E-4
1.1450704482626783E-4
1.1442333921168526E-4
1.1433975318430925E-4
1.1425628649049794E-4
1.141729388773268E-4
1.1408971009258297E-4
1.1400659988475658E-4
1.1392360800304932E-4
1.1384073419736147E-4
1.1375797821829515E-4
1.1367533981715038E-4
1.1359281874591896E-4
1.1351041475729634E-4
1.1342812760465715E-4
1.1334595704207088E-4
1.1326390282429394E-4
1.1318196470675896E-4
1.1310014244558895E-4
1.1301843579758044E-4
1.1293684452020898E-4
1.1285536837161985E-4
1.1277400711063322E-4
1.1269276049674235E-4
1.1261162829010378E-4
1.1253061025153805E-4
1.124497061425302E-4
1.1236891572522363E-4
1.1228823876242348E-4
1.1220767501758801E-4
1.1212722425482834E-4
1.1204688623891064E-4
1.1196666073524284E-4
1.118865475098887E-4
1.1180654632955144E-4
1.1172665696157673E-4
1.116468791739516E-4
1.1156721273529905E-4
1.1148765741488093E-4
1.1140821298259219E-4
1.1132887920895637E-4
1.1124965586513036E-4
1.1117054272289322E-4
1.1109153955465563E-4
1.1101264613344543E-4
1.1093386223291301E-4
1.1085518762732799E-4
1.1077662209157501E-4
1.1069816540115964E-4
1.1061981733218648E-4
1.105415776613844E-4
1.1046344616608429E-4
1.1038542262422158E-4
1.1030750681433965E-4
1.1022969851557893E-4
1.1015199750768584E-4
1.1007440357100167E-4
1.0999691648646165E-4
1.099195360355998E-4
1.0984226200053846E-4
1.0976509416399351E-4
1.0968803230926094E-4
1.0961107622023117E-4
1.0953422568137638E-4
1.094574804777511E-4
1.0938084039498331E-4
1.0930430521929155E-4
1.0922787473745698E-4
1.0915154873684927E-4
1.0907532700539551E-4
1.0899920933160598E-4
1.0892319550454836E-4
1.0884728531387055E-4
1.0877147854977106E-4
1.0869577500301967E-4
1.0862017446494469E-4
1.0854467672743312E-4
1.0846928158293088E-4
1.083939888244374E-4
1.0831879824550855E-4
1.082437096402457E-4
1.0816872280330469E-4
1.0809383752989487E-4
1.0801905361575803E-4
1.0794437085719114E-4
1.0786978905103059E-4
1.0779530799465405E-4
1.0772092748597578E-4
1.0764664732345029E-4
1.0757246730606759E-4
1.0749838723334671E-4
1.074244069053426E-4
1.073505261226434E-4
1.0727674468635586E-4
1.0720306239812471E-4
1.0712947906011265E-4
1.0705599447500455E-4
1.0698260844601152E-4
1.0690932077686085E-4
1.0683613127180033E-4
1.0676303973559213E-4
1.0669004597351655E-4
1.0661714979136033E-4
1.0654435099542323E-4
1.0647164939252233E-4
1.0639904478997636E-4
1.0632653699560411E-4
1.0625412581774399E-4
1.0618181106522292E-4
1.0610959254737688E-4
1.0603747007404222E-4
1.0596544345554711E-4
1.0589351250272275E-4
1.0582167702689085E-4
1.0574993683986685E-4
1.0567829175396243E-4
1.0560674158197056E-4
1.0553528613717965E-4
1.0546392523336506E-4
1.053926586847817E-4
1.0532148630617388E-4
1.0525040791276303E-4
1.0517942332025493E-4
1.0510853234483458E-4
1.0503773480316046E-4
1.0496703051237123E-4
1.0489641929007536E-4
1.0482590095435904E-4
1.0475547532377819E-4
1.0468514221735537E-4
1.0461490145458402E-4
1.0454475285542562E-4
1.0447469624030258E-4
1.0440473143010812E-4
1.0433485824618813E-4
1.0426507651035763E-4
1.0419538604488551E-4
1.041257866725039E-4
1.0405627821639428E-4
1.0398686050020058E-4
1.0391753334801327E-4
1.0384829658437736E-4
1.0377915003429216E-4
1.037100935232011E-4
1.036411268769966E-4
1.0357224992201543E-4
1.0350346248504599E-4
1.0343476439331235E-4
1.0336615547448421E-4
1.0329763555666946E-4
1.0322920446841922E-4
1.0316086203871993E-4
1.0309260809699331E-4
1.0302444247309679E-4
1.0295636499732405E-4
1.0288837550039581E-4
1.0282047381346722E-4
1.0275265976812435E-4
1.0268493319637844E-4
1.026172939306661E-4
1.0254974180385491E-4
1.0248227664923285E-4
1.0241489830050711E-4
1.0234760659181432E-4
1.0228040135770531E-4
1.0221328243315365E-4
1.0214624965354348E-4
1.0207930285468363E-4
1.0201244187279161E-4
1.0194566654450369E-4
1.0187897670686163E-4
1.0181237219732384E-4
1.0174585285375337E-4
1.0167941851442854E-4
1.0161306901802855E-4
1.0154680420363926E-4
1.0148062391075681E-4
1.0141452797926849E-4
1.0134851624947908E-4
1.012825885620794E-4
1.0121674475816993E-4
1.0115098467924495E-4
1.0108530816719628E-4
1.0101971506431439E-4
1.0095420521327681E-4
1.0088877845716493E-4
1.0082343463944026E-4
1.0075817360396709E-4
1.0069299519498961E-4
1.0062789925714715E-4
1.0056288563546194E-4
1.0049795417534381E-4
1.0043310472258746E-4
1.0036833712337269E-4
1.0030365122425901E-4
1.0023904687218517E-4
1.0017452391447813E-4
1.001100821988373E-4
1.0004572157333912E-4
9.998144188644301E-5
The correct rate for BP: 100.00% 
