0.9563867779577052
0.45912269637696584
0.11894072036677311
0.02783768891413663
0.011149526756558186
0.008152173612007407
0.006486611990917264
0.005398519334117076
0.004625947093817331
0.00404718425703189
0.0035967413792667084
0.00323591824587132
0.0029402667586083896
0.0026935406147970955
0.002484503586174016
0.002305127818509357
0.0021495206655503256
0.002013256796922269
0.0018929470178597873
0.0017859511036705618
0.00169018134827056
0.0016039649915786836
0.0015259458760819525
0.0014550128505627956
0.0013902467883391012
0.0013308808001656872
0.0012762699559725815
0.0012258679626662137
0.001179209000436386
0.001135893432552265
0.0010955764572472752
0.0010579590179704767
0.0010227804641821424
9.898125814058732E-4
9.588547013588889E-4
9.297296707754545E-4
9.02280507949591E-4
8.763676138705178E-4
8.518664334951398E-4
8.286654846048981E-4
8.066646885603021E-4
7.857739503507418E-4
7.659119455597373E-4
7.470050799057133E-4
7.289865933814383E-4
7.117957860819244E-4
6.95377346867333E-4
6.796807692735423E-4
6.64659841725927E-4
6.502722012611656E-4
6.364789417176809E-4
6.232442687963592E-4
6.105351955807044E-4
5.983212730884344E-4
5.865743512428108E-4
5.752683663331424E-4
5.643791516034307E-4
5.538842680868163E-4
5.437628532067846E-4
5.33995485006792E-4
5.245640601591946E-4
5.154516841500438E-4
5.066425722460726E-4
4.98121960029486E-4
4.898760224399006E-4
4.8189180039511414E-4
4.741571341762261E-4
4.666606028611938E-4
4.593914691761025E-4
4.5233962920752235E-4
4.454955664836668E-4
4.3885030998824006E-4
4.323953957198156E-4
4.261228314526558E-4
4.200250643923366E-4
4.1409495145278336E-4
4.0832573191035905E-4
4.027110022162661E-4
3.9724469277139986E-4
3.919210464875655E-4
3.8673459897703964E-4
3.8168016022808624E-4
3.767527976381002E-4
3.719478202885787E-4
3.6726076435729545E-4
3.6268737957286673E-4
3.582236166260425E-4
3.538656154597787E-4
3.4960969436745066E-4
3.4545233983495526E-4
3.4139019706816486E-4
3.374200611525037E-4
3.3353886879595285E-4
3.297436906111451E-4
3.2603172389595507E-4
3.2240028587545615E-4
3.188468073712484E-4
3.1536882686697664E-4
3.1196398494148694E-4
3.0863001904324143E-4
3.053647585820104E-4
3.021661203154852E-4
2.990321040104173E-4
2.9596078835944696E-4
2.929503271362036E-4
2.899989455726436E-4
2.871049369437816E-4
2.84266659346165E-4
2.8148253265730834E-4
2.7875103566442496E-4
2.760707033515928E-4
2.734401243351364E-4
2.708579384380286E-4
2.683228343945025E-4
2.6583354767682456E-4
2.6338885843674886E-4
2.609875895546393E-4
2.5862860478973447E-4
2.5631080702552794E-4
2.540331366046153E-4
2.5179456974770687E-4
2.4959411705190957E-4
2.474308220636912E-4
2.4530375992221136E-4
2.4321203606903836E-4
2.4115478502048169E-4
2.3913116919899524E-4
2.37140377820452E-4
2.3518162583410334E-4
2.332541529124024E-4
2.3135722248796264E-4
2.2949012083510042E-4
2.276521561935787E-4
2.2584265793232334E-4
2.2406097575097854E-4
2.2230647891734176E-4
2.2057855553881328E-4
2.1887661186607805E-4
2.1720007162740572E-4
2.1554837539200337E-4
2.1392097996091828E-4
2.123173577841815E-4
2.1073699640280182E-4
2.091793979144517E-4
2.076440784616478E-4
2.0613056774134415E-4
2.0463840853487196E-4
2.0316715625730972E-4
2.0171637852527157E-4
2.0028565474233497E-4
1.988745757011826E-4
1.9748274320176444E-4
1.9610976968464938E-4
1.9475527787895104E-4
1.934189004640814E-4
1.921002797447656E-4
1.9079906733866672E-4
1.8951492387608778E-4
1.882475187111931E-4
1.869965296442498E-4
1.8576164265438202E-4
1.8454255164240525E-4
1.833389581832776E-4
1.8215057128775648E-4
1.8097710717287845E-4
1.798182890408596E-4
1.7867384686608858E-4
1.7754351718983092E-4
1.76427042922366E-4
1.7532417315220943E-4
1.7423466296213422E-4
1.7315827325173458E-4
1.7209477056622142E-4
1.7104392693124322E-4
1.7000551969343256E-4
1.6897933136650393E-4
1.6796514948263667E-4
1.6696276644895757E-4
1.659719794089109E-4
1.6499259010830674E-4
1.640244047659202E-4
1.6306723394836716E-4
1.621208924492209E-4
1.611851991720579E-4
1.6025997701741508E-4
1.593450527734173E-4
1.584402570099959E-4
1.5754542397650333E-4
1.5666039150266685E-4
1.557850009026939E-4
1.5491909688244125E-4
1.540625274495428E-4
1.532151438263542E-4
1.523768003656582E-4
1.515473544689778E-4
1.507266665074469E-4
1.4991459974512502E-4
1.4911102026466048E-4
1.4831579689525E-4
1.475288011427704E-4
1.467499071220509E-4
1.4597899149116245E-4
1.45215933387709E-4
1.4446061436698625E-4
1.4371291834201612E-4
1.4297273152531878E-4
1.4223994237242928E-4
1.4151444152704266E-4
1.4079612176777457E-4
1.400848779564549E-4
1.393806069879305E-4
1.386832077412836E-4
1.3799258103247325E-4
1.373086295683082E-4
1.3663125790172253E-4
1.3596037238832365E-4
1.3529588114414483E-4
1.3463769400459384E-4
1.3398572248453055E-4
1.3333987973946206E-4
1.3270008052778716E-4
1.3206624117409414E-4
1.3143827953345487E-4
1.3081611495669584E-4
1.3019966825658741E-4
1.2958886167497812E-4
1.2898361885077826E-4
1.2838386478881625E-4
1.2778952582951657E-4
1.2720052961938993E-4
1.2661680508227962E-4
1.2603828239139255E-4
1.2546489294202887E-4
1.2489656932505397E-4
1.2433324530101983E-4
1.2377485577499817E-4
1.232213367720194E-4
1.2267262541315905E-4
1.2212865989224091E-4
1.2158937945310546E-4
1.2105472436748766E-4
1.2052463591341401E-4
1.19999056354164E-4
1.1947792891776032E-4
1.1896119777693928E-4
1.1844880802965756E-4
1.1794070568003932E-4
1.1743683761982512E-4
1.1693715161024443E-4
1.1644159626435986E-4
1.1595012102980842E-4
1.1546267617198056E-4
1.1497921275760256E-4
1.1449968263869645E-4
1.1402403843694158E-4
1.1355223352840045E-4
1.1308422202859896E-4
1.1261995877797384E-4
1.1215939932764614E-4
1.1170249992553543E-4
1.1124921750280371E-4
1.1079950966060046E-4
1.1035333465712561E-4
1.0991065139498423E-4
1.09471419408837E-4
1.0903559885332172E-4
1.0860315049127137E-4
1.0817403568217238E-4
1.0774821637090822E-4
1.0732565507674482E-4
1.0690631488256274E-4
1.0649015942432897E-4
1.0607715288081321E-4
1.0566725996352655E-4
1.0526044590687083E-4
1.0485667645853315E-4
1.0445591787005858E-4
1.0405813688765735E-4
1.0366330074319291E-4
1.032713771453765E-4
1.0288233427114368E-4
1.0249614075723149E-4
1.0211276569192351E-4
1.017321786069637E-4
1.0135434946967471E-4
1.0097924867521178E-4
1.0060684703898936E-4
1.0023711578928197E-4
9.987002655996268E-5
The correct rate for BP: 100.00% 
