1.0326737941632178
0.964112574365781
0.351059837997635
0.15578289821134306
0.0690807816075712
0.03686028308919313
0.025510726943170848
0.019544905599537726
0.015842299495441758
0.013314095771133194
0.011476107681445354
0.010079026752141238
0.008981031729807926
0.008095364447743784
0.007365917979752754
0.0067547761169904665
0.006235383488779409
0.005788582034293403
0.005400200514073248
0.005059529884664005
0.004758326280699917
0.004490140026561244
0.004249852629807641
0.004033350189316935
0.003837288495069318
0.003658921113562828
0.0034959715894836135
0.0033465370926720646
0.0032090148364796985
0.003082045225388127
0.0029644674556837045
0.002855284498524498
0.0027536352308246597
0.002658772067717481
0.0025700428699386934
0.002486876202432899
0.0024087692417734154
0.002335277793357937
0.002266008001167599
0.002200609424576115
0.0021387692263243586
0.0020802072690848136
0.0020246719591716614
0.0019719367079206306
0.0019217969062816935
0.0018740673278767452
0.0018285798913956497
0.0017851817256602448
0.001743733490671721
0.0017041079160069468
0.001666188524450325
0.0016298685140564801
0.001595049776180809
0.0015616420305811065
0.001529562061635296
0.0014987330421570894
0.0014690839333168972
0.0014405489508664525
0.001413067089281263
0.0013865816966251896
0.0013610400939447682
0.001336393233849798
0.001312595393656568
0.0012896038990830674
0.0012673788750084001
0.00124588302025609
0.0012250814037449427
0.0012049412796813373
0.0011854319197516221
0.0011665244605195983
0.0011481917644470512
0.00113040829314082
0.0011131499915909254
0.00109639418230472
0.0010801194683650898
0.0010643056445481121
0.0010489336157299162
0.0010339853218955875
0.0010194436691357122
0.0010052924660808931
9.915163652811066E-4
9.78100809087609E-4
9.650319796391933E-4
9.522967525948205E-4
9.398826542895296E-4
9.277778220220355E-4
9.159709672106014E-4
9.04451341178506E-4
8.93208703353073E-4
8.822332916821829E-4
8.715157950900872E-4
8.610473278106221E-4
8.508194054504424E-4
8.408239226477685E-4
8.31053132204297E-4
8.214996255780509E-4
8.121563146351426E-4
8.030164145666059E-4
7.940734278845455E-4
7.853211294191403E-4
7.767535522440786E-4
7.683649744643774E-4
7.601499068055532E-4
7.521030809480313E-4
7.442194385552848E-4
7.364941209480054E-4
7.28922459380502E-4
7.21499965878718E-4
7.14222324602475E-4
7.070853836973757E-4
7.000851476041761E-4
6.932177697961906E-4
6.864795459170517E-4
6.798669072934083E-4
6.733764147989642E-4
6.67004753047793E-4
6.607487248965733E-4
6.546052462367932E-4
6.485713410592112E-4
6.426441367741151E-4
6.368208597721925E-4
6.310988312115218E-4
6.25475463017598E-4
6.199482540837598E-4
6.145147866605461E-4
6.091727229230503E-4
6.039198017061801E-4
5.987538353983058E-4
5.93672706984428E-4
5.886743672305473E-4
5.837568320014345E-4
5.789181797044857E-4
5.741565488528775E-4
5.694701357414787E-4
5.648571922295615E-4
5.603160236246352E-4
5.558449866620418E-4
5.514424875753217E-4
5.471069802526111E-4
5.428369644746942E-4
5.386309842304351E-4
5.344876261057495E-4
5.304055177423524E-4
5.263833263628055E-4
5.224197573585393E-4
5.185135529378001E-4
5.146634908304843E-4
5.10868383047205E-4
5.071270746898682E-4
5.034384428113276E-4
4.998013953217868E-4
4.962148699396931E-4
4.926778331850616E-4
4.891892794132536E-4
4.857482298872499E-4
4.823537318867708E-4
4.7900485785242397E-4
4.757007045633775E-4
4.7244039234699004E-4
4.692230643189697E-4
4.6604788565271293E-4
4.629140428765028E-4
4.5982074319736644E-4
4.5676721385036196E-4
4.5375270147229586E-4
4.507764714986764E-4
4.4783780758301086E-4
4.449360110374329E-4
4.4207040029378643E-4
4.392403103842412E-4
4.364450924407118E-4
4.3368411321220604E-4
4.309567545994081E-4
4.2826241320576496E-4
4.2560049990440904E-4
4.229704394202552E-4
4.2037166992668265E-4
4.178036426561705E-4
4.152658215243792E-4
4.1275768276708964E-4
4.10278714589537E-4
4.078284168276036E-4
4.054063006204603E-4
4.0301188809413506E-4
4.006447120556601E-4
3.9830431569736955E-4
3.959902523108866E-4
3.937020850105576E-4
3.914393864658467E-4
3.892017386424738E-4
3.869887325518215E-4
3.8479996800847656E-4
3.826350533954347E-4
3.8049360543681334E-4
3.783752489777223E-4
3.7627961677104925E-4
3.7420634927093333E-4
3.721550944326347E-4
3.701255075186393E-4
3.681172509106642E-4
3.6612999392750863E-4
3.6416341264839964E-4
3.6221718974170376E-4
3.6029101429882286E-4
3.583845816730763E-4
3.5649759332337714E-4
3.5462975666258537E-4
3.5278078491033553E-4
3.5095039695018284E-4
3.491383171909741E-4
3.473442754322125E-4
3.4556800673338125E-4
3.4380925128700107E-4
3.420677542953569E-4
3.4034326585075217E-4
3.3863554081916793E-4
3.369443387272196E-4
3.352694236523097E-4
3.3361056411586874E-4
3.3196753297954723E-4
3.303401073443617E-4
3.287280684525634E-4
3.2713120159226863E-4
3.255492960046606E-4
3.239821447937733E-4
3.2242954483870253E-4
3.208912967081797E-4
3.193672045774909E-4
3.1785707614760163E-4
3.1636072256642945E-4
3.148779583522398E-4
3.1340860131905606E-4
3.119524725040471E-4
3.1050939609678926E-4
3.090791993704341E-4
3.076617126146158E-4
3.0625676907014343E-4
3.048642048653186E-4
3.0348385895396656E-4
3.0211557305498963E-4
3.0075919159349237E-4
2.9941456164339994E-4
2.9808153287152946E-4
2.96759957483029E-4
2.9544969016825966E-4
2.941505880509388E-4
2.92862510637595E-4
2.915853197682891E-4
2.9031887956852643E-4
2.8906305640236086E-4
2.8781771882665374E-4
2.865827375464287E-4
2.853579853713306E-4
2.841433371731308E-4
2.8293866984423915E-4
2.817438622572343E-4
2.8055879522534855E-4
2.7938335146389127E-4
2.782174155525911E-4
2.7706087389883327E-4
2.759136147017505E-4
2.747755279171528E-4
2.736465052232911E-4
2.7252643998739985E-4
2.714152272330364E-4
2.7031276360813856E-4
2.692189473538647E-4
2.681336782740861E-4
2.670568577056407E-4
2.6598838848922033E-4
2.649281749409179E-4
2.638761228244474E-4
2.62832139323945E-4
2.617961330174177E-4
2.607680138507599E-4
2.59747693112369E-4
2.5873508340828625E-4
2.5773009863793404E-4
2.567326539703483E-4
2.557426658209475E-4
2.5476005182881444E-4
2.537847308344537E-4
2.528166228580493E-4
2.5185564907818285E-4
2.509017318110112E-4
2.499547944898896E-4
2.4901476164542976E-4
2.480815588859977E-4
2.4715511287858787E-4
2.4623535133014334E-4
2.4532220296924587E-4
2.44415597528197E-4
2.4351546572548083E-4
2.426217392485637E-4
2.4173435073710365E-4
2.4085323376644378E-4
2.3997832283150723E-4
2.3910955333097763E-4
2.382468615518282E-4
2.373901846541664E-4
2.3653946065636054E-4
2.356946284205196E-4
2.3485562763820585E-4
2.3402239881648905E-4
2.3319488326424274E-4
2.3237302307872835E-4
2.31556761132474E-4
2.3074604106035324E-4
2.299408072469726E-4
2.2914100481430955E-4
2.2834657960952833E-4
2.2755747819314315E-4
2.267736478273068E-4
2.2599503646438213E-4
2.2522159273574932E-4
2.2445326594078076E-4
2.2369000603608E-4
2.2293176362488953E-4
2.2217848994670938E-4
2.21430136867153E-4
2.206866568679323E-4
2.199480030370858E-4
2.1921412905936865E-4
2.1848498920682262E-4
2.177605383295445E-4
2.1704073184659658E-4
2.1632552573711225E-4
2.156148765315617E-4
2.1490874130317082E-4
2.142070776595156E-4
2.135098437342555E-4
2.128169981790325E-4
2.1212850015550586E-4
2.1144430932755357E-4
2.107643858535841E-4
2.1008869037902956E-4
2.094171840289378E-4
2.0874982840071263E-4
2.080865855570056E-4
2.074274180186903E-4
2.0677228875801574E-4
2.0612116119183335E-4
2.0547399917497888E-4
2.0483076699376475E-4
2.0419142935957063E-4
2.0355595140257604E-4
2.0292429866556973E-4
2.022964370979045E-4
2.0167233304953418E-4
2.010519532651465E-4
2.0043526487843546E-4
1.9982223540643818E-4
1.9921283274397568E-4
1.9860702515820826E-4
1.9800478128326882E-4
1.9740607011498414E-4
1.9681086100571077E-4
1.9621912365922796E-4
1.9563082812573714E-4
1.9504594479694882E-4
1.944644444012384E-4
1.9388629799889365E-4
1.93311476977442E-4
1.92739953047054E-4
1.9217169823602118E-4
1.9160668488631846E-4
1.9104488564923098E-4
1.904862734810604E-4
1.899308216388905E-4
1.89378503676449E-4
1.8882929344000445E-4
1.8828316506435137E-4
1.8774009296886618E-4
1.872000518536007E-4
1.8666301669547071E-4
1.8612896274448649E-4
1.8559786552005585E-4
1.8506970080732423E-4
1.8454444465362468E-4
1.8402207336491963E-4
1.8350256350233815E-4
1.8298589187878327E-4
1.8247203555554626E-4
1.8196097183902007E-4
1.8145267827742687E-4
1.8094713265764294E-4
1.8044431300202288E-4
1.799441975653119E-4
1.7944676483158667E-4
1.7895199351125642E-4
1.7845986253809995E-4
1.7797035106636186E-4
1.7748343846787812E-4
1.769991043292507E-4
1.7651732844909158E-4
1.7603809083525866E-4
1.755613717021814E-4
1.750871514682076E-4
1.7461541075298212E-4
1.7414613037488918E-4
1.7367929134850957E-4
1.732148748821403E-4
1.7275286237531932E-4
1.7229323541642752E-4
1.7183597578029598E-4
1.7138106542586028E-4
1.7092848649385495E-4
1.7047822130453365E-4
1.7003025235542431E-4
1.6958456231913185E-4
1.691411340411461E-4
1.6869995053771228E-4
1.6826099499371445E-4
1.6782425076059077E-4
1.6738970135429172E-4
1.669573304532536E-4
1.6652712189641085E-4
1.6609905968123672E-4
1.6567312796180844E-4
1.6524931104690475E-4
1.6482759339812563E-4
1.6440795962805146E-4
1.639903944984083E-4
1.6357488291827857E-4
1.6316140994233273E-4
1.6274996076907938E-4
1.6234052073914491E-4
1.619330753335865E-4
1.6152761017220195E-4
1.61124111011904E-4
1.6072256374508024E-4
1.6032295439800397E-4
1.5992526912923563E-4
1.5952949422809673E-4
1.5913561611310528E-4
1.587436213304795E-4
1.5835349655264066E-4
1.5796522857674616E-4
1.5757880432323075E-4
1.5719421083438452E-4
1.568114352729396E-4
1.564304649206749E-4
1.5605128717704873E-4
1.5567388955784242E-4
1.5529825969383203E-4
1.5492438532946606E-4
1.54552254321565E-4
1.5418185463804762E-4
1.5381317435666562E-4
1.534462016637595E-4
1.5308092485301814E-4
1.5271733232428468E-4
1.523554125823445E-4
1.5199515423575994E-4
1.516365459956873E-4
1.5127957667474218E-4
1.5092423518586954E-4
1.5057051054121032E-4
1.502183918510139E-4
1.498678683225404E-4
1.4951892925898596E-4
1.491715640584261E-4
1.4882576221277605E-4
1.4848151330674363E-4
1.4813880701682825E-4
1.4779763311029094E-4
1.4745798144419675E-4
1.471198419644025E-4
1.4678320470461488E-4
1.4644805978541808E-4
1.4611439741334348E-4
1.457822078799392E-4
1.454514815608474E-4
1.451222089149104E-4
1.4479438048325909E-4
1.4446798688844882E-4
1.4414301883357517E-4
1.4381946710142126E-4
1.4349732255360714E-4
1.4317657612974814E-4
1.42857218846638E-4
1.4253924179741487E-4
1.4222263615076963E-4
1.419073931501444E-4
1.415935041129439E-4
1.4128096042975995E-4
1.4096975356360874E-4
1.4065987504916606E-4
1.4035131649202764E-4
1.4004406956796516E-4
1.3973812602219903E-4
1.3943347766867326E-4
1.3913011638935817E-4
1.3882803413353152E-4
1.3852722291709415E-4
1.3822767482188185E-4
1.379293819949876E-4
1.3763233664809343E-4
1.3733653105681734E-4
1.3704195756004825E-4
1.3674860855930995E-4
1.3645647651812102E-4
1.3616555396137143E-4
1.358758334746966E-4
1.3558730770386334E-4
1.35299969354162E-4
1.3501381118981756E-4
1.3472882603338856E-4
1.3444500676517985E-4
1.3416234632267782E-4
1.338808376999652E-4
1.3360047394716783E-4
1.3332124816988866E-4
1.3304315352866873E-4
1.3276618323842986E-4
1.3249033056794764E-4
1.322155888393117E-4
1.3194195142740675E-4
1.316694117593942E-4
1.3139796331419293E-4
1.311275996219782E-4
1.3085831426368078E-4
1.3059010087048913E-4
1.3032295312336294E-4
1.3005686475254307E-4
1.2979182953708516E-4
1.2952784130437967E-4
1.292648939296817E-4
1.2900298133565883E-4
1.2874209749192802E-4
1.2848223641460712E-4
1.282233921658683E-4
1.279655588534984E-4
1.2770873063046336E-4
1.2745290169447534E-4
1.2719806628756815E-4
1.2694421869568015E-4
1.2669135324822647E-4
1.264394643177073E-4
1.2618854631928314E-4
1.2593859371037652E-4
1.256896009902841E-4
1.2544156269976803E-4
1.2519447342067988E-4
1.249483277755744E-4
1.2470312042732216E-4
1.2445884607873944E-4
1.2421549947221733E-4
1.2397307538934937E-4
1.237315686505732E-4
1.2349097411480943E-4
1.2325128667910128E-4
1.2301250127827234E-4
1.2277461288457035E-4
1.2253761650733052E-4
1.223015071926259E-4
1.220662800229442E-4
1.2183193011684123E-4
1.2159845262862487E-4
1.2136584274801921E-4
1.2113409569984237E-4
1.2090320674370598E-4
1.2067317117366937E-4
1.2044398431796127E-4
1.2021564153864244E-4
1.1998813823132084E-4
1.1976146982484588E-4
1.1953563178099925E-4
1.1931061959421043E-4
1.1908642879127009E-4
1.188630549310218E-4
1.1864049360409639E-4
1.184187404326143E-4
1.1819779106991624E-4
1.1797764120028101E-4
1.1775828653865235E-4
1.1753972283036833E-4
1.1732194585089596E-4
1.1710495140556079E-4
1.1688873532929008E-4
1.1667329348634498E-4
1.1645862177007846E-4
1.1624471610265772E-4
1.1603157243483926E-4
1.1581918674569826E-4
1.1560755504239248E-4
1.1539667335992277E-4
1.1518653776087628E-4
1.1497714433520128E-4
1.1476848919996756E-4
1.1456056849913148E-4
1.1435337840330272E-4
1.1414691510951682E-4
1.1394117484100996E-4
1.1373615384699269E-4
1.1353184840242399E-4
1.1332825480780636E-4
1.1312536938894424E-4
1.1292318849674877E-4
1.1272170850702052E-4
1.1252092582022741E-4
1.1232083686131155E-4
1.1212143807946885E-4
1.119227259479541E-4
1.1172469696387217E-4
1.1152734764798034E-4
1.1133067454448846E-4
1.1113467422086674E-4
1.1093934326763884E-4
1.1074467829820907E-4
1.1055067594865274E-4
1.1035733287753227E-4
1.1016464576571787E-4
1.0997261131620111E-4
1.0978122625389684E-4
1.0959048732548097E-4
1.094003912991995E-4
1.0921093496469763E-4
1.090221151328325E-4
1.0883392863551009E-4
1.0864637232550813E-4
1.0845944307630542E-4
1.0827313778191409E-4
1.080874533567054E-4
1.0790238673525149E-4
1.0771793487215876E-4
1.0753409474190444E-4
1.0735086333866932E-4
1.0716823767619418E-4
1.0698621478760398E-4
1.0680479172526008E-4
1.0662396556060484E-4
1.0644373338400429E-4
1.0626409230460519E-4
1.0608503945016931E-4
1.0590657196694067E-4
1.0572868701948368E-4
1.0555138179054501E-4
1.053746534809102E-4
1.0519849930924674E-4
1.0502291651198615E-4
1.0484790234315707E-4
1.0467345407425829E-4
1.0449956899412664E-4
1.0432624440878193E-4
1.0415347764131264E-4
1.0398126603172396E-4
1.0380960693681702E-4
1.0363849773004704E-4
1.034679358014047E-4
1.032979185572729E-4
1.0312844342030611E-4
1.0295950782930773E-4
1.0279110923909772E-4
1.0262324512038521E-4
1.0245591295965362E-4
1.0228911025903573E-4
1.0212283453618711E-4
1.0195708332417044E-4
1.0179185417134004E-4
1.0162714464121703E-4
1.0146295231237541E-4
1.0129927477832997E-4
1.0113610964741722E-4
1.0097345454267799E-4
1.0081130710175616E-4
1.0064966497677647E-4
1.0048852583424525E-4
1.0032788735492857E-4
1.0016774723375053E-4
1.0000810317968532E-4
9.984895291564908E-5
The correct rate for BP: 100.00% 
