0.8436183359275935
0.6595501547768146
0.1746972040698865
0.047417587313735715
0.014750504588474381
0.010143902998338608
0.007825897576028515
0.006392049536050881
0.005408709797278656
0.004689530301505561
0.0041395670698345915
0.003704908175856011
0.003352513122545679
0.0030609420643073473
0.0028156481856246073
0.0026064007332200693
0.0024257883388425815
0.0022683069832186097
0.0021297816197570025
0.0020069868287135965
0.0018973907250875153
0.0017989776898791024
0.0017101229406438477
0.0016295020427934822
0.001556024489746885
0.0014887841879514916
0.001427022024050834
0.0013700972045129233
0.0013174650565006868
0.0012686596502624338
0.0012232800627768315
0.0011809794217567675
0.001141456094349718
0.001104446545851616
0.0010697195102345567
0.001037071199547029
0.0010063213423162631
9.773098882064114E-4
9.49894251723772E-4
9.239469947947517E-4
8.993538687767167E-4
8.760121524877386E-4
8.538292353176272E-4
8.327214042626776E-4
8.126128014428486E-4
7.934345247854802E-4
7.751238494506621E-4
7.57623551500709E-4
7.408813184855927E-4
7.248492341878245E-4
7.094833268662495E-4
6.947431720542308E-4
6.805915423795121E-4
6.669940980385369E-4
6.539191125246981E-4
6.413372290146485E-4
6.292212434888019E-4
6.175459112258681E-4
6.062877737854168E-4
5.954250039923325E-4
5.849372667762311E-4
5.748055940062813E-4
5.650122717071388E-4
5.555407382509847E-4
5.463754922998513E-4
5.375020094265064E-4
5.289066664745678E-4
5.205766728329988E-4
5.125000078990119E-4
5.04665364089237E-4
4.970620948335663E-4
4.896801670510054E-4
4.8251011766352314E-4
4.7554301375341197E-4
4.6877041601319674E-4
4.6218434517509443E-4
4.557772511406292E-4
4.49541984560585E-4
4.434717706414479E-4
4.375601849776006E-4
4.3180113122896676E-4
4.2618882048184076E-4
4.207177521467909E-4
4.1538269626180657E-4
4.10178677081638E-4
4.051009578456437E-4
4.0014502662663793E-4
3.95306583172376E-4
3.9058152665939473E-4
3.85965944286358E-4
3.81456100640516E-4
3.770484277769241E-4
3.727395159553308E-4
3.685261049844123E-4
3.6440507612751585E-4
3.603734445278517E-4
3.5642835211468365E-4
3.525670609553105E-4
3.487869470204878E-4
3.450854943336693E-4
3.414602894767417E-4
3.37909016427261E-4
3.344294517040238E-4
3.3101945979978223E-4
3.2767698888149215E-4
3.2440006673994584E-4
3.2118679697216914E-4
3.180353553810818E-4
3.149439865781673E-4
3.1191100077592333E-4
3.089347707578534E-4
3.060137290146582E-4
3.031463650360846E-4
3.0033122274864037E-4
2.975668980901566E-4
2.948520367126868E-4
2.921853318059353E-4
2.8956552203390675E-4
2.869913895779412E-4
2.844617582798461E-4
2.8197549187912755E-4
2.795314923389336E-4
2.77128698255397E-4
2.7476608334570427E-4
2.724426550103079E-4
2.7015745296511977E-4
2.679095479397259E-4
2.656980404379376E-4
2.635220595572377E-4
2.6138076186388754E-4
2.592733303206483E-4
2.5719897326426447E-4
2.5515692343008395E-4
2.5314643702121527E-4
2.5116679281996136E-4
2.4921729133926503E-4
2.472972540120595E-4
2.4540602241661906E-4
2.4354295753600987E-4
2.417074390499402E-4
2.398988646573541E-4
2.3811664942821706E-4
2.363602251830483E-4
2.346290398988326E-4
2.3292255713998808E-4
2.312402555132044E-4
2.2958162814494027E-4
2.2794618218055344E-4
2.263334383039757E-4
2.2474293027696684E-4
2.2317420449705606E-4
2.2162681957324902E-4
2.2010034591870333E-4
2.1859436535957312E-4
2.171084707592888E-4
2.1564226565756446E-4
2.14195363923434E-4
2.1276738942177146E-4
2.1135797569255923E-4
2.0996676564246242E-4
2.0859341124810092E-4
2.072375732704694E-4
2.058989209801548E-4
2.0457713189269086E-4
2.0327189151378832E-4
2.0198289309390584E-4
2.0070983739180326E-4
1.9945243244669762E-4
1.982103933586584E-4
1.9698344207688868E-4
1.9577130719555642E-4
1.9457372375689672E-4
1.9339043306125828E-4
1.922211824837911E-4
1.9106572529758382E-4
1.8992382050287676E-4
1.8879523266220017E-4
1.8767973174117674E-4
1.8657709295471988E-4
1.8548709661847068E-4
1.8440952800524653E-4
1.8334417720628212E-4
1.822908389971349E-4
1.8124931270800464E-4
1.8021940209833655E-4
1.7920091523556075E-4
1.7819366437776607E-4
1.7719746586018865E-4
1.7621213998536426E-4
1.7523751091681798E-4
1.7427340657612532E-4
1.7331965854327664E-4
1.723761019601595E-4
1.7144257543710124E-4
1.7051892096231854E-4
1.696049838141924E-4
1.6870061247625337E-4
1.6780565855479168E-4
1.6691997669899153E-4
1.6604342452349884E-4
1.6517586253332972E-4
1.643171540510663E-4
1.6346716514622264E-4
1.626257645667205E-4
1.6179282367241512E-4
1.6096821637058515E-4
1.60151819053312E-4
1.5934351053670064E-4
1.5854317200189304E-4
1.5775068693774487E-4
1.569659410852215E-4
1.5618882238333317E-4
1.5541922091666003E-4
1.5465702886434694E-4
1.5390214045056115E-4
1.5315445189633016E-4
1.5241386137275004E-4
1.5168026895548127E-4
1.5095357658053855E-4
1.5023368800127712E-4
1.4952050874657513E-4
1.4881394608017907E-4
1.481139089611336E-4
1.4742030800530292E-4
1.46733055447936E-4
1.4605206510723447E-4
1.4537725234889392E-4
1.4470853405161157E-4
1.4404582857348322E-4
1.433890557193271E-4
1.427381367088156E-4
1.420929941455131E-4
1.4145355198665253E-4
1.408197355137551E-4
1.401914713039791E-4
1.395686872022189E-4
1.3895131229391228E-4
1.3833927687856762E-4
1.3773251244392443E-4
1.3713095164081672E-4
1.3653452825863684E-4
1.359431772014249E-4
1.3535683446456507E-4
1.3477543711206262E-4
1.3419892325437508E-4
1.336272320268017E-4
1.33060303568404E-4
1.324980790014349E-4
1.3194050041129114E-4
1.3138751082692807E-4
1.308390542017723E-4
1.3029507539507847E-4
1.2975552015374306E-4
1.292203350945568E-4
1.286894676868719E-4
1.281628662356843E-4
1.276404798651242E-4
1.2712225850232485E-4
1.2660815286167932E-4
1.2609811442945397E-4
1.2559209544878E-4
1.2509004890497554E-4
1.245919285112106E-4
1.2409768869451945E-4
1.2360728458210178E-4
1.2312067198797015E-4
1.2263780739988446E-4
1.2215864796658193E-4
1.2168315148530766E-4
1.2121127638961167E-4
1.2074298173742497E-4
1.2027822719942089E-4
1.1981697304759643E-4
1.1935918014414771E-4
1.189048099305639E-4
1.1845382441697436E-4
1.1800618617173045E-4
1.1756185831120479E-4
1.171208044898226E-4
1.1668298889030927E-4
1.1624837621414651E-4
1.1581693167222539E-4
1.1538862097572508E-4
1.1496341032715354E-4
1.1454126641161206E-4
1.1412215638822163E-4
1.1370604788174182E-4
1.1329290897436492E-4
1.1288270819768365E-4
1.1247541452482992E-4
1.1207099736275741E-4
1.1166942654472424E-4
1.1127067232289572E-4
1.1087470536111238E-4
1.1048149672781599E-4
1.100910178891086E-4
1.0970324070195482E-4
1.0931813740753247E-4
1.0893568062470785E-4
1.0855584334364941E-4
1.0817859891956652E-4
1.0780392106657785E-4
1.0743178385170321E-4
1.0706216168896387E-4
1.0669502933362789E-4
1.0633036187652989E-4
1.059681347385449E-4
1.0560832366514236E-4
1.0525090472105524E-4
1.0489585428506122E-4
1.0454314904485157E-4
1.0419276599202105E-4
1.0384468241712946E-4
1.0349887590487647E-4
1.0315532432936825E-4
1.028140058494645E-4
1.0247489890423026E-4
1.0213798220845637E-4
1.018032347482866E-4
1.0147063577690415E-4
1.0114016481032313E-4
1.0081180162324095E-4
1.0048552624498027E-4
1.0016131895549841E-4
9.983916028148611E-5
The correct rate for BP: 100.00% 
