0.6112623612720975
0.4778342456450625
0.15214658102109
0.01585492144694869
0.009248005146430366
0.006936484403631852
0.005574975495515924
0.004667927701080875
0.004017577371343401
0.003527415229732654
0.0031442843074203494
0.0028363535468115294
0.002583344371473113
0.0023717025833500946
0.0021920135493205596
0.002037528432500818
0.0019032800485151873
0.0017855296579957173
0.0016814083383061007
0.0015886773428721945
0.0015055637140513674
0.0014306449007990697
0.0013627661158330101
0.0013009800666747694
0.0012445022885209257
0.001192677555410133
0.0011449542872712798
0.0011008648142673693
0.0010600099902036194
0.001022047075321046
9.866801049289637E-4
9.536521680348739E-4
9.227391678279182E-4
8.937447422415074E-4
8.664961003326659E-4
8.408405873208101E-4
8.166428336305664E-4
7.937823752194701E-4
7.721516566838037E-4
7.516543471463567E-4
7.322039131940779E-4
7.137224042067832E-4
6.961394140748985E-4
6.793911901171788E-4
6.634198654043521E-4
6.481727949929665E-4
6.33601980017375E-4
6.196635663614727E-4
6.063174068777065E-4
5.935266779480528E-4
5.8125754267509E-4
5.694788542176685E-4
5.581618937965634E-4
5.472801387328937E-4
5.368090565775741E-4
5.267259219706766E-4
5.170096533555339E-4
5.076406670808047E-4
4.986007467678206E-4
4.898729261117577E-4
4.8144138353203674E-4
4.7329134729748545E-4
4.654090099310049E-4
4.577814508519005E-4
4.5039656634567076E-4
4.432430060640477E-4
4.363101153559135E-4
4.295878828138253E-4
4.230668924941115E-4
4.1673828033190135E-4
4.105936943276191E-4
4.046252581297353E-4
3.988255376805161E-4
3.9318751062842927E-4
3.8770453824322213E-4
3.8237033959794247E-4
3.7717896780739844E-4
3.721247881344397E-4
3.672024577950773E-4
3.624069073105787E-4
3.5773332327012974E-4
3.531771323811395E-4
3.487339866963808E-4
3.443997499178872E-4
3.4017048468726595E-4
3.360424407804152E-4
3.320120441325965E-4
3.280758866264394E-4
3.2423071658178323E-4
3.204734298917185E-4
3.168010617541908E-4
3.1321077895303984E-4
3.096998726463125E-4
3.062657516234469E-4
3.029059359961112E-4
2.9961805129055853E-4
2.9639982291196907E-4
2.932490709537561E-4
2.901637053270862E-4
2.8714172118769353E-4
2.841811946391388E-4
2.8128027869319094E-4
2.78437199469529E-4
2.7565025261846153E-4
2.7291779995146305E-4
2.7023826626566794E-4
2.6761013634936295E-4
2.650319521566063E-4
2.625023101398967E-4
2.60019858730705E-4
2.5758329595840327E-4
2.5519136719877534E-4
2.5284286304397356E-4
2.505366172863962E-4
2.4827150500933193E-4
2.460464407779853E-4
2.43860376924639E-4
2.4171230192237918E-4
2.3960123884208772E-4
2.3752624388772092E-4
2.3548640500534214E-4
2.334808405615778E-4
2.3150869808749442E-4
2.295691530841751E-4
2.2766140788644103E-4
2.257846905815198E-4
2.2393825397948626E-4
2.2212137463270917E-4
2.2033335190154932E-4
2.1857350706376376E-4
2.1684118246535254E-4
2.1513574071045882E-4
2.1345656388840287E-4
2.118030528357808E-4
2.101746264318054E-4
2.085707209251962E-4
2.0699078929091653E-4
2.054343006153052E-4
2.0390073950806784E-4
2.0238960553984418E-4
2.0090041270401008E-4
1.994326889015425E-4
1.9798597544777705E-4
1.9655982659999195E-4
1.951538091048003E-4
1.9376750176438836E-4
1.9240049502070066E-4
1.9105239055668157E-4
1.8972280091379226E-4
1.8841134912503992E-4
1.8711766836275857E-4
1.8584140160046101E-4
1.8458220128817764E-4
1.8333972904051337E-4
1.821136553370293E-4
1.8090365923421938E-4
1.7970942808867026E-4
1.78530657290871E-4
1.7736705000915594E-4
1.762183169434068E-4
1.7508417608803027E-4
1.7396435250381875E-4
1.7285857809832644E-4
1.717665914143699E-4
1.7068813742629704E-4
1.696229673437429E-4
1.6857083842250332E-4
1.6753151378222876E-4
1.665047622307044E-4
1.6549035809436795E-4
1.6448808105487818E-4
1.6349771599142774E-4
1.6251905282860224E-4
1.6155188638954722E-4
1.6059601625421395E-4
1.5965124662252358E-4
1.5871738618219132E-4
1.577942479810745E-4
1.5688164930386357E-4
1.559794115528889E-4
1.5508736013296548E-4
1.5420532434006338E-4
1.533331372536586E-4
1.5247063563265267E-4
1.516176598146952E-4
1.507740536187864E-4
1.4993966425106353E-4
1.4911434221359147E-4
1.4829794121611804E-4
1.4749031809061923E-4
1.4669133270857608E-4
1.459008479008573E-4
1.4511872938012378E-4
1.4434484566565407E-4
1.435790680105157E-4
1.4282127033098777E-4
1.4207132913815202E-4
1.4132912347159245E-4
1.4059453483509263E-4
1.3986744713431133E-4
1.391477466163183E-4
1.3843532181095198E-4
1.37730063473926E-4
1.3703186453164248E-4
1.3634062002760655E-4
1.3565622707045535E-4
1.3497858478348E-4
1.3430759425563657E-4
1.3364315849396724E-4
1.3298518237741264E-4
1.3233357261191518E-4
1.316882376868577E-4
1.3104908783269598E-4
1.3041603497982064E-4
1.2978899271856825E-4
1.2916787626034441E-4
1.2855260239986262E-4
1.279430894783957E-4
1.2733925734807915E-4
1.2674102733717634E-4
1.2614832221629596E-4
1.2556106616554873E-4
1.2497918474258426E-4
1.2440260485149004E-4
1.2383125471254053E-4
1.2326506383274593E-4
1.2270396297718852E-4
1.221478841411383E-4
1.2159676052287526E-4
1.2105052649725403E-4
1.2050911758995594E-4
1.1997247045240808E-4
1.1944052283734995E-4
1.189132135750557E-4
1.1839048255014062E-4
1.1787227067898475E-4
1.1735851988772492E-4
1.1684917309080835E-4
1.163441741700826E-4
1.1584346795443351E-4
1.1534700019991018E-4
1.148547175703665E-4
1.1436656761857731E-4
1.13882498767827E-4
1.1340246029393863E-4
1.1292640230777884E-4
1.1245427573815698E-4
1.1198603231515226E-4
1.1152162455386483E-4
1.1106100573853709E-4
1.1060412990706926E-4
1.1015095183590658E-4
1.0970142702527919E-4
1.0925551168481954E-4
1.08813162719485E-4
1.0837433771584257E-4
1.0793899492866767E-4
1.0750709326785073E-4
1.0707859228561965E-4
1.0665345216405656E-4
1.0623163370290719E-4
1.0581309830765803E-4
1.0539780797790727E-4
1.04985725296E-4
1.0457681341590149E-4
1.0417103605235453E-4
1.0376835747025282E-4
1.0336874247428991E-4
1.0297215639880096E-4
1.025785650978634E-4
1.021879349356075E-4
1.0180023277673279E-4
1.0141542597726176E-4
1.0103348237546204E-4
1.0065437028300555E-4
1.0027805847628743E-4
9.990451618796226E-5
The correct rate for BP: 100.00% 
