0.8157964195409628
0.6557610450301621
0.26175230548534995
0.0445716812004521
0.02013437031149479
0.013344364355540934
0.010055171894757799
0.008076821282496236
0.0067492855935894205
0.005795011126814081
0.00507543374362647
0.004513287713157646
0.004061968299495671
0.003691653204188355
0.0033823551773434365
0.0031201691060766357
0.0028951187449298577
0.0026998591049974007
0.0025288619001912565
0.002377886255399037
0.0022436244310675563
0.002123458513181737
0.002015289499916424
0.0019174148240792802
0.0018284390106852633
0.001747207457714817
0.0016727566441845647
0.0016042761985735287
0.0015410796568167964
0.00148258167253915
0.0014282800773628862
0.001377741628314268
0.001330590587550452
0.0012864994988667925
0.0012451816833741636
0.001206385091838156
0.0011698872359760303
0.0011354909841244758
0.0011030210541148932
0.0010723210721420243
0.0010432510938912687
0.0010156855053605088
9.895112372433083E-4
9.646262395818625E-4
9.40938173501742E-4
9.183632848385538E-4
8.968254308367263E-4
8.762552362021678E-4
8.565893588984289E-4
8.377698494003674E-4
8.197435898231934E-4
8.024618015539718E-4
7.858796118255363E-4
7.699556711672268E-4
7.54651814903536E-4
7.399327628989652E-4
7.257658526044428E-4
7.121208011774591E-4
6.989694930503739E-4
6.862857898288383E-4
6.740453598308968E-4
6.62225524941523E-4
6.508051227659866E-4
6.39764382329943E-4
6.290848117991595E-4
6.187490968854715E-4
6.087410087720765E-4
5.990453205341858E-4
5.89647731155396E-4
5.805347963469369E-4
5.716938654703891E-4
5.631130239452611E-4
5.54781040593415E-4
5.466873194340045E-4
5.388218554966119E-4
5.311751942674119E-4
5.237383944249828E-4
5.16502993558868E-4
5.094609765962006E-4
5.026047466903277E-4
4.959270983505823E-4
4.894211926145258E-4
4.830805340840909E-4
4.7689894966447256E-4
4.7087056886040905E-4
4.6498980549853594E-4
4.5925134075685756E-4
4.5365010739377697E-4
4.481812750789112E-4
4.428402367370599E-4
4.3762259582469577E-4
4.325241544655847E-4
4.275409023786393E-4
4.226690065371213E-4
4.179048015033592E-4
4.1324478038829647E-4
4.086855863890559E-4
4.0422400486212303E-4
3.998569558929231E-4
3.9558148732595107E-4
3.9139476822254383E-4
3.8729408271603996E-4
3.8327682423643783E-4
3.7934049007892957E-4
3.75482676292686E-4
3.717010728680936E-4
3.679934592023409E-4
3.643576998247433E-4
3.607917403646596E-4
3.5729360374609095E-4
3.538613865942593E-4
3.504932558404631E-4
3.471874455127393E-4
3.4394225370035887E-4
3.4075603968149784E-4
3.376272212037888E-4
3.3455427190846805E-4
3.3153571888927465E-4
3.285701403780141E-4
3.2565616354914023E-4
3.227924624363607E-4
3.1997775595456776E-4
3.1721080602099204E-4
3.1449041576986066E-4
3.118154278550787E-4
3.091847228360089E-4
3.0659721764163294E-4
3.040518641086484E-4
3.015476475894233E-4
2.990835856259465E-4
2.966587266861499E-4
2.942721489591994E-4
2.9192295920660034E-4
2.89610291666088E-4
2.8733330700553793E-4
2.850911913242327E-4
2.8288315519900506E-4
2.8070843277293626E-4
2.785662808843884E-4
2.764559782343734E-4
2.743768245901953E-4
2.72328140023638E-4
2.7030926418191565E-4
2.683195555897729E-4
2.663583909811629E-4
2.644251646591104E-4
2.6251928788232666E-4
2.606401882773281E-4
2.587873092747682E-4
2.5696010956893577E-4
2.551580625991727E-4
2.5338065605234205E-4
2.5162739138520407E-4
2.4989778336590286E-4
2.4819135963359855E-4
2.4650766027544654E-4
2.448462374201285E-4
2.4320665484719043E-4
2.4158848761145126E-4
2.3999132168184362E-4
2.384147535940294E-4
2.3685839011615233E-4
2.3532184792722407E-4
2.3380475330750082E-4
2.3230674184041413E-4
2.3082745812550706E-4
2.293665555019056E-4
2.279236957819215E-4
2.2649854899429623E-4
2.250907931367252E-4
2.2370011393725716E-4
2.2232620462421553E-4
2.2096876570424278E-4
2.196275047482093E-4
2.183021361846001E-4
2.169923811000958E-4
2.1569796704708728E-4
2.1441862785778567E-4
2.1315410346474297E-4
2.1190413972743208E-4
2.1066848826473573E-4
2.0944690629308532E-4
2.0823915646997937E-4
2.070450067427476E-4
2.0586423020231643E-4
2.046966049417834E-4
2.0354191391964258E-4
2.0239994482743328E-4
2.0127048996173208E-4
2.0015334610021823E-4
1.9904831438174195E-4
1.9795520019021904E-4
1.9687381304219783E-4
1.9580396647798394E-4
1.947454779561812E-4
1.9369816875151942E-4
1.9266186385588605E-4
1.916363918823733E-4
1.9062158497231367E-4
1.8961727870515438E-4
1.8862331201105904E-4
1.8763952708617204E-4
1.8666576931044348E-4
1.857018871679044E-4
1.8474773216932416E-4
1.838031587771826E-4
1.828680243328305E-4
1.8194218898582508E-4
1.8102551562531314E-4
1.8011786981341808E-4
1.7921911972054976E-4
1.7832913606261104E-4
1.774477920399684E-4
1.7657496327819731E-4
1.757105277704862E-4
1.7485436582170616E-4
1.7400635999402487E-4
1.731663950540529E-4
1.7233435792149171E-4
1.7151013761916714E-4
1.7069362522447457E-4
1.698847138221622E-4
1.6908329845838143E-4
1.6828927609603206E-4
1.6750254557128437E-4
1.6672300755128923E-4
1.659505644930387E-4
1.6518512060331893E-4
1.644265817997265E-4
1.6367485567273207E-4
1.6292985144874625E-4
1.6219147995414013E-4
1.614596535802487E-4
1.6073428624923988E-4
1.6001529338090757E-4
1.5930259186031304E-4
1.5859610000624864E-4
1.5789573754052992E-4
1.5720142555806943E-4
1.5651308649769347E-4
1.5583064411371866E-4
1.5515402344824867E-4
1.544831508041393E-4
1.538179537186797E-4
1.5315836093788822E-4
1.525043023914913E-4
1.518557091684748E-4
1.512125134932753E-4
1.5057464870253328E-4
1.499420492224177E-4
1.493146505465102E-4
1.4869238921422315E-4
1.4807520278972255E-4
1.4746302984138795E-4
1.4685580992173096E-4
1.4625348354781789E-4
1.456559921821479E-4
1.450632782139697E-4
1.4447528494107803E-4
1.4389195655198684E-4
1.4331323810855802E-4
1.4273907552902595E-4
1.4216941557139038E-4
1.416042058172374E-4
1.4104339465589584E-4
1.404869312689792E-4
1.3993476561526558E-4
1.393868484159322E-4
1.3884313114012728E-4
1.3830356599085056E-4
1.377681058911761E-4
1.3723670447076406E-4
1.3670931605268597E-4
1.3618589564052923E-4
1.3566639890582116E-4
1.3515078217566712E-4
1.3463900242075049E-4
1.341310172435048E-4
1.3362678486660812E-4
1.3312626412170065E-4
1.3262941443835356E-4
1.321361958332703E-4
1.3164656889973686E-4
1.311604947972791E-4
1.3067793524155154E-4
1.3019885249444053E-4
1.297232093543801E-4
1.2925096914686868E-4
1.287820957151859E-4
1.2831655341130513E-4
1.2785430708700356E-4
1.273953220851441E-4
1.2693956423115492E-4
1.264869998246659E-4
1.2603759563134298E-4
1.2559131887486256E-4
1.2514813722908265E-4
1.2470801881033422E-4
1.2427093216990935E-4
1.2383684628668485E-4
1.2340573055988439E-4
1.229775548020028E-4
1.225522892318694E-4
1.2212990446784693E-4
1.2171037152116505E-4
1.2129366178940025E-4
1.2087974705005632E-4
1.20468599454308E-4
1.2006019152084076E-4
1.1965449612982063E-4
1.1925148651698092E-4
1.1885113626784189E-4
1.1845341931200149E-4
1.1805830991758194E-4
1.1766578268575798E-4
1.1727581254539931E-4
1.1688837474780757E-4
1.1650344486157025E-4
1.1612099876748897E-4
1.1574101265363526E-4
1.1536346301046628E-4
1.149883266260684E-4
1.1461558058144967E-4
1.1424520224596627E-4
1.1387716927279193E-4
1.1351145959450788E-4
1.131480514187464E-4
1.1278692322393383E-4
1.1242805375510127E-4
1.1207142201978933E-4
1.1171700728400187E-4
1.1136478906825382E-4
1.1101474714369303E-4
1.1066686152827045E-4
1.1032111248301463E-4
1.0997748050833937E-4
1.096359463404416E-4
1.0929649094774552E-4
1.0895909552743725E-4
1.0862374150202889E-4
1.082904105160119E-4
1.0795908443254952E-4
1.0762974533024119E-4
1.0730237549994281E-4
1.0697695744163436E-4
1.066534738613522E-4
1.0633190766816853E-4
1.0601224197123091E-4
1.0569446007684279E-4
1.0537854548560443E-4
1.0506448188960788E-4
1.0475225316965976E-4
1.0444184339256768E-4
1.0413323680848131E-4
1.0382641784825405E-4
1.035213711208758E-4
1.032180814109303E-4
1.0291653367609869E-4
1.026167130447318E-4
1.02318604813413E-4
1.0202219444461081E-4
1.0172746756434436E-4
1.0143440995989159E-4
1.0114300757754527E-4
1.0085324652039696E-4
1.005651130461561E-4
1.0027859356501854E-4
9.999367463755473E-5
The correct rate for BP: 100.00% 
