1.3297957493674486
1.1364476235489631
1.0536054933544796
0.9662982375206987
0.8700768215042206
0.7711481365010716
0.673631261166713
0.5806214932523646
0.49484568972507853
0.4184090551872633
0.3524142871622035
0.29688468288548475
0.2510083269020955
0.21351499687838027
0.18300744291372723
0.15817170453711238
0.13787426414553652
0.1211849113675617
0.10736171213200017
0.09582174867010985
0.08611000883457512
0.0778716864440236
0.07082943412999458
0.06476544799531983
0.05950766594562321
0.05491925082203378
0.050890610434280587
0.047333342913013644
0.0441756309925915
0.04135872354745253
0.03883423344290382
0.03656204998269335
0.0345087160291954
0.03264615824095506
0.03095068717454156
0.02940220485953455
0.027983572857885167
0.026680105226426967
0.02547915928530947
0.024369803435288568
0.023342546029715413
0.022389112904736677
0.02150226390399416
0.02067564082165674
0.019903640791266948
0.019181310386667795
0.01850425666345525
0.017868572120739886
0.01727077115277837
0.01670773602534186
0.016176670780618012
0.01567506176835675
0.015200643736216735
0.014751370601405535
0.014325390178435229
0.013921022261666664
0.013536739562160645
0.013171151080790217
0.012822987567216103
0.012491088770042682
0.012174392229527492
0.011871923402417021
0.011582786940272998
0.011306158969199029
0.011041280241110505
0.010787450045369355
0.0105440207853459
0.010310393137769366
0.010086011724000437
0.009870361231934877
0.009662962935406324
0.009463371564922643
0.009271172489537445
0.009085979174776283
0.008907430885941639
0.008735190609918578
0.008568943171881654
0.00840839352614665
0.008253265202873838
0.008103298894473516
0.00795825116743128
0.00781789328690007
0.007682010142830818
0.007550399267662178
0.007422869936685189
0.007299242343161673
0.007179346841123605
0.007063023249528324
0.006950120212105797
0.006840494607818312
0.006734011007371781
0.0066305411716772004
0.006529963588569949
0.0064321630444580755
0.006337030227895157
0.006244461362362948
0.006154357865806878
0.0060666260346998405
0.005981176750616317
0.005897925207485359
0.005816790657857544
0.00573769617667187
0.005660568441143084
0.005585337525512337
0.005511936709514095
0.0054403022995108685
0.005370373461338302
0.0053020920639831395
0.0052354025332916766
0.005170251714971912
0.005106588746213968
0.005044364935308425
0.004983533648692218
0.004924050204897409
0.004865871774919928
0.004808957288563364
0.004753267346347198
0.004698764136601036
0.004645411357394903
0.0045931741429826685
0.0045420189944593466
0.00449191371435588
0.0044428273449150235
0.0043947301098108665
0.004347593359091748
0.004301389517142231
0.004256092033474126
0.004211675336170393
0.0041681147878177595
0.004125386643775417
0.004083468012637913
0.004042336818759656
0.004001971766717804
0.0039623523075984855
0.0039234586069989775
0.0038852715146454435
0.003847772535532914
0.003810943802499644
0.0037747680501541417
0.0037392285900782847
0.003704309287234709
0.003669994537511337
0.003636269246340201
0.0036031188083312936
0.0035705290878664023
0.003538486400600567
0.0035069774958227514
0.0034759895396296505
0.0034455100988696036
0.0034155271258161242
0.003386028943532988
0.003357004231894836
0.003328442014229806
0.003300331644552147
0.003272662795354952
0.0032454254459347433
0.0032186098712212946
0.0031922066310874865
0.0031662065601154817
0.003140600757796894
0.0031153805791457193
0.0030905376257039166
0.0030660637369210775
0.003041950981889879
0.0030181916514207202
0.002994778250439354
0.0029717034906925574
0.0029489602837471786
0.0029265417342692855
0.0029044411335704024
0.0028826519534084945
0.002861167840032324
0.0028399826084580756
0.0028190902369678423
0.002798484861820025
0.002778160772162392
0.0027581124051385864
0.0027383343411799895
0.002718821299474475
0.0026995681336046636
0.0026805698273482496
0.0026618214906335195
0.0026433183556434092
0.002625055773061876
0.002607029208456524
0.0025892342387918627
0.0025716665490677065
0.002554321929077576
0.0025371962702821116
0.0025202855627928637
0.0025035858924620027
0.0024870934380734483
0.0024708044686316427
0.0024547153407438686
0.0024388224960923844
0.0024231224589929454
0.0024076118340362086
0.002392287303808794
0.0023771456266909454
0.00236218363472776
0.002347398231571228
0.0023327863904902472
0.002318345152446236
0.002304071624231541
0.002289962976668603
0.0022760164428673817
0.0022622293165389076
0.0022485989503629525
0.0022351227544077147
0.002221798194599647
0.0022086227912416876
0.002195594117577888
0.0021827097984030617
0.0021699675087155776
0.0021573649724118986
0.0021448999610213172
0.0021325702924794698
0.0021203738299392367
0.002108308480617789
0.0020963721946784058
0.0020845629641459457
0.002072878821854723
0.002061317840427776
0.002049878131286313
0.002038557843688449
0.0020273551637960798
0.002016268313769118
0.00200529555088602
0.0019944351666897355
0.001983685486158374
0.0019730448668995883
0.0019625116983679513
0.0019520844011046584
0.0019417614259986606
0.0019315412535686701
0.0019214223932652566
0.0019114033827924647
0.0019014827874482962
0.0018916591994833705
0.0018819312374773996
0.0018722975457325507
0.0018627567936836185
0.0018533076753240569
0.0018439489086476176
0.0018346792351050692
0.0018254974190754305
0.0018164022473514088
0.0018073925286384704
0.0017984670930672355
0.0017896247917187135
0.001780864496162035
0.0017721850980042416
0.0017635855084518698
0.0017550646578838615
0.0017466214954355173
0.001738254988593212
0.0017299641227994183
0.0017217479010678692
0.001713605343608508
0.0017055354874618697
0.0016975373861427964
0.0016896101092929716
0.0016817527423422613
0.0016739643861784271
0.0016662441568250476
0.001658591185127419
0.0016510046164461712
0.0016434836103584292
0.0016360273403662196
0.001628634993612045
0.0016213057706013
0.0016140388849313738
0.0016068335630273873
0.001599689043884078
0.0015926045788140085
0.0015855794312017012
0.0015786128762635323
0.0015717042008134652
0.0015648527030340507
0.0015580576922530624
0.0015513184887250982
0.0015446344234184026
0.0015380048378066222
0.001531429083665284
0.0015249065228730425
0.001518436527217421
0.0015120184782050226
0.001505651766876033
0.001499335793622933
0.0014930699680133308
0.001486853708616716
0.001480686442835164
0.0014745676067377878
0.0014684966448988766
0.0014624730102396311
0.0014564961638733741
0.0014505655749542264
0.0014446807205290158
0.0014388410853924984
0.0014330461619457037
0.001427295450057365
0.0014215884569283147
0.001415924696958861
0.0014103036916189617
0.0014047249693212298
0.001399188065296578
0.001393692521472582
0.001388237886354372
0.0013828237149080612
0.0013774495684466365
0.0013721150145182019
0.0013668196267966268
0.001361562984974404
0.0013563446746577732
0.0013511642872640105
0.0013460214199208168
0.0013409156753678231
0.0013358466618600383
0.001330813993073358
0.0013258172880119328
0.0013208561709174358
0.0013159302711801507
0.0013110392232519262
0.0013061826665607533
0.0013013602454271726
0.0012965716089822915
0.0012918164110874307
0.0012870943102553866
0.0012824049695732565
0.0012777480566267708
0.0012731232434260791
0.0012685302063330816
0.0012639686259900789
0.0012594381872498847
0.0012549385791072575
0.0012504694946316567
0.0012460306309013294
0.0012416216889386406
0.0012372423736466106
0.0012328923937467544
0.001228571461718019
0.00122427929373691
0.0012200156096187902
0.0012157801327601896
0.0012115725900823362
0.00120739271197563
0.0012032402322451883
0.0011991148880574603
0.0011950164198877762
0.0011909445714688572
0.0011868990897403423
0.0011828797247991928
0.00117888622985104
0.0011749183611623674
0.0011709758780136578
0.0011670585426533176
0.0011631661202524638
0.001159298378860534
0.0011554550893616991
0.00115163602543206
0.0011478409634975866
0.0011440696826928716
0.0011403219648205205
0.0011365975943113836
0.0011328963581854275
0.0011292180460132587
0.0011255624498784228
0.0011219293643403257
0.0011183185863977304
0.0011147299154530479
0.0011111631532771103
0.001107618103974617
0.0011040945739501842
0.0011005923718749784
0.0010971113086538883
0.0010936511973933295
0.0010902118533695486
0.0010867930939974697
0.0010833947388001154
0.0010800166093785063
0.001076658529382097
0.0010733203244796831
0.0010700018223308366
0.0010667028525577855
0.0010634232467178133
0.0010601628382760626
0.0010569214625788313
0.0010536989568273073
0.0010504951600517258
0.0010473099130859829
0.0010441430585426176
0.0010409944407882882
0.0010378639059195444
0.0010347513017391076
0.0010316564777324458
0.001028579285044794
0.0010255195764585143
0.0010224772063708357
0.001019452030771959
0.0010164439072234866
0.0010134526948372452
0.0010104782542544157
0.001007520447624985
0.0010045791385876004
0.0010016541922496125
9.98745475167592E-4
9.958528553280083E-4
9.92976202128346E-4
9.901153863583927E-4
9.872702801819286E-4
9.84440757118654E-4
9.816266920263622E-4
9.788279610834772E-4
9.7604444177181E-4
9.732760128595855E-4
9.705225543847082E-4
9.677839476383784E-4
9.650600751488377E-4
9.62350820665457E-4
9.596560691430349E-4
9.569757067263262E-4
9.543096207348309E-4
9.516576996477847E-4
9.490198330894201E-4
9.463959118144074E-4
9.437858276935273E-4
9.411894736995887E-4
9.386067438935228E-4
9.360375334106916E-4
9.334817384474199E-4
9.309392562477254E-4
9.284099850902127E-4
9.258938242751875E-4
9.233906741120079E-4
9.20900435906518E-4
9.184230119487594E-4
9.159583055008096E-4
9.135062207848519E-4
9.110666629713333E-4
9.086395381674119E-4
9.062247534054488E-4
9.038222166317811E-4
9.014318366955825E-4
8.990535233378823E-4
8.966871871808192E-4
8.943327397169598E-4
8.919900932988384E-4
8.896591611285867E-4
8.873398572477769E-4
8.85032096527351E-4
8.827357946577397E-4
8.804508681390807E-4
8.78177234271616E-4
8.759148111461925E-4
8.736635176349111E-4
8.714232733819102E-4
8.69193998794282E-4
8.669756150330729E-4
8.647680440045028E-4
8.625712083511945E-4
8.603850314436147E-4
8.582094373715828E-4
8.560443509359274E-4
8.538896976402337E-4
8.517454036827088E-4
8.496113959481928E-4
8.474876020002334E-4
8.453739500732825E-4
8.432703690650213E-4
8.411767885287747E-4
8.390931386660055E-4
8.370193503189688E-4
8.349553549634111E-4
8.329010847013832E-4
8.308564722541658E-4
8.288214509552773E-4
8.267959547435765E-4
8.24779918156459E-4
8.227732763231449E-4
8.207759649580682E-4
8.187879203543137E-4
8.168090793771994E-4
8.148393794579019E-4
8.128787585871624E-4
8.109271553091422E-4
8.089845087152376E-4
8.070507584381116E-4
8.051258446457001E-4
8.032097080353582E-4
8.013022898280548E-4
7.994035317626351E-4
7.975133760901964E-4
7.95631765568497E-4
7.937586434564618E-4
7.918939535087358E-4
7.900376399703481E-4
7.881896475713842E-4
7.863499215218062E-4
7.845184075062457E-4
7.826950516789389E-4
7.808798006587187E-4
7.790726015240075E-4
7.772734018079474E-4
7.75482149493573E-4
7.736987930089871E-4
7.719232812227088E-4
7.701555634389685E-4
7.683955893931335E-4
7.666433092471564E-4
7.648986735851151E-4
7.6316163340875E-4
7.614321401331325E-4
7.597101455823052E-4
7.579956019850669E-4
7.56288461970722E-4
7.54588678564938E-4
7.528962051856473E-4
7.512109956389803E-4
7.495330041152508E-4
7.478621851850276E-4
7.46198493795205E-4
7.445418852651385E-4
7.428923152828424E-4
7.412497399012215E-4
7.396141155343571E-4
7.379853989538173E-4
7.363635472850211E-4
7.347485180036878E-4
7.331402689322431E-4
7.315387582363504E-4
7.29943944421453E-4
7.283557863293356E-4
7.267742431347654E-4
7.251992743421476E-4
7.236308397822399E-4
7.2206889960887E-4
7.205134142957525E-4
7.189643446332824E-4
7.174216517254005E-4
7.158852969864875E-4
7.143552421382995E-4
7.128314492069352E-4
7.113138805198216E-4
7.098024987027881E-4
7.082972666770997E-4
7.067981476565885E-4
7.053051051447879E-4
7.038181029321151E-4
7.023371050930554E-4
7.008620759834254E-4
6.993929802376428E-4
6.979297827659959E-4
6.964724487520364E-4
6.950209436498857E-4
6.935752331816744E-4
6.921352833349246E-4
6.90701060360054E-4
6.892725307678148E-4
6.878496613268385E-4
6.864324190611436E-4
6.850207712477367E-4
6.836146854141883E-4
6.822141293362616E-4
6.808190710355757E-4
6.794294787772453E-4
6.780453210676238E-4
6.766665666520127E-4
6.752931845124184E-4
6.739251438653329E-4
6.725624141595257E-4
6.712049650739001E-4
6.698527665153166E-4
6.685057886164903E-4
6.671640017338662E-4
6.658273764455871E-4
6.644958835493846E-4
6.631694940605852E-4
6.618481792101015E-4
6.605319104424107E-4
6.592206594136544E-4
6.579143979896213E-4
6.566130982438712E-4
6.553167324558385E-4
6.540252731089128E-4
6.527386928886253E-4
6.514569646807661E-4
6.501800615696101E-4
6.489079568360776E-4
6.476406239559692E-4
6.463780365982159E-4
6.451201686231122E-4
6.438669940806168E-4
6.426184872086336E-4
6.413746224313353E-4
6.401353743574665E-4
6.389007177787495E-4
6.376706276681812E-4
6.364450791784791E-4
6.352240476404389E-4
6.340075085613728E-4
6.327954376235469E-4
6.315878106826205E-4
6.303846037661276E-4
6.291857930719438E-4
6.279913549668068E-4
6.268012659848124E-4
6.256155028259616E-4
6.244340423546935E-4
6.232568615984633E-4
6.220839377463032E-4
6.209152481474162E-4
6.197507703098001E-4
6.185904818988424E-4
6.174343607359699E-4
6.162823847973004E-4
6.151345322122952E-4
6.139907812624448E-4
6.128511103799573E-4
6.11715498146451E-4
6.105839232916878E-4
6.094563646923035E-4
6.083328013705372E-4
6.072132124929853E-4
6.060975773693997E-4
6.049858754514322E-4
6.038780863314533E-4
6.027741897413482E-4
6.016741655513322E-4
6.005779937687799E-4
5.994856545370852E-4
5.983971281344877E-4
5.97312394972962E-4
5.962314355970661E-4
5.951542306828583E-4
5.940807610367749E-4
5.930110075945511E-4
5.919449514201373E-4
5.908825737046323E-4
5.898238557652231E-4
5.887687790441271E-4
5.877173251075861E-4
5.866694756447976E-4
5.856252124669302E-4
5.845845175061007E-4
5.835473728143892E-4
5.825137605628393E-4
5.814836630404742E-4
5.804570626533646E-4
5.79433941923629E-4
5.784142834885058E-4
5.77398070099412E-4
5.763852846210004E-4
5.75375910030256E-4
5.743699294155842E-4
5.733673259758682E-4
5.723680830196392E-4
5.713721839641197E-4
5.703796123344038E-4
5.693903517625564E-4
5.684043859867511E-4
5.674216988504472E-4
5.664422743014931E-4
5.654660963913448E-4
5.644931492742057E-4
5.635234172062068E-4
5.625568845446014E-4
5.615935357469613E-4
5.606333553703829E-4
5.596763280706706E-4
5.587224386015993E-4
5.577716718140892E-4
5.568240126554887E-4
5.558794461687675E-4
5.549379574917927E-4
5.53999531856568E-4
5.530641545885139E-4
5.521318111057051E-4
5.512024869181737E-4
5.502761676271779E-4
5.493528389244739E-4
5.484324865916417E-4
5.475150964993753E-4
5.466006546067724E-4
5.456891469606704E-4
5.447805596949587E-4
5.438748790299044E-4
5.429720912714788E-4
5.420721828107181E-4
5.411751401230449E-4
5.402809497676254E-4
5.393895983867327E-4
5.385010727051155E-4
5.376153595293401E-4
5.367324457471968E-4
5.358523183270607E-4
5.349749643172752E-4
5.341003708455737E-4
5.332285251184306E-4
5.32359414420493E-4
5.314930261139876E-4
5.306293476381223E-4
5.297683665085185E-4
5.289100703166247E-4
5.280544467291405E-4
5.272014834874693E-4
5.263511684071427E-4
5.255034893772611E-4
5.246584343599585E-4
5.238159913898455E-4
5.229761485734657E-4
5.221388940887767E-4
5.213042161845908E-4
5.204721031800729E-4
5.196425434642053E-4
5.188155254952768E-4
5.17991037800366E-4
5.171690689748263E-4
5.163496076818015E-4
5.155326426517068E-4
5.147181626817386E-4
5.139061566353953E-4
5.130966134419704E-4
5.122895220960886E-4
5.114848716572207E-4
5.106826512492078E-4
5.098828500597941E-4
5.090854573401554E-4
5.082904624044496E-4
5.074978546293555E-4
5.067076234535988E-4
5.059197583775456E-4
5.051342489627103E-4
5.043510848313419E-4
5.035702556659774E-4
5.027917512090094E-4
5.020155612622422E-4
5.012416756865002E-4
5.004700844011578E-4
4.997007773837599E-4
4.989337446695775E-4
4.98168976351218E-4
4.974064625781962E-4
4.966461935565361E-4
4.958881595483774E-4
4.951323508715678E-4
4.943787578992679E-4
4.936273710595577E-4
4.928781808350585E-4
4.921311777625393E-4
4.913863524325335E-4
4.906436954889549E-4
4.899031976287424E-4
4.89164849601465E-4
4.884286422089728E-4
4.8769456630500343E-4
4.869626127948473E-4
4.862327726349701E-4
4.85505036832667E-4
4.8477939644568874E-4
4.8405584258191824E-4
4.833343663989959E-4
4.8261495910399736E-4
4.8189761195306164E-4
4.811823162510901E-4
4.804690633513673E-4
4.7975784465527143E-4
4.7904865161189203E-4
4.783414757177455E-4
4.7763630851643205E-4
4.769331415983024E-4
4.762319666001592E-4
4.7553277520491114E-4
4.748355591412892E-4
4.741403101835012E-4
4.734470201509537E-4
4.7275568090791197E-4
4.720662843632266E-4
4.7137882246999776E-4
4.706932872253094E-4
4.7000967066989746E-4
4.693279648878806E-4
4.686481620064524E-4
4.6797025419559915E-4
4.6729423366780384E-4
4.66620092677763E-4
4.659478235221028E-4
4.652774185391026E-4
4.6460887010840035E-4
4.639421706507423E-4
4.6327731262767516E-4
4.6261428854129863E-4
4.6195309093399116E-4
4.6129371238812423E-4
4.6063614552581725E-4
4.59980383008662E-4
4.59326417537464E-4
4.5867424185198457E-4
4.580238487306802E-4
4.5737523099043494E-4
4.567283814863414E-4
4.56083293111399E-4
4.5543995879631933E-4
4.5479837150922434E-4
4.541585242554423E-4
4.535204100772471E-4
4.5288402205360154E-4
4.5224935329995787E-4
4.5161639696797304E-4
4.5098514624529327E-4
4.503555943553293E-4
4.497277345570143E-4
4.4910156014456233E-4
4.484770644472497E-4
4.478542408292005E-4
4.472330826891259E-4
4.466135834601402E-4
4.459957366095063E-4
4.453795356384424E-4
4.447649740818705E-4
4.4415204550824264E-4
4.435407435192723E-4
4.4293106174977725E-4
4.423229938674237E-4
4.417165335725319E-4
4.41111674597874E-4
4.4050841070845714E-4
4.39906735701316E-4
4.3930664340531447E-4
4.387081276809478E-4
4.381111824201292E-4
4.3751580154599557E-4
4.369219790127109E-4
4.3632970880527527E-4
4.3573898493931736E-4
4.351498014609009E-4
4.345621524463517E-4
4.3397603200204645E-4
4.333914342642365E-4
4.328083533988383E-4
4.322267836012879E-4
4.316467190963136E-4
4.3106815413777123E-4
4.304910830084704E-4
4.299155000199729E-4
4.2934139951242577E-4
4.28768775854388E-4
4.28197623442644E-4
4.276279367020242E-4
4.270597100852437E-4
4.264929380727306E-4
4.259276151724263E-4
4.253637359196564E-4
4.248012948769266E-4
4.242402866337795E-4
4.236807058066051E-4
4.231225470385044E-4
4.225658049990883E-4
4.220104743843502E-4
4.2145654991648145E-4
4.209040263437205E-4
4.203528984401898E-4
4.1980316100573517E-4
4.192548088657779E-4
4.187078368711476E-4
4.181622398979307E-4
4.176180128473293E-4
4.170751506454889E-4
4.1653364824334997E-4
4.1599350061651366E-4
4.154547027650835E-4
4.1491724971350335E-4
4.1438113651043134E-4
4.138463582285846E-4
4.133129099645873E-4
4.1278078683884637E-4
4.122499839953862E-4
4.117204966017135E-4
4.11192319848693E-4
4.106654489503788E-4
4.101398791438954E-4
4.0961560568930026E-4
4.0909262386943415E-4
4.085709289897971E-4
4.080505163784066E-4
4.075313813856588E-4
4.070135193842177E-4
4.064969257688482E-4
4.059815959563179E-4
4.054675253852512E-4
4.0495470951599447E-4
4.0444314383050674E-4
4.039328238322019E-4
4.0342374504586027E-4
4.0291590301747346E-4
4.02409293314124E-4
4.019039115238734E-4
4.013997532556315E-4
4.0089681413903026E-4
4.0039508982431943E-4
3.9989457598220543E-4
3.9939526830379203E-4
3.9889716250040625E-4
3.9840025430351296E-4
3.979045394645869E-4
3.97410013754989E-4
3.9691667296586867E-4
3.96424512908036E-4
3.959335294118462E-4
3.9544371832709593E-4
3.949550755229051E-4
3.9446759688760544E-4
3.939812783286231E-4
3.9349611577239066E-4
3.930121051642081E-4
3.92529242468153E-4
3.9204752366697905E-4
3.915669447619744E-4
3.9108750177290494E-4
3.906091907378653E-4
3.90132007713201E-4
3.896559487733873E-4
3.8918101001093175E-4
3.8870718753628345E-4
3.882344774777101E-4
3.8776287598120884E-4
3.8729237921040864E-4
3.868229833464517E-4
3.8635468458792004E-4
3.8588747915071814E-4
3.8542136326797993E-4
3.8495633318997636E-4
3.8449238518400574E-4
3.8402951553431877E-4
3.83567720541997E-4
3.831069965248828E-4
3.826473398174662E-4
3.821887467708062E-4
3.817312137524249E-4
3.8127473714622375E-4
3.808193133523903E-4
3.803649387873063E-4
3.7991160988345415E-4
3.79459323089335E-4
3.790080748693707E-4
3.785578617038184E-4
3.781086800886946E-4
3.7766052653565534E-4
3.772133975719498E-4
3.7676728974030387E-4
3.7632219959885286E-4
3.758781237210379E-4
3.754350586955423E-4
3.749930011261877E-4
3.7455194763187335E-4
3.7411189484646445E-4
3.736728394187365E-4
3.7323477801227647E-4
3.7279770730541163E-4
3.7236162399112E-4
3.719265247769519E-4
3.714924063849647E-4
3.710592655516146E-4
3.70627099027712E-4
3.701959035783092E-4
3.697656759826545E-4
3.693364130340923E-4
3.6890811153999424E-4
3.68480768321693E-4
3.680543802143783E-4
3.6762894406705885E-4
3.6720445674245537E-4
3.6678091511694997E-4
3.66358316080495E-4
3.659366565365494E-4
3.655159334020081E-4
3.6509614360712237E-4
3.6467728409542356E-4
3.642593518236695E-4
3.63842343761762E-4
3.6342625689267166E-4
3.630110882123813E-4
3.625968347297958E-4
3.621834934667017E-4
3.617710614576708E-4
3.613595357500105E-4
3.609489134036867E-4
3.60539191491254E-4
3.60130367097805E-4
3.5972243732088614E-4
3.5931539927042935E-4
3.589092500687158E-4
3.5850398685026555E-4
3.580996067618154E-4
3.5769610696222907E-4
3.5729348462243215E-4
3.568917369253715E-4
3.564908610659222E-4
3.560908542508533E-4
3.556917136987346E-4
3.5529343663990415E-4
3.548960203163902E-4
3.5449946198185195E-4
3.541037589015235E-4
3.537089083521401E-4
3.533149076218984E-4
3.5292175401038475E-4
3.525294448285109E-4
3.521379773984622E-4
3.5174734905364663E-4
3.513575571386191E-4
3.5096859900902934E-4
3.5058047203157634E-4
3.501931735839408E-4
3.4980670105471887E-4
3.4942105184338943E-4
3.4903622336023346E-4
3.4865221302629655E-4
3.482690182733254E-4
3.4788663654371135E-4
3.475050652904328E-4
3.471243019770189E-4
3.4674434407746987E-4
3.4636518907622013E-4
3.459868344680849E-4
3.456092777581951E-4
3.4523251646195025E-4
3.4485654810497557E-4
3.4448137022305626E-4
3.4410698036209814E-4
3.437333760780603E-4
3.4336055493690976E-4
3.429885145145839E-4
3.426172523969318E-4
3.422467661796498E-4
3.418770534682486E-4
3.415081118779995E-4
3.4113993903388224E-4
3.407725325705369E-4
3.404058901322171E-4
3.4004000937274434E-4
3.3967488795544424E-4
3.393105235531221E-4
3.389469138479935E-4
3.385840565316512E-4
3.3822194930501577E-4
3.3786058987827935E-4
3.374999759708709E-4
3.371401053114072E-4
3.367809756376399E-4
3.364225846964206E-4
3.360649302436423E-4
3.3570801004421263E-4
3.3535182187198557E-4
3.3499636350974114E-4
3.3464163274912447E-4
3.342876273905985E-4
3.3393434524342747E-4
3.3358178412559264E-4
3.332299418637831E-4
3.3287881629334606E-4
3.3252840525821995E-4
3.321787066109279E-4
3.318297182125052E-4
3.3148143793247946E-4
3.311338636488175E-4
3.3078699324787323E-4
3.3044082462437555E-4
3.300953556813663E-4
3.297505843301539E-4
3.294065084902922E-4
3.290631260895283E-4
3.2872043506376443E-4
3.2837843335701736E-4
3.2803711892137854E-4
3.276964897169804E-4
3.273565437119491E-4
3.2701727888236997E-4
3.2667869321224233E-4
3.2634078469346385E-4
3.260035513257548E-4
3.2566699111664975E-4
3.253311020814549E-4
3.249958822431985E-4
3.2466132963260183E-4
3.243274422880408E-4
3.2399421825551086E-4
3.236616555885917E-4
3.2332975234840213E-4
3.2299850660357643E-4
3.2266791643021004E-4
3.2233797991184927E-4
3.2200869513942235E-4
3.2168006021124416E-4
3.21352073232939E-4
3.210247323174449E-4
3.2069803558494386E-4
3.2037198116285394E-4
3.2004656718578027E-4
3.197217917954795E-4
3.193976531408409E-4
3.190741493778339E-4
3.1875127866948103E-4
3.1842903918583964E-4
3.181074291039403E-4
3.177864466077711E-4
3.174660898882504E-4
3.1714635714317574E-4
3.1682724657720683E-4
3.1650875640182574E-4
3.161908848353069E-4
3.158736301026844E-4
3.155569904357184E-4
3.1524096407286895E-4
3.1492554925925594E-4
3.146107442466388E-4
3.1429654729337895E-4
3.1398295666439747E-4
3.1366997063117454E-4
3.1335758747168935E-4
3.130458054703973E-4
3.1273462291820807E-4
3.124240381124581E-4
3.1211404935685687E-4
3.1180465496148793E-4
3.1149585324275245E-4
3.111876425233634E-4
3.108800211322961E-4
3.105729874047714E-4
3.102665396822246E-4
3.099606763122729E-4
3.096553956486889E-4
3.093506960513721E-4
3.090465758863219E-4
3.087430335256091E-4
3.084400673473457E-4
3.0813767573565823E-4
3.078358570806621E-4
3.07534609778431E-4
3.0723393223096844E-4
3.0693382284618616E-4
3.0663428003787344E-4
3.063353022256668E-4
3.0603688783503063E-4
3.0573903529722475E-4
3.0544174304928035E-4
3.051450095339748E-4
3.0484883319979906E-4
3.0455321250093915E-4
3.042581458972513E-4
3.0396363185422105E-4
3.0366966884296323E-4
3.033762553401644E-4
3.030833898280956E-4
3.027910707945487E-4
3.0249929673283656E-4
3.02208066141767E-4
3.019173775255967E-4
3.0162722939403085E-4
3.013376202621915E-4
3.010485486505822E-4
3.0076001308507975E-4
3.0047201209689817E-4
3.001845442225674E-4
2.9989760800391824E-4
2.996112019880489E-4
2.9932532472729553E-4
2.990399747792253E-4
2.9875515070660447E-4
2.984708510773733E-4
2.981870744646227E-4
2.9790381944657437E-4
2.9762108460656094E-4
2.973388685329932E-4
2.970571698193479E-4
2.967759870641393E-4
2.9649531887089407E-4
2.962151638481398E-4
2.959355206093742E-4
2.956563877730408E-4
2.9537776396251433E-4
2.950996478060759E-4
2.9482203793689026E-4
2.9454493299298104E-4
2.9426833161722254E-4
2.9399223245729937E-4
2.9371663416570407E-4
2.934415353996924E-4
2.931669348212958E-4
2.928928310972638E-4
2.926192228990701E-4
2.9234610890288055E-4
2.9207348778953804E-4
2.91801358244524E-4
2.915297189579705E-4
2.912585686246146E-4
2.9098790594377956E-4
2.9071772961937286E-4
2.9044803835983994E-4
2.9017883087817343E-4
2.8991010589186374E-4
2.896418621229048E-4
2.8937409829775574E-4
2.891068131473413E-4
2.8884000540700406E-4
2.8857367381651515E-4
2.883078171200353E-4
2.880424340661092E-4
2.8777752340763014E-4
2.875130839018321E-4
2.872491143102766E-4
2.869856133988265E-4
2.8672257993761236E-4
2.8646001270105304E-4
2.8619791046779455E-4
2.8593627202072195E-4
2.856750961469225E-4
2.854143816376825E-4
2.851541272884604E-4
2.8489433189886695E-4
2.846349942726523E-4
2.843761132176874E-4
2.8411768754594966E-4
2.838597160734961E-4
2.8360219762045287E-4
2.8334513101099877E-4
2.8308851507334674E-4
2.8283234863971465E-4
2.8257663054633876E-4
2.8232135963342204E-4
2.820665347451343E-4
2.8181215472959897E-4
2.815582184388635E-4
2.8130472472889974E-4
2.8105167245957147E-4
2.8079906049461673E-4
2.805468877016558E-4
2.802951529521392E-4
2.8004385512136917E-4
2.797929930884501E-4
2.7954256573628884E-4
2.7929257195157995E-4
2.790430106247883E-4
2.787938806501246E-4
2.7854518092554353E-4
2.7829691035271165E-4
2.78049067837011E-4
2.778016522875039E-4
2.775546626169385E-4
2.77308097741719E-4
2.770619565818788E-4
2.7681623806109817E-4
2.7657094110666565E-4
2.763260646494635E-4
2.760816076239601E-4
2.758375689681923E-4
2.755939476237564E-4
2.753507425357743E-4
2.751079526529057E-4
2.748655769273125E-4
2.746236143146481E-4
2.7438206377405693E-4
2.741409242681429E-4
2.7390019476296166E-4
2.736598742280051E-4
2.73419961636194E-4
2.731804559638468E-4
2.729413561906958E-4
2.727026612998398E-4
2.7246437027774465E-4
2.722264821142375E-4
2.7198899580247723E-4
2.717519103389559E-4
2.715152247234699E-4
2.712789379591168E-4
2.7104304905228833E-4
2.7080755701263607E-4
2.7057246085307327E-4
2.7033775958975725E-4
2.7010345224208335E-4
2.69869537832655E-4
2.696360153872901E-4
2.694028839349957E-4
2.6917014250795194E-4
2.68937790141517E-4
2.687058258741987E-4
2.6847424874763836E-4
2.6824305780660937E-4
2.680122520990033E-4
2.6778183067581484E-4
2.675517925911222E-4
2.6732213690208934E-4
2.6709286266893815E-4
2.66863968954947E-4
2.6663545482643274E-4
2.664073193527444E-4
2.661795616062446E-4
2.6595218066229786E-4
2.657251755992593E-4
2.654985454984697E-4
2.652722894442386E-4
2.65046406523815E-4
2.6482089582741743E-4
2.6459575644817467E-4
2.6437098748214905E-4
2.641465880282995E-4
2.639225571884967E-4
2.636988940674902E-4
2.634755977728964E-4
2.632526674152081E-4
2.630301021077575E-4
2.6280790096672293E-4
2.6258606311110915E-4
2.623645876627396E-4
2.621434737462436E-4
2.619227204890405E-4
2.617023270213427E-4
2.6148229247612345E-4
2.6126261598912647E-4
2.6104329669885106E-4
2.6082433374652244E-4
2.6060572627610514E-4
2.603874734342763E-4
2.601695743704276E-4
2.599520282366455E-4
2.597348341876979E-4
2.595179913810324E-4
2.5930149897675827E-4
2.590853561376496E-4
2.5886956202911206E-4
2.58654115819191E-4
2.584390166785601E-4
2.582242637804996E-4
2.580098563008942E-4
2.5779579341822013E-4
2.575820743135446E-4
2.5736869817049945E-4
2.571556641752789E-4
2.5694297151663593E-4
2.5673061938586176E-4
2.5651860697677934E-4
2.563069334857366E-4
2.5609559811160047E-4
2.558846000557294E-4
2.5567393852198413E-4
2.554636127167085E-4
2.552536218487193E-4
2.5504396512929413E-4
2.5483464177217756E-4
2.546256509935415E-4
2.5441699201201093E-4
2.5420866404863364E-4
2.5400066632686905E-4
2.537929980725911E-4
2.5358565851406995E-4
2.533786468819617E-4
2.5317196240931826E-4
2.5296560433153806E-4
2.5275957188639975E-4
2.525538643140394E-4
2.5234848085691614E-4
2.5214342075984204E-4
2.519386832699516E-4
2.5173426763668987E-4
2.515301731118258E-4
2.513263989494056E-4
2.5112294440578296E-4
2.50919808739595E-4
2.5071699121173677E-4
2.505144910853826E-4
2.5031230762595784E-4
2.5011044010113517E-4
2.499088877808259E-4
2.4970764993717157E-4
2.495067258445403E-4
2.493061147795068E-4
2.491058160208538E-4
2.489058288495608E-4
2.487061525488017E-4
2.4850678640391915E-4
2.4830772970243624E-4
2.4810898173404175E-4
2.479105417905644E-4
2.47712409166005E-4
2.4751458315647976E-4
2.473170630602558E-4
2.4711984817771005E-4
2.469229378113398E-4
2.4672633126574943E-4
2.465300278476451E-4
2.4633402686582235E-4
2.4613832763115985E-4
2.45942929456609E-4
2.4574783165719986E-4
2.455530335500119E-4
2.4535853445418186E-4
2.4516433369089493E-4
2.449704305833659E-4
2.447768244568486E-4
2.4458351463861345E-4
2.4439050045793826E-4
2.4419778124613043E-4
2.440053563364746E-4
2.4381322506425752E-4
2.4362138676674582E-4
2.4342984078319494E-4
2.4323858645482156E-4
2.4304762312480418E-4
2.4285695013828308E-4
2.4266656684233845E-4
2.424764725860023E-4
2.4228666672023239E-4
2.4209714859791976E-4
2.4190791757386663E-4
2.4171897300479848E-4
2.415303142493386E-4
2.4134194066801191E-4
2.4115385162323393E-4
2.4096604647930961E-4
2.4077852460241506E-4
2.4059128536059994E-4
2.404043281237763E-4
2.4021765226371887E-4
2.4003125715405053E-4
2.398451421702329E-4
2.396593066895689E-4
2.3947375009119473E-4
2.392884717560594E-4
2.3910347106693975E-4
2.3891874740841838E-4
2.387343001668845E-4
2.3855012873051553E-4
2.383662324892919E-4
2.3818261083496698E-4
2.3799926316108214E-4
2.3781618886293697E-4
2.3763338733760942E-4
2.3745085798392872E-4
2.3726860020246936E-4
2.3708661339556686E-4
2.369048969672831E-4
2.36723450323416E-4
2.3654227287149746E-4
2.3636136402076816E-4
2.3618072318219117E-4
2.3600034976843583E-4
2.3582024319387146E-4
2.3564040287456063E-4
2.3546082822826643E-4
2.3528151867442063E-4
2.3510247363414704E-4
2.3492369253023097E-4
2.347451747871238E-4
2.3456691983094244E-4
2.3438892708945534E-4
2.3421119599207306E-4
2.3403372596985365E-4
2.3385651645549155E-4
2.3367956688330477E-4
2.3350287668924351E-4
2.333264453108708E-4
2.3315027218736661E-4
2.3297435675951163E-4
2.3279869846969822E-4
2.3262329676190143E-4
2.3244815108169585E-4
2.3227326087623263E-4
2.3209862559424844E-4
2.319242446860511E-4
2.3175011760351205E-4
2.315762438000684E-4
2.314026227307144E-4
2.312292538519899E-4
2.3105613662198382E-4
2.308832705003284E-4
2.3071065494817655E-4
2.305382894282294E-4
2.3036617340469677E-4
2.301943063433104E-4
2.3002268771132203E-4
2.2985131697748182E-4
2.2968019361204215E-4
2.2950931708676407E-4
2.2933868687488877E-4
2.2916830245114163E-4
2.2899816329174152E-4
2.2882826887437455E-4
2.2865861867819848E-4
2.2848921218383996E-4
2.2832004887338376E-4
2.281511282303672E-4
2.2798244973979114E-4
2.278140128880862E-4
2.2764581716312797E-4
2.274778620542291E-4
2.2731014705213579E-4
2.271426716490137E-4
2.2697543533845547E-4
2.2680843761545665E-4
2.266416779764379E-4
2.2647515591921722E-4
2.2630887094301523E-4
2.261428225484473E-4
2.2597701023752622E-4
2.2581143351363718E-4
2.2564609188156266E-4
2.2548098484745344E-4
2.2531611191883174E-4
2.2515147260458574E-4
2.2498706641497335E-4
2.2482289286160313E-4
2.2465895145744352E-4
2.2449524171680305E-4
2.2433176315533773E-4
2.2416851529004323E-4
2.2400549763925456E-4
2.238427097226235E-4
2.2368015106114393E-4
2.2351782117711644E-4
2.2335571959416448E-4
2.2319384583722692E-4
2.2303219943253845E-4
2.2287077990765068E-4
2.2270958679140244E-4
2.2254861961392886E-4
2.2238787790666219E-4
2.222273612023084E-4
2.2206706903486433E-4
2.219070009395986E-4
2.2174715645304754E-4
2.2158753511302543E-4
2.2142813645860003E-4
2.212689600301069E-4
2.211100053691269E-4
2.2095127201850076E-4
2.2079275952230755E-4
2.2063446742587976E-4
2.204763952757732E-4
2.2031854261978732E-4
2.2016090900695064E-4
2.2000349398750883E-4
2.1984629711294318E-4
2.1968931793593657E-4
2.1953255601039748E-4
2.1937601089143337E-4
2.1921968213536503E-4
2.1906356929971086E-4
2.1890767194318096E-4
2.1875198962568863E-4
2.1859652190832569E-4
2.184412683533754E-4
2.1828622852429605E-4
2.181314019857304E-4
2.1797678830349246E-4
2.178223870445544E-4
2.176681977770679E-4
2.175142200703345E-4
2.1736045349482605E-4
2.1720689762215126E-4
2.1705355202508313E-4
2.1690041627753275E-4
2.1674748995454974E-4
2.1659477263233473E-4
2.1644226388820768E-4
2.1628996330063296E-4
2.1613787044918816E-4
2.1598598491458308E-4
2.158343062786451E-4
2.1568283412431378E-4
2.1553156803564834E-4
2.1538050759780487E-4
2.1522965239705413E-4
2.1507900202075964E-4
2.1492855605739403E-4
2.147783140965074E-4
2.1462827572875097E-4
2.144784405458631E-4
2.143288081406544E-4
2.1417937810702952E-4
2.140301500399549E-4
2.1388112353548124E-4
2.1373229819071862E-4
2.1358367360384216E-4
2.1343524937410027E-4
2.1328702510178268E-4
2.1313900038824387E-4
2.1299117483589445E-4
2.1284354804818157E-4
2.1269611962959818E-4
2.125488891856859E-4
2.1240185632302147E-4
2.1225502064920355E-4
2.121083817728833E-4
2.119619393037191E-4
2.1181569285240416E-4
2.1166964203065124E-4
2.1152378645118754E-4
2.1137812572775586E-4
2.112326594751093E-4
2.1108738730900788E-4
2.1094230884621866E-4
2.1079742370450636E-4
2.1065273150263546E-4
2.1050823186036222E-4
2.1036392439843674E-4
2.102198087385979E-4
2.1007588450356224E-4
2.099321513170358E-4
2.097886088037027E-4
2.096452565892202E-4
2.0950209430021307E-4
2.093591215642817E-4
2.092163380099914E-4
2.0907374326686849E-4
2.0893133696539825E-4
2.0878911873702314E-4
2.08647088214139E-4
2.0850524503009566E-4
2.0836358881918353E-4
2.0822211921664186E-4
2.0808083585865272E-4
2.0793973838233173E-4
2.077988264257298E-4
2.0765809962783655E-4
2.075175576285636E-4
2.0737720006875352E-4
2.0723702659016806E-4
2.070970368354936E-4
2.0695723044833104E-4
2.0681760707319654E-4
2.066781663555188E-4
2.0653890794163193E-4
2.0639983147878552E-4
2.0626093661511562E-4
2.0612222299966947E-4
2.0598369028239534E-4
2.0584533811412626E-4
2.0570716614658804E-4
2.055691740324009E-4
2.0543136142506713E-4
2.0529372797896945E-4
2.0515627334937865E-4
2.0501899719243578E-4
2.0488189916515422E-4
2.0474497892543212E-4
2.0460823613202184E-4
2.044716704445531E-4
2.043352815235089E-4
2.0419906903024752E-4
2.0406303262697208E-4
2.0392717197674577E-4
2.0379148674348407E-4
2.036559765919603E-4
2.0352064118778129E-4
2.0338548019740933E-4
2.0325049328814347E-4
2.031156801281254E-4
2.029810403863311E-4
2.028465737325734E-4
2.0271227983749624E-4
2.025781583725696E-4
2.0244420901009596E-4
2.0231043142319012E-4
2.0217682528580778E-4
2.0204339027270088E-4
2.019101260594527E-4
2.0177703232245232E-4
2.016441087389052E-4
2.0151135498682607E-4
2.013787707450257E-4
2.0124635569313123E-4
2.0111410951156164E-4
2.0098203188154316E-4
2.0085012248508496E-4
2.0071838100500252E-4
2.0058680712489786E-4
2.0045540052915925E-4
2.0032416090295875E-4
2.0019308793226825E-4
2.00062181303819E-4
1.999314407051353E-4
1.9980086582451452E-4
1.9967045635102768E-4
1.9954021197451466E-4
1.9941013238558957E-4
1.992802172756372E-4
1.9915046633679144E-4
1.9902087926196687E-4
1.988914557448241E-4
1.9876219547978707E-4
1.9863309816203775E-4
1.9850416348750731E-4
1.983753911528796E-4
1.9824678085557994E-4
1.9811833229378743E-4
1.9799004516642384E-4
1.9786191917315273E-4
1.9773395401437134E-4
1.976061493912205E-4
1.9747850500557028E-4
1.9735102056002852E-4
1.9722369575792773E-4
1.970965303033344E-4
1.969695239010351E-4
1.9684267625654338E-4
1.967159870760932E-4
1.965894560666367E-4
1.964630829358465E-4
1.963368673921027E-4
1.962108091445041E-4
1.9608490790286155E-4
1.9595916337768857E-4
1.958335752802043E-4
1.957081433223401E-4
1.9558286721671825E-4
1.954577466766727E-4
1.9533278141622404E-4
1.9520797115009407E-4
1.9508331559369392E-4
1.9495881446313524E-4
1.9483446747520694E-4
1.9471027434739185E-4
1.9458623479785874E-4
1.944623485454562E-4
1.9433861530971307E-4
1.942150348108374E-4
1.9409160676971902E-4
1.9396833090791837E-4
1.9384520694767078E-4
1.9372223461187253E-4
1.9359941362410665E-4
1.934767437086101E-4
1.9335422459028332E-4
1.93231855994699E-4
1.9310963764808162E-4
1.929875692773187E-4
1.9286565060995693E-4
1.9274388137419167E-4
1.9262226129887407E-4
1.9250079011350792E-4
1.9237946754824636E-4
1.922582933338828E-4
1.9213726720186412E-4
1.920163888842778E-4
1.9189565811384955E-4
1.9177507462394728E-4
1.9165463814857584E-4
1.9153434842237308E-4
1.9141420518061557E-4
1.9129420815921098E-4
1.9117435709469426E-4
1.9105465172422625E-4
1.9093509178559975E-4
1.9081567701722537E-4
1.9069640715814383E-4
1.9057728194801237E-4
1.9045830112710474E-4
1.9033946443631794E-4
1.9022077161715825E-4
1.901022224117443E-4
1.8998381656281749E-4
1.898655538137133E-4
1.897474339083877E-4
1.896294565913944E-4
1.895116216078958E-4
1.8939392870365924E-4
1.8927637762504587E-4
1.891589681190222E-4
1.890416999331474E-4
1.8892457281557905E-4
1.8880758651506962E-4
1.886907407809574E-4
1.8857403536318208E-4
1.8845747001226102E-4
1.8834104447930277E-4
1.882247585159998E-4
1.8810861187463365E-4
1.87992604308059E-4
1.8787673556971274E-4
1.8776100541362188E-4
1.876454135943712E-4
1.8752995986713104E-4
1.8741464398764425E-4
1.87299465712228E-4
1.8718442479776298E-4
1.870695210016992E-4
1.8695475408205743E-4
1.8684012379742266E-4
1.8672562990694152E-4
1.8661127217031997E-4
1.864970503478316E-4
1.8638296420030105E-4
1.8626901348911277E-4
1.8615519797620503E-4
1.8604151742407352E-4
1.859279715957636E-4
1.8581456025487005E-4
1.8570128316553573E-4
1.8558814009245772E-4
1.8547513080086533E-4
1.8536225505654682E-4
1.8524951262582483E-4
1.8513690327556342E-4
1.8502442677316856E-4
1.849120828865824E-4
1.8479987138428342E-4
1.8468779203528732E-4
1.845758446091385E-4
1.844640288759175E-4
1.8435234460623123E-4
1.8424079157121947E-4
1.8412936954254484E-4
1.8401807829239902E-4
1.8390691759349645E-4
1.837958872190731E-4
1.8368498694289195E-4
1.835742165392264E-4
1.8346357578287318E-4
1.8335306444914622E-4
1.8324268231387336E-4
1.8313242915339554E-4
1.8302230474457175E-4
1.829123088647611E-4
1.828024412918419E-4
1.826927018041958E-4
1.825830901807079E-4
1.8247360620077854E-4
1.823642496443019E-4
1.8225502029167875E-4
1.8214591792380789E-4
1.820369423220905E-4
1.8192809326842517E-4
1.818193705452063E-4
1.8171077393532074E-4
1.8160230322215466E-4
1.8149395818958154E-4
1.8138573862196911E-4
1.8127764430417195E-4
1.8116967502153643E-4
1.8106183055989218E-4
1.8095411070555536E-4
1.8084651524532597E-4
1.8073904396648843E-4
1.8063169665680744E-4
1.8052447310452745E-4
1.8041737309836686E-4
1.8031039642752846E-4
1.8020354288169238E-4
1.8009681225100526E-4
1.799902043260913E-4
1.7988371889804703E-4
1.7977735575843941E-4
1.7967111469930716E-4
1.7956499551314753E-4
1.7945899799293722E-4
1.7935312193210828E-4
1.7924736712455949E-4
1.791417333646556E-4
1.7903622044722415E-4
1.7893082816754403E-4
1.7882555632136216E-4
1.7872040470487763E-4
1.7861537311474678E-4
1.7851046134808538E-4
1.7840566920245598E-4
1.7830099647588013E-4
1.7819644296682445E-4
1.7809200847420983E-4
1.779876927974084E-4
1.7788349573623496E-4
1.7777941709094894E-4
1.7767545666226323E-4
1.775716142513248E-4
1.7746788965972943E-4
1.7736428268951292E-4
1.772607931431525E-4
1.7715742082355967E-4
1.770541655340864E-4
1.7695102707852712E-4
1.7684800526110038E-4
1.7674509988646516E-4
1.7664231075971507E-4
1.7653963768637292E-4
1.7643708047238734E-4
1.7633463892414856E-4
1.7623231284846238E-4
1.7613010205257023E-4
1.760280063441322E-4
1.759260255312387E-4
1.758241594224003E-4
1.7572240782655368E-4
1.7562077055305173E-4
1.755192474116705E-4
1.754178382126064E-4
1.7531654276646693E-4
1.7521536088428643E-4
1.751142923775047E-4
1.7501333705797822E-4
1.7491249473798243E-4
1.748117652301997E-4
1.7471114834772123E-4
1.746106439040581E-4
1.7451025171311615E-4
1.7440997158922142E-4
1.743098033470937E-4
1.7420974680186857E-4
1.7410980176908473E-4
1.7400996806468124E-4
1.7391024550499445E-4
1.7381063390677193E-4
1.7371113308715344E-4
1.7361174286368195E-4
1.735124630542952E-4
1.7341329347732838E-4
1.7331423395151207E-4
1.732152842959722E-4
1.7311644433022768E-4
1.730177138741902E-4
1.7291909274816177E-4
1.7282058077283354E-4
1.7272217776928927E-4
1.7262388355899735E-4
1.7252569796381438E-4
1.724276208059846E-4
1.7232965190813813E-4
1.7223179109328307E-4
1.7213403818481526E-4
1.720363930065137E-4
1.7193885538253068E-4
1.7184142513740827E-4
1.7174410209606168E-4
1.7164688608378416E-4
1.7154977692624958E-4
1.7145277444949954E-4
1.7135587847995665E-4
1.7125908884441966E-4
1.7116240537005324E-4
1.71065827884398E-4
1.709693562153608E-4
1.70872990191229E-4
1.7077672964064695E-4
1.7068057439263105E-4
1.7058452427656654E-4
1.704885791221988E-4
1.703927387596478E-4
1.7029700301938978E-4
1.7020137173226393E-4
1.701058447294756E-4
1.700104218425847E-4
1.6991510290352322E-4
1.6981988774456558E-4
1.697247761983584E-4
1.6962976809789992E-4
1.695348632765446E-4
1.6944006156799902E-4
1.6934536280632955E-4
1.692507668259545E-4
1.6915627346164702E-4
1.6906188254852314E-4
1.6896759392205564E-4
1.6887340741807122E-4
1.6877932287273742E-4
1.6868534012257292E-4
1.6859145900444383E-4
1.6849767935555842E-4
1.6840400101347978E-4
1.683104238161017E-4
1.6821694760167218E-4
1.6812357220877776E-4
1.68030297476342E-4
1.6793712324363942E-4
1.6784404935027268E-4
1.6775107563619119E-4
1.6765820194168036E-4
1.6756542810736163E-4
1.674727539741873E-4
1.673801793834581E-4
1.6728770417679897E-4
1.6719532819616716E-4
1.6710305128386156E-4
1.6701087328250278E-4
1.669187940350482E-4
1.668268133847855E-4
1.6673493117532677E-4
1.6664314725061986E-4
1.6655146145492852E-4
1.6645987363285824E-4
1.6636838362932947E-4
1.6627699128958823E-4
1.6618569645920604E-4
1.6609449898408133E-4
1.6600339871043103E-4
1.6591239548479017E-4
1.658214891540221E-4
1.6573067956530648E-4
1.656399665661407E-4
1.655493500043419E-4
1.654588297280419E-4
1.6536840558569566E-4
1.6527807742606492E-4
1.6518784509823452E-4
1.6509770845159633E-4
1.6500766733585682E-4
1.649177216010443E-4
1.648278710974875E-4
1.647381156758271E-4
1.6464845518702047E-4
1.6455888948232827E-4
1.6446941841332034E-4
1.6438004183187818E-4
1.642907595901841E-4
1.6420157154073414E-4
1.6411247753631852E-4
1.640234774300445E-4
1.6393457107531369E-4
1.6384575832583548E-4
1.6375703903561916E-4
1.636684130589753E-4
1.6357988025051556E-4
1.6349144046515506E-4
1.6340309355810019E-4
1.6331483938486453E-4
1.632266778012522E-4
1.631386086633652E-4
1.6305063182760408E-4
1.6296274715066363E-4
1.6287495448953274E-4
1.627872537014931E-4
1.6269964464412132E-4
1.6261212717528673E-4
1.6252470115314693E-4
1.6243736643615277E-4
1.623501228830442E-4
1.6226297035285068E-4
1.6217590870488749E-4
1.6208893779876623E-4
1.6200205749437597E-4
1.61915267651896E-4
1.6182856813179018E-4
1.617419587948089E-4
1.6165543950198672E-4
1.6156901011463927E-4
1.6148267049436794E-4
1.613964205030538E-4
1.6131026000285986E-4
1.612241888562311E-4
1.6113820692588868E-4
1.6105231407483752E-4
1.6096651016635848E-4
1.6088079506400686E-4
1.6079516863162264E-4
1.607096307333176E-4
1.606241812334769E-4
1.6053881999676594E-4
1.604535468881223E-4
1.6036836177275277E-4
1.6028326451614707E-4
1.601982549840534E-4
1.6011333304250235E-4
1.6002849855779438E-4
1.5994375139649554E-4
1.5985909142544142E-4
1.5977451851174087E-4
1.596900325227679E-4
1.5960563332616514E-4
1.595213207898365E-4
1.5943709478196384E-4
1.5935295517098373E-4
1.5926890182559874E-4
1.5918493461478033E-4
1.5910105340776273E-4
1.590172580740379E-4
1.5893354848336175E-4
1.588499245057583E-4
1.5876638601150422E-4
1.5868293287113938E-4
1.585995649554635E-4
1.5851628213553372E-4
1.5843308428266858E-4
1.5834997126843806E-4
1.5826694296467784E-4
1.5818399924347312E-4
1.5810113997716417E-4
1.5801836503834984E-4
1.5793567429988866E-4
1.5785306763487454E-4
1.577705449166771E-4
1.576881060189024E-4
1.5760575081541817E-4
1.5752347918033673E-4
1.5744129098802157E-4
1.5735918611309196E-4
1.5727716443040887E-4
1.5719522581508823E-4
1.571133701424916E-4
1.5703159728822788E-4
1.569499071281508E-4
1.5686829953836663E-4
1.5678677439522195E-4
1.5670533157531079E-4
1.566239709554696E-4
1.5654269241277948E-4
1.5646149582456895E-4
1.563803810684024E-4
1.562993480220906E-4
1.5621839656368447E-4
1.5613752657147654E-4
1.5605673792400132E-4
1.5597603050002647E-4
1.5589540417856719E-4
1.558148588388732E-4
1.5573439436043188E-4
1.5565401062296488E-4
1.555737075064417E-4
1.5549348489105687E-4
1.554133426572426E-4
1.5533328068567084E-4
1.5525329885724144E-4
1.55173397053098E-4
1.55093575154606E-4
1.550138330433709E-4
1.5493417060123056E-4
1.5485458771024918E-4
1.547750842527243E-4
1.5469566011119124E-4
1.5461631516840217E-4
1.5453704930735085E-4
1.544578624112519E-4
1.5437875436355124E-4
1.5429972504792293E-4
1.5422077434826425E-4
1.541419021487086E-4
1.540631083336027E-4
1.539843927875288E-4
1.5390575539529064E-4
1.5382719604191365E-4
1.5374871461265328E-4
1.536703109929837E-4
1.5359198506860211E-4
1.535137367254295E-4
1.5343556584960767E-4
1.533574723274995E-4
1.5327945604569232E-4
1.532015168909857E-4
1.5312365475040512E-4
1.530458695111962E-4
1.529681610608161E-4
1.5289052928694336E-4
1.528129740774786E-4
1.5273549532053544E-4
1.52658092904443E-4
1.5258076671774719E-4
1.5250351664920683E-4
1.5242634258780393E-4
1.523492444227234E-4
1.5227222204337656E-4
1.5219527533937374E-4
1.5211840420055242E-4
1.5204160851695203E-4
1.5196488817882718E-4
1.5188824307664592E-4
1.5181167310108188E-4
1.5173517814302703E-4
1.5165875809357692E-4
1.515824128440357E-4
1.515061422859206E-4
1.5142994631095512E-4
1.5135382481106725E-4
1.5127777767840085E-4
1.5120180480529343E-4
1.5112590608430492E-4
1.5105008140818682E-4
1.5097433066990566E-4
1.508986537626254E-4
1.5082305057971873E-4
1.5074752101476352E-4
1.5067206496153935E-4
1.5059668231402464E-4
1.505213729664063E-4
1.5044613681306876E-4
1.5037097374860016E-4
1.5029588366779017E-4
1.5022086646562753E-4
1.5014592203730322E-4
1.500710502782031E-4
1.4999625108391487E-4
1.499215243502289E-4
1.498468699731247E-4
1.4977228784878688E-4
1.4969777787359425E-4
1.4962333994412568E-4
1.4954897395715177E-4
1.494746798096369E-4
1.4940045739875044E-4
1.49326306621847E-4
1.4925222737648114E-4
1.4917821956039816E-4
1.4910428307154125E-4
1.490304178080384E-4
1.4895662366822164E-4
1.4888290055060496E-4
1.4880924835389934E-4
1.4873566697700685E-4
1.486621563190162E-4
1.4858871627921236E-4
1.485153467570673E-4
1.4844204765223937E-4
1.4836881886458398E-4
1.4829566029413523E-4
1.48222571841123E-4
1.4814955340596188E-4
1.480766048892507E-4
1.4800372619178367E-4
1.4793091721453374E-4
1.4785817785866053E-4
1.4778550802551168E-4
1.47712907616619E-4
1.476403765336975E-4
1.4756791467865186E-4
1.4749552195356358E-4
1.4742319826069724E-4
1.4735094350250903E-4
1.472787575816304E-4
1.472066404008721E-4
1.4713459186323522E-4
1.4706261187189706E-4
1.4699070033021702E-4
1.4691885714173447E-4
1.4684708221016218E-4
1.4677537543940797E-4
1.467037367335438E-4
1.4663216599682878E-4
1.465606631336972E-4
1.464892280487624E-4
1.4641786064681012E-4
1.4634656083281156E-4
1.4627532851191268E-4
1.4620416358942815E-4
1.4613306597085872E-4
1.460620355618718E-4
1.4599107226831502E-4
1.4592017599621138E-4
1.4584934665175467E-4
1.4577858414131203E-4
1.4570788837142806E-4
1.4563725924881992E-4
1.4556669668037146E-4
1.4549620057314607E-4
1.4542577083437544E-4
1.453554073714609E-4
1.4528511009197792E-4
1.45214878903673E-4
1.451447137144624E-4
1.4507461443242998E-4
1.450045809658297E-4
1.4493461322308558E-4
1.4486471111279273E-4
1.447948745437092E-4
1.4472510342476415E-4
1.4465539766505455E-4
1.4458575717384337E-4
1.4451618186056526E-4
1.4444667163480897E-4
1.443772264063405E-4
1.4430784608508945E-4
1.4423853058114874E-4
1.441692798047767E-4
1.4410009366639824E-4
1.4403097207659434E-4
1.4396191494612094E-4
1.4389292218589344E-4
1.4382399370698343E-4
1.437551294206327E-4
1.436863292382447E-4
1.4361759307138336E-4
1.4354892083177367E-4
1.434803124313006E-4
1.4341176778201646E-4
1.4334328679612197E-4
1.4327486938599075E-4
1.4320651546414736E-4
1.4313822494328024E-4
1.4306999773623468E-4
1.4300183375601328E-4
1.4293373291578262E-4
1.428656951288621E-4
1.4279772030872787E-4
1.4272980836901641E-4
1.4266195922352188E-4
1.425941727861899E-4
1.425264489711292E-4
1.4245878769259527E-4
1.4239118886500877E-4
1.4232365240293522E-4
1.4225617822110948E-4
1.421887662344017E-4
1.4212141635785335E-4
1.4205412850664808E-4
1.4198690259612868E-4
1.4191973854179012E-4
1.4185263625927675E-4
1.4178559566439223E-4
1.4171861667308238E-4
1.4165169920145375E-4
1.4158484316575842E-4
1.4151804848240175E-4
1.4145131506793798E-4
1.4138464283907604E-4
1.4131803171266944E-4
1.4125148160572316E-4
1.4118499243539077E-4
1.4111856411898097E-4
1.4105219657394025E-4
1.409858897178706E-4
1.4091964346852045E-4
1.4085345774378743E-4
1.407873324617099E-4
1.407212675404837E-4
1.4065526289844092E-4
1.4058931845406479E-4
1.4052343412599016E-4
1.404576098329821E-4
1.403918454939677E-4
1.4032614102800682E-4
1.402604963543136E-4
1.4019491139224014E-4
1.401293860612794E-4
1.4006392028108168E-4
1.3999851397142492E-4
1.3993316705224017E-4
1.398678794435956E-4
1.398026510657041E-4
1.397374818389268E-4
1.3967237168375552E-4
1.3960732052082893E-4
1.3954232827092654E-4
1.3947739485497152E-4
1.3941252019402308E-4
1.393477042092807E-4
1.3928294682209117E-4
1.3921824795392744E-4
1.3915360752641593E-4
1.3908902546131137E-4
1.390245016805173E-4
1.389600361060625E-4
1.3889562866012793E-4
1.3883127926502057E-4
1.387669878431939E-4
1.3870275431723139E-4
1.3863857860985882E-4
1.3857446064393565E-4
1.3851040034245748E-4
1.3844639762855792E-4
1.383824524255056E-4
1.3831856465669977E-4
1.382547342456844E-4
1.3819096111612788E-4
1.3812724519184045E-4
1.380635863967653E-4
1.3799998465497453E-4
1.3793643989068157E-4
1.3787295202822702E-4
1.378095209920856E-4
1.377461467068688E-4
1.3768282909731546E-4
1.3761956808829706E-4
1.375563636048209E-4
1.3749321557202326E-4
1.374301239151705E-4
1.3736708855966457E-4
1.3730410943103052E-4
1.3724118645492986E-4
1.371783195571545E-4
1.3711550866362206E-4
1.3705275370038599E-4
1.3699005459361747E-4
1.3692741126963137E-4
1.3686482365485745E-4
1.3680229167587017E-4
1.367398152593533E-4
1.3667739433213263E-4
1.3661502882115418E-4
1.3655271865349873E-4
1.364904637563628E-4
1.3642826405707985E-4
1.3636611948310707E-4
1.363040299620248E-4
1.362419954215431E-4
1.3618001578949307E-4
1.361180909938381E-4
1.3605622096266298E-4
1.3599440562417415E-4
1.359326449067092E-4
1.3587093873872218E-4
1.3580928704880205E-4
1.3574768976564833E-4
1.3568614681809781E-4
1.356246581350985E-4
1.3556322364573136E-4
1.355018432791907E-4
1.3544051696480125E-4
1.3537924463200577E-4
1.3531802621036943E-4
1.3525686162958002E-4
1.351957508194474E-4
1.351346937098978E-4
1.350736902309881E-4
1.350127403128844E-4
1.3495184388588081E-4
1.3489100088039064E-4
1.3483021122694263E-4
1.3476947485619036E-4
1.3470879169890398E-4
1.3464816168597363E-4
1.3458758474840882E-4
1.3452706081733495E-4
1.3446658982400143E-4
1.3440617169976782E-4
1.3434580637611908E-4
1.3428549378465164E-4
1.3422523385708227E-4
1.3416502652524912E-4
1.3410487172109943E-4
1.3404476937669733E-4
1.3398471942423156E-4
1.3392472179599925E-4
1.3386477642441367E-4
1.3380488324200884E-4
1.3374504218142898E-4
1.3368525317543743E-4
1.336255161569097E-4
1.335658310588344E-4
1.3350619781431802E-4
1.3344661635658338E-4
1.3338708661895794E-4
1.33327608534893E-4
1.3326818203794602E-4
1.3320880706179083E-4
1.3314948354021646E-4
1.3309021140711814E-4
1.330309905965115E-4
1.3297182104251567E-4
1.3291270267936855E-4
1.3285363544141788E-4
1.3279461926311926E-4
1.327356540790485E-4
1.32676739823883E-4
1.3261787643241362E-4
1.3255906383954504E-4
1.3250030198029038E-4
1.324415907897699E-4
1.3238293020322056E-4
1.3232432015597916E-4
1.3226576058350417E-4
1.3220725142135E-4
1.3214879260518893E-4
1.3209038407080035E-4
1.3203202575407286E-4
1.319737175909983E-4
1.3191545951768096E-4
1.3185725147033363E-4
1.3179909338527178E-4
1.3174098519892687E-4
1.3168292684782604E-4
1.3162491826861186E-4
1.3156695939803273E-4
1.3150905017293824E-4
1.314511905302907E-4
1.3139338040715466E-4
1.3133561974070052E-4
1.3127790846820668E-4
1.312202465270514E-4
1.3116263385472794E-4
1.3110507038882296E-4
1.3104755606703475E-4
1.309900908271655E-4
1.3093267460711962E-4
1.3087530734490638E-4
1.3081798897864226E-4
1.3076071944654019E-4
1.3070349868692365E-4
1.3064632663820972E-4
1.3058920323893145E-4
1.30532128427717E-4
1.304751021432968E-4
1.3041812432450285E-4
1.303611949102745E-4
1.3030431383964528E-4
1.3024748105176112E-4
1.3019069648585803E-4
1.3013396008127985E-4
1.3007727177747046E-4
1.3002063151397076E-4
1.2996403923042952E-4
1.2990749486659127E-4
1.2985099836230015E-4
1.2979454965750178E-4
1.2973814869224237E-4
1.2968179540666394E-4
1.2962548974101333E-4
1.2956923163563153E-4
1.2951302103096532E-4
1.294568578675491E-4
1.2940074208602596E-4
1.2934467362713518E-4
1.2928865243171266E-4
1.292326784406901E-4
1.291767515951E-4
1.29120871836073E-4
1.2906503910483388E-4
1.290092533427078E-4
1.2895351449111568E-4
1.2889782249157249E-4
1.2884217728569675E-4
1.2878657881519535E-4
1.2873102702187683E-4
1.2867552184764203E-4
1.2862006323449156E-4
1.2856465112451686E-4
1.285092854599075E-4
1.2845396618294837E-4
1.283986932360205E-4
1.283434665615973E-4
1.2828828610224354E-4
1.2823315180062738E-4
1.2817806359950569E-4
1.2812302144172785E-4
1.2806802527023933E-4
1.2801307502807713E-4
1.2795817065837834E-4
1.279033121043633E-4
1.2784849930935473E-4
1.2779373221676044E-4
1.2773901077008857E-4
1.2768433491293143E-4
1.27629704588979E-4
1.2757511974201727E-4
1.275205803159108E-4
1.2746608625462897E-4
1.2741163750222748E-4
1.273572340028518E-4
1.2730287570074313E-4
1.2724856254023173E-4
1.2719429446573496E-4
1.271400714217673E-4
1.2708589335292626E-4
1.270317602039067E-4
1.2697767191949028E-4
1.2692362844454904E-4
1.2686962972404387E-4
1.268156757030242E-4
1.2676176632663076E-4
1.2670790154009666E-4
1.266540812887346E-4
1.2660030551795616E-4
1.2654657417325712E-4
1.2649288720022048E-4
1.2643924454451786E-4
1.2638564615191292E-4
1.263320919682501E-4
1.2627858193947E-4
1.2622511601159306E-4
1.2617169413073597E-4
1.2611831624309005E-4
1.260649822949435E-4
1.2601169223267327E-4
1.2595844600273164E-4
1.2590524355166977E-4
1.2585208482611404E-4
1.2579896977278602E-4
1.257458983384891E-4
1.2569287047011307E-4
1.2563988611463434E-4
1.2558694521911244E-4
1.2553404773069533E-4
1.2548119359660943E-4
1.2542838276417836E-4
1.253756151807986E-4
1.2532289079395455E-4
1.252702095512213E-4
1.252175714002508E-4
1.251649762887789E-4
1.2511242416463162E-4
1.2505991497571532E-4
1.2500744867001827E-4
1.2495502519561534E-4
1.2490264450065985E-4
1.2485030653339226E-4
1.2479801124213908E-4
1.247457585753025E-4
1.2469354848137273E-4
1.246413809089162E-4
1.245892558065876E-4
1.2453717312312405E-4
1.2448513280734054E-4
1.24433134808134E-4
1.2438117907448453E-4
1.2432926555545724E-4
1.24277394200193E-4
1.242255649579177E-4
1.2417377777793458E-4
1.241220326096258E-4
1.2407032940246624E-4
1.2401866810599817E-4
1.2396704866984615E-4
1.2391547104372353E-4
1.2386393517741564E-4
1.2381244102078887E-4
1.2376098852378967E-4
1.2370957763645029E-4
1.2365820830887006E-4
1.236068804912388E-4
1.2355559413381828E-4
1.2350434918695155E-4
1.234531456010622E-4
1.2340198332665126E-4
1.233508623142973E-4
1.232997825146576E-4
1.2324874387846697E-4
1.231977463565411E-4
1.2314678989977144E-4
1.2309587445912326E-4
1.2304499998564672E-4
1.229941664304659E-4
1.2294337374477905E-4
1.228926218798673E-4
1.2284191078708683E-4
1.227912404178686E-4
1.2274061072371686E-4
1.2269002165622253E-4
1.2263947316704495E-4
1.2258896520792167E-4
1.2253849773066712E-4
1.2248807068717017E-4
1.2243768402939384E-4
1.2238733770938336E-4
1.2233703167925184E-4
1.2228676589119182E-4
1.22236540297467E-4
1.2218635485042531E-4
1.2213620950247866E-4
1.220861042061172E-4
1.2203603891391322E-4
1.2198601357849665E-4
1.2193602815259026E-4
1.2188608258897996E-4
1.2183617684052611E-4
1.2178631086016842E-4
1.2173648460091465E-4
1.21686698015848E-4
1.2163695105812692E-4
1.2158724368098013E-4
1.2153757583771128E-4
1.214879474816972E-4
1.2143835856638662E-4
1.2138880904530151E-4
1.2133929887203518E-4
1.21289828000253E-4
1.212403963836971E-4
1.2119100397617647E-4
1.2114165073157665E-4
1.2109233660384705E-4
1.2104306154701927E-4
1.2099382551518929E-4
1.209446284625276E-4
1.2089547034327405E-4
1.2084635111173951E-4
1.2079727072231096E-4
1.2074822912943732E-4
1.2069922628764736E-4
1.2065026215153276E-4
1.2060133667576087E-4
1.2055244981506725E-4
1.2050360152426008E-4
1.204547917582128E-4
1.2040602047186928E-4
1.2035728762025126E-4
1.203085931584402E-4
1.2025993704159558E-4
1.2021131922493512E-4
1.2016273966375767E-4
1.2011419831342411E-4
1.2006569512936565E-4
1.200172300670854E-4
1.1996880308214874E-4
1.1992041413019909E-4
1.198720631669358E-4
1.1982375014814133E-4
1.1977547502965135E-4
1.1972723776738296E-4
1.1967903831730842E-4
1.196308766354808E-4
1.1958275267801236E-4
1.1953466640108412E-4
1.1948661776094391E-4
1.1943860671391108E-4
1.1939063321636783E-4
1.1934269722476501E-4
1.1929479869562196E-4
1.1924693758551978E-4
1.1919911385111343E-4
1.1915132744911815E-4
1.1910357833631722E-4
1.1905586646956319E-4
1.1900819180576936E-4
1.1896055430192E-4
1.1891295391506318E-4
1.1886539060231398E-4
1.1881786432084689E-4
1.1877037502791584E-4
1.1872292268082353E-4
1.186755072369507E-4
1.1862812865373376E-4
1.1858078688868265E-4
1.1853348189936439E-4
1.1848621364341968E-4
1.1843898207854442E-4
1.183917871625026E-4
1.1834462885312688E-4
1.1829750710830929E-4
1.1825042188600562E-4
1.1820337314423817E-4
1.1815636084109298E-4
1.1810938493472035E-4
1.1806244538333234E-4
1.1801554214520304E-4
1.1796867517867342E-4
1.1792184444214858E-4
1.178750498940946E-4
1.1782829149303964E-4
1.1778156919757673E-4
1.1773488296635911E-4
1.1768823275810562E-4
1.1764161853159903E-4
1.1759504024567864E-4
1.1754849785925424E-4
1.17501991331288E-4
1.174555206208131E-4
1.1740908568691964E-4
1.1736268648876226E-4
1.1731632298555781E-4
1.1726999513657733E-4
1.1722370290116711E-4
1.1717744623871992E-4
1.1713122510870186E-4
1.1708503947063249E-4
1.1703888928409756E-4
1.1699277450873955E-4
1.16946695104264E-4
1.1690065103043808E-4
1.1685464224708768E-4
1.1680866871409859E-4
1.1676273039142157E-4
1.1671682723906194E-4
1.166709592170878E-4
1.1662512628562778E-4
1.165793284048687E-4
1.1653356553506111E-4
1.1648783763650802E-4
1.1644214466957869E-4
1.1639648659470336E-4
1.163508633723628E-4
1.1630527496310554E-4
1.1625972132753385E-4
1.1621420242631086E-4
1.161687182201598E-4
1.1612326866986314E-4
1.1607785373626108E-4
1.1603247338024851E-4
1.159871275627833E-4
1.1594181624488659E-4
1.1589653938762367E-4
1.1585129695213392E-4
1.1580608889960274E-4
1.1576091519127955E-4
1.1571577578846952E-4
1.1567067065253815E-4
1.1562559974490216E-4
1.1558056302704452E-4
1.1553556046049726E-4
1.1549059200685968E-4
1.1544565762777586E-4
1.1540075728495957E-4
1.1535589094017104E-4
1.15311058555234E-4
1.1526626009202512E-4
1.152214955124825E-4
1.1517676477859414E-4
1.1513206785241055E-4
1.150874046960362E-4
1.1504277527163271E-4
1.1499817954141293E-4
1.1495361746765572E-4
1.149090890126844E-4
1.1486459413888645E-4
1.1482013280870242E-4
1.1477570498462651E-4
1.1473131062921505E-4
1.1468694970507112E-4
1.1464262217485792E-4
1.1459832800129232E-4
1.1455406714714997E-4
1.1450983957525819E-4
1.1446564524849859E-4
1.1442148412980842E-4
1.143773561821807E-4
1.143332613686624E-4
1.1428919965235326E-4
1.1424517099641309E-4
1.1420117536405008E-4
1.1415721271852895E-4
1.141132830231666E-4
1.1406938624134015E-4
1.1402552233646998E-4
1.1398169127204222E-4
1.139378930115872E-4
1.1389412751869552E-4
1.1385039475700665E-4
1.1380669469021573E-4
1.137630272820718E-4
1.1371939249637371E-4
1.1367579029697913E-4
1.1363222064779344E-4
1.1358868351277878E-4
1.1354517885594786E-4
1.1350170664136536E-4
1.1345826683315172E-4
1.1341485939547756E-4
1.1337148429256693E-4
1.133281414886964E-4
1.1328483094819199E-4
1.1324155263543941E-4
1.1319830651486638E-4
1.1315509255095896E-4
1.1311191070825631E-4
1.1306876095134394E-4
1.1302564324486315E-4
1.1298255755350679E-4
1.1293950384201697E-4
1.1289648207518505E-4
1.1285349221786384E-4
1.1281053423494667E-4
1.1276760809138111E-4
1.1272471375216894E-4
1.1268185118235732E-4
1.1263902034705368E-4
1.1259622121140449E-4
1.1255345374061544E-4
1.1251071789993793E-4
1.1246801365467922E-4
1.1242534097018901E-4
1.123826998118751E-4
1.1234009014519202E-4
1.1229751193564376E-4
1.1225496514878733E-4
1.1221244975022587E-4
1.1216996570561234E-4
1.1212751298065648E-4
1.1208509154110824E-4
1.1204270135277609E-4
1.1200034238150954E-4
1.119580145932123E-4
1.1191571795383752E-4
1.1187345242938645E-4
1.1183121798590928E-4
1.1178901458950617E-4
1.1174684220632628E-4
1.1170470080256493E-4
1.1166259034447119E-4
1.1162051079833972E-4
1.1157846213051216E-4
1.1153644430738222E-4
1.1149445729539072E-4
1.1145250106102618E-4
1.1141057557082796E-4
1.1136868079137753E-4
1.1132681668931256E-4
1.1128498323131474E-4
1.112431803841097E-4
1.1120140811447723E-4
1.111596663892428E-4
1.1111795517528064E-4
1.1107627443951039E-4
1.1103462414889555E-4
1.109930042704582E-4
1.1095141477125711E-4
1.1090985561840462E-4
1.1086832677905553E-4
1.108268282204142E-4
1.1078535990973529E-4
1.1074392181431331E-4
1.1070251390149633E-4
1.1066113613867245E-4
1.1061978849328409E-4
1.1057847093281226E-4
1.1053718342479174E-4
1.1049592593679778E-4
1.1045469843645728E-4
1.1041350089143827E-4
1.1037233326945939E-4
1.1033119553828202E-4
1.1029008766571676E-4
1.1024900961961747E-4
1.1020796136788273E-4
1.1016694287846137E-4
1.101259541193449E-4
1.1008499505856762E-4
1.1004406566421992E-4
1.1000316590442214E-4
1.0996229574735388E-4
1.099214551612311E-4
1.0988064411432199E-4
1.0983986257493085E-4
1.097991105114158E-4
1.0975838789217449E-4
1.0971769468565413E-4
1.0967703086034049E-4
1.0963639638477062E-4
1.0959579122751834E-4
1.0955521535721297E-4
1.0951466874251641E-4
1.0947415135214379E-4
1.094336631548498E-4
1.0939320411943734E-4
1.0935277421474743E-4
1.093123734096739E-4
1.0927200167314652E-4
1.0923165897413913E-4
1.0919134528167724E-4
1.0915106056482395E-4
1.0911080479268615E-4
1.0907057793441616E-4
1.090303799592101E-4
1.0899021083630483E-4
1.0895007053498404E-4
1.0890995902457365E-4
1.0886987627444022E-4
1.0882982225399755E-4
1.0878979693270115E-4
1.0874980028004648E-4
1.0870983226557707E-4
1.0866989285887661E-4
1.0862998202956886E-4
1.0859009974732717E-4
1.0855024598185933E-4
1.0851042070292241E-4
1.0847062388031302E-4
1.0843085548387225E-4
1.0839111548347936E-4
1.0835140384905827E-4
1.0831172055057705E-4
1.0827206555804353E-4
1.082324388415079E-4
1.0819284037106352E-4
1.0815327011684495E-4
1.0811372804902386E-4
1.0807421413782406E-4
1.0803472835350264E-4
1.0799527066636326E-4
1.0795584104674342E-4
1.0791643946503251E-4
1.0787706589165281E-4
1.0783772029707371E-4
1.077984026518014E-4
1.0775911292638528E-4
1.0771985109141904E-4
1.0768061711752983E-4
1.076414109753956E-4
1.0760223263572285E-4
1.0756308206926944E-4
1.075239592468327E-4
1.0748486413924508E-4
1.0744579671738445E-4
1.074067569521672E-4
1.0736774481454956E-4
1.0732876027552767E-4
1.0728980330614614E-4
1.072508738774751E-4
1.0721197196064051E-4
1.0717309752679611E-4
1.0713425054714181E-4
1.070954309929169E-4
1.0705663883539887E-4
1.0701787404590763E-4
1.0697913659580001E-4
1.0694042645647344E-4
1.0690174359936692E-4
1.068630879959574E-4
1.0682445961776016E-4
1.0678585843633536E-4
1.0674728442327393E-4
1.0670873755020926E-4
1.0667021778881984E-4
1.0663172511081647E-4
1.065932594879535E-4
1.0655482089201907E-4
1.0651640929484435E-4
1.0647802466830018E-4
1.0643966698429214E-4
1.064013362147673E-4
1.0636303233171353E-4
1.0632475530715264E-4
1.0628650511314607E-4
1.0624828172179891E-4
1.0621008510524805E-4
1.061719152356699E-4
1.061337720852838E-4
1.0609565562634393E-4
1.0605756583113934E-4
1.0601950267200239E-4
1.0598146612130306E-4
1.0594345615144783E-4
1.0590547273488131E-4
1.0586751584408442E-4
1.0582958545157889E-4
1.0579168152992217E-4
1.0575380405171173E-4
1.0571595298957587E-4
1.0567812831618946E-4
1.0564033000426137E-4
1.0560255802653238E-4
1.0556481235578908E-4
1.0552709296485307E-4
1.0548939982657604E-4
1.0545173291385751E-4
1.0541409219962531E-4
1.0537647765685316E-4
1.0533888925854347E-4
1.0530132697773584E-4
1.0526379078751425E-4
1.052262806609922E-4
1.0518879657132268E-4
1.0515133849169523E-4
1.0511390639533498E-4
1.050765002555072E-4
1.0503912004550779E-4
1.0500176573867172E-4
1.0496443730837272E-4
1.0492713472801491E-4
1.048898579710486E-4
1.0485260701094924E-4
1.0481538182123334E-4
1.047781823754559E-4
1.0474100864720051E-4
1.0470386061009617E-4
1.0466673823780146E-4
1.0462964150400903E-4
1.0459257038245286E-4
1.045555248469023E-4
1.0451850487115587E-4
1.0448151042905493E-4
1.0444454149447111E-4
1.044075980413138E-4
1.0437068004352757E-4
1.0433378747509465E-4
1.0429692031002954E-4
1.0426007852237729E-4
1.0422326208623129E-4
1.0418647097570308E-4
1.0414970516495611E-4
1.0411296462817537E-4
1.0407624933958827E-4
1.0403955927345541E-4
1.0400289440407004E-4
1.0396625470576172E-4
1.0392964015289583E-4
1.038930507198711E-4
1.0385648638112E-4
1.0381994711111053E-4
1.0378343288434304E-4
1.037469436753581E-4
1.0371047945872205E-4
1.036740402090437E-4
1.0363762590095948E-4
1.0360123650914483E-4
1.0356487200830644E-4
1.0352853237318577E-4
1.0349221757855883E-4
1.0345592759923214E-4
1.0341966241005321E-4
1.0338342198589555E-4
1.033472063016706E-4
1.0331101533232459E-4
1.032748490528341E-4
1.0323870743821047E-4
1.0320259046349791E-4
1.0316649810377691E-4
1.0313043033415854E-4
1.030943871297884E-4
1.0305836846584285E-4
1.0302237431753705E-4
1.0298640466011346E-4
1.0295045946884946E-4
1.0291453871905869E-4
1.0287864238608537E-4
1.0284277044530262E-4
1.0280692287212455E-4
1.0277109964199218E-4
1.0273530073038008E-4
1.0269952611280047E-4
1.0266377576478903E-4
1.0262804966192448E-4
1.0259234777980747E-4
1.025566700940802E-4
1.0252101658041455E-4
1.0248538721451354E-4
1.024497819721094E-4
1.024142008289766E-4
1.0237864376091102E-4
1.0234311074374584E-4
1.0230760175334904E-4
1.0227211676561337E-4
1.0223665575646824E-4
1.0220121870187876E-4
1.0216580557783489E-4
1.0213041636035911E-4
1.0209505102551123E-4
1.0205970954937931E-4
1.0202439190808202E-4
1.0198909807777179E-4
1.0195382803463242E-4
1.0191858175487552E-4
1.0188335921475155E-4
1.0184816039053742E-4
1.0181298525854063E-4
1.0177783379510484E-4
1.017427059765986E-4
1.0170760177942744E-4
1.0167252118002482E-4
1.0163746415485565E-4
1.0160243068041546E-4
1.0156742073323543E-4
1.0153243428987369E-4
1.0149747132691708E-4
1.014625318209864E-4
1.0142761574873533E-4
1.0139272308684231E-4
1.0135785381202355E-4
1.0132300790102211E-4
1.0128818533061117E-4
1.0125338607759653E-4
1.0121861011881108E-4
1.0118385743112284E-4
1.0114912799142841E-4
1.0111442177665407E-4
1.010797387637559E-4
1.0104507892971963E-4
1.0101044225156643E-4
1.0097582870634129E-4
1.0094123827112413E-4
1.009066709230206E-4
1.0087212663917043E-4
1.0083760539674052E-4
1.0080310717292722E-4
1.0076863194496162E-4
1.007341796901018E-4
1.0069975038563025E-4
1.0066534400886892E-4
1.0063096053716267E-4
1.0059659994788934E-4
1.0056226221845331E-4
1.0052794732629088E-4
1.0049365524886682E-4
1.0045938596367741E-4
1.0042513944824736E-4
1.0039091568012681E-4
1.003567146369008E-4
1.0032253629618147E-4
1.0028838063560852E-4
1.0025424763285304E-4
1.0022013726561749E-4
1.0018604951162513E-4
1.0015198434863798E-4
1.0011794175443919E-4
1.0008392170684916E-4
1.0004992418370884E-4
1.0001594916289098E-4
9.99819966223014E-5
The correct rate for BP: 100.00% 
