1.1892546902612302
1.2120678183481883
1.0107668275299182
0.6898539438863902
0.40894937752087923
0.23075260209557955
0.13168394470044464
0.08215616410326398
0.05717023176300328
0.043028938881982955
0.03413733970658025
0.028101330805291556
0.023767432550046604
0.020521031144618264
0.01800772434030344
0.016010028839467783
0.01438764744619238
0.013046302408579643
0.011920451658244052
0.010963205064115326
0.01014018408579939
0.009425643518889892
0.008799943454098253
0.008247855405880323
0.007757399565845208
0.007319029342814939
0.006925048414084226
0.006569186771066232
0.006246287575766682
0.005952072587321035
0.005682964176771401
0.005435948684470062
0.005208470379882086
0.004998348348181846
0.004803710745222609
0.004622942346187566
0.004454642366888464
0.004297590294174808
0.00415071801275878
0.004013086920621745
0.0038838690257174194
0.003762331241895195
0.0036478222722089947
0.003539761597535095
0.00343763018809667
0.0033409626326231377
0.003249340439974097
0.0031623863151995215
0.0030797592492160957
0.0030011502908224
0.002926278893365043
0.0028548897473041944
0.002786750025207443
0.0027216469780907177
0.0026593858321187136
0.002599787942936427
0.0025426891716917805
0.002487938452409873
0.002435396525020053
0.0023849348121954307
0.0023364344213851465
0.0022897852561163767
0.002244885222909963
0.002201639522063954
0.002159960012175357
0.0021197646396406483
0.0020809769255420306
0.00204352550332028
0.0020073437014863802
0.0019723691663533246
0.0019385435203968552
0.0019058120523945566
0.0018741234359596042
0.0018434294734901845
0.001813684862906112
0.0017848469848499445
0.0017568757082953182
0.0017297332127380318
0.0017033838253483439
0.0016777938716412706
0.0016529315383781772
0.0016287667475506286
0.0016052710404189138
0.0015824174706847726
0.0015601805059727158
0.0015385359368782312
0.001517460792915737
0.0014969332647652924
0.0014769326322761238
0.0014574391977373302
0.0014384342239732377
0.0014198998768625826
0.0014018191719183113
0.0013841759245984031
0.0013669547040480433
0.001350140790000975
0.0013337201325918655
0.0013176793148535907
0.0013020055176932632
0.0012866864871584481
0.0012717105038214443
0.0012570663541238544
0.001242743303537121
0.0012287310714065335
0.0012150198073572508
0.001201600069150671
0.0011884628018885538
0.0011755993184704027
0.0011630012812172438
0.0011506606845816019
0.0011385698388696659
0.0011267213549075534
0.001115108129588445
0.0011037233322424263
0.0010925603917750345
0.0010816129845245186
0.001070875022791641
0.0010603406439989747
0.0010500042004400144
0.0010398602495809927
0.0010299035448811337
0.0010201290270993593
0.0010105318160577592
0.0010011072028341022
9.918506423577168E-4
9.827577463845621E-4
9.738242768292668E-4
9.650461394330955E-4
9.564193777483227E-4
9.47940167420902E-4
9.396048107541799E-4
9.314097315378922E-4
9.233514701273893E-4
9.154266787591886E-4
9.07632117089696E-4
8.999646479448882E-4
8.924212332694289E-4
8.849989302643831E-4
8.776948877034032E-4
8.705063424179554E-4
8.634306159424621E-4
8.564651113111567E-4
8.496073099985553E-4
8.428547689962565E-4
8.36205118018922E-4
8.296560568329645E-4
8.23205352701644E-4
8.168508379407471E-4
8.105904075793012E-4
8.044220171201299E-4
7.983436803953407E-4
7.923534675120206E-4
7.864495028838868E-4
7.806299633445981E-4
7.748930763388968E-4
7.692371181878996E-4
7.636604124248944E-4
7.581613281985001E-4
7.527382787398775E-4
7.473897198911895E-4
7.42114148692291E-4
7.369101020231857E-4
7.317761552995373E-4
7.267109212189437E-4
7.217130485556498E-4
7.167812210015446E-4
7.119141560513828E-4
7.071106039302844E-4
7.023693465616755E-4
6.976891965738632E-4
6.930689963436076E-4
6.885076170751039E-4
6.840039579128381E-4
6.795569450868745E-4
6.751655310892171E-4
6.708286938799314E-4
6.665454361217963E-4
6.623147844422866E-4
6.581357887217122E-4
6.540075214065934E-4
6.499290768470208E-4
6.458995706572246E-4
6.419181390982734E-4
6.379839384821441E-4
6.340961445961542E-4
6.302539521471048E-4
6.264565742242662E-4
6.227032417804434E-4
6.189932031305319E-4
6.153257234667567E-4
6.117000843899969E-4
6.081155834566432E-4
6.045715337402794E-4
6.01067263407711E-4
5.976021153087477E-4
5.941754465792845E-4
5.907866282570825E-4
5.874350449099168E-4
5.841200942754656E-4
5.808411869126853E-4
5.775977458640962E-4
5.743892063286886E-4
5.712150153450013E-4
5.680746314840391E-4
5.649675245516661E-4
5.618931753001271E-4
5.588510751483929E-4
5.558407259109897E-4
5.528616395350376E-4
5.499133378452191E-4
5.469953522963442E-4
5.441072237333535E-4
5.412485021583583E-4
5.384187465046221E-4
5.356175244171642E-4
5.328444120397599E-4
5.300989938081498E-4
5.273808622492322E-4
5.246896177860564E-4
5.220248685483862E-4
5.193862301887016E-4
5.167733257033956E-4
5.141857852590543E-4
5.116232460236252E-4
5.090853520022935E-4
5.065717538779838E-4
5.040821088562315E-4
5.016160805143942E-4
4.991733386550018E-4
4.967535591630944E-4
4.943564238674834E-4
4.919816204057776E-4
4.89628842093047E-4
4.8729778779402043E-4
4.849881617987204E-4
4.826996737014133E-4
4.8043203828275667E-4
4.7818497539509736E-4
4.759582098507685E-4
4.737514713132959E-4
4.7156449419150727E-4
4.693970175363269E-4
4.672487849402884E-4
4.651195444396106E-4
4.6300904841880164E-4
4.609170535176999E-4
4.5884332054088226E-4
4.567876143693611E-4
4.547497038745305E-4
4.527293618342428E-4
4.507263648510239E-4
4.487404932723029E-4
4.4677153111263347E-4
4.4481926597784077E-4
4.428834889910198E-4
4.4096399472039085E-4
4.390605811088593E-4
4.371730494053468E-4
4.353012040977439E-4
4.3344485284751527E-4
4.316038064258584E-4
4.2977787865139465E-4
4.279668863293529E-4
4.261706491921961E-4
4.2438898984164836E-4
4.226217336921029E-4
4.208687089153543E-4
4.191297463866161E-4
4.1740467963180327E-4
4.1569334477604394E-4
4.139955804933834E-4
4.123112279576388E-4
4.106401307943849E-4
4.089821350340448E-4
4.073370890660395E-4
4.0570484359401447E-4
4.040852515920055E-4
4.0247816826167104E-4
4.008834509904436E-4
3.993009593106326E-4
3.9773055485941395E-4
3.9617210133975964E-4
3.946254644821696E-4
3.93090512007299E-4
3.915671135893805E-4
3.9005514082044644E-4
3.885544671753584E-4
3.8706496797755586E-4
3.8558652036558037E-4
3.8411900326031784E-4
3.826622973329226E-4
3.8121628497345513E-4
3.797808502601831E-4
3.7835587892952734E-4
3.769412583466491E-4
3.755368774766722E-4
3.741426268564797E-4
3.727583985671471E-4
3.713840862069176E-4
3.700195848647505E-4
3.686647910944158E-4
3.6731960288915376E-4
3.6598391965680124E-4
3.6465764219548494E-4
3.633406726697893E-4
3.6203291458740384E-4
3.6073427277625686E-4
3.594446533621209E-4
3.5816396374664704E-4
3.568921125858705E-4
3.556290097691244E-4
3.543745663983999E-4
3.5312869476808017E-4
3.5189130834513313E-4
3.5066232174963985E-4
3.494416507357428E-4
3.482292121729761E-4
3.470249240279199E-4
3.4582870534626697E-4
3.4464047623519164E-4
3.4346015784610323E-4
3.422876723577052E-4
3.4112294295939396E-4
3.399658938349709E-4
3.388164501466783E-4
3.3767453801952514E-4
3.36540084525937E-4
3.354130176706599E-4
3.342932663759961E-4
3.331807604672796E-4
3.320754306586476E-4
3.3097720853907575E-4
3.2988602655866693E-4
3.288018180152182E-4
3.277245170409948E-4
3.266540585898051E-4
3.255903784242712E-4
3.245334131033517E-4
3.2348309997009465E-4
3.2243937713961624E-4
3.2140218348728866E-4
3.203714586371546E-4
3.1934714295055844E-4
3.1832917751494345E-4
3.17317504132927E-4
3.163120653114801E-4
3.1531280425138814E-4
3.1431966483683725E-4
3.1333259162521116E-4
3.1235152983708506E-4
3.1137642534636916E-4
3.104072246706273E-4
3.094438749616138E-4
3.0848632399589024E-4
3.0753452016571154E-4
3.065884124699743E-4
3.0564795050538895E-4
3.047130844577781E-4
3.0378376509353135E-4
3.028599437512028E-4
3.019415723332618E-4
3.010286032979923E-4
3.001209896514967E-4
2.9921868493988624E-4
2.9832164324156065E-4
2.974298191596517E-4
2.9654316781456863E-4
2.9566164483669E-4
2.947852063591675E-4
2.9391380901086023E-4
2.9304740990937045E-4
2.92185966654217E-4
2.913294373201119E-4
2.904777804503411E-4
2.89630955050272E-4
2.88788920580954E-4
2.879516369528443E-4
2.8711906451960056E-4
2.862911640720192E-4
2.8546789683203704E-4
2.846492244468634E-4
2.838351089831738E-4
2.8302551292141504E-4
2.8222039915021886E-4
2.8141973096087287E-4
2.806234720418926E-4
2.7983158647371684E-4
2.7904403872341233E-4
2.782607936395313E-4
2.774818164470326E-4
2.767070727422623E-4
2.7593652848803335E-4
2.7517015000878717E-4
2.7440790398581443E-4
2.7364975745255667E-4
2.7289567779000576E-4
2.7214563272212383E-4
2.713995903113974E-4
2.706575189544018E-4
2.699193873774817E-4
2.6918516463246637E-4
2.6845482009246947E-4
2.6772832344774207E-4
2.6700564470161225E-4
2.662867541664371E-4
2.65571622459679E-4
2.648602205000082E-4
2.641525195034508E-4
2.634484909796261E-4
2.6274810672803145E-4
2.620513388343755E-4
2.613581596669667E-4
2.606685418731622E-4
2.599824583758812E-4
2.5929988237013475E-4
2.5862078731964713E-4
2.5794514695350577E-4
2.572729352628713E-4
2.5660412649771975E-4
2.559386951636442E-4
2.5527661601872515E-4
2.5461786407039277E-4
2.539624145723962E-4
2.533102430217728E-4
2.5266132515587943E-4
2.520156369494703E-4
2.5137315461180556E-4
2.507338545838203E-4
2.5009771353530556E-4
2.49464708362161E-4
2.4883481618367167E-4
2.482080143398123E-4
2.4758428038862564E-4
2.4696359210359066E-4
2.4634592747108374E-4
2.457312646878145E-4
2.4511958215835377E-4
2.445108584926584E-4
2.4390507250365173E-4
2.433022032048271E-4
2.4270222980789566E-4
2.4210513172045605E-4
2.415108885437015E-4
2.4091948007015702E-4
2.4033088628146515E-4
2.397450873461632E-4
2.3916206361753614E-4
2.3858179563146612E-4
2.3800426410433448E-4
2.374294499309367E-4
2.3685733418243006E-4
2.3628789810431765E-4
2.3572112311444777E-4
2.3515699080105316E-4
2.3459548292079682E-4
2.3403658139687538E-4
2.3348026831712353E-4
2.3292652593214007E-4
2.3237533665347444E-4
2.3182668305178855E-4
2.3128054785508654E-4
2.3073691394694319E-4
2.301957643647613E-4
2.2965708229805612E-4
2.2912085108676625E-4
2.285870542195719E-4
2.2805567533225167E-4
2.275266982060522E-4
2.2700010676608376E-4
2.2647588507973182E-4
2.259540173550903E-4
2.2543448793942551E-4
2.2491728131765167E-4
2.244023821108192E-4
2.2388977507463057E-4
2.2337944509798736E-4
2.228713772015348E-4
2.223655565362385E-4
2.218619683819683E-4
2.2136059814612132E-4
2.2086143136223525E-4
2.2036445368864724E-4
2.1986965090714216E-4
2.1937700892163867E-4
2.188865137568998E-4
2.1839815155721512E-4
2.1791190858515565E-4
2.17427771220314E-4
2.1694572595805847E-4
2.1646575940831704E-4
2.1598785829436663E-4
2.1551200945164363E-4
2.1503819982656496E-4
2.145664164753602E-4
2.1409664656293708E-4
2.1362887736173583E-4
2.1316309625061717E-4
2.1269929071374074E-4
2.1223744833950194E-4
2.117775568194293E-4
2.1131960394712147E-4
2.1086357761721672E-4
2.104094658243219E-4
2.0995725666201245E-4
2.0950693832180376E-4
2.0905849909216E-4
2.0861192735749783E-4
2.0816721159721142E-4
2.0772434038470881E-4
2.0728330238645683E-4
2.0684408636104362E-4
2.064066811582376E-4
2.059710757180809E-4
2.0553725906997114E-4
2.0510522033177894E-4
2.0467494870893643E-4
2.0424643349358702E-4
2.0381966406370373E-4
2.0339462988223963E-4
2.0297132049628696E-4
2.0254972553623843E-4
2.0212983471495558E-4
2.0171163782695836E-4
2.012951247476358E-4
2.0088028543241977E-4
2.0046710991601598E-4
2.000555883116336E-4
1.9964571081019605E-4
1.9923746767960102E-4
1.9883084926395825E-4
1.984258459828487E-4
1.980224483305947E-4
1.9762064687554566E-4
1.9722043225933188E-4
1.9682179519618846E-4
1.9642472647223933E-4
1.960292169448052E-4
1.95635257541727E-4
1.9524283926068472E-4
1.9485195316852678E-4
1.9446259040061762E-4
1.940747421601798E-4
1.9368839971764428E-4
1.933035544100196E-4
1.929201976402571E-4
1.9253832087662515E-4
1.9215791565210124E-4
1.917789735637448E-4
1.9140148627211394E-4
1.910254455006564E-4
1.9065084303512706E-4
1.902776707229958E-4
1.8990592047287867E-4
1.895355842539678E-4
1.8916665409546727E-4
1.8879912208603043E-4
1.884329803732147E-4
1.8806822116293592E-4
1.8770483671892444E-4
1.873428193621975E-4
1.869821614705264E-4
1.8662285547792448E-4
1.8626489387412186E-4
1.8590826920406058E-4
1.8555297406737956E-4
1.851990011179387E-4
1.8484634306329946E-4
1.844949926642528E-4
1.8414494273433213E-4
1.83796186139331E-4
1.8344871579684474E-4
1.8310252467577509E-4
1.8275760579590652E-4
1.8241395222741094E-4
1.820715570904244E-4
1.817304135545826E-4
1.8139051483857918E-4
1.8105185420973956E-4
1.8071442498357405E-4
1.8037822052335354E-4
1.8004323423968858E-4
1.7970945959011112E-4
1.793768900786455E-4
1.7904551925541475E-4
1.787153407162239E-4
1.783863481021627E-4
1.7805853509920082E-4
1.7773189543780315E-4
1.7740642289252763E-4
1.7708211128166548E-4
1.7675895446681483E-4
1.7643694635255212E-4
1.7611608088602388E-4
1.7579635205659507E-4
1.7547775389547198E-4
1.7516028047534808E-4
1.7484392591004307E-4
1.7452868435414393E-4
1.74214550002659E-4
1.7390151709067335E-4
1.7358957989299428E-4
1.7327873272381849E-4
1.7296896993639557E-4
1.7266028592269347E-4
1.7235267511306383E-4
1.7204613197591948E-4
1.7174065101741628E-4
1.7143622678112197E-4
1.7113285384770684E-4
1.708305268346315E-4
1.7052924039582084E-4
1.702289892213828E-4
1.699297680372857E-4
1.696315716050579E-4
1.6933439472149663E-4
1.6903823221836782E-4
1.6874307896211585E-4
1.6844892985357462E-4
1.6815577982768042E-4
1.6786362385318705E-4
1.6757245693238746E-4
1.6728227410083214E-4
1.669930704270602E-4
1.667048410123193E-4
1.6641758099030242E-4
1.6613128552687756E-4
1.6584594981981757E-4
1.6556156909855566E-4
1.6527813862390544E-4
1.6499565368781655E-4
1.6471410961311212E-4
1.6443350175325325E-4
1.6415382549206495E-4
1.6387507624351312E-4
1.6359724945144152E-4
1.633203405893405E-4
1.6304434516010795E-4
1.6276925869580043E-4
1.6249507675741135E-4
1.6222179493463121E-4
1.6194940884561694E-4
1.6167791413675971E-4
1.6140730648247305E-4
1.611375815849535E-4
1.6086873517395927E-4
1.606007630066059E-4
1.6033366086712822E-4
1.6006742456667905E-4
1.5980204994311E-4
1.5953753286075762E-4
1.592738692102426E-4
1.59011054908249E-4
1.587490858973308E-4
1.584879581457018E-4
1.5822766764703313E-4
1.5796821042025913E-4
1.577095825093728E-4
1.5745177998323208E-4
1.5719479893536701E-4
1.5693863548378785E-4
1.5668328577078452E-4
1.564287459627552E-4
1.5617501225000512E-4
1.5592208084656289E-4
1.5566994799000452E-4
1.554186099412602E-4
1.5516806298444428E-4
1.549183034266709E-4
1.546693275978761E-4
1.5442113185064847E-4
1.5417371256004896E-4
1.539270661234422E-4
1.5368118896031795E-4
1.534360775121392E-4
1.531917282421573E-4
1.5294813763525345E-4
1.5270530219777773E-4
1.524632184573761E-4
1.5222188296283592E-4
1.5198129228393084E-4
1.5174144301124452E-4
1.5150233175603703E-4
1.512639551500681E-4
1.5102630984545164E-4
1.5078939251451318E-4
1.505531998496164E-4
1.5031772856302766E-4
1.500829753867649E-4
1.4984893707244547E-4
1.4961561039115434E-4
1.4938299213327111E-4
1.4915107910835784E-4
1.489198681449948E-4
1.486893560906493E-4
1.484595398115302E-4
1.4823041619245516E-4
1.4800198213671344E-4
1.4777423456592185E-4
1.4754717041989528E-4
1.4732078665651555E-4
1.4709508025158898E-4
1.4687004819873207E-4
1.4664568750922123E-4
1.4642199521187522E-4
1.4619896835293012E-4
1.459766039958988E-4
1.4575489922145828E-4
1.4553385112732096E-4
1.453134568281106E-4
1.4509371345523595E-4
1.4487461815677655E-4
1.4465616809735492E-4
1.4443836045802214E-4
1.4422119243614106E-4
1.440046612452602E-4
1.437887641150078E-4
1.435734982909697E-4
1.4335886103457795E-4
1.4314484962299522E-4
1.429314613490062E-4
1.4271869352089936E-4
1.4250654346236802E-4
1.4229500851238496E-4
1.4208408602510962E-4
1.418737733697666E-4
1.4166406793055002E-4
1.4145496710651215E-4
1.4124646831146083E-4
1.410385689738479E-4
1.4083126653667948E-4
1.4062455845740041E-4
1.4041844220780112E-4
1.4021291527391283E-4
1.4000797515591017E-4
1.3980361936801196E-4
1.3959984543838167E-4
1.393966509090271E-4
1.391940333357151E-4
1.3899199028786268E-4
1.3879051934844635E-4
1.3858961811391554E-4
1.3838928419408807E-4
1.3818951521206254E-4
1.379903088041329E-4
1.3779166261968274E-4
1.3759357432111024E-4
1.3739604158372534E-4
1.371990620956758E-4
1.370026335578398E-4
1.3680675368375937E-4
1.3661142019953798E-4
1.3641663084376285E-4
1.3622238336741913E-4
1.3602867553379964E-4
1.3583550511842726E-4
1.3564286990896854E-4
1.3545076770515483E-4
1.3525919631869504E-4
1.3506815357319516E-4
1.348776373040878E-4
1.346876453585354E-4
1.3449817559536755E-4
1.343092258849883E-4
1.3412079410930964E-4
1.3393287816166905E-4
1.3374547594675136E-4
1.3355858538051683E-4
1.3337220439012005E-4
1.3318633091384183E-4
1.330009629010081E-4
1.3281609831192594E-4
1.3263173511779674E-4
1.3244787130065457E-4
1.3226450485329433E-4
1.320816337791918E-4
1.3189925609243872E-4
1.3171736981767767E-4
1.3153597299002067E-4
1.313550636549869E-4
1.3117463986843513E-4
1.3099469969649622E-4
1.3081524121549444E-4
1.3063626251189932E-4
1.3045776168224495E-4
1.302797368330708E-4
1.301021860808474E-4
1.2992510755192345E-4
1.297484993824574E-4
1.2957235971834812E-4
1.293966867151775E-4
1.292214785381456E-4
1.2904673336200777E-4
1.2887244937101382E-4
1.2869862475884178E-4
1.2852525772855128E-4
1.2835234649249939E-4
1.2817988927230723E-4
1.2800788429878E-4
1.2783632981185126E-4
1.2766522406054242E-4
1.2749456530287254E-4
1.273243518058319E-4
1.2715458184530749E-4
1.2698525370602334E-4
1.2681636568150068E-4
1.266479160739863E-4
1.2647990319440046E-4
1.2631232536228985E-4
1.2614518090576105E-4
1.259784681614353E-4
1.2581218547439015E-4
1.2564633119810587E-4
1.254809036944179E-4
1.253159013334507E-4
1.2515132249358527E-4
1.2498716556138946E-4
1.248234289315749E-4
1.2466011100694768E-4
1.244972101983471E-4
1.2433472492461256E-4
1.2417265361251335E-4
1.240109946967187E-4
1.238497466197294E-4
1.2368890783184705E-4
1.235284767911139E-4
1.2336845196326816E-4
1.23208831821694E-4
1.2304961484738063E-4
1.2289079952886497E-4
1.22732384362198E-4
1.2257436785088145E-4
1.2241674850584048E-4
1.2225952484536316E-4
1.2210269539506314E-4
1.2194625868783138E-4
1.2179021326379392E-4
1.2163455767026497E-4
1.2147929046169905E-4
1.2132441019966099E-4
1.2116991545276773E-4
1.2101580479664905E-4
1.2086207681391697E-4
1.207087300941E-4
1.2055576323361948E-4
1.2040317483574898E-4
1.202509635105553E-4
1.2009912787487293E-4
1.1994766655225906E-4
1.1979657817295317E-4
1.1964586137382948E-4
1.1949551479837112E-4
1.1934553709661484E-4
1.1919592692512532E-4
1.190466829469429E-4
1.1889780383155825E-4
1.187492882548611E-4
1.1860113489911058E-4
1.1845334245289572E-4
1.1830590961109204E-4
1.1815883507483005E-4
1.1801211755145321E-4
1.1786575575449022E-4
1.1771974840360548E-4
1.17574094224571E-4
1.1742879194922769E-4
1.1728384031544958E-4
1.1713923806711156E-4
1.1699498395404361E-4
1.1685107673200943E-4
1.1670751516265848E-4
1.1656429801350445E-4
1.1642142405787516E-4
1.1627889207489503E-4
1.1613670084943971E-4
1.1599484917210304E-4
1.1585333583916623E-4
1.1571215965257137E-4
1.1557131941987657E-4
1.1543081395422189E-4
1.1529064207431405E-4
1.1515080260437527E-4
1.1501129437412329E-4
1.1487211621872907E-4
1.1473326697879725E-4
1.1459474550032565E-4
1.1445655063467723E-4
1.143186812385457E-4
1.1418113617393371E-4
1.1404391430810842E-4
1.1390701451358472E-4
1.1377043566808691E-4
1.1363417665452257E-4
1.1349823636094735E-4
1.1336261368054199E-4
1.1322730751158199E-4
1.1309231675740055E-4
1.1295764032637357E-4
1.1282327713187497E-4
1.1268922609226347E-4
1.1255548613083988E-4
1.1242205617583253E-4
1.122889351603586E-4
1.1215612202240007E-4
1.1202361570478123E-4
1.1189141515513007E-4
1.1175951932586084E-4
1.1162792717414536E-4
1.1149663766187876E-4
1.1136564975566294E-4
1.1123496242677591E-4
1.1110457465114386E-4
1.1097448540931397E-4
1.1084469368643396E-4
1.1071519847222018E-4
1.1058599876094066E-4
1.1045709355137616E-4
1.1032848184680554E-4
1.1020016265498113E-4
1.1007213498809398E-4
1.0994439786276207E-4
1.098169502999948E-4
1.096897913251756E-4
1.0956291996802847E-4
1.0943633526260725E-4
1.0931003624726273E-4
1.0918402196461982E-4
1.0905829146155498E-4
1.0893284378917204E-4
1.0880767800278085E-4
1.0868279316187183E-4
1.08558188330091E-4
1.084338625752257E-4
1.083098149691709E-4
1.0818604458791319E-4
1.0806255051150816E-4
1.0793933182405606E-4
1.0781638761367892E-4
1.076937169725001E-4
1.07571318996626E-4
1.0744919278611632E-4
1.0732733744496993E-4
1.072057520810976E-4
1.0708443580630683E-4
1.0696338773627482E-4
1.0684260699053193E-4
1.0672209269243887E-4
1.0660184396916173E-4
1.0648185995165848E-4
1.0636213977466173E-4
1.0624268257664225E-4
1.0612348749980235E-4
1.0600455369005746E-4
1.0588588029700384E-4
1.0576746647390931E-4
1.0564931137769094E-4
1.0553141416889088E-4
1.0541377401166813E-4
1.0529639007376428E-4
1.0517926152649301E-4
1.050623875447221E-4
1.0494576730685603E-4
1.0482939999480488E-4
1.0471328479398196E-4
1.045974208932715E-4
1.0448180748501689E-4
1.0436644376500753E-4
1.042513289324466E-4
1.0413646218994913E-4
1.0402184274350569E-4
1.0390746980248297E-4
1.037933425795962E-4
1.0367946029088944E-4
1.0356582215572294E-4
1.0345242739675657E-4
1.0333927523992906E-4
1.0322636491443996E-4
1.031136956527356E-4
1.0300126669049305E-4
1.0288907726659839E-4
1.0277712662313383E-4
1.0266541400535644E-4
1.0255393866169247E-4
1.0244269984370834E-4
1.0233169680609443E-4
1.022209288066659E-4
1.0211039510632534E-4
1.0200009496905469E-4
1.0189002766190364E-4
1.0178019245497096E-4
1.016705886213863E-4
1.0156121543729616E-4
1.0145207218184949E-4
1.0134315813717983E-4
1.0123447258839221E-4
1.0112601482354613E-4
1.0101778413364015E-4
1.0090977981260119E-4
1.0080200115726275E-4
1.0069444746735086E-4
1.0058711804547872E-4
1.0048001219711788E-4
1.0037312923059685E-4
1.0026646845707452E-4
1.0016002919053358E-4
1.0005381074776554E-4
9.994781244835518E-5
The correct rate for BP: 100.00% 
