0.7333174728398287
0.5772654992099258
0.18357231002596328
0.07293654377737979
0.029862402058501034
0.019380655550940144
0.014472037295408757
0.011558087641941753
0.009617736673410066
0.008230284726899
0.007188199600064821
0.006376674811611062
0.00572685737111936
0.0051948799780309335
0.0047514439162554675
0.004376224056104599
0.0040546731493220686
0.0037761030648245835
0.0035324839742175446
0.003317666078635867
0.0031268598370411457
0.0029562796902382884
0.0028028942261037596
0.0026642474235415944
0.002538328440109355
0.002423475224405025
0.002318302125452132
0.002221644805895317
0.002132517818248339
0.002050081573687634
0.001973616364027404
0.0019025017405808013
0.001836200004374856
0.0017742428825043245
0.0017162206959294235
0.001661773491875348
0.0016105837375550338
0.0015623702638265318
0.0015168832163851697
0.001473899824349228
0.0014332208360160752
0.0013946675022986112
0.0013580790121889795
0.0013233103032157683
0.0012902301845000336
0.001258719721599067
0.0012286708415461171
0.0011999851238745705
0.0011725727493540903
0.0011463515829706998
0.0011212463715883222
0.001097188039918321
0.0010741130710404242
0.0010519629598734052
0.0010306837297772936
0.0010102255039491975
9.90542124509245E-4
9.715908132057616E-4
9.533318685352777E-4
9.357283948034058E-4
9.187460592692813E-4
9.023528740392327E-4
8.865189998199059E-4
8.712165690199255E-4
8.56419526013315E-4
8.421034826555642E-4
8.282455873819593E-4
8.148244064233706E-4
8.01819815852516E-4
7.892129033272125E-4
7.769858785308839E-4
7.651219914261888E-4
7.53605457539201E-4
7.424213895794768E-4
7.315557347788124E-4
7.209952173990553E-4
7.107272859190595E-4
7.007400644628517E-4
6.910223080775607E-4
6.81563361510244E-4
6.723531211686918E-4
6.633819999834744E-4
6.546408949165677E-4
6.461211568872581E-4
6.378145629083264E-4
6.297132902456221E-4
6.218098924317776E-4
6.140972769810616E-4
6.065686846662916E-4
5.992176702318233E-4
5.920380844279922E-4
5.850240572626725E-4
5.781699823750307E-4
5.714705024447736E-4
5.649204955578779E-4
5.585150624565346E-4
5.522495146071809E-4
5.461193630261934E-4
5.401203078076861E-4
5.342482283026415E-4
5.284991739025745E-4
5.228693553849512E-4
5.173551367806803E-4
5.119530277275952E-4
5.066596762761718E-4
5.014718621168589E-4
4.963864902003387E-4
4.914005847245407E-4
4.865112834639804E-4
4.817158324190062E-4
4.7701158076410684E-4
4.7239597607595543E-4
4.6786655982334826E-4
4.6342096310242515E-4
4.5905690260179165E-4
4.547721767831997E-4
4.5056466226452017E-4
4.4643231039261707E-4
4.423731439946489E-4
4.3838525429697336E-4
4.344667980018033E-4
4.30615994512146E-4
4.26831123296472E-4
4.2311052138485064E-4
4.194525809890954E-4
4.1585574723972487E-4
4.123185160332124E-4
4.088394319831965E-4
4.054170864699681E-4
4.0205011578270134E-4
3.987371993493635E-4
3.954770580495459E-4
3.9226845260565356E-4
3.891101820483311E-4
3.8600108225211475E-4
3.8294002453760363E-4
3.79925914336649E-4
3.769576899173132E-4
3.7403432116545575E-4
3.7115480842005914E-4
3.6831818135957777E-4
3.655234979366694E-4
3.6276984335893855E-4
3.6005632911334696E-4
3.5738209203215214E-4
3.5474629339832573E-4
3.5214811808849557E-4
3.4958677375166163E-4
3.470614900218487E-4
3.4457151776318894E-4
3.42116128345785E-4
3.3969461295099874E-4
3.373062819047099E-4
3.349504640372454E-4
3.326265060688198E-4
3.303337720191951E-4
3.280716426405682E-4
3.2583951487253325E-4
3.2363680131819396E-4
3.2146292974044886E-4
3.1931734257753807E-4
3.171994964770048E-4
3.151088618472964E-4
3.130449224261827E-4
3.1100717486528764E-4
3.089951283300254E-4
3.0700830411430703E-4
3.050462352693344E-4
3.03108466245965E-4
3.011945525499526E-4
2.9930406040968785E-4
2.974365664557445E-4
2.9559165741187884E-4
2.937689297969387E-4
2.9196798963725167E-4
2.901884521890594E-4
2.884299416706266E-4
2.866920910035776E-4
2.849745415631499E-4
2.8327694293693616E-4
2.815989526918961E-4
2.799402361491546E-4
2.78300466166445E-4
2.766793229277756E-4
2.75076493740087E-4
2.7349167283665857E-4
2.719245611869543E-4
2.70374866312702E-4
2.688423021099255E-4
2.6732658867676843E-4
2.658274521468399E-4
2.6434462452788797E-4
2.6287784354563505E-4
2.614268524925195E-4
2.599914000812453E-4
2.585712403028914E-4
2.571661322894607E-4
2.557758401806894E-4
2.544001329949649E-4
2.5303878450421135E-4
2.5169157311260003E-4
2.503582817389396E-4
2.49038697702632E-4
2.4773261261305465E-4
2.464398222622551E-4
2.4516012652086043E-4
2.4389332923704747E-4
2.4263923813851813E-4
2.413976647373369E-4
2.401684242375507E-4
2.3895133544552915E-4
2.3774622068283615E-4
2.3655290570168523E-4
2.3537121960275428E-4
2.3420099475539365E-4
2.330420667200778E-4
2.3189427417305203E-4
2.307574588331062E-4
2.2963146539038421E-4
2.2851614143722153E-4
2.2741133740082812E-4
2.2631690647791352E-4
2.2523270457104294E-4
2.241585902267884E-4
2.230944245755278E-4
2.2204007127288723E-4
2.2099539644279134E-4
2.1996026862199715E-4
2.1893455870617012E-4
2.1791813989733818E-4
2.1691088765278627E-4
2.159126796352838E-4
2.1492339566462853E-4
2.1394291767043756E-4
2.1297112964620925E-4
2.1200791760453059E-4
2.110531695334975E-4
2.101067753542078E-4
2.0916862687937014E-4
2.0823861777296724E-4
2.0731664351094338E-4
2.0640260134288077E-4
2.0549639025466373E-4
2.0459791093203964E-4
2.037070657251347E-4
2.0282375861383725E-4
2.0194789517403265E-4
2.010793825446667E-4
2.0021812939565595E-4
1.9936404589653502E-4
1.9851704368590564E-4
1.976770358416118E-4
1.9684393685164386E-4
1.960176625857352E-4
1.9519813026765728E-4
1.9438525844815843E-4
1.935789669785591E-4
1.9277917698497468E-4
1.9198581084314568E-4
1.9119879215384977E-4
1.9041804571891274E-4
1.8964349751776123E-4
1.8887507468453094E-4
1.8811270548570413E-4
1.8735631929825457E-4
1.8660584658831573E-4
1.8586121889031617E-4
1.8512236878660972E-4
1.843892298875526E-4
1.836617368120483E-4
1.8293982516851543E-4
1.822234315363049E-4
1.81512493447509E-4
1.8080694936919707E-4
1.801067386860359E-4
1.794118016832988E-4
1.7872207953024963E-4
1.7803751426389547E-4
1.7735804877309265E-4
1.766836267829873E-4
1.7601419283983435E-4
1.7534969229609227E-4
1.7469007129588458E-4
1.7403527676074977E-4
1.7338525637571167E-4
1.7273995857562414E-4
1.7209933253184816E-4
1.7146332813916792E-4
1.7083189600301102E-4
1.7020498742692535E-4
1.6958255440033731E-4
1.6896454958653228E-4
1.683509263109348E-4
1.6774163854957436E-4
1.6713664091784535E-4
1.665358886594642E-4
1.6593933763566803E-4
1.653469443146262E-4
1.6475866576108223E-4
1.6417445962619524E-4
1.6359428413758564E-4
1.6301809808959227E-4
1.6244586083373198E-4
1.618775322693206E-4
1.6131307283431497E-4
1.6075244349632794E-4
1.6019560574380466E-4
1.5964252157741262E-4
1.5909315350155241E-4
1.5854746451607883E-4
1.580054181081681E-4
1.574669782443342E-4
1.5693210936261858E-4
1.564007763649212E-4
1.558729446094853E-4
1.553485799035279E-4
1.5482764849600902E-4
1.5431011707053247E-4
1.5379595273840914E-4
1.5328512303182054E-4
1.5277759589713789E-4
1.5227333968834464E-4
1.5177232316060518E-4
1.5127451546394756E-4
1.507798861370594E-4
1.5028840510119596E-4
1.4980004265422966E-4
1.4931476946477266E-4
1.4883255656643508E-4
1.4835337535218086E-4
1.4787719756878472E-4
1.4740399531140073E-4
1.4693374101821624E-4
1.4646640746522347E-4
1.460019677610606E-4
1.4554039534197145E-4
1.4508166396684258E-4
1.4462574771233536E-4
1.4417262096810121E-4
1.4372225843208426E-4
1.432746351059137E-4
1.428297262903749E-4
1.4238750758095012E-4
1.4194795486346788E-4
1.4151104430978792E-4
1.4107675237360294E-4
1.4064505578628605E-4
1.402159315528228E-4
1.397893569478138E-4
1.3936530951154806E-4
1.38943767046139E-4
1.3852470761172857E-4
1.3810810952276796E-4
1.3769395134434622E-4
1.3728221188859485E-4
1.3687287021114713E-4
1.3646590560765592E-4
1.3606129761038716E-4
1.356590259848394E-4
1.3525907072646149E-4
1.3486141205738838E-4
1.344660304232634E-4
1.3407290649008102E-4
1.3368202114111128E-4
1.3329335547386783E-4
1.3290689079711282E-4
1.3252260862793618E-4
1.3214049068885515E-4
1.317605189049811E-4
1.3138267540123603E-4
1.3100694249959524E-4
1.306333027163991E-4
1.302617387596817E-4
1.298922335265701E-4
1.2952477010071164E-4
1.2915933174974126E-4
1.2879590192279997E-4
1.2843446424808168E-4
1.2807500253042553E-4
1.277175007489537E-4
1.2736194305472984E-4
1.2700831376847327E-4
1.2665659737829538E-4
1.263067785374844E-4
1.2595884206230873E-4
1.2561277292987645E-4
1.252685562760125E-4
1.2492617739316784E-4
1.2458562172838224E-4
1.242468748812474E-4
1.2390992260193434E-4
1.2357475078922205E-4
1.2324134548858276E-4
1.2290969289027143E-4
1.2257977932747657E-4
1.2225159127445939E-4
1.2192511534476203E-4
1.2160033828941536E-4
1.2127724699517633E-4
1.209558284828195E-4
1.2063606990541219E-4
1.2031795854665445E-4
1.200014818192174E-4
1.1968662726311964E-4
1.1937338254412974E-4
1.1906173545217892E-4
1.1875167389981569E-4
1.1844318592067502E-4
1.1813625966795852E-4
1.1783088341296457E-4
1.1752704554361245E-4
1.172247345630078E-4
1.1692393908801913E-4
1.16624647847876E-4
1.1632684968279596E-4
1.1603053354261582E-4
1.157356884854647E-4
1.1544230367643371E-4
1.1515036838628474E-4
1.1485987199015872E-4
1.145708039663236E-4
1.1428315389492313E-4
1.1399691145675284E-4
1.1371206643204771E-4
1.1342860869929468E-4
1.1314652823405851E-4
1.1286581510781455E-4
1.1258645948682181E-4
1.1230845163099226E-4
1.1203178189277004E-4
1.1175644071605613E-4
1.114824186351235E-4
1.1120970627354792E-4
1.1093829434317145E-4
1.1066817364305465E-4
1.103993350584758E-4
1.1013176955990969E-4
1.0986546820204832E-4
1.0960042212282055E-4
1.0933662254242672E-4
1.0907406076239524E-4
1.0881272816462754E-4
1.0855261621050717E-4
1.0829371643995664E-4
1.0803602047055103E-4
1.0777951999663818E-4
1.0752420678845368E-4
1.0727007269126297E-4
1.0701710962451369E-4
1.0676530958098645E-4
1.0651466462597951E-4
1.0626516689648535E-4
1.0601680860038154E-4
1.057695820156481E-4
1.0552347948956555E-4
1.0527849343795768E-4
1.0503461634442177E-4
1.0479184075956648E-4
1.045501593002897E-4
1.0430956464902134E-4
1.0407004955301987E-4
1.0383160682364141E-4
1.0359422933564594E-4
1.0335791002649868E-4
1.0312264189568337E-4
1.0288841800402464E-4
1.0265523147301881E-4
1.0242307548417997E-4
1.0219194327837732E-4
1.019618281552022E-4
1.017327234723268E-4
1.015046226448904E-4
1.0127751914486329E-4
1.010514065004442E-4
1.0082627829546736E-4
1.0060212816879208E-4
1.0037894981372639E-4
1.0015673697744056E-4
9.99354834603995E-5
The correct rate for BP: 100.00% 
