0.8339483674448804
0.3309534963344261
0.07222197723382624
0.022086388347400635
0.015032641976723006
0.011473130474256008
0.009293952471526114
0.00781462255168191
0.006742028949750135
0.005927688085460569
0.0052879234101922985
0.00477184227287792
0.00434665472421913
0.003990256247055883
0.0036871908141897663
0.003426319918733281
0.0031994101453456567
0.003000242241624998
0.0028240296903466206
0.002667028015039514
0.002526265501942073
0.002399353427070347
0.002284349653508724
0.002179658852717773
0.002083958357289758
0.0019961422718203776
0.0019152787990725409
0.0018405772712560653
0.001771362403639082
0.0017070539885037945
0.0016471507331576325
0.001591217287294138
0.0015388737484901284
0.0014897871103741944
0.0014436642463323095
0.0014002461163355046
0.0013593029550937347
0.0013206302528865122
0.0012840453807721462
0.001249384742768755
0.001216501361433149
0.0011852628217878
0.001155549513042282
0.0011272531189763543
0.0011002753169037502
0.0010745266523537686
0.0010499255623955088
0.0010263975251946405
0.0010038743171729462
9.822933622179364E-4
9.615971599071545E-4
9.417327817793112E-4
9.226514263906805E-4
9.043080253079249E-4
8.866608933638637E-4
8.69671417483392E-4
8.5330377920835E-4
8.375247067405429E-4
8.223032529047795E-4
8.076105959259824E-4
7.934198603328877E-4
7.797059556563675E-4
7.664454308942349E-4
7.536163429742254E-4
7.411981376698341E-4
7.291715416157564E-4
7.175184642348245E-4
7.062219085317727E-4
6.952658898329024E-4
6.846353616583931E-4
6.743161480078958E-4
6.642948814215397E-4
6.545589462501231E-4
6.45096426630724E-4
6.358960587188546E-4
6.269471867766198E-4
6.182397227587195E-4
6.09764109075755E-4
6.015112842473267E-4
5.934726511868315E-4
5.856400478858038E-4
5.780057202887872E-4
5.705622971702571E-4
5.633027668434381E-4
5.562204555470636E-4
5.493090073709797E-4
5.425623655942462E-4
5.359747553211783E-4
5.295406673114869E-4
5.232548429095885E-4
5.171122599872363E-4
5.111081198207403E-4
5.052378348312114E-4
4.99497017122366E-4
4.938814677560343E-4
4.883871667106896E-4
4.8301026347270586E-4
4.777470682144486E-4
4.7259404351692174E-4
4.6754779659820094E-4
4.6260507201199245E-4
4.577627447834898E-4
4.5301781395229554E-4
4.4836739649454924E-4
4.4380872159858315E-4
4.3933912527030527E-4
4.3495604524643644E-4
4.3065701619527725E-4
4.264396651862873E-4
4.223017074110145E-4
4.1824094213934197E-4
4.142552488960577E-4
4.103425838439078E-4
4.065009763602353E-4
4.027285257952291E-4
3.990233984006899E-4
3.9538382441888745E-4
3.918080953219425E-4
3.88294561192651E-4
3.8484162823845976E-4
3.8144775643071216E-4
3.781114572618895E-4
3.7483129161404503E-4
3.7160586773201277E-4
3.68433839295503E-4
3.6531390358443365E-4
3.622447997323429E-4
3.592253070629715E-4
3.5625424350541285E-4
3.5333046408359556E-4
3.5045285947600877E-4
3.476203546418977E-4
3.4483190751046595E-4
3.420865077295909E-4
3.393831754710778E-4
3.367209602894002E-4
3.3409894003119125E-4
3.315162197928709E-4
3.2897193092397143E-4
3.264652300737798E-4
3.239952982792147E-4
3.215613400917673E-4
3.1916258274166965E-4
3.167982753373822E-4
3.1446768809871453E-4
3.1217011162189506E-4
3.0990485617514034E-4
3.076712510231419E-4
3.054686437791894E-4
3.0329639978358925E-4
3.011539015071119E-4
2.9904054797837674E-4
2.969557542339597E-4
2.948989507902974E-4
2.928695831362808E-4
2.9086711124565976E-4
2.8889100910836E-4
2.869407642798418E-4
2.850158774477043E-4
2.8311586201477354E-4
2.8124024369795774E-4
2.793885601421671E-4
2.775603605486199E-4
2.7575520531698344E-4
2.7397266570067876E-4
2.722123234748207E-4
2.7047377061626353E-4
2.687566089952267E-4
2.6706045007803946E-4
2.6538491464047536E-4
2.6372963249134867E-4
2.620942422058208E-4
2.6047839086813964E-4
2.588817338233319E-4
2.5730393443753957E-4
2.5574466386664685E-4
2.5420360083284305E-4
2.5268043140881907E-4
2.511748488093207E-4
2.4968655318969625E-4
2.4821525145127325E-4
2.4676065705317673E-4
2.45322489830451E-4
2.4390047581815372E-4
2.4249434708126135E-4
2.4110384155011117E-4
2.397287028612067E-4
2.3836868020317363E-4
2.370235281676572E-4
2.3569300660500662E-4
2.343768804845429E-4
2.3307491975924365E-4
2.31786899234724E-4
2.3051259844227104E-4
2.2925180151588343E-4
2.2800429707310182E-4
2.267698780995096E-4
2.2554834183680406E-4
2.2433948967425735E-4
2.2314312704349603E-4
2.2195906331646932E-4
2.2078711170644635E-4
2.1962708917204064E-4
2.184788163240242E-4
2.1734211733496518E-4
2.1621681985149114E-4
2.1510275490914984E-4
2.1399975684974464E-4
2.1290766324108504E-4
2.1182631479904385E-4
2.1075555531187596E-4
2.0969523156669448E-4
2.0864519327805605E-4
2.0760529301856032E-4
2.0657538615140902E-4
2.0555533076489595E-4
2.045449876086731E-4
2.035442200318547E-4
2.0255289392278708E-4
2.0157087765051808E-4
2.0059804200785907E-4
1.996342601559965E-4
1.9867940757064756E-4
1.9773336198962603E-4
1.9679600336186922E-4
1.958672137978077E-4
1.9494687752107177E-4
1.9403488082148966E-4
1.9313111200932155E-4
1.9223546137071381E-4
1.9134782112431806E-4
1.904680853790406E-4
1.8959615009291012E-4
1.8873191303299728E-4
1.8787527373637807E-4
1.8702613347209844E-4
1.8618439520411273E-4
1.8534996355518255E-4
1.8452274477166454E-4
1.8370264668921682E-4
1.8288957869935205E-4
1.820834517168478E-4
1.812841781479413E-4
1.804916718593587E-4
1.797058481480597E-4
1.7892662371178777E-4
1.7815391662029511E-4
1.773876462872961E-4
1.766277334430977E-4
1.7587410010790554E-4
1.7512666956575265E-4
1.7438536633909696E-4
1.736501161639724E-4
1.7292084596578277E-4
1.721974838356592E-4
1.714799590073508E-4
1.7076820183470692E-4
1.7006214376965627E-4
1.6936171734071028E-4
1.686668561319745E-4
1.67977494762642E-4
1.6729356886696682E-4
1.666150150746978E-4
1.659417709919607E-4
1.6527377518257296E-4
1.646109671498076E-4
1.63953287318539E-4
1.6330067701782755E-4
1.626530784638543E-4
1.6201043474329556E-4
1.6137268979702466E-4
1.6073978840418202E-4
1.601116761666289E-4
1.5948829949372117E-4
1.588696055874109E-4
1.582555424277069E-4
1.5764605875843218E-4
1.570411040732917E-4
1.5644062860224956E-4
1.5584458329820266E-4
1.5525291982394082E-4
1.5466559053938634E-4
1.5408254848910021E-4
1.5350374739007462E-4
1.52929141619769E-4
1.5235868620440185E-4
1.5179233680749537E-4
1.5123004971866023E-4
1.5067178184261296E-4
1.501174906884306E-4
1.4956713435901464E-4
1.4902067154079412E-4
1.4847806149362807E-4
1.479392640409145E-4
1.4740423955991388E-4
1.4687294897226217E-4
1.4634535373468898E-4
1.4582141582990436E-4
1.4530109775769685E-4
1.4478436252618408E-4
1.4427117364326322E-4
1.437614951082274E-4
1.4325529140352643E-4
1.4275252748674336E-4
1.4225316878266548E-4
1.4175718117557303E-4
1.4126453100164052E-4
1.4077518504150612E-4
1.4028911051297815E-4
1.3980627506389123E-4
1.3932664676509705E-4
1.3885019410359758E-4
1.3837688597579938E-4
1.379066916809134E-4
1.3743958091447342E-4
1.3697552376197553E-4
1.3651449069264801E-4
1.36056452553338E-4
1.35601380562506E-4
1.3514924630434537E-4
1.3470002172301355E-4
1.3425367911695956E-4
1.3381019113336025E-4
1.3336953076268615E-4
1.329316713333257E-4
1.3249658650634746E-4
1.320642502703419E-4
1.3163463693635923E-4
1.3120772113293992E-4
1.3078347780124688E-4
1.303618821902741E-4
1.2994290985214675E-4
1.2952653663751774E-4
1.2911273869102634E-4
1.287014924468629E-4
1.2829277462439155E-4
1.2788656222386942E-4
1.274828325222364E-4
1.2708156306897006E-4
1.2668273168203552E-4
1.262863164438914E-4
1.2589229569757047E-4
1.2550064804282295E-4
1.2511135233235474E-4
1.2472438766809158E-4
1.2433973339754073E-4
1.2395736911020218E-4
1.2357727463404374E-4
1.2319943003204312E-4
1.2282381559878194E-4
1.2245041185710256E-4
1.220791995548195E-4
1.217101596615046E-4
1.2134327336529346E-4
1.2097852206977724E-4
1.2061588739093326E-4
1.2025535115411321E-4
1.1989689539108031E-4
1.1954050233708665E-4
1.1918615442802098E-4
1.1883383429759053E-4
1.1848352477454711E-4
1.1813520887996695E-4
1.1778886982457302E-4
1.1744449100610971E-4
1.171020560067462E-4
1.1676154859052739E-4
1.1642295270087724E-4
1.1608625245813765E-4
1.1575143215713515E-4
1.1541847626480952E-4
1.1508736941786006E-4
1.1475809642045226E-4
1.1443064224192853E-4
1.1410499201460171E-4
1.1378113103153957E-4
1.1345904474441486E-4
1.1313871876137334E-4
1.1282013884494855E-4
1.1250329090999453E-4
1.1218816102167469E-4
1.1187473539344995E-4
1.1156300038513203E-4
1.1125294250094633E-4
1.1094454838763032E-4
1.1063780483256334E-4
1.1033269876193326E-4
1.1002921723891356E-4
1.0972734746188255E-4
1.0942707676267152E-4
1.0912839260483176E-4
1.088312825819279E-4
1.0853573441586744E-4
1.0824173595526023E-4
1.0794927517376558E-4
1.0765834016852394E-4
1.0736891915855857E-4
1.0708100048323868E-4
1.0679457260073758E-4
1.0650962408654387E-4
1.0622614363196495E-4
1.0594412004267448E-4
1.056635422372764E-4
1.0538439924588338E-4
1.0510668020872629E-4
1.0483037437478097E-4
1.0455547110040661E-4
1.0428195984802126E-4
1.0400983018478882E-4
1.0373907178131308E-4
1.0346967441037688E-4
1.0320162794567563E-4
1.0293492236059299E-4
1.0266954772695258E-4
1.024054942138558E-4
1.0214275208646355E-4
1.0188131170484567E-4
1.0162116352282815E-4
1.0136229808685893E-4
1.0110470603488975E-4
1.0084837809527656E-4
1.0059330508569564E-4
1.003394779120643E-4
1.0008688756750367E-4
9.983552513128706E-5
The correct rate for BP: 100.00% 
