1.2005826117710758
0.9699410624248684
0.668464914876056
0.4267675586707345
0.2662938499857408
0.17244990476058977
0.12044936977568568
0.08998453592994174
0.07065274373499923
0.05754761492894358
0.04819336519045245
0.041240011164358575
0.03590082532285057
0.03169132220252559
0.028299141401138435
0.02551499626153995
0.023194012054162213
0.02123306116731103
0.019556938826660538
0.01810963543165998
0.016848657795442534
0.015741234623722816
0.014761720502084498
0.013889782037986657
0.013109106313890928
0.01240646542804872
0.011771028389623158
0.01119384778714622
0.010667471879976395
0.01018564798723761
0.009743093208637157
0.009335315405120986
0.008958472116872597
0.008609258415243778
0.008284817035354707
0.007982665820659771
0.007700638732099185
0.007436837569418233
0.007189592214629309
0.006957427702465383
0.006739036795666833
0.006533257026415985
0.006339051382363827
0.006155491983244168
0.005981746224270139
0.005817064964358263
0.005660772417401222
0.005512257468305242
0.005370966186077955
0.005236395346748855
0.005108086811502568
0.004985622631774062
0.004868620774487841
0.0047567313781213365
0.004649633464621958
0.004547032044022063
0.004448655558363381
0.004354253619648225
0.004263595003285918
0.004176465864146123
0.0040926681470632945
0.004012018167619747
0.003934345342395787
0.003859491050722426
0.0037873076123887362
0.0037176573678146677
0.003650411848957521
0.0035854510307255024
0.003522662653963289
0.003461941612186379
0.0034031893951997814
0.003346313583565384
0.003291227388601433
0.0032378492332204227
0.003186102369455507
0.0031359145289985646
0.0030872176034868635
0.003039947351637701
0.0029940431306478064
0.002949447649553775
0.002906106742495531
0.0028639691600416024
0.0028229863769263413
0.002783112414718985
0.002744303678094156
0.002706518803507168
0.0026697185191956125
0.002633865515534258
0.002598924324864615
0.0025648612100040817
0.0025316440607149313
0.002499242297480511
0.002467626781996378
0.002436769733837954
0.0024066446528151165
0.0023772262465678144
0.00234849036299603
0.002320413927153239
0.0022929748822643745
0.0022661521345582877
0.002239925501631255
0.002214275664081475
0.0021891841201762624
0.002164633143333282
0.0021406057422148177
0.0021170856232503505
0.0020940571554173126
0.0020715053371236905
0.002049415765047798
0.002027774604802306
0.0020065685632995258
0.0019857848627043064
0.0019654112158696583
0.0019454358031577921
0.0019258472505565877
0.00190663460900827
0.001887787334872698
0.0018692952714537898
0.0018511486315222216
0.0018333379807726274
0.001815854222157615
0.0017986885810452405
0.0017818325911497855
0.0017652780811896235
0.0017490171622287713
0.001733042215661774
0.0017173458818041344
0.0017019210490532744
0.0016867608435869729
0.0016718586195686592
0.001657207949830712
0.0016428026170089256
0.001628636605102921
0.001614704091438919
0.0016009994390127113
0.0015875171891920838
0.0015742520547592656
0.0015611989132751124
0.0015483528007477782
0.0015357089055899075
0.0015232625628490227
0.0015110092486969534
0.0014989445751647649
0.0014870642851108327
0.001475364247409734
0.0014638404523511402
0.0014524890072379422
0.0014413061321736779
0.001430288156029885
0.0014194315125845315
0.001408732736823001
0.0013981884613939735
0.001387795413212484
0.0013775504102032004
0.0013674503581772748
0.0013574922478363442
0.0013476731518977463
0.00133799022233537
0.001328440687730543
0.0013190218507281746
0.0013097310855930933
0.001300565835862119
0.001291523612087539
0.001282601989667859
0.00127379860676187
0.0012651111622825001
0.0012565374139666971
0.001248075176518248
0.001239722319820113
0.0012314767672134777
0.0012233364938405128
0.0012152995250481816
0.0012073639348504136
0.0011995278444463192
0.001191789420791929
0.0011841468752233197
0.0011765984621289654
0.0011691424776692683
0.0011617772585413508
0.001154501180787235
0.0011473126586436333
0.001140210143431777
0.0011331921224854789
0.0011262571181161227
0.0011194036866129318
0.0011126304172772222
0.0011059359314892967
0.0010993188818066554
0.0010927779510923722
0.0010863118516723869
0.0010799193245207201
0.0010735991384714155
0.0010673500894562747
0.0010611709997674157
0.0010550607173436125
0.0010490181150796909
0.001043042090158006
0.001037131563401167
0.0010312854786453513
0.0010255028021333144
0.0010197825219264598
0.001014123647335249
0.0010085252083673044
0.0010029862551925413
9.97505857624747E-4
9.92083104619035E-4
9.867171037845313E-4
9.814069809119003E-4
9.761518795150278E-4
9.7095096038649E-4
9.658034011662777E-4
9.60708395923304E-4
9.556651547493139E-4
9.506729033647106E-4
9.457308827359156E-4
9.408383487038968E-4
9.359945716234351E-4
9.311988360128175E-4
9.264504402136109E-4
9.217486960600836E-4
9.170929285581476E-4
9.124824755732831E-4
9.079166875273265E-4
9.033949271037463E-4
8.989165689611531E-4
8.944809994547622E-4
8.900876163655879E-4
8.857358286370979E-4
8.814250561190459E-4
8.771547293184016E-4
8.729242891569148E-4
8.687331867353745E-4
8.645808831041154E-4
8.604668490397674E-4
8.56390564827889E-4
8.523515200514531E-4
8.483492133848901E-4
8.443831523935686E-4
8.404528533385568E-4
8.365578409864746E-4
8.326976484242883E-4
8.288718168789309E-4
8.250798955415611E-4
8.213214413963208E-4
8.175960190535281E-4
8.139032005870801E-4
8.102425653759745E-4
8.066136999498898E-4
8.030161978385901E-4
7.994496594251507E-4
7.959136918028403E-4
7.924079086355301E-4
7.889319300216123E-4
7.854853823612319E-4
7.820678982268092E-4
7.786791162367042E-4
7.753186809319907E-4
7.719862426561775E-4
7.686814574379183E-4
7.654039868764294E-4
7.621534980297698E-4
7.589296633057198E-4
7.557321603552951E-4
7.525606719687492E-4
7.494148859740698E-4
7.462944951378456E-4
7.431991970684554E-4
7.401286941215177E-4
7.370826933075449E-4
7.340609062017392E-4
7.310630488558711E-4
7.280888417121444E-4
7.251380095191256E-4
7.222102812495004E-4
7.193053900197524E-4
7.164230730116197E-4
7.135630713954055E-4
7.107251302548928E-4
7.079089985140725E-4
7.051144288653879E-4
7.023411776996718E-4
6.995890050375727E-4
6.968576744625257E-4
6.941469530551898E-4
6.91456611329331E-4
6.887864231690781E-4
6.861361657675923E-4
6.835056195670184E-4
6.808945681997685E-4
6.783027984310624E-4
6.757301001026773E-4
6.731762660779353E-4
6.706410921878464E-4
6.681243771783961E-4
6.656259226589531E-4
6.631455330517466E-4
6.606830155424549E-4
6.582381800317588E-4
6.558108390879554E-4
6.534008079005629E-4
6.510079042348552E-4
6.486319483873425E-4
6.462727631421922E-4
6.439301737285364E-4
6.41604007778617E-4
6.392940952868434E-4
6.370002685696324E-4
6.347223622260993E-4
6.324602130995051E-4
6.302136602395097E-4
6.27982544865164E-4
6.257667103286781E-4
6.235660020798362E-4
6.213802676311923E-4
6.192093565239191E-4
6.170531202943605E-4
6.149114124411779E-4
6.127840883932274E-4
6.106710054779787E-4
6.085720228906362E-4
6.064870016637621E-4
6.044158046375962E-4
6.023582964308368E-4
6.003143434120794E-4
5.982838136717502E-4
5.962665769945764E-4
5.942625048326059E-4
5.922714702787247E-4
5.902933480406784E-4
5.883280144155724E-4
5.863753472648765E-4
5.844352259898792E-4
5.825075315076101E-4
5.805921462271946E-4
5.786889540266878E-4
5.767978402302837E-4
5.749186915859877E-4
5.73051396243692E-4
5.711958437336284E-4
5.693519249452466E-4
5.67519532106482E-4
5.65698558763345E-4
5.638888997599751E-4
5.620904512189414E-4
5.603031105220253E-4
5.585267762912172E-4
5.567613483701721E-4
5.550067278059036E-4
5.532628168308887E-4
5.515295188453995E-4
5.498067384002276E-4
5.480943811796766E-4
5.46392353984855E-4
5.447005647172642E-4
5.430189223626855E-4
5.413473369753393E-4
5.396857196623063E-4
5.380339825682641E-4
5.363920388604335E-4
5.347598027138136E-4
5.331371892966819E-4
5.315241147563173E-4
5.299204962049714E-4
5.283262517061095E-4
5.267413002608562E-4
5.251655617946664E-4
5.23598957144256E-4
5.220414080447058E-4
5.204928371168333E-4
5.189531678547461E-4
5.174223246136065E-4
5.159002325975941E-4
5.143868178481093E-4
5.128820072321158E-4
5.113857284306983E-4
5.098979099278548E-4
5.084184809993771E-4
5.069473717020214E-4
5.054845128627706E-4
5.040298360683152E-4
5.025832736547099E-4
5.011447586971694E-4
4.997142250000543E-4
4.982916070870087E-4
4.9687684019126E-4
4.954698602460705E-4
4.940706038753475E-4
4.926790083844079E-4
4.912950117508742E-4
4.899185526157187E-4
4.885495702744889E-4
4.871880046685959E-4
4.8583379637681765E-4
4.844868866068912E-4
4.831472171872387E-4
4.818147305588519E-4
4.804893697672575E-4
4.791710784546768E-4
4.778598008522158E-4
4.765554817722686E-4
4.752580666009618E-4
4.739675012907817E-4
4.7268373235325026E-4
4.714067068517761E-4
4.701363723945579E-4
4.688726771276561E-4
4.6761556972809744E-4
4.663649993971633E-4
4.6512091585371445E-4
4.638832693276534E-4
4.626520105534773E-4
4.614270907639284E-4
4.6020846168372276E-4
4.5899607552341243E-4
4.577898849732857E-4
4.5658984319741714E-4
4.553959038277511E-4
4.542080209583172E-4
4.5302614913949875E-4
4.5185024337241457E-4
4.5068025910334757E-4
4.495161522182947E-4
4.4835787903757854E-4
4.472053963105187E-4
4.460586612102234E-4
4.4491763132841405E-4
4.437822646703588E-4
4.42652519649858E-4
4.4152835508430945E-4
4.4040973018983655E-4
4.3929660457651574E-4
4.3818893824363226E-4
4.370866915750278E-4
4.359898253345029E-4
4.348983006613122E-4
4.338120790656828E-4
4.3273112242442043E-4
4.3165539297657557E-4
4.305848533191745E-4
4.2951946640299864E-4
4.284591955284268E-4
4.274040043413381E-4
4.2635385682908536E-4
4.253087173165021E-4
4.242685504619743E-4
4.2323332125355633E-4
4.222029950051852E-4
4.2117753735286913E-4
4.201569142510149E-4
4.19141091968737E-4
4.181300370862496E-4
4.17123716491312E-4
4.1612209737570206E-4
4.1512514723175654E-4
4.1413283384895755E-4
4.131451253105351E-4
4.1216198999017006E-4
4.1118339654868985E-4
4.1020931393083643E-4
4.092397113620689E-4
4.0827455834542716E-4
4.073138246584005E-4
4.063574803498679E-4
4.054054957370748E-4
4.044578414026453E-4
4.035144881916349E-4
4.0257540720860826E-4
4.0164056981480383E-4
4.0070994762526083E-4
3.9978351250605774E-4
3.98861236571535E-4
3.9794309218158625E-4
3.970290519389588E-4
3.9611908868661665E-4
3.952131755051084E-4
3.9431128571001386E-4
3.9341339284936497E-4
3.9251947070113803E-4
3.9162949327077297E-4
3.9074343478873495E-4
3.898612697080704E-4
3.8898297270204083E-4
3.881085186617496E-4
3.872378826938179E-4
3.8637104011809547E-4
3.8550796646537604E-4
3.8464863747517065E-4
3.837930290934887E-4
3.829411174706602E-4
3.820928789591741E-4
3.81248290111546E-4
3.8040732767823674E-4
3.7956996860554425E-4
3.787361900335779E-4
3.7790596929423016E-4
3.7707928390917026E-4
3.762561115878821E-4
3.754364302256892E-4
3.746202179018721E-4
3.738074528777267E-4
3.7299811359470546E-4
3.72192178672559E-4
3.7138962690750363E-4
3.705904372704055E-4
3.6979458890501357E-4
3.690020611261702E-4
3.682128334180784E-4
3.674268854325733E-4
3.66644196987433E-4
3.6586474806467637E-4
3.6508851880893376E-4
3.643154895257595E-4
3.6354564068006255E-4
3.627789528944675E-4
3.620154069477453E-4
3.6125498377325067E-4
3.604976644573805E-4
3.597434302380326E-4
3.5899226250312274E-4
3.5824414278906277E-4
3.57499052779317E-4
3.567569743029366E-4
3.5601788933310356E-4
3.5528177998574715E-4
3.5454862851810886E-4
3.5381841732736515E-4
3.53091128949253E-4
3.5236674605672563E-4
3.516452514586017E-4
3.5092662809823347E-4
3.5021085905222166E-4
3.4949792752910923E-4
3.4878781686809387E-4
3.4808051053778107E-4
3.4737599213493185E-4
3.466742453832107E-4
3.459752541319982E-4
3.452790023551405E-4
3.445854741498099E-4
3.438946537352749E-4
3.4320652545177143E-4
3.425210737593286E-4
3.4183828323664786E-4
3.4115813857995295E-4
3.4048062460190724E-4
3.398057262304869E-4
3.391334285079032E-4
3.3846371658952215E-4
3.377965757428159E-4
3.3713199134628795E-4
3.3646994888845023E-4
3.358104339667816E-4
3.351534322867254E-4
3.344989296606768E-4
3.3384691200697564E-4
3.331973653489446E-4
3.325502758139061E-4
3.3190562963221617E-4
3.312634131363258E-4
3.306236127598257E-4
3.2998621503652433E-4
3.2935120659953563E-4
3.287185741803414E-4
3.2808830460792675E-4
3.274603848078601E-4
3.2683480180144313E-4
3.262115427048016E-4
3.255905947280534E-4
3.2497194517444833E-4
3.2435558143952263E-4
3.237414910102686E-4
3.2312966146430836E-4
3.2252008046907007E-4
3.2191273578099835E-4
3.213076152447465E-4
3.207047067923742E-4
3.201039984425821E-4
3.195054782999466E-4
3.1890913455412883E-4
3.183149554791399E-4
3.17722929432577E-4
3.1713304485489577E-4
3.1654529026867064E-4
3.159596542778708E-4
3.1537612556713896E-4
3.147946929010927E-4
3.1421534512360224E-4
3.136380711571156E-4
3.130628600019647E-4
3.124897007356774E-4
3.1191858251230885E-4
3.113494945617811E-4
3.1078242618920655E-4
3.102173667742599E-4
3.0965430577051E-4
3.0909323270478305E-4
3.0853413717655826E-4
3.079770088572916E-4
3.074218374898447E-4
3.0686861288784385E-4
3.063173249350761E-4
3.057679635849009E-4
3.0522051885963536E-4
3.046749808499931E-4
3.0413133971446746E-4
3.035895856787845E-4
3.030497090353221E-4
3.025117001425352E-4
3.019755494244131E-4
3.014412473699143E-4
3.009087845324216E-4
3.003781515291995E-4
2.998493390408576E-4
2.993223378108238E-4
2.9879713864480425E-4
2.9827373241027885E-4
2.977521100359722E-4
2.9723226251135096E-4
2.9671418088612444E-4
2.9619785626971295E-4
2.9568327983079496E-4
2.951704427967852E-4
2.946593364533664E-4
2.941499521439959E-4
2.936422812694386E-4
2.9313631528728515E-4
2.926320457114962E-4
2.921294641119382E-4
2.9162856211391736E-4
2.9112933139773846E-4
2.90631763698235E-4
2.9013585080434794E-4
2.8964158455867733E-4
2.8914895685704567E-4
2.886579596480571E-4
2.881685849326878E-4
2.8768082476384696E-4
2.871946712459649E-4
2.867101165345819E-4
2.862271528359249E-4
2.8574577240650563E-4
2.852659675527236E-4
2.8478773063046357E-4
2.8431105404468944E-4
2.838359302490672E-4
2.833623517455672E-4
2.8289031108408E-4
2.824198008620463E-4
2.819508137240632E-4
2.814833423615215E-4
2.810173795122361E-4
2.805529179600709E-4
2.800899505345844E-4
2.796284701106663E-4
2.7916846960818144E-4
2.7870994199161435E-4
2.782528802697258E-4
2.7779727749519917E-4
2.7734312676430195E-4
2.7689042121655096E-4
2.7643915403435386E-4
2.75989318442704E-4
2.755409077088355E-4
2.7509391514188834E-4
2.7464833409260054E-4
2.7420415795297666E-4
2.737613801559715E-4
2.7331999417517323E-4
2.728799935244858E-4
2.724413717578407E-4
2.720041224688553E-4
2.7156823929056883E-4
2.711337158950982E-4
2.7070054599337775E-4
2.702687233348403E-4
2.6983824170713245E-4
2.694090949358209E-4
2.6898127688410506E-4
2.685547814525419E-4
2.6812960257873873E-4
2.677057342370983E-4
2.672831704385329E-4
2.668619052301812E-4
2.664419326951509E-4
2.6602324695223194E-4
2.656058421556389E-4
2.6518971249474505E-4
2.6477485219382176E-4
2.6436125551176654E-4
2.63948916741855E-4
2.6353783021148826E-4
2.63127990281923E-4
2.6271939134803977E-4
2.623120278380785E-4
2.619058942133997E-4
2.6150098496823866E-4
2.6109729462945615E-4
2.606948177563064E-4
2.6029354894020133E-4
2.5989348280445746E-4
2.5949461400408134E-4
2.59096937225524E-4
2.5870044718645735E-4
2.5830513863554636E-4
2.5791100635221616E-4
2.5751804514643714E-4
2.5712624985849597E-4
2.567356153587769E-4
2.5634613654754667E-4
2.5595780835473413E-4
2.555706257397139E-4
2.5518458369110266E-4
2.547996772265396E-4
2.544159013924766E-4
2.540332512639813E-4
2.5365172194452025E-4
2.5327130856576144E-4
2.528920062873671E-4
2.5251381029680253E-4
2.521367158091294E-4
2.5176071806680693E-4
2.513858123395088E-4
2.51011993923921E-4
2.5063925814354277E-4
2.502676003485128E-4
2.498970159154143E-4
2.4952750024707964E-4
2.491590487724071E-4
2.487916569462004E-4
2.4842532024894513E-4
2.48060034186665E-4
2.4769579429072014E-4
2.473325961176394E-4
2.469704352489457E-4
2.466093072909653E-4
2.4624920787467915E-4
2.4589013265553144E-4
2.4553207731326594E-4
2.4517503755176187E-4
2.4481900909885114E-4
2.444639877061677E-4
2.4410996914898573E-4
2.4375694922602843E-4
2.4340492375934535E-4
2.4305388859411796E-4
2.4270383959851765E-4
2.4235477266353913E-4
2.4200668370285845E-4
2.4165956865265486E-4
2.4131342347147536E-4
2.4096824414007053E-4
2.4062402666125138E-4
2.4028076705973303E-4
2.3993846138198313E-4
2.395971056960823E-4
2.392566960915686E-4
2.3891722867929577E-4
2.3857869959128776E-4
2.382411049806023E-4
2.379044410211768E-4
2.3756870390769433E-4
2.3723388985543546E-4
2.368999951001623E-4
2.365670158979482E-4
2.3623494852507027E-4
2.3590378927785643E-4
2.3557353447255133E-4
2.3524418044519843E-4
2.3491572355148984E-4
2.345881601666467E-4
2.342614866852777E-4
2.339356995212662E-4
2.3361079510763157E-4
2.332867698963944E-4
2.3296362035847505E-4
2.3264134298354205E-4
2.323199342799031E-4
2.3199939077437693E-4
2.3167970901217508E-4
2.3136088555677717E-4
2.3104291698981214E-4
2.3072579991093768E-4
2.3040953093772266E-4
2.300941067055321E-4
2.297795238674093E-4
2.294657790939551E-4
2.2915286907322305E-4
2.2884079051059756E-4
2.2852954012868765E-4
2.2821911466720224E-4
2.2790951088285874E-4
2.2760072554925815E-4
2.2729275545678036E-4
2.2698559741246948E-4
2.2667924823994035E-4
2.2637370477925577E-4
2.2606896388683304E-4
2.2576502243532796E-4
2.2546187731354374E-4
2.2515952542630653E-4
2.2485796369439107E-4
2.2455718905439013E-4
2.242571984586359E-4
2.2395798887508197E-4
2.2365955728721247E-4
2.2336190069394894E-4
2.230650161095413E-4
2.227689005634683E-4
2.2247355110035786E-4
2.2217896477987726E-4
2.2188513867662924E-4
2.2159206988008485E-4
2.2129975549446798E-4
2.2100819263866058E-4
2.207173784461313E-4
2.2042731006482105E-4
2.2013798465706508E-4
2.1984939939949459E-4
2.1956155148295528E-4
2.1927443811241306E-4
2.18988056506871E-4
2.1870240389926409E-4
2.1841747753640332E-4
2.181332746788625E-4
2.1784979260090458E-4
2.1756702859038941E-4
2.172849799487009E-4
2.170036439906473E-4
2.1672301804439523E-4
2.1644309945137883E-4
2.1616388556620718E-4
2.1588537375660528E-4
2.156075614033156E-4
2.15330445900025E-4
2.1505402465328094E-4
2.147782950824211E-4
2.1450325461948617E-4
2.1422890070914465E-4
2.1395523080862034E-4
2.136822423876059E-4
2.1340993292819183E-4
2.1313829992479532E-4
2.1286734088408305E-4
2.1259705332488406E-4
2.1232743477814407E-4
2.1205848278681632E-4
2.1179019490582225E-4
2.1152256870195024E-4
2.1125560175380874E-4
2.1098929165173517E-4
2.107236359977441E-4
2.104586324054324E-4
2.1019427849993562E-4
2.099305719178401E-4
2.0966751030712278E-4
2.0940509132708247E-4
2.091433126482691E-4
2.0888217195241584E-4
2.086216669323787E-4
2.0836179529205845E-4
2.081025547463508E-4
2.0784394302106535E-4
2.0758595785287364E-4
2.073285969892322E-4
2.0707185818832967E-4
2.068157392190142E-4
2.065602378607393E-4
2.0630535190349468E-4
2.060510791477446E-4
2.0579741740436476E-4
2.0554436449459338E-4
2.052919182499489E-4
2.0504007651218732E-4
2.0478883713323634E-4
2.0453819797513145E-4
2.0428815690996113E-4
2.0403871181980983E-4
2.0378986059669383E-4
2.035416011425116E-4
2.0329393136897807E-4
2.0304684919756922E-4
2.0280035255946805E-4
2.0255443939550495E-4
2.023091076561066E-4
2.0206435530123912E-4
2.01820180300341E-4
2.0157658063229034E-4
2.013335542853267E-4
2.0109109925702169E-4
2.0084921355419772E-4
2.006078951929039E-4
2.0036714219833697E-4
2.0012695260480286E-4
1.9988732445566618E-4
1.996482558032892E-4
1.9940974470898E-4
1.9917178924295815E-4
1.989343874842821E-4
1.9869753752081718E-4
1.984612374491655E-4
1.9822548537463486E-4
1.979902794111792E-4
1.9775561768135754E-4
1.9752149831627253E-4
1.9728791945552678E-4
1.9705487924719133E-4
1.968223758477282E-4
1.9659040742196394E-4
1.9635897214304368E-4
1.9612806819236577E-4
1.958976937595548E-4
1.9566784704240533E-4
1.9543852624683683E-4
1.9520972958685372E-4
1.9498145528449163E-4
1.9475370156977516E-4
1.9452646668067993E-4
1.9429974886308094E-4
1.940735463707093E-4
1.9384785746511026E-4
1.9362268041559503E-4
1.9339801349921095E-4
1.931738550006811E-4
1.9295020321237027E-4
1.9272705643425033E-4
1.9250441297383658E-4
1.922822711461704E-4
1.9206062927375932E-4
1.9183948568655078E-4
1.9161883872187595E-4
1.9139868672441847E-4
1.9117902804617493E-4
1.9095986104640915E-4
1.9074118409161326E-4
1.9052299555547656E-4
1.9030529381883058E-4
1.9008807726962458E-4
1.8987134430287943E-4
1.896550933206514E-4
1.8943932273198522E-4
1.8922403095289424E-4
1.890092164063063E-4
1.8879487752203192E-4
1.8858101273672753E-4
1.8836762049385266E-4
1.881546992436488E-4
1.879422474430787E-4
1.8773026355581283E-4
1.875187460521823E-4
1.8730769340913382E-4
1.8709710411021662E-4
1.8688697664552838E-4
1.8667730951168915E-4
1.8646810121179406E-4
1.862593502554048E-4
1.860510551584826E-4
1.8584321444337722E-4
1.8563582663877934E-4
1.85428890279695E-4
1.852224039074131E-4
1.8501636606945966E-4
1.848107753195793E-4
1.8460563021769204E-4
1.8440092932986473E-4
1.841966712282798E-4
1.8399285449119526E-4
1.8378947770292565E-4
1.8358653945379548E-4
1.8338403834011893E-4
1.8318197296415654E-4
1.8298034193409872E-4
1.8277914386402613E-4
1.8257837737387225E-4
1.8237804108940414E-4
1.8217813364218783E-4
1.8197865366955407E-4
1.8177959981457165E-4
1.8158097072601715E-4
1.8138276505834828E-4
1.8118498147166404E-4
1.8098761863168716E-4
1.8079067520972755E-4
1.80594149882654E-4
1.803980413328645E-4
1.8020234824826472E-4
1.8000706932223243E-4
1.7981220325358465E-4
1.7961774874656106E-4
1.7942370451079094E-4
1.7923006926125635E-4
1.7903684171828322E-4
1.7884402060749943E-4
1.786516046598087E-4
1.7845959261136355E-4
1.7826798320354892E-4
1.7807677518293907E-4
1.7788596730128713E-4
1.776955583154766E-4
1.7750554698752307E-4
1.7731593208452474E-4
1.771267123786454E-4
1.76937886647096E-4
1.7674945367209194E-4
1.7656141224083838E-4
1.7637376114550623E-4
1.7618649918320494E-4
1.7599962515594877E-4
1.758131378706482E-4
1.7562703613907064E-4
1.754413187778172E-4
1.7525598460831792E-4
1.7507103245677328E-4
1.748864611541601E-4
1.747022695361875E-4
1.745184564432905E-4
1.743350207205932E-4
1.7415196121788515E-4
1.7396927678960545E-4
1.7378696629481567E-4
1.736050285971754E-4
1.7342346256492047E-4
1.7324226707084045E-4
1.730614409922538E-4
1.7288098321099034E-4
1.7270089261336232E-4
1.7252116809014147E-4
1.723418085365466E-4
1.7216281285221214E-4
1.719841799411666E-4
1.7180590871181977E-4
1.7162799807692394E-4
1.714504469535712E-4
1.7127325426316125E-4
1.7109641893138218E-4
1.7091993988818332E-4
1.7074381606777054E-4
1.7056804640856968E-4
1.703926298532074E-4
1.7021756534850105E-4
1.7004285184542354E-4
1.6986848829909785E-4
1.6969447366876056E-4
1.695208069177564E-4
1.693474870135149E-4
1.691745129275131E-4
1.69001883635287E-4
1.6882959811638184E-4
1.6865765535435456E-4
1.6848605433673772E-4
1.6831479405503023E-4
1.6814387350467776E-4
1.6797329168504707E-4
1.678030475994126E-4
1.676331402549346E-4
1.6746356866264146E-4
1.6729433183741162E-4
1.6712542879795494E-4
1.6695685856679235E-4
1.6678862017023745E-4
1.666207126383787E-4
1.6645313500506605E-4
1.6628588630788224E-4
1.6611896558813499E-4
1.6595237189083486E-4
1.6578610426467858E-4
1.6562016176202812E-4
1.654545434388887E-4
1.652892483549173E-4
1.6512427557336686E-4
1.6495962416109366E-4
1.6479529318854275E-4
1.6463128172971062E-4
1.644675888621481E-4
1.6430421366693304E-4
1.641411552286533E-4
1.639784126353982E-4
1.6381598497873707E-4
1.636538713536916E-4
1.634920708587399E-4
1.6333058259578845E-4
1.631694056701574E-4
1.6300853919056453E-4
1.628479822691042E-4
1.6268773402124587E-4
1.6252779356579788E-4
1.6236816002491446E-4
1.6220883252406003E-4
1.6204981019200075E-4
1.61891092160797E-4
1.6173267756577802E-4
1.615745655455236E-4
1.6141675524186075E-4
1.6125924579984163E-4
1.611020363677301E-4
1.609451260969837E-4
1.6078851414223972E-4
1.606321996613063E-4
1.604761818151366E-4
1.6032045976782693E-4
1.6016503268658985E-4
1.600098997417475E-4
1.598550601067182E-4
1.597005129579982E-4
1.5954625747514133E-4
1.593922928407587E-4
1.592386182404954E-4
1.5908523286302002E-4
1.5893213590000872E-4
1.5877932654612877E-4
1.5862680399903104E-4
1.5847456745933508E-4
1.5832261613060738E-4
1.5817094921936043E-4
1.5801956593502656E-4
1.578684654899572E-4
1.5771764709939786E-4
1.575671099814801E-4
1.5741685335721373E-4
1.5726687645046056E-4
1.5711717848793515E-4
1.5696775869918E-4
1.5681861631656294E-4
1.5666975057526022E-4
1.565211607132344E-4
1.563728459712411E-4
1.562248055928005E-4
1.5607703882418656E-4
1.5592954491442436E-4
1.557823231152659E-4
1.5563537268118897E-4
1.5548869286936877E-4
1.55342282939684E-4
1.5519614215469445E-4
1.5505026977962963E-4
1.549046650823784E-4
1.547593273334787E-4
1.5461425580609277E-4
1.5446944977602525E-4
1.54324908521674E-4
1.5418063132404569E-4
1.5403661746673315E-4
1.538928662359026E-4
1.5374937692029178E-4
1.536061488111828E-4
1.534631812024078E-4
1.5332047339032182E-4
1.5317802467381073E-4
1.5303583435425576E-4
1.5289390173554013E-4
1.527522261240341E-4
1.5261080682858145E-4
1.5246964316048924E-4
1.523287344335198E-4
1.5218807996387427E-4
1.5204767907018625E-4
1.5190753107350956E-4
1.5176763529730567E-4
1.5162799106743994E-4
1.5148859771215963E-4
1.51349454562097E-4
1.512105609502449E-4
1.5107191621195688E-4
1.5093351968493488E-4
1.5079537070921382E-4
1.5065746862715228E-4
1.5051981278343138E-4
1.5038240252503247E-4
1.5024523720123573E-4
1.5010831616360626E-4
1.4997163876598042E-4
1.4983520436446856E-4
1.4969901231742558E-4
1.4956306198546588E-4
1.494273527314235E-4
1.4929188392037726E-4
1.4915665491960686E-4
1.4902166509860672E-4
1.488869138290692E-4
1.4875240048487084E-4
1.4861812444206754E-4
1.484840850788873E-4
1.4835028177571734E-4
1.4821671391508659E-4
1.480833808816761E-4
1.479502820622946E-4
1.478174168458716E-4
1.4768478462345231E-4
1.4755238478818278E-4
1.4742021673530746E-4
1.4728827986216196E-4
1.4715657356814254E-4
1.4702509725473224E-4
1.4689385032546671E-4
1.4676283218592498E-4
1.4663204224374458E-4
1.465014799085766E-4
1.4637114459210973E-4
1.462410357080475E-4
1.4611115267209492E-4
1.459814949019607E-4
1.458520618173383E-4
1.457228528399116E-4
1.4559386739332892E-4
1.4546510490320662E-4
1.4533656479712043E-4
1.4520824650459253E-4
1.450801494570801E-4
1.4495227308798165E-4
1.4482461683260962E-4
1.4469718012819825E-4
1.4456996241388987E-4
1.4444296313071927E-4
1.4431618172161951E-4
1.4418961763140454E-4
1.440632703067607E-4
1.4393713919624962E-4
1.4381122375028358E-4
1.43685523421133E-4
1.4356003766290775E-4
1.434347659315583E-4
1.4330970768486673E-4
1.431848623824226E-4
1.430602294856453E-4
1.4293580845775009E-4
1.428115987637506E-4
1.4268759987045914E-4
1.4256381124646194E-4
1.4244023236212954E-4
1.4231686268959267E-4
1.4219370170274676E-4
1.420707488772438E-4
1.4194800369048003E-4
1.4182546562159257E-4
1.417031341514459E-4
1.4158100876263577E-4
1.414590889394749E-4
1.413373741679782E-4
1.4121586393587527E-4
1.410945577325898E-4
1.4097345504922597E-4
1.4085255537858604E-4
1.407318582151339E-4
1.4061136305501255E-4
1.4049106939601985E-4
1.403709767376112E-4
1.4025108458089427E-4
1.401313924286121E-4
1.400118997851466E-4
1.3989260615650338E-4
1.3977351105031865E-4
1.3965461397583357E-4
1.395359144439046E-4
1.394174119669847E-4
1.3929910605912688E-4
1.3918099623596837E-4
1.3906308201473285E-4
1.3894536291421432E-4
1.3882783845478344E-4
1.3871050815837064E-4
1.3859337154846095E-4
1.38476428150091E-4
1.383596774898433E-4
1.3824311909583486E-4
1.381267524977206E-4
1.380105772266716E-4
1.3789459281538573E-4
1.377787987980723E-4
1.3766319471044793E-4
1.375477800897275E-4
1.3743255447462184E-4
1.373175174053319E-4
1.3720266842354308E-4
1.3708800707241774E-4
1.3697353289658174E-4
1.3685924544213577E-4
1.3674514425663484E-4
1.3663122888909237E-4
1.365174988899594E-4
1.3640395381113663E-4
1.362905932059615E-4
1.361774166292001E-4
1.360644236370407E-4
1.3595161378709267E-4
1.3583898663838064E-4
1.3572654175133327E-4
1.3561427868778194E-4
1.355021970109595E-4
1.353902962854801E-4
1.3527857607735828E-4
1.3516703595397203E-4
1.3505567548408138E-4
1.3494449423782066E-4
1.3483349178668072E-4
1.347226677035117E-4
1.3461202156251514E-4
1.3450155293925008E-4
1.343912614106107E-4
1.342811465548184E-4
1.341712079514458E-4
1.3406144518137548E-4
1.33951857826825E-4
1.3384244547131612E-4
1.337332076996913E-4
1.3362414409808846E-4
1.3351525425395595E-4
1.3340653775603515E-4
1.33297994194354E-4
1.3318962316022796E-4
1.3308142424625622E-4
1.3297339704630877E-4
1.328655411555311E-4
1.3275785617033103E-4
1.3265034168837236E-4
1.3254299730858834E-4
1.3243582263114626E-4
1.3232881725747155E-4
1.3222198079022678E-4
1.3211531283331161E-4
1.3200881299185607E-4
1.319024808722165E-4
1.3179631608197515E-4
1.3169031822992593E-4
1.3158448692608048E-4
1.3147882178165613E-4
1.3137332240907175E-4
1.312679884219477E-4
1.3116281943509835E-4
1.3105781506452633E-4
1.3095297492742155E-4
1.3084829864214745E-4
1.3074378582824889E-4
1.3063943610644338E-4
1.3053524909861306E-4
1.304312244278006E-4
1.3032736171821003E-4
1.302236605951927E-4
1.3012012068525759E-4
1.3001674161605353E-4
1.2991352301636798E-4
1.2981046451612915E-4
1.2970756574639224E-4
1.2960482633934186E-4
1.2950224592828594E-4
1.2939982414765145E-4
1.2929756063297508E-4
1.2919545502091304E-4
1.2909350694922055E-4
1.2899171605675234E-4
1.2889008198347187E-4
1.287886043704249E-4
1.2868728285975216E-4
1.2858611709467478E-4
1.2848510671950578E-4
1.2838425137961943E-4
1.2828355072147922E-4
1.2818300439260363E-4
1.2808261204158894E-4
1.2798237331808224E-4
1.278822878727924E-4
1.2778235535748143E-4
1.2768257542495356E-4
1.2758294772907022E-4
1.2748347192472669E-4
1.273841476678541E-4
1.27284974615421E-4
1.271859524254229E-4
1.27087080756883E-4
1.2698835926984448E-4
1.2688978762536902E-4
1.2679136548553202E-4
1.2669309251342578E-4
1.2659496837313553E-4
1.2649699272976594E-4
1.2639916524940733E-4
1.2630148559915152E-4
1.2620395344708314E-4
1.2610656846227488E-4
1.260093303147783E-4
1.2591223867563473E-4
1.2581529321685492E-4
1.257184936114259E-4
1.2562183953330629E-4
1.2552533065741947E-4
1.2542896665965452E-4
1.2533274721685396E-4
1.2523667200681953E-4
1.2514074070830875E-4
1.2504495300102287E-4
1.2494930856560713E-4
1.248538070836548E-4
1.2475844823769125E-4
1.246632317111805E-4
1.2456815718851766E-4
1.2447322435502436E-4
1.243784328969466E-4
1.2428378250145585E-4
1.2418927285663534E-4
1.2409490365149027E-4
1.2400067457592445E-4
1.2390658532076374E-4
1.2381263557773205E-4
1.2371882503945425E-4
1.2362515339945282E-4
1.23531620352145E-4
1.2343822559284567E-4
1.2334496881774722E-4
1.2325184972393542E-4
1.231588680093738E-4
1.2306602337290796E-4
1.2297331551425685E-4
1.2288074413400627E-4
1.2278830893362223E-4
1.2269600961542515E-4
1.2260384588260977E-4
1.2251181743922268E-4
1.2241992399016538E-4
1.2232816524120136E-4
1.2223654089893834E-4
1.2214505067083034E-4
1.2205369426517975E-4
1.219624713911313E-4
1.2187138175866037E-4
1.2178042507858636E-4
1.2168960106255569E-4
1.2159890942304616E-4
1.2150834987336223E-4
1.2141792212762755E-4
1.2132762590079036E-4
1.2123746090862014E-4
1.2114742686768945E-4
1.2105752349539329E-4
1.2096775050992909E-4
1.2087810763030669E-4
1.207885945763309E-4
1.2069921106861088E-4
1.2060995682855119E-4
1.2052083157835707E-4
1.2043183504101821E-4
1.2034296694031548E-4
1.2025422700081671E-4
1.2016561494787134E-4
1.2007713050760964E-4
1.1998877340694252E-4
1.1990054337355065E-4
1.1981244013589321E-4
1.1972446342319395E-4
1.196366129654417E-4
1.1954888849339802E-4
1.1946128973857772E-4
1.1937381643325657E-4
1.1928646831046728E-4
1.1919924510399855E-4
1.1911214654838178E-4
1.1902517237890596E-4
1.189383223315971E-4
1.1885159614323156E-4
1.1876499355132329E-4
1.1867851429411828E-4
1.1859215811060613E-4
1.1850592474050394E-4
1.1841981392425912E-4
1.1833382540304984E-4
1.1824795891877561E-4
1.1816221421405941E-4
1.1807659103224563E-4
1.179910891173889E-4
1.1790570821427145E-4
1.1782044806837524E-4
1.1773530842590024E-4
1.1765028903375082E-4
1.1756538963953327E-4
1.1748060999156161E-4
1.1739594983885016E-4
1.1731140893110384E-4
1.172269870187328E-4
1.1714268385282984E-4
1.170584991851848E-4
1.1697443276827561E-4
1.1689048435525968E-4
1.1680665369998574E-4
1.1672294055697831E-4
1.1663934468144415E-4
1.1655586582925955E-4
1.1647250375698103E-4
1.1638925822183806E-4
1.163061289817227E-4
1.162231157951985E-4
1.1614021842149149E-4
1.1605743662049557E-4
1.1597477015275427E-4
1.158922187794816E-4
1.158097822625373E-4
1.1572746036444082E-4
1.1564525284835755E-4
1.155631594781057E-4
1.1548118001814862E-4
1.15399314233594E-4
1.1531756189019443E-4
1.152359227543417E-4
1.1515439659306109E-4
1.1507298317401856E-4
1.1499168226551165E-4
1.1491049363647371E-4
1.1482941705645848E-4
1.1474845229565494E-4
1.1466759912487487E-4
1.1458685731555317E-4
1.1450622663974083E-4
1.1442570687011424E-4
1.1434529777996706E-4
1.1426499914320016E-4
1.14184810734332E-4
1.1410473232849117E-4
1.1402476370141681E-4
1.1394490462944746E-4
1.1386515488953236E-4
1.1378551425922088E-4
1.1370598251666468E-4
1.1362655944060777E-4
1.1354724481039539E-4
1.134680384059657E-4
1.1338894000785139E-4
1.1330994939716997E-4
1.1323106635563289E-4
1.1315229066553184E-4
1.130736221097523E-4
1.1299506047175148E-4
1.1291660553557382E-4
1.1283825708583714E-4
1.1276001490774351E-4
1.1268187878706055E-4
1.1260384851013836E-4
1.1252592386388665E-4
1.1244810463579156E-4
1.1237039061390638E-4
1.1229278158684706E-4
1.1221527734379348E-4
1.1213787767448696E-4
1.1206058236922649E-4
1.1198339121887383E-4
1.1190630401483903E-4
1.1182932054909575E-4
1.1175244061416002E-4
1.1167566400310535E-4
1.1159899050954865E-4
1.1152241992765964E-4
1.1144595205214658E-4
1.1136958667826335E-4
1.1129332360180293E-4
1.1121716261910612E-4
1.1114110352704167E-4
1.1106514612301863E-4
1.1098929020498171E-4
1.1091353557140352E-4
1.1083788202129164E-4
1.1076232935417998E-4
1.1068687737013102E-4
1.1061152586973436E-4
1.1053627465409973E-4
1.1046112352486213E-4
1.1038607228417361E-4
1.1031112073470845E-4
1.1023626867965431E-4
1.1016151592272069E-4
1.1008686226812188E-4
1.1001230752059168E-4
1.0993785148536758E-4
1.098634939682027E-4
1.0978923477534867E-4
1.0971507371357328E-4
1.0964101059013657E-4
1.0956704521281093E-4
1.0949317738985938E-4
1.0941940693005265E-4
1.0934573364265017E-4
1.0927215733741756E-4
1.091986778246033E-4
1.0912529491495309E-4
1.0905200841970818E-4
1.0897881815058787E-4
1.08905723919809E-4
1.0883272554007271E-4
1.0875982282455744E-4
1.0868701558693353E-4
1.0861430364135125E-4
1.085416868024341E-4
1.084691648852881E-4
1.083967377055012E-4
1.0832440507912733E-4
1.0825216682269675E-4
1.0818002275321699E-4
1.0810797268816322E-4
1.0803601644547365E-4
1.0796415384356496E-4
1.0789238470131046E-4
1.0782070883805647E-4
1.0774912607360405E-4
1.0767763622822228E-4
1.0760623912263722E-4
1.0753493457803614E-4
1.0746372241606235E-4
1.0739260245881004E-4
1.0732157452883873E-4
1.0725063844915161E-4
1.071797940432057E-4
1.071090411349101E-4
1.0703837954862036E-4
1.0696780910914014E-4
1.0689732964171901E-4
1.0682694097204968E-4
1.067566429262711E-4
1.066864353309591E-4
1.066163180131322E-4
1.0654629080024686E-4
1.0647635352020164E-4
1.0640650600132185E-4
1.0633674807237478E-4
1.0626707956256023E-4
1.0619750030150548E-4
1.0612801011927368E-4
1.0605860884635352E-4
1.0598929631366191E-4
1.0592007235254566E-4
1.0585093679477212E-4
1.057818894725358E-4
1.0571293021845053E-4
1.0564405886555567E-4
1.0557527524730549E-4
1.0550657919757497E-4
1.0543797055065913E-4
1.0536944914126403E-4
1.053010148045123E-4
1.0523266737594013E-4
1.051644066914993E-4
1.0509623258754239E-4
1.0502814490084207E-4
1.0496014346857414E-4
1.0489222812832264E-4
1.0482439871807507E-4
1.0475665507622526E-4
1.0468899704156995E-4
1.0462142445330777E-4
1.0455393715103744E-4
1.0448653497475723E-4
1.0441921776486268E-4
1.0435198536215009E-4
1.0428483760780539E-4
1.0421777434341402E-4
1.0415079541095089E-4
1.0408390065278725E-4
1.0401708991168108E-4
1.039503630307815E-4
1.038837198536254E-4
1.0381716022413943E-4
1.0375068398663434E-4
1.0368429098580223E-4
1.0361798106672538E-4
1.0355175407486506E-4
1.034856098560639E-4
1.0341954825654595E-4
1.0335356912290792E-4
1.0328767230213705E-4
1.0322185764158356E-4
1.031561249889829E-4
1.0309047419243958E-4
1.0302490510043261E-4
1.0295941756181112E-4
1.0289401142580035E-4
1.028286865419935E-4
1.0276344276034552E-4
1.0269827993118953E-4
1.0263319790521608E-4
1.0256819653348709E-4
1.0250327566742569E-4
1.0243843515881867E-4
1.0237367485981281E-4
1.0230899462291967E-4
1.0224439430100681E-4
1.0217987374730483E-4
1.0211543281539573E-4
1.0205107135922131E-4
1.0198678923308163E-4
1.0192258629162939E-4
1.0185846238986332E-4
1.0179441738314394E-4
1.017304511271789E-4
1.0166656347802715E-4
1.0160275429209482E-4
1.0153902342613438E-4
1.014753707372513E-4
1.014117960828923E-4
1.0134829932084652E-4
1.0128488030925507E-4
1.0122153890659274E-4
1.011582749716832E-4
1.0109508836368702E-4
1.0103197894210072E-4
1.0096894656676862E-4
1.0090599109786637E-4
1.0084311239590692E-4
1.0078031032174048E-4
1.0071758473654875E-4
1.0065493550184971E-4
1.0059236247949393E-4
1.0052986553166274E-4
1.0046744452086724E-4
1.004050993099498E-4
1.003428297620805E-4
1.0028063574075585E-4
1.0021851710980113E-4
1.0015647373336887E-4
1.0009450547592919E-4
1.000326122022847E-4
9.997079377755183E-5
The correct rate for BP: 100.00% 
