1.1594746735328807
0.9812426541087681
0.8079739923850996
0.6403188952226023
0.488602107179573
0.3642970272127649
0.2712729997403744
0.20541168280554106
0.15957659680364247
0.12738671024485185
0.10427743228316168
0.0872487965978353
0.07437277610702236
0.06440257327855763
0.05651691953796142
0.05016232430149582
0.044956831510486996
0.040630776579909225
0.03698967769169121
0.03389050539160258
0.03122617828033637
0.02891521825404295
0.026894708942745857
0.025115411899794497
0.02353831973151062
0.02213218372268164
0.020871713708488653
0.019736249130892627
0.01870876528782005
0.017775121348668904
0.016923485007072463
0.016143887743071926
0.015427877746827714
0.014768246634477393
0.014158812468313036
0.013594246133090404
0.013069931386072996
0.012581851272765168
0.012126495343807666
0.01170078340088789
0.01130200246603235
0.010927754397557506
0.01057591213005634
0.010244582940201327
0.009932077467537844
0.009636883473722881
0.009357643522438695
0.00909313591855372
0.00884225836879461
0.008604013924601812
0.008377498846551824
0.008161892093009165
0.007956446186791928
0.007760479255128001
0.007573368072008228
0.00739454195974152
0.007223477429291709
0.007059693457773858
0.0069027473170648205
0.006752230880436356
0.006607767344930083
0.006469008316246942
0.0063356312105287945
0.006207336933821674
0.006083847805427327
0.005964905695946155
0.005850270354719992
0.00573971790471486
0.005633039485730998
0.005530040029267955
0.005430537150470043
0.005334360144382635
0.0052413490753099356
0.005151353949413269
0.005064233961859383
0.004979856810844592
0.004898098071706038
0.004818840625104185
0.004741974133935488
0.004667394564226337
0.004595003745778571
0.004524708968792667
0.004456422613097778
0.0043900618069711754
0.004325548112844308
0.004262807237468921
0.0042017687643632505
0.004142365906576489
0.004084535278003472
0.0040282166816549584
0.0039733529134423845
0.003919889580174183
0.0038677749305833127
0.0038169596983162845
0.0037673969559124934
0.003719041978891375
0.003671852119144759
0.0036257866869033686
0.003580806840611151
0.003536875484099336
0.0034939571705047082
0.0034520180124244237
0.003411025597842351
0.0033709489114012153
0.0033317582606303647
0.003293425206770421
0.00325592249986608
0.0032192240178244005
0.003183304709159994
0.0031481405391711017
0.0031137084393099168
0.0030799862595294533
0.0030469527234057332
0.0030145873858493525
0.002982870593234784
0.0029517834457882964
0.0029213077620874467
0.002891426045535613
0.0028621214526854994
0.002833377763293789
0.0028051793519986313
0.002777511161518325
0.0027503586772773883
0.002723707903372477
0.0026975453397967072
0.0026718579608465244
0.002646633194640408
0.002621858903683588
0.0025975233664171393
0.0025736152596941625
0.0025501236421292296
0.002527037938271212
0.0025043479235523744
0.002482043709969954
0.002460115732459245
0.0024385547359195257
0.0024173517628569793
0.0023964981416107036
0.002375985475130004
0.00235580563027352
0.0023359507276018683
0.0023164131316377977
0.0022971854415690623
0.0022782604823709464
0.0022596312963264046
0.002241291134923451
0.0022232334511103494
0.0022054518918904905
0.002187940291239637
0.0021706926633294106
0.0021537031960418974
0.0021369662447605887
0.0021204763264244877
0.0021042281138322536
0.002088216430184319
0.002072436243851499
0.002056882663359302
0.0020415509325776363
0.0020264364261061885
0.002011534644846354
0.001996841211750896
0.0019823518677433015
0.001968062467798793
0.001953968977179711
0.0019400674678183502
0.001926354114840289
0.001912825193222307
0.0018994770745784976
0.0018863062240691395
0.001873309197426888
0.0018604826380950025
0.0018478232744728994
0.0018353279172642698
0.0018229934569235174
0.0018108168611959711
0.0017987951727483245
0.0017869255068851642
0.0017752050493480885
0.001763631054193963
0.0017522008417490225
0.0017409117966356784
0.0017297613658690657
0.001718747057020432
0.0017078664364447251
0.0016971171275697626
0.0016864968092444748
0.0016760032141439059
0.0016656341272287092
0.0016553873842569628
0.0016452608703463412
0.001635252518584464
0.0016253603086858782
0.0016155822656935147
0.0016059164587232128
0.0015963609997494662
0.0015869140424308985
0.001577573780973993
0.0015683384490335949
0.0015592063186487936
0.0015501756992129365
0.0015412449364764454
0.0015324124115812503
0.001523676540125692
0.0015150357712587926
0.0015064885868027278
0.0014980335004026678
0.0014896690567028372
0.0014813938305479112
0.0014732064262089077
0.0014651054766325914
0.0014570896427136635
0.0014491576125889045
0.001441308100952459
0.0014335398483916158
0.0014258516207423107
0.0014182422084636848
0.0014107104260310565
0.001403255111346701
0.0013958751251677494
0.0013885693505507942
0.0013813366923124215
0.0013741760765053612
0.0013670864499094994
0.0013600667795375583
0.0013531160521546108
0.0013462332738113153
0.001339417469390157
0.0013326676821644003
0.0013259829733693802
0.0013193624217855977
0.0013128051233333624
0.0013063101906785827
0.0012998767528492597
0.0012935039548625155
0.0012871909573616972
0.001280936936263253
0.0012747410824131054
0.0012686026012522441
0.001262520712491194
0.001256494649793142
0.0012505236604654158
0.0012446070051590533
0.001238743957576328
0.0012329338041857597
0.0012271758439446755
0.0012214693880288196
0.0012158137595689894
0.0012102082933944226
0.001204652335782707
0.0011991452442160762
0.001193686387143869
0.0011882751437509607
0.0011829109037320346
0.0011775930670714979
0.001172321043828868
0.0011670942539294795
0.0011619121269603931
0.0011567741019713029
0.0011516796272803154
0.0011466281602844951
0.0011416191672750113
0.0011366521232567448
0.0011317265117722906
0.0011268418247301372
0.0011219975622369992
0.0011171932324341273
0.0011124283513375057
0.0011077024426818822
0.001103015037768367
0.0010983656753157521
0.001093753901315163
0.0010891792688882311
0.001084641338148468
0.0010801396760658582
0.0010756738563346324
0.001071243459244017
0.0010668480715519545
0.001062487286361684
0.0010581607030011931
0.0010538679269053166
0.0010496085695005362
0.0010453822480923373
0.0010411885857551364
0.0010370272112245978
0.0010328977587924044
0.0010287998682032907
0.0010247331845544378
0.0010206973581969637
0.0010166920446396952
0.0010127169044549219
0.0010087716031862736
0.0010048558112585979
0.0010009692038897068
9.971114610041367E-4
9.932822671486373E-4
9.89481311409568E-4
9.857082873319777E-4
9.819628928404464E-4
9.782448301615815E-4
9.745538057481534E-4
9.708895302048326E-4
9.67251718215438E-4
9.636400884717744E-4
9.600543636038894E-4
9.564942701117901E-4
9.529595382985954E-4
9.49449902205024E-4
9.459650995452533E-4
9.4250487164407E-4
9.390689633753419E-4
9.356571231016757E-4
9.322691026153463E-4
9.289046570803932E-4
9.255635449759011E-4
9.222455280403929E-4
9.189503712173455E-4
9.156778426017933E-4
9.124277133879953E-4
9.091997578181214E-4
9.059937531319438E-4
9.028094795175724E-4
8.996467200630729E-4
8.96505260709102E-4
8.933848902024201E-4
8.902854000503335E-4
8.872065844759882E-4
8.841482403745474E-4
8.811101672702304E-4
8.780921672741115E-4
8.750940450428046E-4
8.721156077378611E-4
8.691566649859951E-4
8.662170288400385E-4
8.632965137406087E-4
8.603949364785707E-4
8.575121161580798E-4
8.546478741604704E-4
8.518020341086858E-4
8.489744218324449E-4
8.461648653339901E-4
8.43373194754586E-4
8.405992423414708E-4
8.378428424155483E-4
8.351038313396181E-4
8.323820474871761E-4
8.296773312118297E-4
8.269895248171831E-4
8.243184725273718E-4
8.216640204580493E-4
8.190260165879342E-4
8.164043107308447E-4
8.1379875450826E-4
8.112092013223415E-4
8.086355063294579E-4
8.060775264141682E-4
8.035351201636524E-4
8.010081478426308E-4
7.984964713686804E-4
7.959999542880007E-4
7.93518461751622E-4
7.910518604919965E-4
7.886000188000197E-4
7.861628065024288E-4
7.837400949396147E-4
7.813317569438114E-4
7.789376668176237E-4
7.765577003129913E-4
7.741917346104612E-4
7.718396482987891E-4
7.695013213549908E-4
7.671766351246152E-4
7.648654723024011E-4
7.625677169132959E-4
7.602832542937118E-4
7.580119710731794E-4
7.557537551562369E-4
7.535084957046626E-4
7.512760831200195E-4
7.490564090264249E-4
7.468493662536526E-4
7.446548488205236E-4
7.424727519185376E-4
7.403029718957657E-4
7.381454062410721E-4
7.359999535684962E-4
7.33866513601982E-4
7.317449871602855E-4
7.296352761421703E-4
7.275372835118081E-4
7.254509132844572E-4
7.233760705123154E-4
7.213126612706643E-4
7.192605926441745E-4
7.17219772713452E-4
7.15190110541813E-4
7.131715161622657E-4
7.11163900564665E-4
7.091671756831173E-4
7.071812543835181E-4
7.052060504513855E-4
7.032414785797814E-4
7.012874543574666E-4
6.993438942572599E-4
6.974107156245447E-4
6.954878366659537E-4
6.935751764382515E-4
6.916726548373875E-4
6.897801925876697E-4
6.878977112311974E-4
6.860251331173394E-4
6.841623813924646E-4
6.823093799898038E-4
6.804660536194292E-4
6.786323277584425E-4
6.768081286412656E-4
6.749933832501127E-4
6.731880193055508E-4
6.713919652572969E-4
6.696051502750458E-4
6.678275042395082E-4
6.660589577335396E-4
6.642994420334458E-4
6.625488891003708E-4
6.608072315718327E-4
6.590744027533936E-4
6.573503366104381E-4
6.556349677600595E-4
6.53928231463113E-4
6.522300636163331E-4
6.505404007445773E-4
6.488591799932177E-4
6.471863391205939E-4
6.455218164906144E-4
6.438655510654293E-4
6.422174823982424E-4
6.405775506262066E-4
6.389456964634223E-4
6.373218611940483E-4
6.357059866654877E-4
6.340980152816991E-4
6.324978899965826E-4
6.309055543074563E-4
6.293209522486624E-4
6.277440283851941E-4
6.261747278064967E-4
6.246129961202719E-4
6.230587794464374E-4
6.215120244111379E-4
6.199726781408257E-4
6.184406882564731E-4
6.169160028678051E-4
6.153985705676559E-4
6.138883404263855E-4
6.123852619863712E-4
6.108892852566051E-4
6.094003607072846E-4
6.079184392646016E-4
6.064434723054817E-4
6.049754116524784E-4
6.035142095686762E-4
6.020598187527184E-4
6.006121923338786E-4
5.991712838671646E-4
5.977370473285472E-4
5.963094371102285E-4
5.948884080159498E-4
5.934739152563965E-4
5.9206591444465E-4
5.906643615917092E-4
5.892692131020456E-4
5.878804257692549E-4
5.8649795677173E-4
5.851217636684272E-4
5.837518043946499E-4
5.823880372579173E-4
5.81030420933894E-4
5.7967891446231E-4
5.783334772430302E-4
5.769940690320924E-4
5.756606499378478E-4
5.743331804171191E-4
5.730116212714392E-4
5.716959336433011E-4
5.703860790124993E-4
5.69082019192484E-4
5.67783716326771E-4
5.664911328854123E-4
5.652042316614842E-4
5.639229757676663E-4
5.626473286328011E-4
5.61377253998538E-4
5.601127159160363E-4
5.588536787426569E-4
5.576001071387464E-4
5.563519660644259E-4
5.551092207764385E-4
5.538718368250456E-4
5.526397800509286E-4
5.514130165821576E-4
5.501915128312071E-4
5.489752354919602E-4
5.477641515368182E-4
5.465582282137776E-4
5.453574330435885E-4
5.441617338169481E-4
5.429710985916984E-4
5.417854956900704E-4
5.406048936960037E-4
5.394292614524124E-4
5.382585680585681E-4
5.37092782867493E-4
5.359318754833246E-4
5.347758157588124E-4
5.336245737927666E-4
5.324781199275674E-4
5.313364247467238E-4
5.301994590723923E-4
5.290671939630376E-4
5.279396007109967E-4
5.268166508401751E-4
5.256983161037012E-4
5.245845684816537E-4
5.23475380178797E-4
5.223707236223204E-4
5.212705714596628E-4
5.201748965563065E-4
5.190836719936293E-4
5.179968710667654E-4
5.169144672824963E-4
5.158364343571829E-4
5.147627462146927E-4
5.136933769843653E-4
5.126283009990206E-4
5.115674927929551E-4
5.105109270999681E-4
5.094585788514637E-4
5.084104231744789E-4
5.073664353898265E-4
5.063265910102E-4
5.052908657383403E-4
5.042592354651914E-4
5.032316762680848E-4
5.022081644089622E-4
5.011886763326016E-4
5.001731886648804E-4
4.991616782110247E-4
4.981541219539114E-4
4.971504970523947E-4
4.961507808396099E-4
4.951549508213275E-4
4.941629846743416E-4
4.931748602448352E-4
4.921905555467837E-4
4.912100487603818E-4
4.902333182305034E-4
4.892603424651138E-4
4.882911001337838E-4
4.873255700661682E-4
4.863637312505065E-4
4.8540556283216304E-4
4.8445104411215187E-4
4.835001545456952E-4
4.8255287374082364E-4
4.8160918145693084E-4
4.8066905760339057E-4
4.797324822381902E-4
4.7879943556654347E-4
4.778698979395501E-4
4.769438498528763E-4
4.7602127194540324E-4
4.751021449979407E-4
4.7418644993194904E-4
4.7327416780821566E-4
4.723652798256464E-4
4.714597673199712E-4
4.7055761176252993E-4
4.696587947590489E-4
4.68763298048416E-4
4.678711035015019E-4
4.6698219311995466E-4
4.6609654903505146E-4
4.6521415350652567E-4
4.6433498892141324E-4
4.6345903779294325E-4
4.6258628275937686E-4
4.6171670658294296E-4
4.6085029214869614E-4
4.599870224634598E-4
4.59126880654738E-4
4.582698499696459E-4
4.574159137738688E-4
4.56565055550612E-4
4.557172588995791E-4
4.548725075359328E-4
4.5403078528930815E-4
4.531920761027945E-4
4.5235636403195503E-4
4.515236332438553E-4
4.506938680160731E-4
4.498670527357735E-4
4.490431718987294E-4
4.4822221010839327E-4
4.474041520749786E-4
4.4658898261452527E-4
4.4577668664800456E-4
4.449672492003978E-4
4.441606553998344E-4
4.43356890476683E-4
4.4255593976268945E-4
4.4175778869011385E-4
4.409624227908769E-4
4.4016982769569824E-4
4.3937998913328336E-4
4.3859289292947344E-4
4.3780852500642335E-4
4.370268713818113E-4
4.362479181680088E-4
4.3547165157129637E-4
4.3469805789106723E-4
4.339271235190606E-4
4.331588349385771E-4
4.323931787237106E-4
4.316301415386034E-4
4.308697101366864E-4
4.301118713599312E-4
4.293566121381432E-4
4.2860391948818736E-4
4.2785378051331653E-4
4.2710618240242163E-4
4.2636111242933363E-4
4.25618557952143E-4
4.248785064124842E-4
4.2414094533486046E-4
4.2340586232595274E-4
4.226732450739702E-4
4.219430813479679E-4
4.212153589971793E-4
4.204900659503875E-4
4.1976719021524864E-4
4.1904671987768916E-4
4.183286431012328E-4
4.1761294812639503E-4
4.168996232700584E-4
4.1618865692484943E-4
4.15480037558539E-4
4.14773753713427E-4
4.140697940057498E-4
4.1336814712508854E-4
4.1266880183377596E-4
4.1197174696633136E-4
4.1127697142885893E-4
4.105844641985002E-4
4.0989421432285157E-4
4.092062109194275E-4
4.085204431750787E-4
4.0783690034546384E-4
4.0715557175449724E-4
4.0647644679380694E-4
4.057995149222122E-4
4.051247656651819E-4
4.0445218861432785E-4
4.037817734268671E-4
4.031135098251089E-4
4.024473875959735E-4
4.017833965904546E-4
4.0112152672312545E-4
4.0046176797167075E-4
3.998041103763666E-4
3.9914854403959673E-4
3.984950591253952E-4
3.9784364585894325E-4
3.97194294526112E-4
3.965469954729879E-4
3.9590173910540583E-4
3.952585158885035E-4
3.9461731634625555E-4
3.939781310610204E-4
3.9334095067310073E-4
3.927057658802967E-4
3.920725674374592E-4
3.9144134615607453E-4
3.908120929038152E-4
3.9018479860412415E-4
3.895594542357872E-4
3.8893605083251034E-4
3.8831457948250675E-4
3.8769503132809525E-4
3.870773975652759E-4
3.864616694433312E-4
3.858478382644321E-4
3.852358953832423E-4
3.846258322064967E-4
3.8401764019266055E-4
3.8341131085150177E-4
3.8280683574371606E-4
3.8220420648056217E-4
3.8160341472347946E-4
3.810044521837007E-4
3.804073106218992E-4
3.798119818478253E-4
3.7921845771991315E-4
3.786267301449717E-4
3.7803679107777143E-4
3.774486325207381E-4
3.768622465235682E-4
3.762776251829083E-4
3.7569476064198824E-4
3.7511364509029823E-4
3.745342707632338E-4
3.739566299417725E-4
3.733807149521401E-4
3.7280651816547797E-4
3.722340319975149E-4
3.716632489082435E-4
3.7109416140160327E-4
3.705267620251651E-4
3.699610433698053E-4
3.693969980693995E-4
3.688346188005068E-4
3.682738982820751E-4
3.6771482927513174E-4
3.671574045824606E-4
3.6660161704833407E-4
3.660474595582045E-4
3.6549492503839073E-4
3.6494400645581827E-4
3.6439469681770356E-4
3.638469891712871E-4
3.6330087660353574E-4
3.627563522408587E-4
3.622134092488406E-4
3.61672040831949E-4
3.611322402332754E-4
3.605940007342564E-4
3.6005731565438815E-4
3.5952217835098023E-4
3.589885822188829E-4
3.584565206902178E-4
3.5792598723411855E-4
3.5739697535647625E-4
3.568694785996856E-4
3.563434905423682E-4
3.55819004799146E-4
3.55296015020381E-4
3.5477451489192215E-4
3.5425449813486227E-4
3.5373595850529747E-4
3.532188897940722E-4
3.5270328582655996E-4
3.521891404624037E-4
3.5167644759529024E-4
3.511652011527083E-4
3.5065539509573397E-4
3.5014702341877254E-4
3.4964008014936064E-4
3.491345593479072E-4
3.486304551074865E-4
3.481277615536265E-4
3.476264728440546E-4
3.471265831685156E-4
3.46628086748517E-4
3.461309778371442E-4
3.456352507188313E-4
3.451408997091428E-4
3.4464791915457966E-4
3.441563034323566E-4
3.436660469501997E-4
3.4317714414613986E-4
3.4268958948830916E-4
3.422033774747413E-4
3.417185026331572E-4
3.4123495952078324E-4
3.407527427241554E-4
3.4027184685889964E-4
3.397922665695557E-4
3.3931399652938684E-4
3.388370314401711E-4
3.3836136603203944E-4
3.378869950632517E-4
3.374139133200428E-4
3.3694211561641267E-4
3.3647159679396025E-4
3.360023517216937E-4
3.355343752958417E-4
3.3506766243968794E-4
3.3460220810338503E-4
3.3413800726377594E-4
3.336750549242298E-4
3.3321334611445145E-4
3.32752875890321E-4
3.322936393337176E-4
3.318356315523505E-4
3.313788476795894E-4
3.309232828743095E-4
3.3046893232069644E-4
3.3001579122811603E-4
3.295638548309164E-4
3.29113118388303E-4
3.2866357718414513E-4
3.282152265268372E-4
3.277680617491229E-4
3.2732207820795976E-4
3.268772712843489E-4
3.264336363831734E-4
3.2599116893306115E-4
3.255498643862256E-4
3.2510971821831026E-4
3.2467072592824557E-4
3.2423288303810036E-4
3.2379618509291577E-4
3.2336062766059344E-4
3.2292620633171204E-4
3.224929167194127E-4
3.22060754459235E-4
3.21629715208991E-4
3.2119979464861084E-4
3.207709884800094E-4
3.2034329242695207E-4
3.199167022348935E-4
3.1949121367087817E-4
3.1906682252337467E-4
3.186435246021446E-4
3.1822131573812487E-4
3.1780019178327695E-4
3.173801486104673E-4
3.169611821133255E-4
3.1654328820612733E-4
3.161264628236556E-4
3.1571070192106866E-4
3.152960014737894E-4
3.148823574773664E-4
3.144697659473552E-4
3.140582229191791E-4
3.136477244480344E-4
3.13238266608743E-4
3.1282984549563703E-4
3.1242245722244797E-4
3.1201609792216606E-4
3.1161076374695265E-4
3.1120645086799454E-4
3.108031554753951E-4
3.1040087377806825E-4
3.099996020036005E-4
3.0959933639817193E-4
3.092000732264023E-4
3.088018087712657E-4
3.0840453933397155E-4
3.0800826123384523E-4
3.076129708082303E-4
3.0721866441237386E-4
3.0682533841931036E-4
3.064329892197683E-4
3.060416132220442E-4
3.056512068519205E-4
3.0526176655253887E-4
3.0487328878430104E-4
3.04485770024767E-4
3.04099206768556E-4
3.037135955272356E-4
3.0332893282921774E-4
3.0294521521967416E-4
3.02562439260416E-4
3.02180601529805E-4
3.0179969862264677E-4
3.014197271501163E-4
3.0104068373961856E-4
3.006625650347275E-4
3.00285367695079E-4
2.999090883962662E-4
2.995337238297593E-4
2.9915927070279526E-4
2.987857257383007E-4
2.984130856747928E-4
2.980413472662768E-4
2.9767050728217806E-4
2.973005625072164E-4
2.969315097413541E-4
2.9656334579968144E-4
2.961960675123322E-4
2.9582967172440066E-4
2.9546415529585316E-4
2.950995151014272E-4
2.9473574803057494E-4
2.94372850987342E-4
2.940108208903012E-4
2.936496546724791E-4
2.9328934928123893E-4
2.9292990167822995E-4
2.9257130883928747E-4
2.9221356775435296E-4
2.918566754273877E-4
2.9150062887630903E-4
2.9114542513288856E-4
2.9079106124267905E-4
2.904375342649498E-4
2.900848412725787E-4
2.8973297935200066E-4
2.8938194560311313E-4
2.8903173713920724E-4
2.8868235108688684E-4
2.883337845859954E-4
2.8798603478953383E-4
2.876390988635905E-4
2.8729297398727205E-4
2.869476573526144E-4
2.866031461645135E-4
2.8625943764067134E-4
2.859165290114927E-4
2.8557441752003886E-4
2.8523310042193045E-4
2.848925749853006E-4
2.845528384907149E-4
2.8421388823109215E-4
2.8387572151165235E-4
2.835383356498267E-4
2.832017279752034E-4
2.828658958294638E-4
2.825308365662864E-4
2.8219654755132006E-4
2.818630261620813E-4
2.815302697879049E-4
2.8119827582987806E-4
2.8086704170076444E-4
2.80536564824954E-4
2.802068426383827E-4
2.7987787258847683E-4
2.7954965213409567E-4
2.792221787454463E-4
2.7889544990403826E-4
2.7856946310262254E-4
2.782442158451126E-4
2.779197056465481E-4
2.775959300329961E-4
2.772728865415344E-4
2.769505727201525E-4
2.7662898612771156E-4
2.7630812433388977E-4
2.7598798491909414E-4
2.75668565474441E-4
2.753498636016659E-4
2.7503187691307467E-4
2.7471460303148945E-4
2.743980395901944E-4
2.7408218423286343E-4
2.737670346135194E-4
2.7345258839646624E-4
2.731388432562468E-4
2.7282579687756207E-4
2.725134469552482E-4
2.722017911941935E-4
2.71890827309303E-4
2.7158055302543474E-4
2.7127096607734176E-4
2.7096206420963357E-4
2.706538451767061E-4
2.703463067426979E-4
2.7003944668144473E-4
2.6973326277640635E-4
2.694277528206366E-4
2.691229146167146E-4
2.6881874597670753E-4
2.685152447221143E-4
2.6821240868380385E-4
2.679102357019908E-4
2.676087236261591E-4
2.673078703150237E-4
2.670076736364835E-4
2.66708131467577E-4
2.664092416944117E-4
2.6611100221214364E-4
2.658134109249072E-4
2.655164657457835E-4
2.6522016459673835E-4
2.649245054085968E-4
2.646294861209634E-4
2.643351046822089E-4
2.640413590494052E-4
2.637482471882811E-4
2.6345576707318167E-4
2.631639166870261E-4
2.628726940212495E-4
2.625820970757638E-4
2.622921238589296E-4
2.620027723874786E-4
2.617140406865027E-4
2.6142592678939276E-4
2.611384287377985E-4
2.6085154458157904E-4
2.605652723787785E-4
2.602796101955608E-4
2.599945561061843E-4
2.5971010819295006E-4
2.5942626454616784E-4
2.5914302326410666E-4
2.5886038245295345E-4
2.5857834022678487E-4
2.5829689470751097E-4
2.580160440248426E-4
2.5773578631624355E-4
2.574561197269068E-4
2.5717704240970035E-4
2.5689855252512904E-4
2.5662064824129527E-4
2.5634332773387093E-4
2.560665891860452E-4
2.5579043078849335E-4
2.555148507393329E-4
2.552398472440926E-4
2.5496541851566235E-4
2.5469156277427627E-4
2.54418278247457E-4
2.541455631699794E-4
2.538734157838444E-4
2.5360183433823815E-4
2.5333081708948745E-4
2.530603623010349E-4
2.5279046824339883E-4
2.5252113319412925E-4
2.5225235543778577E-4
2.519841332658952E-4
2.51716464976915E-4
2.5144934887620185E-4
2.5118278327597383E-4
2.5091676649527687E-4
2.5065129685995313E-4
2.5038637270260317E-4
2.501219923625526E-4
2.4985815418582344E-4
2.4959485652509E-4
2.493320977396584E-4
2.490698761954166E-4
2.4880819026482266E-4
2.485470383268537E-4
2.482864187669874E-4
2.4802632997716293E-4
2.477667703557357E-4
2.4750773830747256E-4
2.472492322435027E-4
2.4699125058128896E-4
2.467337917445876E-4
2.46476854163445E-4
2.4622043627412914E-4
2.4596453651912946E-4
2.45709153347109E-4
2.454542852128828E-4
2.4519993057737805E-4
2.4494608790761555E-4
2.446927556766737E-4
2.444399323636561E-4
2.4418761645366474E-4
2.4393580643777412E-4
2.4368450081299378E-4
2.434336980822534E-4
2.4318339675435138E-4
2.429335953439516E-4
2.4268429237153061E-4
2.4243548636337638E-4
2.4218717585152775E-4
2.4193935937377663E-4
2.4169203547362125E-4
2.4144520270024484E-4
2.411988596084887E-4
2.4095300475881985E-4
2.4070763671730702E-4
2.4046275405560245E-4
2.4021835535089313E-4
2.399744391858969E-4
2.3973100414882733E-4
2.3948804883335204E-4
2.3924557183859353E-4
2.39003571769089E-4
2.387620472347626E-4
2.3852099685089216E-4
2.3828041923811043E-4
2.3804031302235203E-4
2.3780067683483802E-4
2.3756150931205793E-4
2.373228090957293E-4
2.370845748327795E-4
2.3684680517533464E-4
2.3660949878067373E-4
2.3637265431121322E-4
2.3613627043447637E-4
2.359003458230897E-4
2.3566487915473335E-4
2.3542986911212574E-4
2.3519531438301105E-4
2.3496121366011353E-4
2.3472756564113918E-4
2.3449436902872974E-4
2.3426162253045079E-4
2.34029324858774E-4
2.3379747473103318E-4
2.3356607086942732E-4
2.333351120009791E-4
2.3310459685751739E-4
2.328745241756624E-4
2.326448926967849E-4
2.324157011670072E-4
2.3218694833716523E-4
2.3195863296278767E-4
2.3173075380407665E-4
2.3150330962588974E-4
2.3127629919771588E-4
2.310497212936432E-4
2.3082357469235955E-4
2.30597858177105E-4
2.3037257053567554E-4
2.301477105603826E-4
2.2992327704804297E-4
2.2969926879995683E-4
2.2947568462188377E-4
2.2925252332401725E-4
2.290297837209834E-4
2.2880746463178835E-4
2.2858556487983923E-4
2.2836408329288208E-4
2.2814301870301403E-4
2.2792236994664507E-4
2.2770213586448777E-4
2.274823153015236E-4
2.2726290710701086E-4
2.2704391013443262E-4
2.2682532324149281E-4
2.266071452901049E-4
2.263893751463585E-4
2.261720116805076E-4
2.2595505376694705E-4
2.257385002841995E-4
2.2552235011488964E-4
2.2530660214573623E-4
2.2509125526752204E-4
2.2487630837507777E-4
2.2466176036726982E-4
2.2444761014697343E-4
2.2423385662106743E-4
2.240204987003984E-4
2.2380753529978033E-4
2.235949653379589E-4
2.2338278773760775E-4
2.23171001425314E-4
2.229596053315411E-4
2.227485983906267E-4
2.2253797954076507E-4
2.2232774772398286E-4
2.221179018861299E-4
2.2190844097684837E-4
2.2169936394957052E-4
2.2149066976149973E-4
2.2128235737358133E-4
2.210744257505047E-4
2.2086687386066594E-4
2.2065970067616602E-4
2.204529051727967E-4
2.2024648633000543E-4
2.2004044313089395E-4
2.1983477456220644E-4
2.1962947961429527E-4
2.194245572811272E-4
2.1922000656024538E-4
2.1901582645276736E-4
2.1881201596336933E-4
2.1860857410026043E-4
2.1840549987517727E-4
2.182027923033623E-4
2.1800045040355718E-4
2.1779847319797186E-4
2.175968597122776E-4
2.1739560897560196E-4
2.171947200204961E-4
2.1699419188293253E-4
2.1679402360227755E-4
2.1659421422128767E-4
2.163947627860971E-4
2.1619566834618682E-4
2.1599692995438304E-4
2.1579854666684638E-4
2.156005175430411E-4
2.1540284164573283E-4
2.1520551804097359E-4
2.1500854579808138E-4
2.1481192398963524E-4
2.146156516914463E-4
2.1441972798256364E-4
2.142241519452384E-4
2.1402892266493488E-4
2.1383403923029253E-4
2.1363950073311982E-4
2.1344530626839168E-4
2.1325145493422207E-4
2.130579458318606E-4
2.1286477806566474E-4
2.1267195074310485E-4
2.1247946297473744E-4
2.1228731387419806E-4
2.1209550255817802E-4
2.1190402814643447E-4
2.117128897617466E-4
2.1152208652992283E-4
2.113316175797915E-4
2.1114148204316743E-4
2.1095167905485655E-4
2.10762207752637E-4
2.1057306727724715E-4
2.1038425677237751E-4
2.101957753846462E-4
2.1000762226359299E-4
2.0981979656167592E-4
2.0963229743424196E-4
2.0944512403953342E-4
2.0925827553865736E-4
2.0907175109558093E-4
2.0888554987712557E-4
2.0869967105294752E-4
2.085141137955269E-4
2.0832887728015157E-4
2.081439606849235E-4
2.0795936319071924E-4
2.077750839811984E-4
2.075911222427879E-4
2.0740747716466618E-4
2.0722414793875653E-4
2.0704113375970523E-4
2.068584338248873E-4
2.066760473343801E-4
2.0649397349095782E-4
2.063122115000816E-4
2.0613076056988185E-4
2.0594961991115984E-4
2.0576878873736307E-4
2.0558826626457399E-4
2.054080517115159E-4
2.0522814429952047E-4
2.0504854325253797E-4
2.0486924779710263E-4
2.0469025716234518E-4
2.0451157057996264E-4
2.043331872842216E-4
2.041551065119397E-4
2.039773275024827E-4
2.0379984949774174E-4
2.0362267174213678E-4
2.0344579348259277E-4
2.0326921396854366E-4
2.0309293245190853E-4
2.0291694818708956E-4
2.0274126043095435E-4
2.0256586844283805E-4
2.0239077148452223E-4
2.0221596882022928E-4
2.0204145971661409E-4
2.0186724344274288E-4
2.0169331927010004E-4
2.0151968647256623E-4
2.013463443264202E-4
2.0117329211031035E-4
2.010005291052568E-4
2.0082805459464958E-4
2.00655867864225E-4
2.0048396820205873E-4
2.0031235489856303E-4
2.0014102724647166E-4
1.9996998454083073E-4
1.9979922607899045E-4
1.9962875116059562E-4
1.9945855908757836E-4
1.9928864916414084E-4
1.991190206967591E-4
1.9894967299416414E-4
1.9878060536733462E-4
1.9861181712948705E-4
1.984433075960727E-4
1.9827507608475702E-4
1.9810712191542724E-4
1.9793944441016362E-4
1.977720428932499E-4
1.9760491669114873E-4
1.9743806513250367E-4
1.9727148754812218E-4
1.9710518327097757E-4
1.9693915163619024E-4
1.967733919810166E-4
1.9660790364485887E-4
1.9644268596923493E-4
1.9627773829778347E-4
1.9611305997624647E-4
1.9594865035247263E-4
1.957845087763948E-4
1.956206346000306E-4
1.9545702717747748E-4
1.952936858648903E-4
1.9513061002048783E-4
1.949677990045373E-4
1.9480525217934833E-4
1.9464296890926486E-4
1.9448094856065057E-4
1.9431919050189384E-4
1.9415769410338857E-4
1.9399645873753005E-4
1.9383548377871452E-4
1.9367476860330778E-4
1.9351431258967164E-4
1.933541151181265E-4
1.9319417557096051E-4
1.9303449333241018E-4
1.9287506778866673E-4
1.9271589832785813E-4
1.9255698434003903E-4
1.9239832521719384E-4
1.9223992035322088E-4
1.9208176914392886E-4
1.9192387098702587E-4
1.9176622528211922E-4
1.916088314306951E-4
1.914516888361244E-4
1.9129479690364556E-4
1.911381550403694E-4
1.9098176265525238E-4
1.9082561915911177E-4
1.9066972396460642E-4
1.905140764862234E-4
1.9035867614028618E-4
1.9020352234493405E-4
1.9004861452012295E-4
1.898939520876176E-4
1.8973953447098445E-4
1.8958536109557676E-4
1.894314313885402E-4
1.892777447787998E-4
1.8912430069704575E-4
1.8897109857574646E-4
1.8881813784911748E-4
1.8866541795313255E-4
1.8851293832551088E-4
1.8836069840571205E-4
1.8820869763491865E-4
1.880569354560508E-4
1.879054113137392E-4
1.8775412465433096E-4
1.876030749258727E-4
1.8745226157811814E-4
1.8730168406250913E-4
1.8715134183217036E-4
1.8700123434191483E-4
1.8685136104822417E-4
1.8670172140924224E-4
1.8655231488477804E-4
1.864031409362996E-4
1.8625419902690936E-4
1.8610548862136382E-4
1.859570091860509E-4
1.8580876018898498E-4
1.8566074109980775E-4
1.8551295138977098E-4
1.85365390531741E-4
1.8521805800019803E-4
1.8507095327119745E-4
1.8492407582241136E-4
1.8477742513308348E-4
1.846310006840422E-4
1.844848019576929E-4
1.8433882843800505E-4
1.8419307961051377E-4
1.8404755496230417E-4
1.8390225398202224E-4
1.8375717615985466E-4
1.836123209875244E-4
1.8346768795828933E-4
1.8332327656693775E-4
1.8317908630977758E-4
1.8303511668462964E-4
1.828913671908299E-4
1.8274783732922454E-4
1.8260452660214075E-4
1.8246143451341814E-4
1.823185605683761E-4
1.8217590427381552E-4
1.8203346513801774E-4
1.8189124267073176E-4
1.8174923638317734E-4
1.8160744578802758E-4
1.8146587039942087E-4
1.8132450973293684E-4
1.8118336330560027E-4
1.8104243063587897E-4
1.8090171124366856E-4
1.807612046503009E-4
1.8062091037852212E-4
1.8048082795250647E-4
1.8034095689782682E-4
1.8020129674147593E-4
1.800618470118405E-4
1.799226072387095E-4
1.7978357695326246E-4
1.796447556880595E-4
1.7950614297705184E-4
1.7936773835556142E-4
1.7922954136028122E-4
1.7909155152927558E-4
1.789537684019621E-4
1.7881619151912116E-4
1.7867882042288472E-4
1.7854165465672545E-4
1.7840469376546175E-4
1.7826793729525228E-4
1.78131384793577E-4
1.779950358092533E-4
1.7785888989241215E-4
1.7772294659450835E-4
1.7758720546830743E-4
1.7745166606787882E-4
1.7731632794859459E-4
1.7718119066713662E-4
1.7704625378146577E-4
1.7691151685083424E-4
1.767769794357878E-4
1.7664264109813955E-4
1.7650850140098459E-4
1.7637455990868683E-4
1.7624081618687563E-4
1.7610726980243872E-4
1.7597392032352578E-4
1.7584076731953153E-4
1.757078103610976E-4
1.755750490201212E-4
1.7544248286972448E-4
1.7531011148426718E-4
1.7517793443933967E-4
1.750459513117606E-4
1.7491416167955792E-4
1.747825651219911E-4
1.7465116121952125E-4
1.745199495538194E-4
1.7438892970775987E-4
1.742581012654188E-4
1.7412746381206264E-4
1.7399701693414843E-4
1.738667602193235E-4
1.7373669325641464E-4
1.7360681563542143E-4
1.734771269475292E-4
1.7334762678507904E-4
1.7321831474158741E-4
1.7308919041172344E-4
1.7296025339132067E-4
1.7283150327736005E-4
1.7270293966797386E-4
1.725745621624345E-4
1.7244637036116593E-4
1.7231836386571552E-4
1.7219054227877436E-4
1.7206290520414526E-4
1.7193545224678027E-4
1.7180818301272977E-4
1.716810971091759E-4
1.715541941443963E-4
1.714274737278008E-4
1.713009354698799E-4
1.711745789822436E-4
1.7104840387758752E-4
1.7092240976970686E-4
1.707965962734835E-4
1.706709630048809E-4
1.7054550958095396E-4
1.704202356198276E-4
1.7029514074070524E-4
1.7017022456385317E-4
1.70045486710613E-4
1.6992092680338878E-4
1.697965444656354E-4
1.6967233932187103E-4
1.695483109976654E-4
1.6942445911963155E-4
1.6930078331543142E-4
1.691772832137666E-4
1.690539584443722E-4
1.6893080863802408E-4
1.6880783342652334E-4
1.6868503244269552E-4
1.6856240532039783E-4
1.6843995169449387E-4
1.6831767120087734E-4
1.6819556347644012E-4
1.6807362815909804E-4
1.6795186488775753E-4
1.6783027330233462E-4
1.6770885304374393E-4
1.675876037538923E-4
1.6746652507568168E-4
1.6734561665299712E-4
1.672248781307111E-4
1.6710430915468122E-4
1.669839093717327E-4
1.6686367842967597E-4
1.6674361597728894E-4
1.666237216643156E-4
1.6650399514146484E-4
1.663844360604096E-4
1.6626504407377758E-4
1.661458188351532E-4
1.6602675999907019E-4
1.6590786722101461E-4
1.6578914015741075E-4
1.6567057846563366E-4
1.6555218180398752E-4
1.6543394983171657E-4
1.6531588220899918E-4
1.651979785969376E-4
1.650802386575642E-4
1.6496266205383238E-4
1.648452484496114E-4
1.6472799750969364E-4
1.646109088997822E-4
1.6449398228648513E-4
1.6437721733732395E-4
1.642606137207241E-4
1.641441711060086E-4
1.6402788916339834E-4
1.6391176756401488E-4
1.6379580597986195E-4
1.636800040838414E-4
1.635643615497358E-4
1.6344887805221062E-4
1.63333553266815E-4
1.632183868699686E-4
1.631033785389723E-4
1.6298852795199186E-4
1.6287383478806643E-4
1.6275929872709512E-4
1.6264491944984394E-4
1.6253069663793395E-4
1.6241662997384829E-4
1.6230271914091735E-4
1.6218896382332872E-4
1.6207536370610914E-4
1.6196191847514348E-4
1.618486278171456E-4
1.6173549141967834E-4
1.616225089711345E-4
1.6150968016074617E-4
1.6139700467857014E-4
1.6128448221550294E-4
1.611721124632537E-4
1.6105989511435963E-4
1.6094782986218262E-4
1.6083591640089412E-4
1.6072415442548615E-4
1.606125436317586E-4
1.6050108371632547E-4
1.6038977437660306E-4
1.6027861531081315E-4
1.601676062179773E-4
1.6005674679791686E-4
1.5994603675125127E-4
1.59835475779393E-4
1.5972506358453837E-4
1.5961479986968593E-4
1.5950468433860183E-4
1.5939471669584862E-4
1.59284896646764E-4
1.5917522389746695E-4
1.5906569815484677E-4
1.5895631912656895E-4
1.5884708652106944E-4
1.587380000475498E-4
1.5862905941597708E-4
1.5852026433708019E-4
1.58411614522355E-4
1.583031096840422E-4
1.58194749535148E-4
1.5808653378943105E-4
1.5797846216139276E-4
1.5787053436629194E-4
1.5776275012012458E-4
1.5765510913963497E-4
1.575476111423036E-4
1.5744025584635645E-4
1.5733304297074307E-4
1.5722597223516145E-4
1.571190433600226E-4
1.570122560664876E-4
1.5690561007642494E-4
1.567991051124323E-4
1.566927408978372E-4
1.5658651715667605E-4
1.5648043361370665E-4
1.563744899943999E-4
1.5626868602494352E-4
1.5616302143222474E-4
1.5605749594385274E-4
1.5595210928812735E-4
1.5584686119406356E-4
1.5574175139136984E-4
1.5563677961045265E-4
1.5553194558242422E-4
1.5542724903907894E-4
1.5532268971290935E-4
1.5521826733709627E-4
1.5511398164551E-4
1.5500983237270424E-4
1.5490581925391324E-4
1.548019420250557E-4
1.5469820042272647E-4
1.5459459418420147E-4
1.544911230474258E-4
1.543877867510184E-4
1.5428458503426905E-4
1.5418151763713528E-4
1.5407858430023597E-4
1.53975784764862E-4
1.5387311877295917E-4
1.5377058606713461E-4
1.5366818639065734E-4
1.535659194874406E-4
1.5346378510206E-4
1.5336178297973711E-4
1.5325991286635097E-4
1.5315817450841553E-4
1.5305656765309726E-4
1.5295509204820654E-4
1.5285374744218822E-4
1.5275253358413014E-4
1.526514502237604E-4
1.525504971114325E-4
1.5244967399813717E-4
1.5234898063550245E-4
1.522484167757768E-4
1.5214798217183534E-4
1.5204767657718343E-4
1.5194749974594687E-4
1.5184745143287224E-4
1.5174753139332155E-4
1.5164773938328223E-4
1.5154807515934616E-4
1.5144853847872682E-4
1.5134912909924375E-4
1.512498467793308E-4
1.5115069127802496E-4
1.5105166235497095E-4
1.5095275977041237E-4
1.5085398328520532E-4
1.5075533266079198E-4
1.506568076592233E-4
1.5055840804313917E-4
1.5046013357578E-4
1.5036198402097062E-4
1.502639591431367E-4
1.5016605870728477E-4
1.5006828247900796E-4
1.4997063022448962E-4
1.498731017104905E-4
1.4977569670436184E-4
1.49678414974023E-4
1.4958125628797872E-4
1.4948422041530539E-4
1.4938730712566004E-4
1.4929051618926576E-4
1.4919384737691933E-4
1.490973004599848E-4
1.490008752103919E-4
1.489045714006428E-4
1.488083888037966E-4
1.487123271934743E-4
1.4861638634386184E-4
1.4852056602970094E-4
1.4842486602629E-4
1.4832928610947912E-4
1.4823382605568092E-4
1.4813848564184848E-4
1.48043264645495E-4
1.479481628446736E-4
1.4785318001798938E-4
1.4775831594458913E-4
1.4766357040416436E-4
1.4756894317695014E-4
1.4747443404371552E-4
1.47380042785774E-4
1.472857691849736E-4
1.4719161302369625E-4
1.4709757408485794E-4
1.4700365215190546E-4
1.469098470088156E-4
1.4681615844009985E-4
1.4672258623078406E-4
1.466291301664328E-4
1.465357900331232E-4
1.464425656174637E-4
1.463494567065752E-4
1.462564630881025E-4
1.4616358455020616E-4
1.4607082088156348E-4
1.4597817187136534E-4
1.4588563730931218E-4
1.4579321698562184E-4
1.4570091069101716E-4
1.4560871821673083E-4
1.455166393544989E-4
1.4542467389656795E-4
1.4533282163568182E-4
1.4524108236509082E-4
1.4514945587854478E-4
1.4505794197029018E-4
1.4496654043507325E-4
1.4487525106813317E-4
1.4478407366520739E-4
1.4469300802252545E-4
1.4460205393680505E-4
1.4451121120525635E-4
1.4442047962557927E-4
1.4432985899595822E-4
1.4423934911506102E-4
1.4414894978204788E-4
1.4405866079655465E-4
1.4396848195869682E-4
1.4387841306907548E-4
1.4378845392876903E-4
1.4369860433932936E-4
1.436088641027843E-4
1.435192330216429E-4
1.434297108988735E-4
1.4334029753792883E-4
1.4325099274272452E-4
1.4316179631764512E-4
1.4307270806754468E-4
1.4298372779773775E-4
1.4289485531401283E-4
1.4280609042260974E-4
1.4271743293023812E-4
1.426288826440663E-4
1.4254043937171726E-4
1.4245210292127399E-4
1.4236387310127753E-4
1.4227574972072385E-4
1.4218773258905412E-4
1.4209982151617577E-4
1.4201201631243318E-4
1.4192431678862897E-4
1.4183672275600842E-4
1.417492340262685E-4
1.4166185041154404E-4
1.4157457172442485E-4
1.414873977779374E-4
1.4140032838554683E-4
1.4131336336115955E-4
1.4122650251912957E-4
1.411397456742353E-4
1.4105309264170055E-4
1.4096654323718545E-4
1.4088009727677243E-4
1.4079375457698955E-4
1.4070751495479054E-4
1.4062137822755646E-4
1.4053534421310288E-4
1.4044941272966399E-4
1.4036358359591284E-4
1.4027785663093886E-4
1.4019223165425454E-4
1.4010670848580104E-4
1.400212869459338E-4
1.3993596685543165E-4
1.3985074803549372E-4
1.3976563030773472E-4
1.3968061349418765E-4
1.3959569741729615E-4
1.395108818999234E-4
1.3942616676534126E-4
1.3934155183723543E-4
1.3925703693970363E-4
1.3917262189724788E-4
1.390883065347803E-4
1.3900409067762204E-4
1.389199741514984E-4
1.3883595678253733E-4
1.3875203839727463E-4
1.3866821882264178E-4
1.385844978859747E-4
1.3850087541501335E-4
1.3841735123788784E-4
1.3833392518313687E-4
1.3825059707968135E-4
1.38167366756848E-4
1.3808423404435542E-4
1.3800119877231337E-4
1.3791826077122477E-4
1.378354198719821E-4
1.377526759058707E-4
1.376700287045582E-4
1.375874781001085E-4
1.3750502392496098E-4
1.374226660119508E-4
1.3734040419428973E-4
1.3725823830557378E-4
1.3717616817978198E-4
1.370941936512806E-4
1.3701231455479906E-4
1.3693053072546293E-4
1.3684884199876646E-4
1.3676724821057713E-4
1.3668574919714697E-4
1.3660434479509717E-4
1.365230348414212E-4
1.3644181917348618E-4
1.3636069762903435E-4
1.3627967004616685E-4
1.3619873626336598E-4
1.3611789611947496E-4
1.3603714945370789E-4
1.3595649610564236E-4
1.3587593591521616E-4
1.3579546872274508E-4
1.3571509436889124E-4
1.3563481269468928E-4
1.3555462354153088E-4
1.3547452675116462E-4
1.353945221657048E-4
1.3531460962761774E-4
1.3523478897972793E-4
1.3515506006521726E-4
1.350754227276199E-4
1.3499587681082203E-4
1.3491642215906992E-4
1.3483705861695093E-4
1.3475778602941576E-4
1.346786042417516E-4
1.345995130996034E-4
1.3452051244896066E-4
1.3444160213616063E-4
1.3436278200788744E-4
1.3428405191116415E-4
1.3420541169336585E-4
1.3412686120220388E-4
1.3404840028573474E-4
1.3397002879236099E-4
1.338917465708086E-4
1.3381355347016267E-4
1.3373544933983718E-4
1.3365743402958156E-4
1.3357950738948087E-4
1.3350166926996422E-4
1.334239195217835E-4
1.3334625799603332E-4
1.332686845441355E-4
1.3319119901784713E-4
1.3311380126925006E-4
1.3303649115076159E-4
1.3295926851512697E-4
1.3288213321542005E-4
1.328050851050401E-4
1.3272812403770828E-4
1.3265124986747712E-4
1.3257446244872352E-4
1.3249776163614435E-4
1.324211472847636E-4
1.3234461924991933E-4
1.322681773872757E-4
1.3219182155282098E-4
1.3211555160284923E-4
1.3203936739398785E-4
1.3196326878316963E-4
1.318872556276516E-4
1.3181132778500312E-4
1.3173548511310763E-4
1.3165972747015885E-4
1.3158405471467446E-4
1.3150846670547135E-4
1.3143296330168604E-4
1.3135754436276076E-4
1.3128220974845331E-4
1.3120695931882024E-4
1.3113179293423443E-4
1.31056710455373E-4
1.3098171174321735E-4
1.3090679665905936E-4
1.308319650644875E-4
1.3075721682140012E-4
1.3068255179199512E-4
1.3060796983877491E-4
1.3053347082454155E-4
1.3045905461239634E-4
1.3038472106573852E-4
1.3031047004827577E-4
1.3023630142399795E-4
1.3016221505720473E-4
1.3008821081248993E-4
1.300142885547332E-4
1.2994044814912387E-4
1.2986668946113293E-4
1.297930123565309E-4
1.2971941670137638E-4
1.2964590236202203E-4
1.295724692051107E-4
1.2949911709757655E-4
1.2942584590663696E-4
1.2935265549980743E-4
1.2927954574488187E-4
1.2920651650994488E-4
1.2913356766336428E-4
1.2906069907379838E-4
1.289879106101886E-4
1.2891520214175422E-4
1.2884257353800124E-4
1.2877002466872158E-4
1.2869755540398392E-4
1.2862516561413606E-4
1.2855285516981144E-4
1.2848062394191624E-4
1.2840847180164075E-4
1.283363986204482E-4
1.2826440427008266E-4
1.2819248862256164E-4
1.2812065155017727E-4
1.2804889292549696E-4
1.279772126213682E-4
1.279056105109007E-4
1.2783408646748468E-4
1.277626403647791E-4
1.276912720767134E-4
1.2761998147749006E-4
1.275487684415789E-4
1.2747763284371615E-4
1.274065745589139E-4
1.27335593462442E-4
1.2726468942984552E-4
1.2719386233693027E-4
1.2712311205976775E-4
1.2705243847469698E-4
1.2698184145831497E-4
1.2691132088749098E-4
1.2684087663934656E-4
1.2677050859127216E-4
1.2670021662091943E-4
1.2663000060619386E-4
1.2655986042526513E-4
1.2648979595656325E-4
1.2641980707877679E-4
1.2634989367084633E-4
1.262800556119747E-4
1.262102927816198E-4
1.261406050594948E-4
1.2607099232556947E-4
1.2600145446005747E-4
1.2593199134344676E-4
1.258626028564556E-4
1.2579328888007244E-4
1.257240492955247E-4
1.256548839842988E-4
1.255857928281278E-4
1.2551677570899264E-4
1.2544783250913058E-4
1.2537896311101804E-4
1.2531016739738212E-4
1.2524144525120093E-4
1.2517279655569442E-4
1.251042211943288E-4
1.25035719050821E-4
1.249672900091215E-4
1.2489893395343406E-4
1.248306507682007E-4
1.2476244033810907E-4
1.2469430254808309E-4
1.2462623728329894E-4
1.2455824442915694E-4
1.24490323871313E-4
1.2442247549565618E-4
1.2435469918831027E-4
1.2428699483564378E-4
1.2421936232426153E-4
1.2415180154099837E-4
1.2408431237293394E-4
1.240168947073813E-4
1.239495484318851E-4
1.2388227343422886E-4
1.23815069602426E-4
1.2374793682472593E-4
1.2368087498960777E-4
1.2361388398578573E-4
1.2354696370220494E-4
1.2348011402804016E-4
1.23413334852696E-4
1.2334662606580687E-4
1.2327998755723524E-4
1.232134192170784E-4
1.23146920935653E-4
1.230804926035083E-4
1.2301413411141543E-4
1.2294784535037636E-4
1.2288162621161596E-4
1.2281547658658538E-4
1.227493963669584E-4
1.2268338544463395E-4
1.2261744371173388E-4
1.2255157106060168E-4
1.224857673838043E-4
1.2242003257413147E-4
1.2235436652458667E-4
1.2228876912840484E-4
1.222232402790304E-4
1.2215777987013084E-4
1.2209238779559522E-4
1.2202706394952888E-4
1.2196180822624877E-4
1.2189662052030033E-4
1.2183150072643255E-4
1.2176644873962094E-4
1.2170146445505309E-4
1.2163654776812539E-4
1.2157169857445867E-4
1.2150691676987685E-4
1.2144220225042518E-4
1.2137755491235913E-4
1.2131297465214172E-4
1.2124846136646001E-4
1.2118401495219111E-4
1.2111963530644442E-4
1.2105532232652453E-4
1.2099107590995156E-4
1.2092689595445269E-4
1.2086278235796415E-4
1.2079873501862919E-4
1.2073475383480251E-4
1.2067083870503478E-4
1.206069895280952E-4
1.2054320620295341E-4
1.2047948862878042E-4
1.2041583670495675E-4
1.203522503310674E-4
1.2028872940689805E-4
1.2022527383243822E-4
1.2016188350788156E-4
1.20098558333621E-4
1.2003529821025467E-4
1.1997210303857757E-4
1.1990897271958988E-4
1.1984590715448805E-4
1.1978290624466979E-4
1.1971996989172776E-4
1.1965709799746057E-4
1.1959429046386182E-4
1.1953154719311911E-4
1.1946886808761805E-4
1.1940625304994923E-4
1.193437019828845E-4
1.192812147894053E-4
1.1921879137267907E-4
1.1915643163607193E-4
1.1909413548314292E-4
1.190319028176435E-4
1.1896973354352091E-4
1.1890762756491368E-4
1.1884558478614954E-4
1.1878360511175583E-4
1.1872168844644097E-4
1.1865983469511358E-4
1.1859804376286352E-4
1.1853631555497692E-4
1.1847464997692942E-4
1.1841304693438033E-4
1.1835150633318269E-4
1.1829002807937333E-4
1.1822861207917685E-4
1.181672582390089E-4
1.1810596646546722E-4
1.1804473666533805E-4
1.1798356874559095E-4
1.179224626133852E-4
1.1786141817605917E-4
1.178004353411361E-4
1.1773951401632803E-4
1.1767865410952403E-4
1.1761785552880159E-4
1.1755711818241417E-4
1.1749644197880378E-4
1.1743582682659213E-4
1.1737527263457545E-4
1.1731477931174099E-4
1.1725434676724693E-4
1.1719397491043992E-4
1.1713366365083557E-4
1.1707341289813716E-4
1.1701322256222635E-4
1.1695309255315054E-4
1.1689302278115169E-4
1.1683301315663604E-4
1.1677306359019287E-4
1.1671317399258602E-4
1.1665334427475318E-4
1.1659357434781154E-4
1.1653386412304533E-4
1.1647421351192591E-4
1.1641462242608768E-4
1.1635509077734133E-4
1.1629561847767266E-4
1.1623620543924059E-4
1.1617685157437324E-4
1.1611755679557292E-4
1.1605832101551341E-4
1.1599914414704024E-4
1.159400261031663E-4
1.1588096679707821E-4
1.1582196614213106E-4
1.1576302405184944E-4
1.1570414043992685E-4
1.1564531522022596E-4
1.1558654830677691E-4
1.1552783961377841E-4
1.1546918905559465E-4
1.1541059654675775E-4
1.1535206200196972E-4
1.1529358533609498E-4
1.1523516646416076E-4
1.1517680530136908E-4
1.1511850176307596E-4
1.1506025576481117E-4
1.1500206722226245E-4
1.1494393605128467E-4
1.1488586216789446E-4
1.1482784548827189E-4
1.1476988592875932E-4
1.1471198340586213E-4
1.1465413783624444E-4
1.145963491367389E-4
1.1453861722433156E-4
1.1448094201616988E-4
1.1442332342956744E-4
1.1436576138199462E-4
1.14308255791077E-4
1.1425080657460287E-4
1.1419341365052079E-4
1.1413607693693625E-4
1.1407879635211197E-4
1.140215718144673E-4
1.139644032425825E-4
1.1390729055519227E-4
1.1385023367118355E-4
1.1379323250960685E-4
1.1373628698966266E-4
1.1367939703071273E-4
1.136225625522674E-4
1.1356578347399665E-4
1.1350905971571951E-4
1.1345239119741077E-4
1.1339577783920154E-4
1.133392195613746E-4
1.1328271628436326E-4
1.132262679287555E-4
1.1316987441528936E-4
1.1311353566485633E-4
1.1305725159849903E-4
1.1300102213741134E-4
1.1294484720293447E-4
1.1288872671656203E-4
1.1283266059993817E-4
1.1277664877485797E-4
1.1272069116326192E-4
1.1266478768724099E-4
1.1260893826903386E-4
1.1255314283102924E-4
1.1249740129576165E-4
1.1244171358591263E-4
1.1238607962431276E-4
1.123304993339407E-4
1.1227497263791234E-4
1.1221949945950272E-4
1.121640797221218E-4
1.121087133493307E-4
1.1205340026483352E-4
1.1199814039247887E-4
1.1194293365626011E-4
1.1188777998031453E-4
1.1183267928892221E-4
1.1177763150650908E-4
1.1172263655763666E-4
1.1166769436702063E-4
1.1161280485950928E-4
1.1155796796009721E-4
1.115031835939179E-4
1.114484516862492E-4
1.1139377216250646E-4
1.1133914494825003E-4
1.1128456996917476E-4
1.1123004715112162E-4
1.1117557642006641E-4
1.1112115770212607E-4
1.1106679092355679E-4
1.1101247601075183E-4
1.1095821289024283E-4
1.109040014887021E-4
1.1084984173293964E-4
1.1079573354989545E-4
1.1074167686665729E-4
1.1068767161043889E-4
1.1063371770860183E-4
1.1057981508863154E-4
1.1052596367815819E-4
1.1047216340494642E-4
1.1041841419689046E-4
1.1036471598202266E-4
1.1031106868851203E-4
1.1025747224465836E-4
1.1020392657889765E-4
1.1015043161979388E-4
1.1009698729605452E-4
1.1004359353651217E-4
1.0999025027013129E-4
1.0993695742601225E-4
1.0988371493339091E-4
1.0983052272162465E-4
1.0977738072020908E-4
1.0972428885876973E-4
1.0967124706706283E-4
1.0961825527497638E-4
1.0956531341252786E-4
1.095124214098607E-4
1.0945957919725188E-4
1.0940678670510955E-4
1.0935404386396371E-4
1.0930135060448036E-4
1.092487068574509E-4
1.091961125537941E-4
1.0914356762455566E-4
1.090910720009135E-4
1.0903862561416709E-4
1.0898622839574606E-4
1.0893388027720548E-4
1.0888158119022823E-4
1.0882933106662103E-4
1.0877712983831689E-4
1.0872497743737531E-4
1.0867287379598047E-4
1.0862081884643882E-4
1.0856881252118634E-4
1.0851685475278165E-4
1.0846494547390563E-4
1.0841308461736122E-4
1.0836127211607987E-4
1.0830950790311508E-4
1.0825779191163871E-4
1.0820612407494852E-4
1.0815450432646733E-4
1.0810293259973342E-4
1.0805140882841311E-4
1.0799993294628703E-4
1.0794850488727049E-4
1.0789712458538133E-4
1.0784579197477287E-4
1.0779450698971186E-4
1.0774326956458816E-4
1.0769207963390717E-4
1.0764093713229844E-4
1.0758984199450747E-4
1.0753879415540344E-4
1.0748779354996815E-4
1.07436840113305E-4
1.073859337806361E-4
1.073350744873042E-4
1.0728426216876131E-4
1.0723349676058603E-4
1.0718277819846589E-4
1.0713210641821284E-4
1.0708148135574938E-4
1.0703090294712134E-4
1.0698037112848067E-4
1.0692988583610436E-4
1.0687944700637957E-4
1.0682905457581242E-4
1.0677870848101891E-4
1.0672840865873773E-4
1.0667815504581206E-4
1.0662794757920852E-4
1.065777861960035E-4
1.0652767083338754E-4
1.0647760142866283E-4
1.0642757791924958E-4
1.06377600242674E-4
1.0632766833658269E-4
1.0627778213872896E-4
1.0622794158698216E-4
1.0617814661932067E-4
1.0612839717383662E-4
1.0607869318873129E-4
1.0602903460232115E-4
1.0597942135302927E-4
1.0592985337939213E-4
1.0588033062005478E-4
1.0583085301377594E-4
1.0578142049941951E-4
1.0573203301596431E-4
1.0568269050249352E-4
1.0563339289820263E-4
1.0558414014239512E-4
1.0553493217448407E-4
1.0548576893399193E-4
1.0543665036054484E-4
1.0538757639388111E-4
1.0533854697384851E-4
1.0528956204040018E-4
1.0524062153359032E-4
1.051917253935907E-4
1.0514287356067545E-4
1.0509406597522388E-4
1.0504530257772205E-4
1.0499658330876386E-4
1.049479081090479E-4
1.0489927691937979E-4
1.0485068968066799E-4
1.0480214633392782E-4
1.0475364682028099E-4
1.0470519108094926E-4
1.0465677905726413E-4
1.0460841069065795E-4
1.0456008592266911E-4
1.0451180469493988E-4
1.044635669492123E-4
1.0441537262733781E-4
1.0436722167126507E-4
1.0431911402304952E-4
1.0427104962484605E-4
1.0422302841891903E-4
1.041750503476242E-4
1.041271153534275E-4
1.040792233788949E-4
1.0403137436669157E-4
1.0398356825958644E-4
1.0393580500044722E-4
1.0388808453224619E-4
1.0384040679805207E-4
1.0379277174103556E-4
1.0374517930447084E-4
1.0369762943172494E-4
1.0365012206627126E-4
1.0360265715168016E-4
1.0355523463161933E-4
1.035078544498588E-4
1.0346051655026586E-4
1.0341322087681012E-4
1.033659673735537E-4
1.0331875598465854E-4
1.0327158665438879E-4
1.0322445932709909E-4
1.0317737394725086E-4
1.031303304593946E-4
1.0308332880818057E-4
1.0303636893835943E-4
1.0298945079477576E-4
1.0294257432236766E-4
1.0289573946617789E-4
1.028489461713346E-4
1.028021943830707E-4
1.0275548404670975E-4
1.027088151076751E-4
1.0266218751147869E-4
1.0261560120373514E-4
1.0256905613015051E-4
1.0252255223652229E-4
1.0247608946874768E-4
1.0242966777281476E-4
1.0238328709480756E-4
1.0233694738090421E-4
1.0229064857737431E-4
1.0224439063058214E-4
1.0219817348698559E-4
1.0215199709313354E-4
1.0210586139567201E-4
1.0205976634133382E-4
1.0201371187695293E-4
1.0196769794944404E-4
1.0192172450582021E-4
1.0187579149318831E-4
1.018298988587456E-4
1.0178404654977596E-4
1.0173823451365895E-4
1.0169246269786619E-4
1.0164673104995786E-4
1.01601039517584E-4
1.0155538804848511E-4
1.0150977659049672E-4
1.01464205091538E-4
1.0141867349962265E-4
1.0137318176284998E-4
1.0132772982941309E-4
1.012823176475918E-4
1.0123694516575605E-4
1.0119161233236227E-4
1.0114631909596071E-4
1.0110106540518342E-4
1.0105585120875673E-4
1.0101067645549107E-4
1.0096554109428856E-4
1.0092044507413453E-4
1.0087538834410432E-4
1.0083037085336299E-4
1.0078539255115986E-4
1.0074045338683303E-4
1.006955533098029E-4
1.006506922695825E-4
1.00605870215767E-4
1.0056108709804282E-4
1.0051634286617582E-4
1.0047163747002362E-4
1.004269708595245E-4
1.0038234298470744E-4
1.0033775379568426E-4
1.0029320324265182E-4
1.0024869127589088E-4
1.0020421784577062E-4
1.0015978290274109E-4
1.0011538639733706E-4
1.0007102828018132E-4
1.0002670850197663E-4
9.998242701351278E-5
The correct rate for BP: 100.00% 
