0.7754362539161305
0.33348854308059706
0.14232262729914502
0.06994677878408395
0.043057079761525195
0.03056383084344679
0.02348824597183236
0.01897177527674296
0.015854217920972708
0.013580597003340644
0.011853452777720895
0.010499537948526922
0.009411351335974347
0.00851877354838975
0.007774183696587347
0.0071441438584804486
0.006604507809115637
0.006137417667423573
0.005729391355468672
0.005370065968502517
0.005051349350187129
0.0047668334443758805
0.004511380005566793
0.004280822477630761
0.004071747820404275
0.003881334398639369
0.003707229855816442
0.0035474579482874078
0.00340034665143657
0.0032644720928624543
0.0031386144014190873
0.003021722625897973
0.002912886627049835
0.0028113143816732916
0.0027163135238697914
0.0026272762307477534
0.0025436667681285373
0.002465011167041153
0.0023908886185685057
0.002320924263215094
0.002254783118749525
0.0021921649427271454
0.0021327998664701976
0.002076444669002712
0.0020228795843964943
0.0019719055557465295
0.001923341864731951
0.001877024078321104
0.0018328022643263086
0.0017905394357226184
0.00175011019032018
0.0017113995178311126
0.0016743017508446748
0.0016387196399087047
0.0016045635359635637
0.0015717506659052973
0.0015402044891643753
0.001509854124950574
0.0014806338412955366
0.0014524825982716958
0.0014253436388195408
0.0013991641215081122
0.0013738947903121368
0.0013494896771360089
0.001325905833367379
0.0013031030872167242
0.0012810438240061107
0.0012596927869209767
0.0012390168960410267
0.0012189850837283531
0.0011995681446779316
0.001180738599133049
0.0011624705679399807
0.0011447396582665564
0.0011275228589403606
0.0011107984444773582
0.0010945458869726808
0.0010787457751142565
0.001063379739658077
0.00104843038477305
0.001033881224724485
0.0010197166254192912
0.0010059217503839669
9.924825107891213E-4
9.79385519172115E-4
9.666180465432886E-4
9.541679825913376E-4
9.420237987303479E-4
9.301745137551538E-4
9.186096618932801E-4
9.073192630610245E-4
8.962937951488173E-4
8.855241681764588E-4
8.750017001731828E-4
8.647180946499165E-4
8.546654195428474E-4
8.448360875176819E-4
8.352228375332645E-4
8.258187175719938E-4
8.166170684517874E-4
8.076115086418315E-4
7.987959200101455E-4
7.901644344373739E-4
7.817114212359005E-4
7.73431475318638E-4
7.653194060658941E-4
7.57370226842958E-4
7.495791451244701E-4
7.419415531851405E-4
7.34453019319404E-4
7.271092795552506E-4
7.199062298303397E-4
7.128399186004538E-4
7.059065398529509E-4
6.991024264994287E-4
6.924240441240155E-4
6.858679850651133E-4
6.794309628101191E-4
6.731098066840254E-4
6.669014568140958E-4
6.608029593541268E-4
6.548114619527315E-4
6.48924209451396E-4
6.431385397988011E-4
6.374518801687854E-4
6.318617432703859E-4
6.263657238388953E-4
6.209614952976213E-4
6.156468065809671E-4
6.104194791095431E-4
6.052774039092196E-4
6.002185388659642E-4
5.952409061091572E-4
5.903425895165533E-4
5.85521732334127E-4
5.807765349049103E-4
5.761052525009327E-4
5.715061932529208E-4
5.669777161725722E-4
5.625182292627714E-4
5.581261877110865E-4
5.538000921623712E-4
5.495384870664926E-4
5.453399590973458E-4
5.412031356396404E-4
5.371266833401287E-4
5.331093067200091E-4
5.29149746845651E-4
5.252467800546776E-4
5.213992167348413E-4
5.176059001531064E-4
5.138657053325753E-4
5.101775379749811E-4
5.065403334266425E-4
5.029530556858101E-4
4.9941469644953E-4
4.959242741981684E-4
4.924808333159045E-4
4.890834432455466E-4
4.8573119767612166E-4
4.8242321376177163E-4
4.791586313705569E-4
4.7593661236184693E-4
4.7275633989103905E-4
4.6961701774040097E-4
4.665178696749309E-4
4.634581388221046E-4
4.604370870745309E-4
4.5745399451450794E-4
4.5450815885957573E-4
4.51598894928135E-4
4.4872553412436325E-4
4.45887423941544E-4
4.430839274830926E-4
4.403144230005549E-4
4.375783034478418E-4
4.348749760510903E-4
4.3220386189347996E-4
4.2956439551441333E-4
4.2695602452248613E-4
4.24378209221713E-4
4.2183042225044266E-4
4.1931214823253066E-4
4.1682288344020333E-4
4.1436213546821893E-4
4.119294229189063E-4
4.0952427509757496E-4
4.0714623171798523E-4
4.0479484261744727E-4
4.0246966748122516E-4
4.001702755758232E-4
3.978962454909146E-4
3.956471648895113E-4
3.93422630266109E-4
3.912222467125121E-4
3.8904562769104094E-4
3.868923948148567E-4
3.8476217763514615E-4
3.826546134349431E-4
3.8056934702928485E-4
3.785060305715633E-4
3.764643233657363E-4
3.744438916843521E-4
3.724444085919841E-4
3.7046555377407537E-4
3.685070133708688E-4
3.6656847981631624E-4
3.646496516817648E-4
3.6275023352426385E-4
3.6086993573935535E-4
3.590084744181489E-4
3.571655712085748E-4
3.553409531806674E-4
3.5353435269572177E-4
3.5174550727921894E-4
3.4997415949738765E-4
3.4822005683728287E-4
3.4648295159024796E-4
3.447626007386731E-4
3.430587658459215E-4
3.413712129493586E-4
3.396997124563298E-4
3.380440390430153E-4
3.3640397155609896E-4
3.347792929171147E-4
3.3316979002942043E-4
3.315752536876743E-4
3.2999547848979415E-4
3.284302627512778E-4
3.2687940842181484E-4
3.253427210041312E-4
3.238200094749964E-4
3.22311086208322E-4
3.20815766900283E-4
3.193338704964184E-4
3.178652191206045E-4
3.1640963800592584E-4
3.149669554272994E-4
3.135370026358557E-4
3.121196137949987E-4
3.1071462591810486E-4
3.0932187880781936E-4
3.079412149968751E-4
3.0657247969042206E-4
3.052155207097988E-4
3.038701884377259E-4
3.0253633576485744E-4
3.0121381803764624E-4
2.9990249300755514E-4
2.9860222078144957E-4
2.9731286377325777E-4
2.960342866567964E-4
2.9476635631974293E-4
2.935089418187391E-4
2.9226191433556645E-4
2.9102514713437726E-4
2.897985155199586E-4
2.8858189679698763E-4
2.873751702302623E-4
2.8617821700587366E-4
2.849909201932807E-4
2.8381316470829697E-4
2.826448372769425E-4
2.8148582640012237E-4
2.80336022319145E-4
2.7919531698202064E-4
2.780636040105624E-4
2.769407786682251E-4
2.758267378286803E-4
2.7472137994511434E-4
2.736246050202358E-4
2.725363145769243E-4
2.714564116295903E-4
2.7038480065614894E-4
2.6932138757061877E-4
2.682660796963485E-4
2.6721878573983084E-4
2.661794157650979E-4
2.6514788116867885E-4
2.6412409465510853E-4
2.6310797021297626E-4
2.620994230914936E-4
2.610983697775868E-4
2.601047279734472E-4
2.5911841657462166E-4
2.5813935564852176E-4
2.5716746641343726E-4
2.5620267121795597E-4
2.552448935208705E-4
2.542940578714659E-4
2.5335008989025486E-4
2.5241291625009704E-4
2.514824646577396E-4
2.505586638357146E-4
2.496414435046495E-4
2.487307343659109E-4
2.478264680846217E-4
2.4692857727304934E-4
2.4603699547428833E-4
2.45151657146331E-4
2.4427249764642404E-4
2.4339945321576233E-4
2.4253246096449257E-4
2.416714588570158E-4
2.4081638569758924E-4
2.399671811162055E-4
2.3912378555478563E-4
2.3828614025360608E-4
2.374541872380422E-4
2.3662786930552852E-4
2.358071300128089E-4
2.3499191366342743E-4
2.3418216529546003E-4
2.3337783066950377E-4
2.3257885625687397E-4
2.3178518922805833E-4
2.309967774413773E-4
2.3021356943186033E-4
2.2943551440036988E-4
2.286625622028756E-4
2.278946633400048E-4
2.271317689467207E-4
2.2637383078226173E-4
2.2562080122022076E-4
2.2487263323884616E-4
2.241292804115089E-4
2.233906968973518E-4
2.2265683743211929E-4
2.219276573191486E-4
2.212031124205404E-4
2.2048315914848554E-4
2.1976775445675147E-4
2.1905685583233572E-4
2.183504212872648E-4
2.1764840935053196E-4
2.169507790602178E-4
2.1625748995571277E-4
2.1556850207010562E-4
2.1488377592271762E-4
2.1420327251173938E-4
2.135269533070274E-4
2.1285478024303238E-4
2.1218671571182558E-4
2.1152272255628223E-4
2.108627640633745E-4
2.1020680395756488E-4
2.095548063943496E-4
2.089067359538948E-4
2.0826255763478873E-4
2.076222368479023E-4
2.06985739410365E-4
2.063530315396358E-4
2.0572407984768333E-4
2.0509885133526424E-4
2.0447731338630763E-4
2.038594337623756E-4
2.0324518059725206E-4
2.0263452239159985E-4
2.0202742800770954E-4
2.0142386666434855E-4
2.008238079316967E-4
2.0022722172635687E-4
1.9963407830647084E-4
1.990443482668853E-4
1.984580025344344E-4
1.978750123632781E-4
1.972953493303277E-4
1.9671898533074584E-4
1.961458925735098E-4
1.9557604357708913E-4
1.9500941116512756E-4
1.944459684622673E-4
1.9388568888998903E-4
1.93328546162546E-4
1.927745142829608E-4
1.9222356753907644E-4
1.9167568049970147E-4
1.9113082801076967E-4
1.9058898519161175E-4
1.900501274312519E-4
1.8951423038478149E-4
1.8898126996979157E-4
1.8845122236284422E-4
1.879240639960258E-4
1.87399771553537E-4
1.8687832196834643E-4
1.863596924188911E-4
1.8584386032583663E-4
1.8533080334887203E-4
1.8482049938358107E-4
1.843129265583407E-4
1.8380806323127846E-4
1.833058879872683E-4
1.8280637963499413E-4
1.8230951720402762E-4
1.818152799419772E-4
1.8132364731167111E-4
1.8083459898838702E-4
1.8034811485711355E-4
1.7986417500987325E-4
1.7938275974306697E-4
1.7890384955487174E-4
1.7842742514267287E-4
1.7795346740054091E-4
1.774819574167272E-4
1.7701287647123182E-4
1.765462060333754E-4
1.7608192775942153E-4
1.7562002349024366E-4
1.7516047524900378E-4
1.7470326523888122E-4
1.7424837584084884E-4
1.7379578961144193E-4
1.7334548928060956E-4
1.7289745774954983E-4
1.7245167808861754E-4
1.7200813353523755E-4
1.715668074918582E-4
1.7112768352392865E-4
1.7069074535791515E-4
1.702559768793389E-4
1.698233621308516E-4
1.6939288531031955E-4
1.689645307689504E-4
1.6853828300945575E-4
1.6811412668421493E-4
1.6769204659348614E-4
1.6727202768363657E-4
1.6685405504539546E-4
1.664381139121331E-4
1.6602418965816067E-4
1.656122677970751E-4
1.6520233398009085E-4
1.6479437399443214E-4
1.6438837376171243E-4
1.6398431933638055E-4
1.6358219690414014E-4
1.6318199278042572E-4
1.6278369340888812E-4
1.6238728535989923E-4
1.6199275532908315E-4
1.6160009013586142E-4
1.6120927672202284E-4
1.6082030215031347E-4
1.604331536030403E-4
1.6004781838070548E-4
1.596642839006432E-4
1.5928253769568513E-4
1.5890256741285565E-4
1.5852436081205482E-4
1.581479057647848E-4
1.5777319025288766E-4
1.5740020236729155E-4
1.5702893030678698E-4
1.5665936237680951E-4
1.562914869882342E-4
1.5592529265621513E-4
1.5556076799899768E-4
1.5519790173677876E-4
1.5483668269056965E-4
1.5447709978107655E-4
1.5411914202759856E-4
1.537627985469369E-4
1.534080585523012E-4
1.5305491135228312E-4
1.5270334634978278E-4
1.5235335304097212E-4
1.5200492101429303E-4
1.5165803994943362E-4
1.5131269961634808E-4
1.509688898742568E-4
1.5062660067070556E-4
1.5028582204057494E-4
1.4994654410517173E-4
1.4960875707127483E-4
1.4927245123021966E-4
1.4893761695700195E-4
1.4860424470936512E-4
1.4827232502692754E-4
1.479418485303112E-4
1.4761280592026635E-4
1.4728518797683612E-4
1.469589855585049E-4
1.466341896013732E-4
1.4631079111834187E-4
1.4598878119829575E-4
1.4566815100531332E-4
1.453488917778688E-4
1.450309948280633E-4
1.4471445154084887E-4
1.443992533732707E-4
1.4408539185371908E-4
1.4377285858118783E-4
1.4346164522454542E-4
1.4315174352180028E-4
1.4284314527941003E-4
1.4253584237155343E-4
1.4222982673944831E-4
1.419250903906632E-4
1.4162162539843123E-4
1.4131942390098522E-4
1.410184781008969E-4
1.4071878026441142E-4
1.404203227208212E-4
1.4012309786180414E-4
1.398270981408041E-4
1.3953231607241235E-4
1.3923874423174258E-4
1.389463752538292E-4
1.386552018330178E-4
1.3836521672238144E-4
1.3807641273312664E-4
1.3778878273401737E-4
1.375023196507995E-4
1.372170164656368E-4
1.3693286621655325E-4
1.3664986199687373E-4
1.3636799695468813E-4
1.360872642922957E-4
1.3580765726568933E-4
1.3552916918402308E-4
1.3525179340908035E-4
1.3497552335477219E-4
1.3470035248662506E-4
1.344262743212735E-4
1.341532824259698E-4
1.338813704180859E-4
1.3361053196463525E-4
1.3334076078178286E-4
1.3307205063438303E-4
1.328043953355006E-4
1.325377887459515E-4
1.3227222477384833E-4
1.3200769737413547E-4
1.3174420054815582E-4
1.3148172834319866E-4
1.3122027485206627E-4
1.309598342126382E-4
1.3070040060744214E-4
1.3044196826324432E-4
1.3018453145061294E-4
1.2992808448351252E-4
1.2967262171889907E-4
1.29418137556311E-4
1.2916462643747454E-4
1.289120828459054E-4
1.286605013065115E-4
1.2840987638521726E-4
1.2816020268858512E-4
1.2791147486341305E-4
1.2766368759639733E-4
1.2741683561373065E-4
1.2717091368075886E-4
1.2692591660160368E-4
1.2668183921881745E-4
1.2643867641302876E-4
1.2619642310257847E-4
1.25955074243195E-4
1.2571462482763757E-4
1.2547506988536637E-4
1.252364044822023E-4
1.2499862371999723E-4
1.2476172273631451E-4
1.245256967040915E-4
1.2429054083133175E-4
1.2405625036077664E-4
1.2382282056961385E-4
1.235902467691356E-4
1.2335852430445885E-4
1.2312764855421047E-4
1.228976149302305E-4
1.2266841887726963E-4
1.224400558727056E-4
1.2221252142624015E-4
1.2198581107962523E-4
1.2175992040637015E-4
1.2153484501145486E-4
1.2131058053107119E-4
1.2108712263232586E-4
1.2086446701297847E-4
1.2064260940117102E-4
1.2042154555516438E-4
1.2020127126306507E-4
1.1998178234256863E-4
1.1976307464070984E-4
1.1954514403358998E-4
1.1932798642613571E-4
1.1911159775184817E-4
1.1889597397254775E-4
1.1868111107813868E-4
1.1846700508635506E-4
1.1825365204253137E-4
1.1804104801935618E-4
1.1782918911664225E-4
1.1761807146109096E-4
1.1740769120606223E-4
1.1719804453134938E-4
1.1698912764294385E-4
1.1678093677282423E-4
1.1657346817872848E-4
1.1636671814393418E-4
1.1616068297704184E-4
1.1595535901176121E-4
1.1575074260670242E-4
1.1554683014515983E-4
1.1534361803490728E-4
1.1514110270799201E-4
1.1493928062052673E-4
1.1473814825249352E-4
1.1453770210754118E-4
1.1433793871278925E-4
1.1413885461862309E-4
1.1394044639851427E-4
1.1374271064881986E-4
1.1354564398859299E-4
1.1334924305939118E-4
1.1315350452510379E-4
1.1295842507174851E-4
1.1276400140730284E-4
1.1257023026151602E-4
1.1237710838573794E-4
1.1218463255272576E-4
1.119927995564868E-4
1.1180160621209182E-4
1.1161104935551432E-4
1.1142112584344572E-4
1.1123183255313504E-4
1.1104316638222599E-4
1.1085512424857942E-4
1.1066770309011841E-4
1.1048089986466511E-4
1.1029471154977645E-4
1.1010913514258484E-4
1.0992416765964718E-4
1.0973980613677935E-4
1.0955604762890582E-4
1.0937288920991083E-4
1.091903279724776E-4
1.0900836102794511E-4
1.0882698550615305E-4
1.0864619855530271E-4
1.0846599734180953E-4
1.082863790501426E-4
1.0810734088270694E-4
1.0792888005968442E-4
1.0775099381889407E-4
1.0757367941566027E-4
1.0739693412267086E-4
1.0722075522983648E-4
1.070451400441646E-4
1.0687008588961638E-4
1.0669559010697695E-4
1.0652165005372739E-4
1.0634826310390918E-4
1.0617542664799882E-4
1.0600313809277641E-4
1.0583139486120197E-4
1.0566019439228702E-4
1.0548953414097728E-4
1.0531941157801706E-4
1.0514982418983795E-4
1.0498076947843117E-4
1.0481224496124135E-4
1.0464424817101837E-4
1.0447677665573454E-4
1.043098279784444E-4
1.0414339971717625E-4
1.0397748946482355E-4
1.0381209482901883E-4
1.0364721343203353E-4
1.0348284291065964E-4
1.0331898091610486E-4
1.0315562511387176E-4
1.029927731836655E-4
1.0283042281927299E-4
1.0266857172846722E-4
1.025072176328912E-4
1.0234635826796205E-4
1.0218599138276155E-4
1.020261147399379E-4
1.0186672611560605E-4
1.0170782329923561E-4
1.0154940409356024E-4
1.0139146631448165E-4
1.0123400779096416E-4
1.010770263649384E-4
1.0092051989120875E-4
1.0076448623735466E-4
1.0060892328363765E-4
1.0045382892290586E-4
1.0029920106050337E-4
1.0014503761417787E-4
9.999133651398383E-5
The correct rate for BP: 100.00% 
