0.9735686122919736
0.8410735435468856
0.6409544560963928
0.4577692805505437
0.31889063294002185
0.22431554421602368
0.16313173202980044
0.12361647973572477
0.09733385735818521
0.07914310761318157
0.06605145673640012
0.05629800939409266
0.048813582212147
0.04292478770775798
0.038192121725105235
0.03431920850512125
0.031100269110957007
0.028388682630440882
0.026077559942234606
0.024087379699239842
0.022357903824267056
0.0208427602515854
0.01950573156502153
0.018318160755776417
0.017257104478428705
0.016303996426226933
0.015443665155852184
0.014663602295092538
0.013953410322880232
0.013304380947719465
0.012709169699142852
0.012161542250753814
0.0116561748178122
0.011188495740287798
0.010754558736759616
0.01035094073167724
0.00997465890951763
0.00962310293128674
0.00929397919664619
0.008985264742308985
0.008695168899904307
0.008422101240786526
0.008164644644565488
0.007921532566530486
0.007691629764175511
0.0074739158876092416
0.00726747145231002
0.007071465802608036
0.006885146745812802
0.006707831594126077
0.006538899397489301
0.006377784187693327
0.006223969084262988
0.006076981137248399
0.005936386802220539
0.005801787959358156
0.005672818402212138
0.0055491407330917585
0.005430443611468515
0.005316439309685107
0.005206861536871329
0.005101463497527494
0.005000016155925905
0.00490230668144713
0.004808137053333553
0.004717322806206268
0.00462969190013505
0.004545083701141342
0.004463348059806938
0.0043843444772030645
0.004307941348683115
0.004234015277230167
0.0041624504490451325
0.004093138064922885
0.004025975821715563
0.003960867438834362
0.003897722225313525
0.0038364546834586764
0.003776984145540205
0.003719234440376722
0.003663133586991857
0.003608613512825874
0.0035556097942471693
0.003504061417340759
0.003453910557157859
0.0034051023737929277
0.003357584823817462
0.0033113084857440216
0.0032662263983233544
0.003222293910591733
0.0031794685426890968
0.003137709856560071
0.0030969793357322408
0.003057240273440414
0.003018457668431349
0.002980598127843824
0.0029436297766119537
0.0029075221728887372
0.002872246229030064
0.0028377741377194304
0.0028040793028488013
0.002771136274803824
0.0027389206898310037
0.002707409213190511
0.0026765794858232455
0.002646410074282199
0.00261688042369838
0.0025879708135698545
0.002559662316178939
0.0025319367574579174
0.0025047766801373577
0.002478165309023804
0.0024520865182654644
0.002426524800474677
0.002401465237586071
0.0023768934733381843
0.002352795687274249
0.002329158570165788
0.0023059693007692374
0.0022832155238324595
0.002260885329273666
0.002238967232460787
0.002217450155524369
0.0021963234096415473
0.002175576678232969
0.002155200001018494
0.002135183758881156
0.00211551865949202
0.0020961957236520497
0.002077206272309628
0.002058541914215294
0.0020401945341776305
0.0020221562818865226
0.0020044195612722625
0.0019869770203708092
0.001969821541667519
0.0019529462328932304
0.001936344418248341
0.001920009630031884
0.0019039356006540409
0.0018881162550118725
0.0018725457032092152
0.0018572182336027622
0.0018421283061575966
0.0018272705460961039
0.0018126397378255645
0.001798230819130036
0.0017840388756135705
0.0017700591353818763
0.0017562869639509355
0.0017427178593711575
0.0017293474475566885
0.001716171477809867
0.0017031858185313944
0.0016903864531073345
0.0016777694759645676
0.0016653310887866774
0.0016530675968828023
0.0016409754057022427
0.0016290510174880972
0.0016172910280635986
0.0016056921237449205
0.0015942510783748328
0.0015829647504717187
0.0015718300804887493
0.0015608440881782896
0.0015500038700568812
0.0015393065969664746
0.0015287495117274343
0.001518329926879594
0.0015080452225074543
0.001497892844145786
0.0014878703007624031
0.001477975162814671
0.0014682050603767043
0.001458557681334265
0.001449030769644545
0.0014396221236580903
0.0014303295945004083
0.0014211510845106804
0.0014120845457353183
0.0014031279784741727
0.001394279429877151
0.0013855369925893685
0.0013768988034427877
0.0013683630421925043
0.0013599279302960229
0.0013515917297337
0.0013433527418688163
0.0013352093063457742
0.0013271598000248511
0.0013192026359521748
0.0013113362623635993
0.0013035591617210815
0.0012958698497804375
0.0012882668746893018
0.001280748816114036
0.001273314284394633
0.0012659619197265643
0.0012586903913685478
0.001251498396875216
0.001244384661353983
0.0012373479367449463
0.001230387001123335
0.0012235006580233122
0.0012166877357827216
0.001209947086907783
0.001203277587457152
0.0011966781364446597
0.001190147655259977
0.0011836850871067867
0.0011772893964575534
0.001170959568524637
0.0011646946087469573
0.0011584935422917914
0.0011523554135711262
0.0011462792857721512
0.0011402642404013306
0.0011343093768416425
0.0011284138119225622
0.0011225766795023013
0.0011167971300619878
0.0011110743303112919
0.0011054074628052218
0.0010997957255716763
0.0010942383317493272
0.0010887345092357242
0.0010832835003449764
0.0010778845614750115
0.001072536962783916
0.001067239987875058
0.001061992933490913
0.0010567951092150549
0.001051645837182249
0.0010465444517963186
0.0010414902994555586
0.0010364827382854296
0.0010315211378783763
0.0010266048790404754
0.0010217333535447592
0.0010169059638910308
0.001012122123071829
0.0010073812543446067
0.0010026827910096586
9.980261761938771E-4
9.934108626399693E-4
9.888363125010984E-4
9.843019971406916E-4
9.79807396937396E-4
9.753520010948523E-4
9.709353074563189E-4
9.665568223239033E-4
9.622160602822697E-4
9.579125440267503E-4
9.536458041956909E-4
9.494153792069314E-4
9.452208150982521E-4
9.410616653717482E-4
9.369374908420001E-4
9.328478594878734E-4
9.287923463079332E-4
9.247705331792899E-4
9.207820087198834E-4
9.168263681539698E-4
9.12903213180888E-4
9.090121518468433E-4
9.051527984197848E-4
9.013247732671956E-4
8.975277027366735E-4
8.937612190394427E-4
8.900249601363795E-4
8.86318569626877E-4
8.826416966400494E-4
8.78993995728643E-4
8.753751267652182E-4
8.717847548407637E-4
8.682225501656266E-4
8.646881879725932E-4
8.611813484223037E-4
8.577017165106042E-4
8.542489819781274E-4
8.508228392218131E-4
8.474229872083987E-4
8.44049129389826E-4
8.407009736205174E-4
8.373782320764871E-4
8.340806211761629E-4
8.308078615030024E-4
8.27559677729764E-4
8.243357985443877E-4
8.211359565775162E-4
8.179598883315847E-4
8.14807334111346E-4
8.116780379559903E-4
8.085717475726322E-4
8.054882142712279E-4
8.024271929008817E-4
7.993884417874807E-4
7.963717226726304E-4
7.933768006538916E-4
7.904034441262424E-4
7.874514247247336E-4
7.845205172684138E-4
7.816104997053083E-4
7.787211530586158E-4
7.758522613739152E-4
7.730036116675767E-4
7.701749938760845E-4
7.673662008065048E-4
7.645770280878584E-4
7.618072741235661E-4
7.590567400447816E-4
7.563252296646553E-4
7.536125494335972E-4
7.509185083952999E-4
7.482429181437597E-4
7.45585592781061E-4
7.429463488760185E-4
7.403250054236407E-4
7.377213838054038E-4
7.351353077502415E-4
7.32566603296345E-4
7.30015098753701E-4
7.274806246673237E-4
7.2496301378122E-4
7.22462101003043E-4
7.199777233694234E-4
7.17509720011946E-4
7.150579321238006E-4
7.126222029270483E-4
7.102023776404878E-4
7.077983034481957E-4
7.054098294685648E-4
7.030368067240123E-4
7.006790881111853E-4
6.983365283717397E-4
6.960089840637023E-4
6.936963135333059E-4
6.913983768873817E-4
6.891150359662401E-4
6.868461543170567E-4
6.845915971677459E-4
6.823512314013177E-4
6.801249255306708E-4
6.779125496738904E-4
6.757139755299589E-4
6.735290763548958E-4
6.713577269383711E-4
6.691998035806869E-4
6.670551840701991E-4
6.649237476611442E-4
6.628053750518451E-4
6.606999483633027E-4
6.586073511181761E-4
6.565274682201377E-4
6.544601859335581E-4
6.524053918636053E-4
6.503629749366297E-4
6.483328253809144E-4
6.463148347077873E-4
6.443088956930115E-4
6.423149023585324E-4
6.403327499545304E-4
6.383623349417695E-4
6.364035549742555E-4
6.34456308882209E-4
6.325204966553023E-4
6.305960194261769E-4
6.286827794542722E-4
6.267806801098909E-4
6.248896258585767E-4
6.230095222457085E-4
6.211402758813509E-4
6.192817944254265E-4
6.174339865730471E-4
6.155967620401517E-4
6.137700315493383E-4
6.119537068159766E-4
6.101477005344935E-4
6.083519263649486E-4
6.065662989197559E-4
6.047907337507065E-4
6.030251473360961E-4
6.012694570681995E-4
5.995235812408061E-4
5.977874390370644E-4
5.960609505174602E-4
5.943440366080162E-4
5.926366190886812E-4
5.909386205818693E-4
5.892499645412605E-4
5.87570575240674E-4
5.859003777632166E-4
5.842392979905394E-4
5.825872625922848E-4
5.80944199015706E-4
5.793100354754444E-4
5.776847009434601E-4
5.760681251391354E-4
5.744602385194977E-4
5.728609722696671E-4
5.712702582933607E-4
5.696880292035997E-4
5.681142183135734E-4
5.665487596275762E-4
5.649915878321695E-4
5.634426382874089E-4
5.619018470182318E-4
5.603691507060016E-4
5.588444866801208E-4
5.573277929098542E-4
5.558190079961632E-4
5.543180711638003E-4
5.528249222533872E-4
5.513395017137261E-4
5.498617505941334E-4
5.483916105369716E-4
5.469290237702087E-4
5.454739331001627E-4
5.440262819043133E-4
5.425860141242127E-4
5.41153074258542E-4
5.397274073562301E-4
5.383089590096864E-4
5.368976753481455E-4
5.354935030310836E-4
5.340963892417603E-4
5.327062816808289E-4
5.31323128560068E-4
5.299468785961598E-4
5.285774810045979E-4
5.272148854936776E-4
5.258590422585669E-4
5.24509901975436E-4
5.231674157957168E-4
5.218315353404234E-4
5.205022126945425E-4
5.191794004015275E-4
5.178630514578326E-4
5.165531193075921E-4
5.152495578372875E-4
5.1395232137056E-4
5.126613646630621E-4
5.113766428973974E-4
5.100981116781078E-4
5.088257270267578E-4
5.075594453770732E-4
5.06299223570153E-4
5.050450188497351E-4
5.037967888575424E-4
5.025544916287017E-4
5.013180855871778E-4
5.000875295413322E-4
4.988627826795096E-4
4.97643804565685E-4
4.964305551351677E-4
4.952229946903925E-4
4.940210838967203E-4
4.928247837783575E-4
4.916340557142412E-4
4.904488614340962E-4
4.892691630144283E-4
4.8809492287466396E-4
4.8692610377329193E-4
4.8576266880405217E-4
4.8460458139221657E-4
4.834518052908772E-4
4.823043045773066E-4
4.811620436493636E-4
4.8002498722194846E-4
4.788931003234762E-4
4.7776634829245344E-4
4.7664469677404024E-4
4.755281117166944E-4
4.744165593688716E-4
4.733100062756882E-4
4.7220841927575924E-4
4.711117654979495E-4
4.700200123582302E-4
4.6893312755659874E-4
4.678510790739687E-4
4.66773835169161E-4
4.6570136437591134E-4
4.6463363549989635E-4
4.6357061761583896E-4
4.6251228006462036E-4
4.614585924504356E-4
4.6040952463799754E-4
4.5936504674975033E-4
4.58325129163153E-4
4.5728974250795924E-4
4.562588576635672E-4
4.5523244575637985E-4
4.5421047815720234E-4
4.531929264786801E-4
4.5217976257276793E-4
4.511709585282096E-4
4.5016648666808544E-4
4.4916631954736164E-4
4.481704299504832E-4
4.471787908889804E-4
4.461913755991431E-4
4.452081575396672E-4
4.4422911038939004E-4
4.432542080449942E-4
4.422834246188087E-4
4.4131673443655804E-4
4.403541120352128E-4
4.393955321608017E-4
4.384409697663124E-4
4.374904000095603E-4
4.365437982511311E-4
4.3560114005231033E-4
4.346624011730664E-4
4.337275575700344E-4
4.3279658539455135E-4
4.3186946099068435E-4
4.3094616089330945E-4
4.300266618261869E-4
4.291109407000946E-4
4.2819897461094785E-4
4.272907408379589E-4
4.263862168418175E-4
4.2548538026290864E-4
4.245882089194947E-4
4.2369468080600333E-4
4.228047740912604E-4
4.2191846711679644E-4
4.210357383951228E-4
4.2015656660809755E-4
4.19280930605226E-4
4.184088094020466E-4
4.175401821785206E-4
4.166750282774095E-4
4.158133272027244E-4
4.149550586181283E-4
4.1410020234542496E-4
4.1324873836301793E-4
4.124006468044006E-4
4.1155590795666924E-4
4.1071450225904855E-4
4.098764103014329E-4
4.0904161282294475E-4
4.0821009071052546E-4
4.073818249974902E-4
4.0655679686217946E-4
4.0573498762656065E-4
4.049163787548676E-4
4.041009518522581E-4
4.032886886634849E-4
4.024795710715842E-4
4.0167358109656617E-4
4.0087070089414465E-4
4.0007091275444265E-4
3.992741991007602E-4
3.9848054248831224E-4
3.9768992560301097E-4
3.9690233126025054E-4
3.961177424036965E-4
3.953361421040996E-4
3.9455751355812845E-4
3.9378184008720065E-4
3.9300910513633436E-4
3.922392922730097E-4
3.91472385186037E-4
3.907083676844692E-4
3.899472236964714E-4
3.8918893726825823E-4
3.8843349256299385E-4
3.876808738597527E-4
3.869310655524396E-4
3.861840521487794E-4
3.8543981826924827E-4
3.8469834864609615E-4
3.839596281223166E-4
3.8322364165063364E-4
3.8249037429254816E-4
3.817598112173458E-4
3.810319377011292E-4
3.803067391258678E-4
3.795842009784544E-4
3.788643088497539E-4
3.781470484337146E-4
3.7743240552640274E-4
3.767203660251463E-4
3.7601091592760793E-4
3.7530404133090964E-4
3.7459972843074366E-4
3.7389796352053586E-4
3.7319873299054954E-4
3.7250202332705424E-4
3.7180782111148933E-4
3.7111611301961933E-4
3.704268858207155E-4
3.697401263767547E-4
3.6905582164158314E-4
3.6837395866015106E-4
3.676945245676951E-4
3.6701750658898834E-4
3.6634289203752357E-4
3.6567066831479257E-4
3.6500082290950143E-4
3.643333433968327E-4
3.6366821743769176E-4
3.630054327779816E-4
3.623449772478759E-4
3.616868387610954E-4
3.6103100531419694E-4
3.6037746498588096E-4
3.597262059362537E-4
3.590772164061978E-4
3.5843048471663334E-4
3.577859992678734E-4
3.571437485389402E-4
3.5650372108690317E-4
3.5586590554622467E-4
3.552302906281241E-4
3.5459686511989975E-4
3.539656178843299E-4
3.533365378590096E-4
3.527096140557575E-4
3.5208483555996834E-4
3.5146219153002543E-4
3.508416711966755E-4
3.5022326386243655E-4
3.49606958901016E-4
3.4899274575669615E-4
3.483806139437755E-4
3.4777055304598885E-4
3.471625527159142E-4
3.4655660267443914E-4
3.4595269271017835E-4
3.4535081267893236E-4
3.44750952503132E-4
3.441531021712991E-4
3.435572517374948E-4
3.429633913208112E-4
3.4237151110482264E-4
3.4178160133707094E-4
3.411936523285481E-4
3.4060765445318526E-4
3.4002359814733484E-4
3.3944147390928573E-4
3.38861272298742E-4
3.3828298393635034E-4
3.377065995032132E-4
3.3713210974037686E-4
3.3655950544838204E-4
3.359887774867754E-4
3.354199167736502E-4
3.348529142851593E-4
3.342877610550778E-4
3.337244481743361E-4
3.3316296679056164E-4
3.326033081076366E-4
3.320454633852615E-4
3.314894239385071E-4
3.3093518113736745E-4
3.303827264063539E-4
3.298320512240486E-4
3.2928314712268435E-4
3.287360056877298E-4
3.2819061855747576E-4
3.2764697742260977E-4
3.27105074025822E-4
3.2656490016139697E-4
3.260264476748108E-4
3.2548970846233707E-4
3.2495467447065795E-4
3.2442133769646007E-4
3.238896901860697E-4
3.2335972403504606E-4
3.228314313878294E-4
3.2230480443735086E-4
3.217798354246518E-4
3.2125651663853584E-4
3.207348404151895E-4
3.202147991378316E-4
3.1969638523633725E-4
3.1917959118689995E-4
3.186644095116754E-4
3.1815083277842777E-4
3.176388536001841E-4
3.17128464634903E-4
3.166196585851217E-4
3.1611242819762223E-4
3.1560676626311536E-4
3.151026656158767E-4
3.146001191334515E-4
3.1409911973632353E-4
3.135996603875684E-4
3.131017340925721E-4
3.126053338986899E-4
3.1211045289494224E-4
3.116170842117043E-4
3.1112522102039923E-4
3.106348565331922E-4
3.101459840026866E-4
3.096585967216264E-4
3.0917268802260197E-4
3.08688251277751E-4
3.082052798984762E-4
3.0772376733514224E-4
3.0724370707680115E-4
3.0676509265090775E-4
3.062879176230323E-4
3.0581217559658315E-4
3.0533786021253486E-4
3.0486496514915056E-4
3.043934841217107E-4
3.0392341088224576E-4
3.034547392192657E-4
3.029874629574957E-4
3.025215759576254E-4
3.020570721160191E-4
3.015939453645012E-4
3.011321896700649E-4
3.006717990346272E-4
3.0021276749479396E-4
2.997550891215848E-4
2.992987580202136E-4
2.9884376832982123E-4
2.9839011422324566E-4
2.9793778990677374E-4
2.9748678961991125E-4
2.9703710763513875E-4
2.9658873825768033E-4
2.961416758252657E-4
2.9569591470791787E-4
2.952514493076959E-4
2.948082740584936E-4
2.9436638342579817E-4
2.939257719064795E-4
2.9348643402856095E-4
2.930483643509994E-4
2.9261155746347883E-4
2.921760079861822E-4
2.9174171056958346E-4
2.913086598942317E-4
2.908768506705575E-4
2.9044627763863266E-4
2.9001693556799903E-4
2.895888192574398E-4
2.8916192353478697E-4
2.8873624325670996E-4
2.8831177330852835E-4
2.878885086040057E-4
2.8746644408515504E-4
2.8704557472204517E-4
2.866258955126066E-4
2.8620740148243065E-4
2.857900876846031E-4
2.853739491994907E-4
2.849589811345651E-4
2.8454517862421035E-4
2.8413253682956456E-4
2.8372105093829006E-4
2.833107161644468E-4
2.829015277482613E-4
2.8249348095599116E-4
2.820865710797219E-4
2.816807934372047E-4
2.8127614337167343E-4
2.8087261625168037E-4
2.804702074709238E-4
2.800689124480687E-4
2.7966872662659776E-4
2.792696454746207E-4
2.7887166448473344E-4
2.7847477917383273E-4
2.7807898508296693E-4
2.7768427777716406E-4
2.7729065284528556E-4
2.7689810589984746E-4
2.7650663257688506E-4
2.761162285357836E-4
2.7572688945911574E-4
2.753386110525008E-4
2.749513890444599E-4
2.745652191862318E-4
2.741800972516605E-4
2.737960190370111E-4
2.734129803608579E-4
2.7303097706390706E-4
2.7265000500886126E-4
2.722700600802864E-4
2.718911381844461E-4
2.7151323524918274E-4
2.7113634722375994E-4
2.7076047007872404E-4
2.703855998057765E-4
2.7001173241762396E-4
2.6963886394784084E-4
2.6926699045074794E-4
2.6889610800126355E-4
2.685262126947731E-4
2.6815730064700283E-4
2.6778936799387685E-4
2.674224108913932E-4
2.6705642551550385E-4
2.6669140806196356E-4
2.6632735474622275E-4
2.659642618032941E-4
2.656021254876182E-4
2.6524094207295396E-4
2.648807078522475E-4
2.645214191375044E-4
2.6416307225967387E-4
2.6380566356853463E-4
2.634491894325546E-4
2.6309364623879896E-4
2.627390303927866E-4
2.6238533831838656E-4
2.6203256645770283E-4
2.616807112709496E-4
2.6132976923634056E-4
2.6097973684998543E-4
2.606306106257635E-4
2.602823870952142E-4
2.599350628074275E-4
2.595886343289401E-4
2.592430982436174E-4
2.588984511525409E-4
2.585546896739111E-4
2.5821181044294073E-4
2.5786981011174194E-4
2.5752868534921177E-4
2.5718843284095545E-4
2.568490492891499E-4
2.565105314124644E-4
2.5617287594595237E-4
2.558360796409358E-4
2.555001392649306E-4
2.551650516015196E-4
2.548308134502683E-4
2.544974216266259E-4
2.541648729618222E-4
2.538331643027751E-4
2.5350229251198665E-4
2.5317225446745765E-4
2.5284304706258565E-4
2.52514667206071E-4
2.52187111821827E-4
2.5186037784888555E-4
2.515344622412904E-4
2.5120936196803824E-4
2.508850740129587E-4
2.505615953746272E-4
2.502389230662924E-4
2.499170541157729E-4
2.495959855653719E-4
2.4927571447178564E-4
2.4895623790602446E-4
2.4863755295332854E-4
2.4831965671305887E-4
2.480025462986529E-4
2.4768621883749527E-4
2.473706714708623E-4
2.4705590135383395E-4
2.4674190565520396E-4
2.464286815574049E-4
2.4611622625641866E-4
2.458045369617077E-4
2.454936108961203E-4
2.451834452958208E-4
2.4487403741020277E-4
2.4456538450182255E-4
2.4425748384630417E-4
2.4395033273227657E-4
2.4364392846128543E-4
2.4333826834772805E-4
2.4303334971876686E-4
2.427291699142562E-4
2.4242572628667213E-4
2.4212301620103667E-4
2.4182103703484096E-4
2.4151978617797248E-4
2.4121926103264153E-4
2.4091945901331518E-4
2.4062037754663736E-4
2.4032201407136038E-4
2.4002436603827776E-4
2.3972743091014992E-4
2.394312061616356E-4
2.3913568927921895E-4
2.388408777611466E-4
2.3854676911735662E-4
2.3825336086940978E-4
2.3796065055042555E-4
2.3766863570500875E-4
2.373773138891889E-4
2.3708668267035017E-4
2.3679673962717293E-4
2.3650748234955806E-4
2.3621890843856621E-4
2.3593101550636246E-4
2.3564380117613944E-4
2.3535726308205845E-4
2.350713988691924E-4
2.3478620619345867E-4
2.345016827215501E-4
2.3421782613088692E-4
2.33934634109543E-4
2.336521043561952E-4
2.3337023458006528E-4
2.330890225008339E-4
2.3280846584861905E-4
2.3252856236389072E-4
2.3224930979742054E-4
2.3197070591022027E-4
2.3169274847348976E-4
2.3141543526855225E-4
2.311387640868045E-4
2.3086273272965367E-4
2.305873390084677E-4
2.3031258074450044E-4
2.3003845576887222E-4
2.2976496192247584E-4
2.2949209705595E-4
2.2921985902959866E-4
2.28948245713368E-4
2.2867725498676634E-4
2.284068847388257E-4
2.2813713286803905E-4
2.2786799728231183E-4
2.2759947589891559E-4
2.2733156664442598E-4
2.2706426745467144E-4
2.2679757627469714E-4
2.265314910586869E-4
2.2626600976993603E-4
2.2600113038080024E-4
2.2573685087262248E-4
2.2547316923571248E-4
2.252100834692789E-4
2.2494759158138306E-4
2.2468569158889655E-4
2.2442438151744657E-4
2.2416365940136713E-4
2.2390352328366376E-4
2.23643971215946E-4
2.2338500125839838E-4
2.2312661147972198E-4
2.2286879995709065E-4
2.226115647761144E-4
2.22354904030772E-4
2.220988158233917E-4
2.218432982645874E-4
2.2158834947321495E-4
2.2133396757633464E-4
2.2108015070916953E-4
2.208268970150459E-4
2.2057420464536673E-4
2.2032207175955195E-4
2.200704965250085E-4
2.1981947711708096E-4
2.1956901171901757E-4
2.193190985219047E-4
2.1906973572465458E-4
2.1882092153393748E-4
2.1857265416416454E-4
2.1832493183741825E-4
2.1807775278344103E-4
2.1783111523956958E-4
2.175850174507095E-4
2.1733945766928836E-4
2.1709443415521482E-4
2.168499451758441E-4
2.1660598900593702E-4
2.1636256392761625E-4
2.1611966823032906E-4
2.1587730021081344E-4
2.1563545817305125E-4
2.1539414042823595E-4
2.1515334529473645E-4
2.1491307109804556E-4
2.146733161707685E-4
2.1443407885255318E-4
2.1419535749007693E-4
2.139571504370012E-4
2.1371945605393557E-4
2.1348227270840086E-4
2.1324559877479156E-4
2.1300943263434844E-4
2.1277377267510747E-4
2.1253861729187725E-4
2.1230396488619734E-4
2.1206981386630877E-4
2.1183616264711135E-4
2.1160300965013333E-4
2.1137035330350034E-4
2.1113819204189393E-4
2.1090652430651985E-4
2.1067534854507994E-4
2.1044466321173068E-4
2.102144667670573E-4
2.0998475767802994E-4
2.0975553441798345E-4
2.0952679546657358E-4
2.0929853930975223E-4
2.0907076443973184E-4
2.088434693549508E-4
2.086166525600458E-4
2.0839031256581966E-4
2.0816444788920732E-4
2.0793905705324516E-4
2.0771413858703726E-4
2.0748969102573147E-4
2.0726571291048291E-4
2.0704220278842651E-4
2.0681915921263913E-4
2.0659658074212363E-4
2.0637446594175927E-4
2.0615281338229362E-4
2.0593162164029693E-4
2.0571088929813189E-4
2.0549061494394243E-4
2.0527079717159937E-4
2.0505143458069775E-4
2.0483252577649795E-4
2.046140693699246E-4
2.0439606397752534E-4
2.0417850822144226E-4
2.0396140072938753E-4
2.037447401346103E-4
2.0352852507587145E-4
2.0331275419742186E-4
2.030974261489695E-4
2.0288253958564506E-4
2.0266809316798765E-4
2.024540855619091E-4
2.0224051543867632E-4
2.020273814748682E-4
2.018146823523728E-4
2.0160241675833235E-4
2.0139058338514783E-4
2.011791809304235E-4
2.0096820809696394E-4
2.0075766359273542E-4
2.0054754613084725E-4
2.003378544295212E-4
2.001285872120667E-4
1.9991974320686333E-4
1.997113211473224E-4
1.9950331977187583E-4
1.992957378239412E-4
1.9908857405190255E-4
1.988818272090872E-4
1.9867549605373516E-4
1.9846957934898063E-4
1.9826407586282635E-4
1.9805898436812033E-4
1.978543036425315E-4
1.9765003246852348E-4
1.9744616963333884E-4
1.9724271392896465E-4
1.9703966415212485E-4
1.9683701910423656E-4
1.9663477759140655E-4
1.9643293842439745E-4
1.9623150041861106E-4
1.960304623940585E-4
1.9582982317534891E-4
1.956295815916567E-4
1.954297364766972E-4
1.952302866687266E-4
1.9503123101049258E-4
1.9483256834923E-4
1.9463429753662843E-4
1.9443641742882022E-4
1.9423892688635655E-4
1.9404182477417902E-4
1.9384510996161403E-4
1.9364878132233256E-4
1.9345283773434513E-4
1.9325727807996691E-4
1.930621012458202E-4
1.9286730612277824E-4
1.9267289160598272E-4
1.924788565947977E-4
1.9228519999279933E-4
1.9209192070775984E-4
1.9189901765161223E-4
1.9170648974044748E-4
1.9151433589448667E-4
1.9132255503805874E-4
1.9113114609959115E-4
1.9094010801158406E-4
1.9074943971058173E-4
1.9055914013717666E-4
1.903692082359625E-4
1.9017964295554293E-4
1.8999044324848687E-4
1.898016080713336E-4
1.8961313638455758E-4
1.894250271525533E-4
1.892372793436218E-4
1.8904989192994605E-4
1.8886286388757807E-4
1.8867619419642444E-4
1.8848988184021136E-4
1.883039258064845E-4
1.8811832508659052E-4
1.879330786756402E-4
1.8774818557251472E-4
1.875636447798322E-4
1.873794553039392E-4
1.871956161548901E-4
1.8701212634643125E-4
1.8682898489597589E-4
1.8664619082459763E-4
1.864637431570097E-4
1.8628164092155267E-4
1.8609988315016583E-4
1.8591846887838076E-4
1.8573739714530286E-4
1.8555666699359192E-4
1.8537627746944717E-4
1.8519622762259373E-4
1.8501651650626683E-4
1.8483714317718742E-4
1.8465810669555146E-4
1.8447940612501898E-4
1.8430104053269514E-4
1.841230089891086E-4
1.839453105681981E-4
1.837679443473042E-4
1.8359090940714957E-4
1.8341420483181773E-4
1.8323782970874298E-4
1.830617831287003E-4
1.8288606418578095E-4
1.8271067197737665E-4
1.8253560560417732E-4
1.8236086417014436E-4
1.821864467825012E-4
1.8201235255171255E-4
1.8183858059147743E-4
1.8166513001870936E-4
1.814919999535272E-4
1.8131918951923225E-4
1.8114669784229882E-4
1.809745240523654E-4
1.8080266728220972E-4
1.806311266677424E-4
1.804599013479894E-4
1.802889904650767E-4
1.8011839316422654E-4
1.7994810859372422E-4
1.7977813590492372E-4
1.796084742522256E-4
1.794391227930624E-4
1.7927008068788507E-4
1.7910134710015537E-4
1.7893292119632663E-4
1.7876480214583002E-4
1.7859698912106288E-4
1.7842948129737993E-4
1.7826227785307103E-4
1.7809537796935985E-4
1.7792878083037868E-4
1.7776248562316368E-4
1.7759649153763947E-4
1.7743079776660653E-4
1.7726540350572744E-4
1.7710030795351533E-4
1.7693551031132434E-4
1.7677100978333098E-4
1.7660680557652126E-4
1.764428969006906E-4
1.7627928296842004E-4
1.7611596299505863E-4
1.759529361987308E-4
1.757902018003057E-4
1.7562775902339324E-4
1.754656070943339E-4
1.7530374524218122E-4
1.7514217269869485E-4
1.7498088869832363E-4
1.7481989247820006E-4
1.7465918327812496E-4
1.7449876034055718E-4
1.7433862291059857E-4
1.741787702359828E-4
1.7401920156707423E-4
1.7385991615684242E-4
1.7370091326086235E-4
1.735421921372887E-4
1.7338375204686496E-4
1.732255922528922E-4
1.7306771202123275E-4
1.7291011062028823E-4
1.7275278732099795E-4
1.7259574139682183E-4
1.7243897212373212E-4
1.722824787801995E-4
1.72126260647189E-4
1.7197031700814456E-4
1.718146471489735E-4
1.7165925035804753E-4
1.715041259261806E-4
1.7134927314663338E-4
1.7119469131508108E-4
1.7104037972962311E-4
1.7088633769076194E-4
1.7073256450139966E-4
1.705790594668179E-4
1.704258218946811E-4
1.702728510950139E-4
1.7012014638019814E-4
1.6996770706495927E-4
1.6981553246636085E-4
1.696636219037899E-4
1.6951197469895334E-4
1.6936059017585384E-4
1.6920946766080234E-4
1.6905860648239158E-4
1.689080059714862E-4
1.6875766546122555E-4
1.686075842869999E-4
1.6845776178645562E-4
1.6830819729946815E-4
1.6815889016815147E-4
1.6800983973683182E-4
1.6786104535205062E-4
1.6771250636254915E-4
1.675642221192614E-4
1.674161919753042E-4
1.6726841528596665E-4
1.6712089140870397E-4
1.6697361970312654E-4
1.6682659953099225E-4
1.666798302561957E-4
1.6653331124476131E-4
1.6638704186483047E-4
1.6624102148666455E-4
1.6609524948261144E-4
1.6594972522712977E-4
1.6580444809674997E-4
1.6565941747008814E-4
1.6551463272782203E-4
1.6537009325269135E-4
1.652257984294873E-4
1.6508174764503787E-4
1.6493794028821018E-4
1.647943757498975E-4
1.6465105342300715E-4
1.645079727024513E-4
1.6436513298515365E-4
1.6422253367002015E-4
1.6408017415794174E-4
1.639380538517922E-4
1.637961721564046E-4
1.6365452847857915E-4
1.6351312222706078E-4
1.6337195281254416E-4
1.6323101964765336E-4
1.6309032214694832E-4
1.629498597269014E-4
1.6280963180590282E-4
1.6266963780424342E-4
1.6252987714411143E-4
1.623903492495852E-4
1.6225105354662463E-4
1.6211198946305806E-4
1.6197315642858682E-4
1.6183455387476544E-4
1.6169618123500505E-4
1.6155803794455515E-4
1.6142012344050015E-4
1.612824371617559E-4
1.6114497854906039E-4
1.610077470449626E-4
1.6087074209381847E-4
1.6073396314178625E-4
1.6059740963680793E-4
1.6046108102862249E-4
1.603249767687369E-4
1.6018909631042882E-4
1.6005343910874357E-4
1.5991800462048013E-4
1.5978279230418965E-4
1.596478016201585E-4
1.5951303203041588E-4
1.5937848299871695E-4
1.5924415399053303E-4
1.5911004447305999E-4
1.589761539151893E-4
1.5884248178752326E-4
1.587090275623533E-4
1.5857579071365974E-4
1.5844277071710243E-4
1.583099670500161E-4
1.5817737919140312E-4
1.5804500662192227E-4
1.579128488238918E-4
1.5778090528127835E-4
1.5764917547968237E-4
1.575176589063474E-4
1.5738635505013602E-4
1.5725526340154187E-4
1.5712438345266588E-4
1.5699371469722156E-4
1.5686325663052738E-4
1.567330087494906E-4
1.5660297055261526E-4
1.56473141539985E-4
1.5634352121326667E-4
1.5621410907568995E-4
1.5608490463205673E-4
1.5595590738872348E-4
1.5582711685360184E-4
1.5569853253614993E-4
1.5557015394736425E-4
1.5544198059978107E-4
1.5531401200746076E-4
1.5518624768598744E-4
1.550586871524638E-4
1.5493132992550296E-4
1.548041755252202E-4
1.5467722347323277E-4
1.545504732926537E-4
1.5442392450807624E-4
1.5429757664558227E-4
1.541714292327264E-4
1.5404548179853537E-4
1.539197338735011E-4
1.5379418498957236E-4
1.53668834680146E-4
1.535436824800808E-4
1.5341872792566644E-4
1.5329397055463128E-4
1.5316940990613379E-4
1.53045045520767E-4
1.5292087694052862E-4
1.5279690370884324E-4
1.5267312537054108E-4
1.5254954147185084E-4
1.524261515604099E-4
1.523029551852402E-4
1.5217995189675555E-4
1.5205714124674855E-4
1.519345227883917E-4
1.5181209607623058E-4
1.5168986066617482E-4
1.5156781611549156E-4
1.5144596198281553E-4
1.513242978281202E-4
1.5120282321273352E-4
1.5108153769931878E-4
1.5096044085187758E-4
1.5083953223574118E-4
1.5071881141756662E-4
1.5059827796532908E-4
1.5047793144832569E-4
1.5035777143715848E-4
1.5023779750373629E-4
1.5011800922126652E-4
1.4999840616425784E-4
1.4987898790850597E-4
1.4975975403109075E-4
1.4964070411037573E-4
1.4952183772600245E-4
1.494031544588783E-4
1.4928465389118224E-4
1.4916633560635743E-4
1.49048199189095E-4
1.489302442253453E-4
1.488124703023044E-4
1.4869487700841356E-4
1.4857746393335015E-4
1.4846023066802954E-4
1.4834317680458635E-4
1.4822630193638662E-4
1.481096056580244E-4
1.4799308756529355E-4
1.4787674725520695E-4
1.4776058432598138E-4
1.476445983770412E-4
1.4752878900900441E-4
1.4741315582367468E-4
1.4729769842405937E-4
1.471824164143364E-4
1.470673093998722E-4
1.4695237698720306E-4
1.4683761878403912E-4
1.4672303439925666E-4
1.46608623442896E-4
1.464943855261487E-4
1.4638032026136974E-4
1.462664272620577E-4
1.4615270614285554E-4
1.4603915651955254E-4
1.4592577800906942E-4
1.4581257022946206E-4
1.456995327999183E-4
1.455866653407422E-4
1.4547396747336468E-4
1.4536143882033152E-4
1.4524907900529758E-4
1.4513688765302923E-4
1.450248643893943E-4
1.449130088413625E-4
1.448013206369984E-4
1.4468979940545864E-4
1.4457844477698626E-4
1.4446725638291133E-4
1.443562338556377E-4
1.4424537682865477E-4
1.441346849365165E-4
1.440241578148433E-4
1.439137951003295E-4
1.4380359643071994E-4
1.4369356144482455E-4
1.435836897824971E-4
1.4347398108464733E-4
1.433644349932266E-4
1.4325505115122926E-4
1.4314582920268643E-4
1.4303676879266368E-4
1.4292786956725189E-4
1.428191311735769E-4
1.427105532597833E-4
1.4260213547503354E-4
1.4249387746950327E-4
1.4238577889438665E-4
1.422778394018779E-4
1.4217005864518165E-4
1.4206243627850156E-4
1.419549719570349E-4
1.4184766533698105E-4
1.417405160755196E-4
1.416335238308233E-4
1.4152668826204588E-4
1.414200090293169E-4
1.4131348579375197E-4
1.4120711821742724E-4
1.4110090596339348E-4
1.409948486956681E-4
1.408889460792288E-4
1.407831977800137E-4
1.4067760346491215E-4
1.4057216280176786E-4
1.40466875459376E-4
1.403617411074739E-4
1.4025675941673854E-4
1.401519300587891E-4
1.4004725270617635E-4
1.3994272703238733E-4
1.3983835271183268E-4
1.3973412941985323E-4
1.396300568327068E-4
1.3952613462757336E-4
1.394223624825456E-4
1.3931874007662814E-4
1.392152670897417E-4
1.3911194320270456E-4
1.39008768097241E-4
1.3890574145597232E-4
1.3880286296241834E-4
1.3870013230099436E-4
1.3859754915700022E-4
1.384951132166239E-4
1.3839282416694052E-4
1.3829068169590527E-4
1.3818868549234518E-4
1.3808683524596995E-4
1.3798513064735104E-4
1.3788357138794173E-4
1.377821571600482E-4
1.376808876568436E-4
1.3757976257235997E-4
1.3747878160148618E-4
1.3737794443997043E-4
1.3727725078439563E-4
1.371767003322078E-4
1.3707629278168968E-4
1.3697602783196842E-4
1.3687590518300787E-4
1.3677592453561013E-4
1.3667608559140318E-4
1.3657638805285522E-4
1.364768316232565E-4
1.3637741600671917E-4
1.3627814090817902E-4
1.3617900603339262E-4
1.3608001108892645E-4
1.3598115578216695E-4
1.3588243982130566E-4
1.3578386291534334E-4
1.3568542477408236E-4
1.3558712510813384E-4
1.3548896362889783E-4
1.353909400485805E-4
1.3529305408017874E-4
1.3519530543747095E-4
1.3509769383503753E-4
1.350002189882382E-4
1.349028806132129E-4
1.3480567842688335E-4
1.3470861214695233E-4
1.3461168149189197E-4
1.345148861809507E-4
1.3441822593413989E-4
1.3432170047224853E-4
1.3422530951681983E-4
1.3412905279016067E-4
1.3403293001534232E-4
1.339369409161855E-4
1.3384108521726862E-4
1.3374536264392322E-4
1.336497729222235E-4
1.3355431577899397E-4
1.3345899094180508E-4
1.3336379813895887E-4
1.332687370995114E-4
1.3317380755324142E-4
1.330790092306639E-4
1.329843418630331E-4
1.328898051823199E-4
1.3279539892123101E-4
1.3270112281319274E-4
1.3260697659235374E-4
1.3251295999358096E-4
1.3241907275245694E-4
1.3232531460528408E-4
1.3223168528906734E-4
1.3213818454152842E-4
1.320448121010886E-4
1.3195156770688576E-4
1.3185845109874592E-4
1.3176546201720588E-4
1.3167260020349408E-4
1.315798653995355E-4
1.3148725734794944E-4
1.313947757920438E-4
1.31302420475813E-4
1.3121019114394465E-4
1.3111808754180074E-4
1.3102610941543032E-4
1.309342565115649E-4
1.3084252857760223E-4
1.3075092536162295E-4
1.3065944661237556E-4
1.3056809207928708E-4
1.3047686151244122E-4
1.3038575466259018E-4
1.3029477128115852E-4
1.3020391112021951E-4
1.3011317393251475E-4
1.3002255947144062E-4
1.2993206749104512E-4
1.2984169774603053E-4
1.297514499917479E-4
1.2966132398420398E-4
1.2957131948004077E-4
1.2948143623655274E-4
1.2939167401167356E-4
1.293020325639719E-4
1.2921251165266506E-4
1.2912311103759435E-4
1.2903383047924304E-4
1.2894466973871908E-4
1.2885562857776345E-4
1.2876670675874942E-4
1.286779040446641E-4
1.2858922019912496E-4
1.2850065498637268E-4
1.2841220817125902E-4
1.2832387951925995E-4
1.282356687964663E-4
1.2814757576957704E-4
1.2805960020590475E-4
1.2797174187337363E-4
1.2788400054051326E-4
1.277963759764525E-4
1.277088679509371E-4
1.2762147623429808E-4
1.275342005974763E-4
1.2744704081200752E-4
1.273599966500196E-4
1.2727306788423728E-4
1.27186254287979E-4
1.2709955563514755E-4
1.2701297170023308E-4
1.269265022583183E-4
1.2684014708506174E-4
1.2675390595671184E-4
1.2666777865008848E-4
1.265817649425968E-4
1.264958646122163E-4
1.26410077437499E-4
1.2632440319757023E-4
1.2623884167212927E-4
1.2615339264144228E-4
1.260680558863412E-4
1.2598283118822522E-4
1.2589771832905827E-4
1.2581271709135932E-4
1.2572782725821732E-4
1.2564304861327374E-4
1.2555838094072304E-4
1.2547382402532182E-4
1.253893776523755E-4
1.2530504160773715E-4
1.2522081567781432E-4
1.2513669964956488E-4
1.250526933104835E-4
1.2496879644861354E-4
1.2488500885254333E-4
1.2480133031139728E-4
1.2471776061483887E-4
1.2463429955307268E-4
1.245509469168369E-4
1.244677024974011E-4
1.2438456608657002E-4
1.2430153747667428E-4
1.2421861646057987E-4
1.2413580283167393E-4
1.2405309638387207E-4
1.2397049691161146E-4
1.238880042098568E-4
1.2380561807408402E-4
1.237233383002949E-4
1.2364116468500437E-4
1.2355909702524683E-4
1.2347713511856638E-4
1.2339527876302362E-4
1.2331352775718252E-4
1.232318819001237E-4
1.231503409914331E-4
1.2306890483120085E-4
1.2298757322002068E-4
1.2290634595899191E-4
1.2282522284970979E-4
1.227442036942781E-4
1.2266328829528962E-4
1.2258247645583598E-4
1.2250176797950726E-4
1.2242116267038167E-4
1.2234066033303413E-4
1.222602607725254E-4
1.221799637944038E-4
1.22099769204712E-4
1.2201967680997152E-4
1.2193968641719084E-4
1.218597978338614E-4
1.2178001086795248E-4
1.21700325327919E-4
1.2162074102268534E-4
1.2154125776165986E-4
1.2146187535472263E-4
1.2138259361223287E-4
1.2130341234501209E-4
1.212243313643604E-4
1.2114535048204309E-4
1.2106646951029614E-4
1.209876882618211E-4
1.209090065497833E-4
1.208304241878123E-4
1.2075194098999917E-4
1.2067355677089714E-4
1.2059527134551842E-4
1.2051708452932886E-4
1.2043899613825916E-4
1.2036100598868575E-4
1.2028311389744405E-4
1.2020531968182187E-4
1.2012762315955432E-4
1.2005002414883058E-4
1.1997252246828316E-4
1.198951179369968E-4
1.1981781037449296E-4
1.1974059960074665E-4
1.1966348543616941E-4
1.1958646770161634E-4
1.195095462183817E-4
1.1943272080819706E-4
1.1935599129323546E-4
1.1927935749610061E-4
1.1920281923983197E-4
1.1912637634790813E-4
1.1905002864422844E-4
1.1897377595313348E-4
1.1889761809938522E-4
1.1882155490818081E-4
1.1874558620514006E-4
1.1866971181630635E-4
1.1859393156814904E-4
1.18518245287562E-4
1.1844265280185729E-4
1.183671539387683E-4
1.1829174852645262E-4
1.1821643639347667E-4
1.1814121736882882E-4
1.180660912819136E-4
1.1799105796254358E-4
1.1791611724094728E-4
1.1784126894776804E-4
1.1776651291405686E-4
1.1769184897127125E-4
1.17617276951275E-4
1.1754279668634749E-4
1.1746840800916361E-4
1.1739411075280929E-4
1.1731990475076878E-4
1.172457898369273E-4
1.171717658455765E-4
1.1709783261140267E-4
1.1702398996948732E-4
1.1695023775531634E-4
1.1687657580476239E-4
1.1680300395410262E-4
1.1672952203999984E-4
1.1665612989951197E-4
1.1658282737008595E-4
1.1650961428955936E-4
1.164364904961589E-4
1.1636345582850408E-4
1.1629051012558737E-4
1.162176532267968E-4
1.1614488497190132E-4
1.160722052010556E-4
1.1599961375479289E-4
1.1592711047402354E-4
1.1585469520004912E-4
1.1578236777453406E-4
1.1571012803953296E-4
1.1563797583746734E-4
1.1556591101114058E-4
1.1549393340372749E-4
1.1542204285877368E-4
1.1535023922019905E-4
1.15278522332291E-4
1.1520689203970826E-4
1.1513534818747866E-4
1.1506389062099692E-4
1.1499251918602443E-4
1.1492123372868756E-4
1.1485003409546934E-4
1.147789201332311E-4
1.1470789168918188E-4
1.1463694861089833E-4
1.1456609074631728E-4
1.1449531794372878E-4
1.1442463005178773E-4
1.1435402691950354E-4
1.1428350839623252E-4
1.1421307433170198E-4
1.1414272457597776E-4
1.1407245897948693E-4
1.1400227739300098E-4
1.1393217966765091E-4
1.138621656549106E-4
1.1379223520660243E-4
1.1372238817489551E-4
1.136526244123092E-4
1.1358294377170998E-4
1.1351334610629836E-4
1.1344383126962864E-4
1.1337439911559072E-4
1.1330504949842314E-4
1.1323578227269422E-4
1.1316659729331898E-4
1.130974944155496E-4
1.130284734949775E-4
1.12959534387527E-4
1.1289067694945816E-4
1.1282190103736544E-4
1.1275320650818217E-4
1.1268459321916404E-4
1.1261606102790654E-4
1.1254760979233322E-4
1.1247923937069588E-4
1.124109496215793E-4
1.1234274040389144E-4
1.1227461157686878E-4
1.1220656300007015E-4
1.1213859453338826E-4
1.1207070603702952E-4
1.1200289737152833E-4
1.1193516839774442E-4
1.11867518976852E-4
1.1179994897034937E-4
1.1173245824005363E-4
1.1166504664810036E-4
1.1159771405694016E-4
1.1153046032934842E-4
1.1146328532840153E-4
1.113961889175069E-4
1.1132917096037447E-4
1.1126223132103215E-4
1.1119536986381801E-4
1.1112858645338435E-4
1.1106188095468747E-4
1.1099525323300092E-4
1.1092870315390237E-4
1.1086223058327618E-4
1.1079583538731832E-4
1.1072951743252324E-4
1.1066327658569874E-4
1.105971127139503E-4
1.105310256846903E-4
1.1046501536563134E-4
1.1039908162479178E-4
1.1033322433048277E-4
1.1026744335132536E-4
1.1020173855623165E-4
1.1013610981441534E-4
1.1007055699538654E-4
1.1000507996895618E-4
1.0993967860521935E-4
1.0987435277458102E-4
1.0980910234773056E-4
1.0974392719564918E-4
1.0967882718961752E-4
1.0961380220120498E-4
1.0954885210226811E-4
1.0948397676495757E-4
1.0941917606170915E-4
1.0935444986525415E-4
1.0928979804860397E-4
1.0922522048505738E-4
1.091607170482046E-4
1.0909628761191287E-4
1.0903193205033987E-4
1.0896765023792542E-4
1.0890344204938936E-4
1.0883930735973659E-4
1.087752460442519E-4
1.0871125797849855E-4
1.0864734303832392E-4
1.0858350109984743E-4
1.0851973203947125E-4
1.0845603573387476E-4
1.0839241206001217E-4
1.0832886089511173E-4
1.0826538211667926E-4
1.082019756024956E-4
1.0813864123060953E-4
1.0807537887934916E-4
1.0801218842730999E-4
1.0794906975335646E-4
1.0788602273663265E-4
1.0782304725654194E-4
1.0776014319276091E-4
1.0769731042523414E-4
1.07634548834174E-4
1.075718583000584E-4
1.0750923870363126E-4
1.0744668992589918E-4
1.0738421184813868E-4
1.073218043518836E-4
1.0725946731893818E-4
1.0719720063136216E-4
1.0713500417147696E-4
1.0707287782186856E-4
1.0701082146538095E-4
1.0694883498511953E-4
1.0688691826444401E-4
1.0682507118697548E-4
1.0676329363658707E-4
1.067015854974169E-4
1.0663994665385251E-4
1.0657837699053691E-4
1.0651687639237067E-4
1.0645544474450592E-4
1.0639408193234509E-4
1.0633278784155001E-4
1.0627156235802472E-4
1.0621040536793121E-4
1.0614931675767883E-4
1.0608829641392836E-4
1.0602734422358623E-4
1.0596646007380887E-4
1.0590564385200377E-4
1.0584489544581553E-4
1.0578421474314592E-4
1.0572360163213546E-4
1.0566305600116746E-4
1.0560257773887982E-4
1.0554216673414187E-4
1.0548182287607151E-4
1.0542154605403152E-4
1.053613361576171E-4
1.0530119307667368E-4
1.0524111670128205E-4
1.051811069217634E-4
1.05121163628677E-4
1.0506128671282413E-4
1.050014760652363E-4
1.049417315771875E-4
1.0488205314019059E-4
1.0482244064598566E-4
1.0476289398655114E-4
1.0470341305410657E-4
1.0464399774109656E-4
1.0458464794020221E-4
1.0452536354433645E-4
1.0446614444664369E-4
1.0440699054050222E-4
1.0434790171951501E-4
1.0428887787752523E-4
1.0422991890859554E-4
1.0417102470701976E-4
1.0411219516732057E-4
1.0405343018425318E-4
1.0399472965279068E-4
1.0393609346813853E-4
1.0387752152572564E-4
1.0381901372120525E-4
1.0376056995046174E-4
1.0370219010959201E-4
1.0364387409492514E-4
1.0358562180301067E-4
1.0352743313061751E-4
1.0346930797473618E-4
1.0341124623258535E-4
1.0335324780159539E-4
1.0329531257942044E-4
1.0323744046393194E-4
1.0317963135322374E-4
1.0312188514560121E-4
1.0306420173959401E-4
1.0300658103393971E-4
1.0294902292760551E-4
1.0289152731976113E-4
1.0283409410979831E-4
1.027767231973228E-4
1.0271941448215158E-4
1.0266216786431876E-4
1.0260498324406648E-4
1.0254786052185319E-4
1.0249079959834854E-4
1.0243380037442936E-4
1.0237686275119181E-4
1.0231998662993196E-4
1.0226317191215948E-4
1.0220641849959566E-4
1.0214972629416565E-4
1.0209309519800578E-4
1.0203652511345753E-4
1.019800159430701E-4
1.0192356758960012E-4
1.0186717995600517E-4
1.0181085294545559E-4
1.0175458646131758E-4
1.0169838040716787E-4
1.0164223468678243E-4
1.0158614920414356E-4
1.0153012386343496E-4
1.0147415856903927E-4
1.0141825322554539E-4
1.0136240773774061E-4
1.0130662201060995E-4
1.0125089594934154E-4
1.0119522945932472E-4
1.0113962244614078E-4
1.0108407481557611E-4
1.0102858647361053E-4
1.0097315732642017E-4
1.0091778728038476E-4
1.0086247624207221E-4
1.0080722411824965E-4
1.0075203081587886E-4
1.006968962421157E-4
1.0064182030431418E-4
1.0058680291001505E-4
1.0053184396695526E-4
1.0047694338306407E-4
1.004221010664664E-4
1.0036731692547479E-4
1.0031259086859243E-4
1.0025792280451588E-4
1.0020331264212935E-4
1.001487602905084E-4
1.0009426565891728E-4
1.0003982865680884E-4
9.998544919382069E-5
The correct rate for BP: 100.00% 
