0.8694014767174457
0.6929123975817347
0.2609813554136321
0.09990710662405898
0.04032168768566503
0.01604273597587721
0.012132185565080417
0.009695447938900663
0.008074737886934953
0.006918233003678866
0.006050307417773462
0.005374410486089827
0.004832974595217355
0.004389461968895927
0.004019522916790454
0.0037062845128418265
0.0034376755909227264
0.0032048273018199652
0.0030010749367722915
0.0028213121503013667
0.002661560141864483
0.0025186725213116076
0.0023901283930603035
0.002273884303157619
0.0021682663699027953
0.002071890409664909
0.0019836019247884834
0.0019024304163711898
0.0018275541830912727
0.0017582729005990397
0.0016939860459361028
0.0016341757631460722
0.0015783931389571869
0.0015262471223153765
0.0014773955122263274
0.00143153757724921
0.001388407972256837
0.001347771694160286
0.0013094198754397743
0.0012731662576260234
0.0012388442199665467
0.0012063042639977972
0.0011754118745193737
0.0011460456929189254
0.0011180959509509145
0.0010914631226927448
0.001066056760061699
0.0010417944834102337
0.0010186011036547717
9.964078563891798E-4
9.751517316828628E-4
9.547748859177084E-4
9.352241241960392E-4
9.164504436462912E-4
8.984086294382997E-4
8.810568965533108E-4
8.643565713825203E-4
8.482718080882696E-4
8.327693353846324E-4
8.178182300030659E-4
8.033897136228652E-4
7.894569704826509E-4
7.759949832597547E-4
7.629803851205755E-4
7.503913261155017E-4
7.382073523235541E-4
7.26409296351475E-4
7.149791779633036E-4
7.039001137651312E-4
6.931562349979489E-4
6.82732612602889E-4
6.726151888202355E-4
6.627907146678516E-4
6.53246692718507E-4
6.439713246601112E-4
6.349534631794616E-4
6.261825677597315E-4
6.176486640257727E-4
6.09342306309816E-4
6.012545431441132E-4
5.933768854174156E-4
5.857012769585635E-4
5.782200673344911E-4
5.709259866706472E-4
5.638121223208684E-4
5.56871897230316E-4
5.500990498499516E-4
5.434876154745126E-4
5.370319088877313E-4
5.307265082093919E-4
5.245662398482713E-4
5.185461644737616E-4
5.126615639267424E-4
5.069079289971388E-4
5.012809480021196E-4
4.95776496104385E-4
4.9039062531532E-4
4.8511955513236114E-4
4.799596637641478E-4
4.74907479900983E-4
4.6995967499138667E-4
4.651130559889418E-4
4.6036455853639037E-4
4.557112405564864E-4
4.5115027622166825E-4
4.466789502766846E-4
4.422946526903182E-4
4.379948736142131E-4
4.3377719862842273E-4
4.29639304254865E-4
4.255789537212623E-4
4.215939929593654E-4
4.1768234682258227E-4
4.1384201550905285E-4
4.1007107117728897E-4
4.063676547424354E-4
4.027299728419653E-4
3.991562949605345E-4
3.956449507042278E-4
3.921943272153723E-4
3.8880286671942127E-4
3.8546906419616986E-4
3.821914651679983E-4
3.789686635983697E-4
3.757992998941927E-4
3.7268205900613813E-4
3.696156686213491E-4
3.6659889744335546E-4
3.636305535542964E-4
3.6070948285497835E-4
3.578345675783651E-4
3.5500472487260944E-4
3.5221890544981875E-4
3.4947609229702775E-4
3.467752994460556E-4
3.4411557079919646E-4
3.414959790076913E-4
3.389156244004006E-4
3.363736339598787E-4
3.3386916034365116E-4
3.314013809481331E-4
3.2896949701331595E-4
3.2657273276588336E-4
3.242103345990877E-4
3.2188157028741293E-4
3.1958572823435563E-4
3.1732211675175766E-4
3.15090063369073E-4
3.128889141711915E-4
3.107180331634166E-4
3.085768016623689E-4
3.0646461771146504E-4
3.043808955199924E-4
3.023250649245162E-4
3.002965708716991E-4
2.9829487292150917E-4
2.9631944476985443E-4
2.9436977378983397E-4
2.924453605906843E-4
2.9054571859372556E-4
2.88670373624421E-4
2.8681886351999617E-4
2.8499073775177053E-4
2.8318555706168924E-4
2.81402893112381E-4
2.7964232815013806E-4
2.7790345468032526E-4
2.761858751546189E-4
2.7448920166965303E-4
2.7281305567649787E-4
2.7115706770061693E-4
2.6952087707179115E-4
2.679041316636167E-4
2.663064876422291E-4
2.6472760922379546E-4
2.631671684404846E-4
2.616248449145526E-4
2.601003256401921E-4
2.585933047728872E-4
2.5710348342591763E-4
2.5563056947377355E-4
2.5417427736219454E-4
2.5273432792456837E-4
2.513104482044432E-4
2.4990237128393543E-4
2.485098361177757E-4
2.4713258737280643E-4
2.4577037527271197E-4
2.444229554477639E-4
2.4309008878945187E-4
2.4177154130972033E-4
2.4046708400476404E-4
2.3917649272307947E-4
2.378995480377396E-4
2.3663603512264056E-4
2.353857436326428E-4
2.341484675874148E-4
2.3292400525888032E-4
2.3171215906213442E-4
2.3051273544968823E-4
2.2932554480894238E-4
2.2815040136275593E-4
2.2698712307302608E-4
2.2583553154715717E-4
2.246954519473183E-4
2.235667129023923E-4
2.2244914642254648E-4
2.2134258781628664E-4
2.2024687560997437E-4
2.1916185146964484E-4
2.1808736012514626E-4
2.1702324929641072E-4
2.1596936962188878E-4
2.1492557458900195E-4
2.1389172046657455E-4
2.1286766623919648E-4
2.118532735434151E-4
2.108484066057316E-4
2.0985293218231933E-4
2.0886671950041464E-4
2.0788964020133517E-4
2.0692156828507597E-4
2.0596238005639458E-4
2.0501195407240849E-4
2.040701710915645E-4
2.0313691402404626E-4
2.0221206788346966E-4
2.0129551973988372E-4
2.003871586740516E-4
1.9948687573291036E-4
1.985945638862267E-4
1.9771011798439E-4
1.968334347173183E-4
1.9596441257442612E-4
1.9510295180563006E-4
1.9424895438339054E-4
1.9340232396568904E-4
1.9256296585999752E-4
1.9173078698813174E-4
1.9090569585203108E-4
1.9008760250036877E-4
1.8927641849604735E-4
1.8847205688447477E-4
1.876744321626537E-4
1.8688346024902405E-4
1.8609905845407888E-4
1.853211454516857E-4
1.8454964125110443E-4
1.837844671697369E-4
1.830255458064775E-4
1.8227280101576842E-4
1.815261578822471E-4
1.807855426960226E-4
1.8005088292852954E-4
1.7932210720898872E-4
1.7859914530138756E-4
1.7788192808204396E-4
1.7717038751768915E-4
1.764644566440484E-4
1.7576406954494496E-4
1.7506916133189432E-4
1.7437966812415253E-4
1.7369552702925088E-4
1.73016676123958E-4
1.7234305443569837E-4
1.7167460192438495E-4
1.7101125946467573E-4
1.7035296882862542E-4
1.6969967266872933E-4
1.6905131450136094E-4
1.684078386905754E-4
1.677691904322716E-4
1.67135315738711E-4
1.6650616142338746E-4
1.6588167508622506E-4
1.6526180509910242E-4
1.6464650059169164E-4
1.640357114376288E-4
1.6342938824094833E-4
1.6282748232286762E-4
1.6222994570878207E-4
1.6163673111562732E-4
1.6104779193944064E-4
1.6046308224323234E-4
1.5988255674510458E-4
1.5930617080661466E-4
1.5873388042139745E-4
1.5816564220401624E-4
1.5760141337906934E-4
1.5704115177049544E-4
1.5648481579112874E-4
1.5593236443246525E-4
1.5538375725462667E-4
1.5483895437655258E-4
1.5429791646637926E-4
1.5376060473203964E-4
1.5322698091201848E-4
1.5269700726633833E-4
1.5217064656768657E-4
1.516478620927608E-4
1.5112861761377075E-4
1.506128773901095E-4
1.501006061601894E-4
1.4959176913346818E-4
1.4908633198259415E-4
1.4858426083572945E-4
1.4808552226903754E-4
1.47590083299295E-4
1.4709791137665202E-4
1.4660897437755475E-4
1.461232405977891E-4
1.4564067874565885E-4
1.4516125793531055E-4
1.4468494768016217E-4
1.4421171788650363E-4
1.437415388471602E-4
1.4327438123533777E-4
1.428102160985347E-4
1.423490148526074E-4
1.4189074927592747E-4
1.4143539150366014E-4
1.409829140221401E-4
1.405332896633685E-4
1.4008649159959362E-4
1.3964249333801835E-4
1.3920126871557452E-4
1.3876279189382808E-4
1.383270373539481E-4
1.3789397989179755E-4
1.374635946130863E-4
1.3703585692863412E-4
1.3661074254971584E-4
1.3618822748347819E-4
1.3576828802846298E-4
1.3535090077018903E-4
1.349360425768312E-4
1.345236905949714E-4
1.3411382224541238E-4
1.3370641521909303E-4
1.3330144747306062E-4
1.3289889722651078E-4
1.3249874295690614E-4
1.321009633961674E-4
1.3170553752692122E-4
1.313124445788154E-4
1.3092166402490965E-4
1.3053317557811564E-4
1.3014695918771679E-4
1.2976299503592056E-4
1.2938126353450224E-4
1.2900174532148994E-4
1.2862442125789774E-4
1.2824927242454742E-4
1.2787628011889726E-4
1.2750542585197796E-4
1.2713669134533845E-4
1.267700585280603E-4
1.2640550953383215E-4
1.2604302669805032E-4
1.256825925549944E-4
1.2532418983502997E-4
1.249678014618693E-4
1.2461341054987096E-4
1.242610004013937E-4
1.2391055450417852E-4
1.235620565288042E-4
1.2321549032613801E-4
1.2287083992488295E-4
1.225280895291134E-4
1.221872235159003E-4
1.2184822643292206E-4
1.215110829961756E-4
1.2117577808766456E-4
1.2084229675316628E-4
1.2051062420002577E-4
1.201807457949611E-4
1.198526470619482E-4
1.1952631368010059E-4
1.1920173148159424E-4
1.1887888644964989E-4
1.1855776471649939E-4
1.1823835256143629E-4
1.1792063640885294E-4
1.1760460282634384E-4
1.1729023852281055E-4
1.1697753034662228E-4
1.1666646528378342E-4
1.1635703045614257E-4
1.160492131196204E-4
1.157430006624807E-4
1.1543838060360415E-4
1.1513534059081812E-4
1.1483386839922555E-4
1.14533951929568E-4
1.1423557920663149E-4
1.1393873837764838E-4
1.136434177107446E-4
1.1334960559339431E-4
1.1305729053091993E-4
1.1276646114498962E-4
1.1247710617215919E-4
1.1218921446241806E-4
1.1190277497777327E-4
1.1161777679084225E-4
1.11334209083473E-4
1.1105206114538393E-4
1.1077132237282533E-4
1.104919822672492E-4
1.1021403043402573E-4
1.0993745658114205E-4
1.0966225051795895E-4
1.0938840215395176E-4
1.091159014974854E-4
1.0884473865461988E-4
1.0857490382790623E-4
1.0830638731521725E-4
1.0803917950859842E-4
1.0777327089311813E-4
1.0750865204575077E-4
1.0724531363427255E-4
1.0698324641617166E-4
1.0672244123755699E-4
1.0646288903213075E-4
1.0620458082011095E-4
1.05947507707225E-4
1.0569166088368578E-4
1.0543703162318613E-4
1.051836112819319E-4
1.0493139129764612E-4
1.0468036318862668E-4
1.0443051855279553E-4
1.0418184906676992E-4
1.0393434648494197E-4
1.0368800263856642E-4
1.0344280943488258E-4
1.0319875885621917E-4
1.0295584295913506E-4
1.0271405387355897E-4
1.0247338380193992E-4
1.0223382501842849E-4
1.0199536986803835E-4
1.0175801076584809E-4
1.0152174019619522E-4
1.0128655071189149E-4
1.0105243493344727E-4
1.0081938554829565E-4
1.0058739531004334E-4
1.0035645703772742E-4
1.0012656361507095E-4
9.989770798975497E-5
The correct rate for BP: 100.00% 
