0.6255188671527855
0.6838562412050097
0.3037569803890974
0.07773147483836117
0.02683212924116304
0.015759122923567286
0.01146623106530391
0.009035915403716987
0.007457890903072197
0.006347251558711483
0.0055221152320702694
0.004884627710852595
0.004377244187908334
0.003963834850291643
0.0036205411026347394
0.00333096096872361
0.003083441600384186
0.0028694739228332065
0.0026826982981894274
0.0025182656403775496
0.0023724138707601145
0.0022421794394817092
0.002125196147809915
0.002019551902648958
0.0019236848180609195
0.0018363065993634098
0.0017563451983989634
0.0016829013104528476
0.001615214964760783
0.0015526395777032999
0.00149462159361276
0.0014406843580313656
0.0013904152313688847
0.0013434552080776507
0.0012994904909686047
0.0012582456042595596
0.0012194777273071221
0.0011829720039426578
0.001148537636991991
0.0011160046188752148
0.0010852209806804256
0.001056050466310695
0.0010283705570447344
0.0010020707864670222
9.770512971963021E-4
9.532215999069137E-4
9.304995023424669E-4
9.08810181781861E-4
8.880853790476682E-4
8.682626958877573E-4
8.492849805988637E-4
8.310997892387729E-4
8.136589118046577E-4
7.969179544267337E-4
7.808359700076469E-4
7.653751308842714E-4
7.505004380433575E-4
7.361794622201109E-4
7.223821128786461E-4
7.090804316362989E-4
6.962484071697441E-4
6.838618090437092E-4
6.718980382455485E-4
6.603359925005412E-4
6.49155944692097E-4
6.383394329245276E-4
6.278691609495542E-4
6.177289078354976E-4
6.079034458947198E-4
5.983784660025294E-4
5.891405095434063E-4
5.801769063090963E-4
5.714757177507102E-4
5.630256850545896E-4
5.548161815706957E-4
5.468371691743239E-4
5.390791581872579E-4
5.315331705246159E-4
5.241907057687974E-4
5.170437099032649E-4
5.100845464662069E-4
5.033059699086477E-4
4.967011009632032E-4
4.902634038487699E-4
4.839866651537772E-4
4.7786497425559085E-4
4.718927051475028E-4
4.6606449955675813E-4
4.6037525124800093E-4
4.548200914162895E-4
4.4939437508253864E-4
4.440936684121366E-4
4.389137368845978E-4
4.338505342483626E-4
4.289001922007984E-4
4.24059010738397E-4
4.1932344912713076E-4
4.146901174468905E-4
4.1015576866802793E-4
4.0571729122132136E-4
4.0137170202600013E-4
3.971161399431424E-4
3.9294785962466235E-4
3.888642257301714E-4
3.848627074864404E-4
3.8094087356596416E-4
3.770963872630864E-4
3.733270019476889E-4
3.6963055677808444E-4
3.660049726559555E-4
3.624482484076489E-4
3.5895845717718016E-4
3.555337430173616E-4
3.5217231766655245E-4
3.4887245749929254E-4
3.45632500640065E-4
3.42450844230007E-4
3.3932594183732636E-4
3.362563010025984E-4
3.3324048091087265E-4
3.30277090183037E-4
3.2736478477933984E-4
3.2450226600849697E-4
3.216882786363046E-4
3.189216090878911E-4
3.1620108373837556E-4
3.135255672868251E-4
3.108939612088263E-4
3.083052022833507E-4
3.0575826118969324E-4
3.032521411706846E-4
3.007858767585687E-4
2.983585325601019E-4
2.959692020977426E-4
2.936170067038969E-4
2.9130109446544447E-4
2.890206392158698E-4
2.8677483957253774E-4
2.8456291801676713E-4
2.82384120014502E-4
2.802377131755117E-4
2.7812298644915793E-4
2.760392493549004E-4
2.7398583124579965E-4
2.719620806033759E-4
2.699673643623026E-4
2.680010672634204E-4
2.660625912337711E-4
2.641513547922851E-4
2.6226679247992607E-4
2.604083543131108E-4
2.5857550525932156E-4
2.56767724733852E-4
2.5498450611670446E-4
2.5322535628872757E-4
2.514897951860532E-4
2.4977735537206794E-4
2.4808758162606054E-4
2.46420030547816E-4
2.44774270177462E-4
2.4314987962984462E-4
2.4154644874282166E-4
2.3996357773883685E-4
2.384008768992381E-4
2.3685796625072162E-4
2.3533447526342044E-4
2.338300425601355E-4
2.323443156362274E-4
2.3087695058968488E-4
2.2942761186101274E-4
2.2799597198245512E-4
2.2658171133619706E-4
2.2518451792117347E-4
2.2380408712814603E-4
2.224401215226388E-4
2.2109233063552047E-4
2.1976043076082826E-4
2.1844414476060705E-4
2.171432018764151E-4
2.1585733754733407E-4
2.145862932340918E-4
2.1332981624919077E-4
2.1208765959271022E-4
2.108595817935985E-4
2.0964534675625663E-4
2.0844472361217743E-4
2.0725748657646762E-4
2.0608341480906933E-4
2.0492229228047295E-4
2.0377390764180365E-4
2.026380540990672E-4
2.0151452929142319E-4
2.0040313517335248E-4
1.9930367790052048E-4
1.9821596771928062E-4
1.9713981885960242E-4
1.9607504943136713E-4
1.9502148132385653E-4
1.9397894010837898E-4
1.92947254943837E-4
1.9192625848522013E-4
1.9091578679487027E-4
1.8991567925642173E-4
1.8892577849133216E-4
1.8794593027793215E-4
1.86975983472856E-4
1.8601578993484563E-4
1.8506520445074728E-4
1.8412408466374116E-4
1.831922910036173E-4
1.8226968661912092E-4
1.8135613731222624E-4
1.8045151147431834E-4
1.7955568002420548E-4
1.786685163478887E-4
1.7778989624006207E-4
1.7691969784725193E-4
1.7605780161255764E-4
1.7520409022193567E-4
1.7435844855200665E-4
1.7352076361927857E-4
1.7269092453079437E-4
1.7186882243611857E-4
1.7105435048066526E-4
1.7024740376027407E-4
1.6944787927702405E-4
1.6865567589624824E-4
1.6787069430470423E-4
1.6709283696985316E-4
1.6632200810022955E-4
1.655581136068741E-4
1.6480106106577292E-4
1.6405075968128284E-4
1.6330712025052743E-4
1.6257005512871166E-4
1.6183947819533527E-4
1.6111530482129682E-4
1.6039745183682092E-4
1.5968583750022123E-4
1.5898038146746612E-4
1.582810047625051E-4
1.5758762974835898E-4
1.5690018009892052E-4
1.5621858077149558E-4
1.555427579799833E-4
1.5487263916878107E-4
1.542081529872848E-4
1.5354922926504586E-4
1.528957989875554E-4
1.522477942725626E-4
1.5160514834704236E-4
1.5096779552468167E-4
1.503356711839031E-4
1.497087117464574E-4
1.4908685465648923E-4
1.4847003836013077E-4
1.478582022855661E-4
1.472512868235824E-4
1.4664923330856024E-4
1.4605198399993689E-4
1.4545948206408333E-4
1.4487167155662344E-4
1.4428849740513809E-4
1.4370990539230028E-4
1.4313584213938252E-4
1.4256625509014565E-4
1.4200109249509898E-4
1.414403033961211E-4
1.4088383761142874E-4
1.403316457208811E-4
1.3978367905163555E-4
1.392398896640933E-4
1.3870023033819324E-4
1.38164654559994E-4
1.3763311650855298E-4
1.3710557104310519E-4
1.365819736905239E-4
1.3606228063305033E-4
1.35546448696293E-4
1.3503443533751047E-4
1.345261986341052E-4
1.3402169727241527E-4
1.3352089053672223E-4
1.3302373829848378E-4
1.3253020100584216E-4
1.3204023967330233E-4
1.315538158716749E-4
1.3107089171819863E-4
1.3059142986689688E-4
1.3011539349912888E-4
1.29642746314337E-4
1.2917345252098068E-4
1.2870747682767927E-4
1.2824478443452774E-4
1.2778534102458555E-4
1.2732911275554912E-4
1.268760662516039E-4
1.2642616859542884E-4
1.2597938732035837E-4
1.2553569040274457E-4
1.2509504625442012E-4
1.246574237153481E-4
1.2422279204641538E-4
1.2379112092236E-4
1.2336238042485388E-4
1.2293654103571672E-4
1.2251357363025382E-4
1.2209344947075783E-4
1.2167614020010132E-4
1.2126161783548108E-4
1.2084985476228255E-4
1.2044082372804174E-4
1.2003449783656297E-4
1.1963085054211991E-4
1.1922985564378694E-4
1.18831487279859E-4
1.1843571992240756E-4
1.1804252837192822E-4
1.1765188775207431E-4
1.1726377350451998E-4
1.1687816138389772E-4
1.1649502745285346E-4
1.1611434807717106E-4
1.1573609992100763E-4
1.1536025994220655E-4
1.1498680538771171E-4
1.1461571378905102E-4
1.1424696295791846E-4
1.1388053098181878E-4
1.1351639621982799E-4
1.1315453729839215E-4
1.1279493310722364E-4
1.124375627952782E-4
1.1208240576679216E-4
1.1172944167739414E-4
1.1137865043029692E-4
1.1103001217255254E-4
1.106835072913647E-4
1.1033911641049305E-4
1.0999682038668539E-4
1.0965660030622116E-4
1.093184374814716E-4
1.0898231344753816E-4
1.0864820995896801E-4
1.0831610898649433E-4
1.0798599271386782E-4
1.0765784353471777E-4
1.0733164404947763E-4
1.0700737706237267E-4
1.0668502557844291E-4
1.0636457280063939E-4
1.0604600212694567E-4
1.0572929714757085E-4
1.054144416421857E-4
1.051014195771883E-4
1.0479021510304747E-4
1.0448081255166597E-4
1.0417319643380352E-4
1.03867351436534E-4
1.0356326242074876E-4
1.0326091441871651E-4
1.0296029263164966E-4
1.0266138242734921E-4
1.0236416933787284E-4
1.0206863905723118E-4
1.01774777439147E-4
1.0148257049482677E-4
1.0119200439078784E-4
1.0090306544671334E-4
1.0061574013333732E-4
1.0033001507038148E-4
1.0004587702450653E-4
9.976331290731E-5
The correct rate for BP: 100.00% 
