0.9581458961358535
0.9381577579163253
0.6314122968183382
0.33789534686110084
0.16850912919879543
0.08718373179316471
0.05404048007227084
0.03795620154237822
0.028839144503706674
0.02306495078482593
0.019116108596563333
0.016261988344448596
0.014111619926909715
0.012438352331041295
0.011102357914962552
0.010012986345944469
0.009109044817856266
0.008347815859054215
0.007698623265242265
0.007138898574926966
0.0066516873784675835
0.006224018155625979
0.005845805810194885
0.005509096745593419
0.005207537936150234
0.004935996388240253
0.004690281712062865
0.004466940734669268
0.00426310331298046
0.004076365103642074
0.003904697389265525
0.0037463769716611387
0.0035999311270277206
0.003464093991726258
0.003337771711785744
0.0032200143754919064
0.003109993242597957
0.003006982143665192
0.0029103421880345673
0.002819509115951623
0.0027339827782147095
0.0026533183386378326
0.002577118880040905
0.002505029160182547
0.0024367303149572623
0.0023719353458937728
0.0023103852601798294
0.0022518457560824576
0.0021961043662216103
0.0021429679868124082
0.0020922607335737155
0.0020438220751637266
0.001997505203252047
0.0019531756050636443
0.0019107098097395027
0.0018699942843898947
0.0018309244594590065
0.001793403866122729
0.0017573433710238464
0.0017226604958061867
0.0016892788107171865
0.0016571273930690352
0.0016261403426311258
0.001596256347112351
0.0015674182918132649
0.0015395729083125223
0.0015126704577217561
0.001486664444616115
0.0014615113582396471
0.0014371704380078852
0.00141360346069488
0.0013907745470075222
0.0013686499855232977
0.0013471980722048389
0.0013263889639115152
0.0013061945445081188
0.0012865883023281746
0.0012675452178872995
0.0012490416608627946
0.0012310552954618473
0.0012135649933943482
0.0011965507537486967
0.0011799936291418311
0.0011638756575792623
0.0011481797995178923
0.0011328898796752885
0.0011179905331740404
0.0011034671556500034
0.001089305856989175
0.0010754934183896756
0.0010620172524741043
0.0010488653662030641
0.0010360263263635842
0.001023489227426799
0.001011243661587697
9.992796908166216E-4
9.875878207669228E-4
9.761589763969212E-4
9.649844791766242E-4
9.54056025760441E-4
9.433656680174453E-4
9.329057943196065E-4
9.226691119968362E-4
9.126486308748632E-4
9.028376478191197E-4
8.932297322137934E-4
8.838187123106875E-4
8.745986623881209E-4
8.655638906641993E-4
8.567089279135927E-4
8.480285167405058E-4
8.395176014642503E-4
8.311713185771345E-4
8.229849877372526E-4
8.149541032616831E-4
8.070743260879568E-4
7.993414761741193E-4
7.917515253097724E-4
7.84300590312428E-4
7.769849265854223E-4
7.698009220150784E-4
7.627450911867376E-4
7.558140699001583E-4
7.490046099666289E-4
7.423135742709624E-4
7.357379320828783E-4
7.292747546031515E-4
7.229212107310774E-4
7.166745630404305E-4
7.105321639521828E-4
7.04491452092731E-4
6.985499488273805E-4
6.927052549593063E-4
6.869550475847914E-4
6.812970770963337E-4
6.757291643254597E-4
6.702491978178114E-4
6.648551312334208E-4
6.595449808654478E-4
6.54316823271262E-4
6.491687930099018E-4
6.440990804804551E-4
6.391059298560886E-4
6.341876371089167E-4
6.293425481210004E-4
6.245690568772494E-4
6.198656037360078E-4
6.152306737735497E-4
6.106627951987616E-4
6.061605378346572E-4
6.017225116633954E-4
5.973473654317294E-4
5.930337853140568E-4
5.887804936302656E-4
5.845862476157415E-4
5.804498382411911E-4
5.763700890798357E-4
5.723458552198491E-4
5.683760222199476E-4
5.644595051060619E-4
5.605952474073721E-4
5.567822202297802E-4
5.530194213652214E-4
5.493058744351743E-4
5.456406280668749E-4
5.42022755100751E-4
5.384513518277576E-4
5.349255372552935E-4
5.314444524003956E-4
5.280072596091451E-4
5.246131419011062E-4
5.212613023376887E-4
5.179509634135182E-4
5.146813664697754E-4
5.11451771128588E-4
5.082614547476577E-4
5.051097118942057E-4
5.019958538375218E-4
4.989192080592755E-4
4.958791177809592E-4
4.928749415076762E-4
4.899060525877058E-4
4.869718387871457E-4
4.840717018790742E-4
4.8120505724663914E-4
4.783713334995386E-4
4.7556997210336505E-4
4.728004270213145E-4
4.7006216436777323E-4
4.6735466207334814E-4
4.646774095608732E-4
4.6202990743201183E-4
4.5941166716402185E-4
4.5682221081631114E-4
4.542610707464205E-4
4.517277893350997E-4
4.492219187201019E-4
4.467430205384026E-4
4.4429066567653057E-4
4.4186443402871725E-4
4.394639142625638E-4
4.3708870359198586E-4
4.34738407557135E-4
4.3241263981109014E-4
4.301110219130442E-4
4.2783318312777046E-4
4.2557876023116217E-4
4.2334739732159454E-4
4.2113874563694145E-4
4.189524633770419E-4
4.16788215531431E-4
4.1464567371211235E-4
4.1252451599129564E-4
4.1042442674381807E-4
4.083450964941705E-4
4.062862217679464E-4
4.042475049475608E-4
4.0222865413209156E-4
4.002293830011515E-4
3.982494106825707E-4
3.9628846162386995E-4
3.943462654673093E-4
3.924225569284593E-4
3.9051707567812447E-4
3.886295662275777E-4
3.8675977781693296E-4
3.8490746430660643E-4
3.830723840717272E-4
3.8125429989943095E-4
3.7945297888895716E-4
3.77668192354416E-4
3.7589971573017057E-4
3.741473284787749E-4
3.7241081400133183E-4
3.7068995955025273E-4
3.68984556144314E-4
3.672943984859327E-4
3.6561928488063224E-4
3.639590171585931E-4
3.6231340059822556E-4
3.606822438517547E-4
3.590653588726942E-4
3.5746256084516085E-4
3.5587366811504786E-4
3.542985021228861E-4
3.5273688733845654E-4
3.5118865119701276E-4
3.4965362403711577E-4
3.481316390400313E-4
3.4662253217062353E-4
3.451261421197288E-4
3.436423102479337E-4
3.4217088053073625E-4
3.4071169950508466E-4
3.39264616217166E-4
3.3782948217150237E-4
3.3640615128127064E-4
3.3499447981981065E-4
3.3359432637329795E-4
3.3220555179456996E-4
3.3082801915801255E-4
3.2946159371555726E-4
3.2810614285369544E-4
3.267615360515E-4
3.254276448396553E-4
3.241043427604223E-4
3.2279150532853613E-4
3.2148900999302756E-4
3.2019673609991634E-4
3.1891456485574204E-4
3.1764237929197975E-4
3.163800642302119E-4
3.1512750624813126E-4
3.1388459364630546E-4
3.126512164156747E-4
3.114272662058143E-4
3.1021263629387705E-4
3.090072215542316E-4
3.0781091842880317E-4
3.066236248980432E-4
3.0544524045256183E-4
3.042756660653495E-4
3.0311480416466265E-4
3.019625586074435E-4
3.008188346533665E-4
2.9968353893942024E-4
2.9855657945502824E-4
2.9743786551775404E-4
2.963273077494717E-4
2.952248180530852E-4
2.941303095897167E-4
2.9304369675639655E-4
2.919648951642352E-4
2.908938216170101E-4
2.8983039409026913E-4
2.8877453171080293E-4
2.8772615473660545E-4
2.8668518453720405E-4
2.856515435744304E-4
2.8462515538357194E-4
2.836059445549141E-4
2.8259383671566435E-4
2.815887585122461E-4
2.805906375929428E-4
2.795994025909128E-4
2.7861498310753434E-4
2.7763730969609175E-4
2.7666631384577837E-4
2.757019279660574E-4
2.747440853712752E-4
2.7379272026563405E-4
2.7284776772843714E-4
2.719091636996322E-4
2.7097684496564013E-4
2.700507491454646E-4
2.691308146770531E-4
2.682169808039613E-4
2.6730918756225736E-4
2.6640737576766587E-4
2.655114870029831E-4
2.646214636057276E-4
2.637372486560288E-4
2.6285878596473295E-4
2.619860200617775E-4
2.611188961847164E-4
2.6025736026754877E-4
2.5940135892968993E-4
2.5855083946517855E-4
2.5770574983209507E-4
2.568660386421528E-4
2.5603165515050816E-4
2.552025492457551E-4
2.543786714400815E-4
2.535599728596541E-4
2.527464052351282E-4
2.519379208923808E-4
2.511344727433731E-4
2.503360142772099E-4
2.495424995513436E-4
2.4875388318295054E-4
2.479701203404431E-4
2.4719116673517527E-4
2.4641697861325207E-4
2.4564751274750736E-4
2.448827264296364E-4
2.4412257746244466E-4
2.4336702415225802E-4
2.4261602530144404E-4
2.4186954020109092E-4
2.411275286237938E-4
2.403899508165793E-4
2.3965676749395967E-4
2.3892793983108736E-4
2.382034294570507E-4
2.3748319844828244E-4
2.3676720932207143E-4
2.360554250301924E-4
2.3534780895265547E-4
2.346443248915456E-4
2.3394493706497876E-4
2.3324961010116703E-4
2.325583090325635E-4
2.3187099929013123E-4
2.3118764669769756E-4
2.3050821746639934E-4
2.298326781892284E-4
2.2916099583568196E-4
2.2849313774646267E-4
2.2782907162831637E-4
2.2716876554892967E-4
2.265121879318969E-4
2.2585930755181417E-4
2.2521009352941798E-4
2.2456451532681032E-4
2.2392254274277687E-4
2.2328414590817836E-4
2.2264929528139558E-4
2.220179616438744E-4
2.2139011609573805E-4
2.20765730051456E-4
2.201447752356103E-4
2.1952722367868816E-4
2.1891304771299916E-4
2.183022199686016E-4
2.1769471336932817E-4
2.170905011288698E-4
2.1648955674691107E-4
2.1589185400534041E-4
2.1529736696450914E-4
2.1470606995956286E-4
2.1411793759681464E-4
2.1353294475017916E-4
2.1295106655768172E-4
2.123722784179937E-4
2.117965559870477E-4
2.1122387517467765E-4
2.106542121413353E-4
2.1008754329485468E-4
2.0952384528724561E-4
2.0896309501157098E-4
2.0840526959883064E-4
2.0785034641493264E-4
2.0729830305768745E-4
2.0674911735385368E-4
2.0620276735622492E-4
2.056592313407741E-4
2.051184878038247E-4
2.0458051545927498E-4
2.0404529323585273E-4
2.0351280027443758E-4
2.029830159253863E-4
2.024559197459271E-4
2.0193149149758157E-4
2.014097111436241E-4
2.008905588465806E-4
2.0037401496577346E-4
1.9986006005487603E-4
1.9934867485954245E-4
1.9883984031503172E-4
1.9833353754390305E-4
1.978297478537195E-4
1.9732845273478508E-4
1.9682963385794425E-4
1.9633327307236914E-4
1.958393524034202E-4
1.9534785405051072E-4
1.9485876038501126E-4
1.943720539481852E-4
1.938877174491554E-4
1.9340573376289122E-4
1.9292608592823697E-4
1.9244875714596E-4
1.9197373077682356E-4
1.915009903396946E-4
1.910305195096811E-4
1.905623021162872E-4
1.90096322141582E-4
1.8963256371844084E-4
1.8917101112875124E-4
1.8871164880168394E-4
1.8825446131197858E-4
1.8779943337824935E-4
1.8734654986131262E-4
1.8689579576254334E-4
1.8644715622225292E-4
1.860006165180924E-4
1.8555616206346467E-4
1.8511377840597443E-4
1.8467345122589185E-4
1.8423516633463691E-4
1.8379890967328707E-4
1.8336466731109634E-4
1.8293242544405194E-4
1.82502170393443E-4
1.8207388860442546E-4
1.8164756664465164E-4
1.8122319120287943E-4
1.8080074908761402E-4
1.803802272257731E-4
1.7996161266136827E-4
1.7954489255419227E-4
1.7913005417852698E-4
1.7871708492189596E-4
1.7830597228378944E-4
1.7789670387443498E-4
1.774892674135799E-4
1.7708365072928355E-4
1.7667984175673737E-4
1.7627782853707529E-4
1.758775992162334E-4
1.7547914204379806E-4
1.7508244537188313E-4
1.746874976540141E-4
1.7429428744403163E-4
1.7390280339500875E-4
1.7351303425817266E-4
1.7312496888186596E-4
1.7273859621048346E-4
1.7235390528345641E-4
1.719708852342273E-4
1.7158952528926156E-4
1.7120981476703516E-4
1.7083174307707885E-4
1.704552997189972E-4
1.7008047428152437E-4
1.697072564415793E-4
1.693356359633335E-4
1.6896560269730074E-4
1.685971465794303E-4
1.6823025763020608E-4
1.6786492595376317E-4
1.675011417370298E-4
1.6713889524884044E-4
1.667781768391162E-4
1.6641897693799395E-4
1.6606128605502034E-4
1.657050947783198E-4
1.6535039377378797E-4
1.6499717378428826E-4
1.6464542562887635E-4
1.6429514020199933E-4
1.6394630847273942E-4
1.635989214840579E-4
1.632529703520212E-4
1.6290844626508355E-4
1.6256534048333644E-4
1.6222364433778982E-4
1.618833492296576E-4
1.6154444662965425E-4
1.6120692807727806E-4
1.608707851801426E-4
1.6053600961328244E-4
1.6020259311848452E-4
1.5987052750361381E-4
1.5953980464197086E-4
1.5921041647162242E-4
1.5888235499477454E-4
1.5855561227713088E-4
1.5823018044726808E-4
1.5790605169601184E-4
1.5758321827583042E-4
1.5726167250022688E-4
1.569414067431313E-4
1.5662241343833137E-4
1.5630468507886447E-4
1.5598821421645496E-4
1.5567299346093795E-4
1.5535901547970198E-4
1.550462729971165E-4
1.5473475879399732E-4
1.544244657070494E-4
1.5411538662833796E-4
1.538075145047523E-4
1.5350084233747542E-4
1.5319536318146902E-4
1.5289107014496194E-4
1.5258795638893312E-4
1.522860151266171E-4
1.519852396230019E-4
1.51685623194345E-4
1.513871592076775E-4
1.5108984108032808E-4
1.507936622794586E-4
1.504986163215835E-4
1.502046967720991E-4
1.4991189724484883E-4
1.4962021140164344E-4
1.4932963295182923E-4
1.4904015565184202E-4
1.4875177330475793E-4
1.484644797598746E-4
1.4817826891227312E-4
1.4789313470239625E-4
1.4760907111562987E-4
1.473260721818861E-4
1.4704413197519348E-4
1.4676324461329493E-4
1.4648340425724168E-4
1.4620460511100033E-4
1.4592684142105392E-4
1.4565010747602403E-4
1.453743976062791E-4
1.4509970618355633E-4
1.4482602762058515E-4
1.4455335637072114E-4
1.442816869275696E-4
1.4401101382462814E-4
1.437413316349263E-4
1.434726349706746E-4
1.4320491848289238E-4
1.4293817686109346E-4
1.426724048329058E-4
1.424075971637579E-4
1.4214374865652903E-4
1.4188085415121486E-4
1.4161890852460766E-4
1.4135790668996055E-4
1.4109784359666222E-4
1.4083871422992513E-4
1.4058051361046965E-4
1.4032323679420296E-4
1.4006687887192226E-4
1.3981143496899108E-4
1.395569002450527E-4
1.3930326989372279E-4
1.3905053914228886E-4
1.3879870325142694E-4
1.3854775751490197E-4
1.3829769725928336E-4
1.380485178436622E-4
1.3780021465936896E-4
1.3755278312968468E-4
1.3730621870958984E-4
1.3706051688546213E-4
1.3681567317482788E-4
1.3657168312608125E-4
1.3632854231823257E-4
1.3608624636062786E-4
1.3584479089270987E-4
1.3560417158374756E-4
1.353643841325877E-4
1.3512542426740744E-4
1.3488728774545183E-4
1.3464997035280319E-4
1.3441346790412555E-4
1.34177776242428E-4
1.3394289123883223E-4
1.3370880879232406E-4
1.33475524829527E-4
1.3324303530446265E-4
1.3301133619833723E-4
1.3278042351929457E-4
1.3255029330220866E-4
1.3232094160844576E-4
1.320923645256551E-4
1.318645581675455E-4
1.31637518673673E-4
1.314112422092249E-4
1.3118572496480238E-4
1.309609631562181E-4
1.3073695302429384E-4
1.3051369083463753E-4
1.302911728774542E-4
1.3006939546733858E-4
1.298483549430772E-4
1.2962804766745385E-4
1.294084700270452E-4
1.291896184320355E-4
1.2897148931601863E-4
1.287540791358112E-4
1.2853738437126766E-4
1.2832140152508616E-4
1.2810612712262694E-4
1.2789155771173502E-4
1.27677689862554E-4
1.2746452016734042E-4
1.2725204524030107E-4
1.2704026171740806E-4
1.2682916625622308E-4
1.2661875553572881E-4
1.2640902625615498E-4
1.261999751388178E-4
1.25991598925939E-4
1.257838943804847E-4
1.2557685828601113E-4
1.2537048744648585E-4
1.2516477868613422E-4
1.2495972884928757E-4
1.2475533480020334E-4
1.2455159342293062E-4
1.2434850162114434E-4
1.2414605631799196E-4
1.2394425445593827E-4
1.2374309299662028E-4
1.2354256892069696E-4
1.2334267922769825E-4
1.2314342093587655E-4
1.2294479108206844E-4
1.227467867215395E-4
1.225494049278528E-4
1.22352642792725E-4
1.2215649742587767E-4
1.2196096595490599E-4
1.2176604552514275E-4
1.2157173329951756E-4
1.2137802645842577E-4
1.2118492219958462E-4
1.2099241773791782E-4
1.2080051030540977E-4
1.2060919715097687E-4
1.2041847554034999E-4
1.202283427559324E-4
1.2003879609667994E-4
1.1984983287797878E-4
1.1966145043151462E-4
1.1947364610514848E-4
1.1928641726280625E-4
1.1909976128433979E-4
1.1891367556542611E-4
1.1872815751743241E-4
1.1854320456730775E-4
1.183588141574634E-4
1.1817498374565477E-4
1.1799171080487525E-4
1.1780899282323139E-4
1.1762682730384029E-4
1.1744521176470657E-4
1.1726414373862485E-4
1.1708362077306041E-4
1.1690364043004544E-4
1.1672420028607001E-4
1.165452979319743E-4
1.1636693097284369E-4
1.1618909702790446E-4
1.1601179373041908E-4
1.1583501872758306E-4
1.1565876968042363E-4
1.154830442636958E-4
1.1530784016579101E-4
1.1513315508861941E-4
1.1495898674753408E-4
1.1478533287121871E-4
1.1461219120159017E-4
1.1443955949370845E-4
1.1426743551567911E-4
1.140958170485624E-4
1.1392470188627342E-4
1.1375408783548903E-4
1.135839727155655E-4
1.1341435435843747E-4
1.1324523060853467E-4
1.1307659932268101E-4
1.1290845837002192E-4
1.1274080563192153E-4
1.1257363900188779E-4
1.1240695638547596E-4
1.1224075570020563E-4
1.1207503487547654E-4
1.1190979185249128E-4
1.117450245841559E-4
1.1158073103500709E-4
1.1141690918113255E-4
1.1125355701008493E-4
1.1109067252079638E-4
1.1092825372350971E-4
1.1076629863968598E-4
1.1060480530193648E-4
1.1044377175394366E-4
1.1028319605037191E-4
1.1012307625680523E-4
1.099634104496608E-4
1.0980419671612175E-4
1.0964543315405648E-4
1.0948711787194409E-4
1.0932924898880018E-4
1.0917182463411314E-4
1.0901484294775707E-4
1.0885830207993242E-4
1.0870220019108503E-4
1.0854653545184306E-4
1.08391306042941E-4
1.0823651015515609E-4
1.0808214598923184E-4
1.0792821175581877E-4
1.0777470567539564E-4
1.0762162597821305E-4
1.0746897090421997E-4
1.0731673870299896E-4
1.0716492763369941E-4
1.0701353596497973E-4
1.0686256197493015E-4
1.067120039510161E-4
1.0656186019001794E-4
1.064121289979604E-4
1.0626280869005774E-4
1.0611389759064281E-4
1.0596539403310926E-4
1.0581729635986134E-4
1.056696029222299E-4
1.0552231208043876E-4
1.0537542220352141E-4
1.0522893166928208E-4
1.0508283886422466E-4
1.0493714218349396E-4
1.0479184003082857E-4
1.04646930818491E-4
1.045024129672244E-4
1.0435828490618169E-4
1.042145450728795E-4
1.0407119191314083E-4
1.0392822388103876E-4
1.0378563943884214E-4
1.0364343705696218E-4
1.0350161521389815E-4
1.0336017239618858E-4
1.0321910709834498E-4
1.0307841782282117E-4
1.0293810307993564E-4
1.0279816138784195E-4
1.0265859127246653E-4
1.0251939126745816E-4
1.0238055991414229E-4
1.0224209576146752E-4
1.0210399736595463E-4
1.0196626329165174E-4
1.0182889211008124E-4
1.016918824001938E-4
1.0155523274832308E-4
1.0141894174812842E-4
1.012830080005577E-4
1.011474301137958E-4
1.0101220670321797E-4
1.0087733639134305E-4
1.007428178077913E-4
1.0060864958923647E-4
1.0047483037935402E-4
1.0034135882879049E-4
1.0020823359510775E-4
1.0007545334273921E-4
9.994301674295328E-5
The correct rate for BP: 100.00% 
