0.7992107028178491
0.8456675735652256
0.30877390845561087
0.12257116261232158
0.05139943453285319
0.026661294546785026
0.01851828827043225
0.014192051136783776
0.011486658791448778
0.009631896644295885
0.008281142737465627
0.007254083841599673
0.00644734510142151
0.0057973259615631935
0.005262727396310514
0.004815560503204261
0.0044361851017405965
0.004110414910100601
0.003827749346288137
0.0035802512707889186
0.003361811083451948
0.0031676504032690034
0.0029939790242740137
0.0028377526411394256
0.002696498436233979
0.0025681873535557294
0.002451139112173327
0.002343950577401819
0.002245441058395572
0.0021546100470605425
0.002070604221125315
0.001992691428263331
0.001920239988892347
0.0018527020924650032
0.0017896003740795257
0.00173051698366404
0.0016750846247164748
0.001622979161238588
0.0015739134822435271
0.0015276323815268129
0.0014839082622647975
0.0014425375157195379
0.001403337453969811
0.0013661437004002198
0.00133080796031279
0.001297196108700007
0.0012651865438470977
0.0012346687647000446
0.0012055421373655842
0.0011777148220953315
0.0011511028369541897
0.0011256292383184663
0.0011012234015734543
0.001077820388028728
0.0010553603862524044
0.001033788217833044
0.001013052899080354
9.931072514283662E-4
9.739075543541244E-4
9.554132355056686E-4
9.375865934758318E-4
9.203925492860627E-4
9.037984231768241E-4
8.877737337539246E-4
8.722900169263431E-4
8.57320662401445E-4
8.428407657865745E-4
8.28826994589764E-4
8.152574666220249E-4
8.021116394850807E-4
7.893702099853763E-4
7.770150224516139E-4
7.650289850513507E-4
7.533959933058248E-4
7.421008600921525E-4
7.311292515011547E-4
7.204676279882828E-4
7.101031903159714E-4
7.000238298392292E-4
6.902180827335345E-4
6.806750878057819E-4
6.713845475659247E-4
6.623366922695351E-4
6.535222466706754E-4
6.449323992501453E-4
6.365587737070753E-4
6.283934025224998E-4
6.204287024215209E-4
6.126574515773085E-4
6.050727684145401E-4
5.976680918832609E-4
5.90437163085531E-4
5.833740081483443E-4
5.764729222452592E-4
5.69728454678094E-4
5.631353949377709E-4
5.566887596701812E-4
5.503837804794406E-4
5.442158925065665E-4
5.381807237267261E-4
5.322740849130123E-4
5.264919602189218E-4
5.208304983354874E-4
5.152860041827803E-4
5.098549310984245E-4
5.04533873488937E-4
4.993195599122631E-4
4.9420884656229E-4
4.89198711128435E-4
4.8428624700540555E-4
4.7946865783010374E-4
4.747432523242998E-4
4.701074394234257E-4
4.655587236730863E-4
4.6109470087636796E-4
4.567130539761639E-4
4.5241154915784534E-4
4.4818803215870904E-4
4.440404247715365E-4
4.39966721530427E-4
4.359649865680201E-4
4.320333506337973E-4
4.2817000826400744E-4
4.243732150941867E-4
4.2064128530617265E-4
4.169725892016407E-4
4.1336555089504715E-4
4.098186461191513E-4
4.063304001367626E-4
4.028993857528023E-4
3.995242214210949E-4
3.9620356944065243E-4
3.929361342366231E-4
3.8972066072123844E-4
3.865559327305576E-4
3.8344077153281423E-4
3.8037403440472543E-4
3.7735461327210513E-4
3.743814334114046E-4
3.7145345220910604E-4
3.685696579759133E-4
3.6572906881295747E-4
3.629307315274376E-4
3.601737205951139E-4
3.574571371673808E-4
3.5478010812069384E-4
3.521417851462112E-4
3.495413438777782E-4
3.4697798305628996E-4
3.444509237287205E-4
3.4195940848018536E-4
3.3950270069740054E-4
3.3708008386209383E-4
3.3469086087295334E-4
3.3233435339476863E-4
3.3000990123350815E-4
3.2771686173614005E-4
3.2545460921410113E-4
3.232225343892178E-4
3.2102004386121635E-4
3.1884655959576346E-4
3.1670151843210916E-4
3.145843716095369E-4
3.124945843117091E-4
3.104316352281708E-4
3.0839501613227866E-4
3.0638423147477255E-4
3.043987979924185E-4
3.0243824433097264E-4
3.0050211068194637E-4
2.9858994843253947E-4
2.967013198282035E-4
2.9483579764727507E-4
2.929929648872852E-4
2.9117241446229166E-4
2.893737489109468E-4
2.875965801147577E-4
2.858405290261801E-4
2.84105225406095E-4
2.8239030757038554E-4
2.806954221451345E-4
2.790202238301798E-4
2.7736437517069334E-4
2.7572754633642215E-4
2.741094149083501E-4
2.7250966567243486E-4
2.7092799042021873E-4
2.693640877559643E-4
2.678176629101393E-4
2.662884275589847E-4
2.6477609964989303E-4
2.6328040323246235E-4
2.618010682949476E-4
2.6033783060594424E-4
2.5889043156106565E-4
2.574586180345048E-4
2.5604214223523634E-4
2.546407615676986E-4
2.532542384968426E-4
2.518823404173322E-4
2.5052483952676204E-4
2.491815127027999E-4
2.4785214138400575E-4
2.465365114543355E-4
2.452344131310758E-4
2.4394564085617186E-4
2.4266999319079257E-4
2.4140727271301904E-4
2.401572859185828E-4
2.3891984312450793E-4
2.3769475837558072E-4
2.364818493535523E-4
2.352809372889601E-4
2.3409184687551727E-4
2.3291440618694562E-4
2.3174844659620166E-4
2.3059380269697737E-4
2.2945031222746696E-4
2.2831781599623403E-4
2.2719615781021296E-4
2.260851844046757E-4
2.2498474537516948E-4
2.2389469311135483E-4
2.228148827326266E-4
2.217451720255421E-4
2.206854213829362E-4
2.1963549374468878E-4
2.185952545401269E-4
2.1756457163193946E-4
2.1654331526161939E-4
2.1553135799637403E-4
2.145285746774126E-4
2.1353484236964304E-4
2.1255004031266663E-4
2.1157404987307674E-4
2.1060675449799076E-4
2.0964803966981268E-4
2.086977928621352E-4
2.0775590349681822E-4
2.0682226290214548E-4
2.058967642720589E-4
2.049793026264269E-4
2.0406977477233556E-4
2.0316807926635443E-4
2.0227411637771533E-4
2.0138778805248902E-4
2.0050899787858067E-4
1.9963765105164664E-4
1.9877365434181962E-4
1.979169160612903E-4
1.9706734603264765E-4
1.9622485555802563E-4
1.953893573889849E-4
1.9456076569712174E-4
1.93738996045406E-4
1.9292396536018454E-4
1.9211559190388037E-4
1.9131379524832753E-4
1.9051849624874875E-4
1.8972961701832963E-4
1.8894708090344255E-4
1.8817081245938962E-4
1.8740073742675516E-4
1.8663678270830817E-4
1.8587887634642614E-4
1.851269475010372E-4
1.843809264281069E-4
1.8364074445857998E-4
1.829063339778141E-4
1.8217762840550333E-4
1.8145456217603107E-4
1.8073707071928784E-4
1.800250904419034E-4
1.7931855870892063E-4
1.7861741382585875E-4
1.7792159502119957E-4
1.7723104242924165E-4
1.7654569707334407E-4
1.758655008495468E-4
1.7519039651053847E-4
1.745203276499717E-4
1.7385523868715082E-4
1.7319507485201308E-4
1.7253978217046117E-4
1.7188930744999918E-4
1.7124359826568936E-4
1.706026029464084E-4
1.699662705613803E-4
1.6933455090701216E-4
1.6870739449402296E-4
1.680847525347975E-4
1.674665769310613E-4
1.6685282026177565E-4
1.66243435771312E-4
1.6563837735784694E-4
1.6503759956202146E-4
1.6444105755582293E-4
1.6384870713170385E-4
1.6326050469191064E-4
1.6267640723805014E-4
1.6209637236085507E-4
1.6152035823016397E-4
1.609483235851026E-4
1.6038022772446716E-4
1.5981603049729248E-4
1.592556922936215E-4
1.586991740354568E-4
1.5814643716787835E-4
1.5759744365036386E-4
1.570521559482604E-4
1.565105370244277E-4
1.5597255033106231E-4
1.5543815980164656E-4
1.5490732984310552E-4
1.543800253280788E-4
1.5385621158734152E-4
1.5333585440240527E-4
1.5281891999822356E-4
1.523053750360752E-4
1.5179518660653532E-4
1.512883222226452E-4
1.507847498131444E-4
1.5028443771589542E-4
1.4978735467137118E-4
1.4929346981632953E-4
1.4880275267754815E-4
1.4831517316571302E-4
1.4783070156941451E-4
1.4734930854925054E-4
1.4687096513203585E-4
1.4639564270513833E-4
1.459233130108856E-4
1.4545394814112646E-4
1.4498752053182499E-4
1.445240029578153E-4
1.4406336852762627E-4
1.436055906783868E-4
1.431506431708475E-4
1.4269850008449055E-4
1.4224913581270323E-4
1.4180252505807575E-4
1.4135864282774404E-4
1.4091746442885172E-4
1.4047896546406802E-4
1.4004312182720093E-4
1.396099096988677E-4
1.3917930554227281E-4
1.3875128609903807E-4
1.3832582838510258E-4
1.3790290968671587E-4
1.374825075564823E-4
1.3706459980947788E-4
1.366491645194499E-4
1.362361800150544E-4
1.358256248761886E-4
1.3541747793036234E-4
1.3501171824914485E-4
1.3460832514467449E-4
1.3420727816621596E-4
1.338085570967888E-4
1.3341214194984946E-4
1.3301801296601416E-4
1.3262615060987765E-4
1.32236535566829E-4
1.31849148739975E-4
1.314639712470765E-4
1.31080984417556E-4
1.3070016978955273E-4
1.3032150910701382E-4
1.2994498431686017E-4
1.2957057756615988E-4
1.291982711993972E-4
1.2882804775573938E-4
1.284598899663733E-4
1.280937807518953E-4
1.2772970321971017E-4
1.273676406615049E-4
1.2700757655075175E-4
1.266494945402417E-4
1.2629337845966967E-4
1.2593921231326608E-4
1.255869802774354E-4
1.252366666984763E-4
1.2488825609029822E-4
1.2454173313219814E-4
1.2419708266666246E-4
1.2385428969721452E-4
1.23513339386278E-4
1.2317421705308867E-4
1.2283690817164222E-4
1.2250139836865202E-4
1.2216767342157215E-4
1.2183571925661408E-4
1.2150552194682758E-4
1.2117706771018594E-4
1.2085034290772473E-4
1.2052533404168173E-4
1.2020202775368954E-4
1.1988041082298389E-4
1.1956047016464548E-4
1.192421928278536E-4
1.1892556599419517E-4
1.1861057697596584E-4
1.1829721321453108E-4
1.1798546227867593E-4
1.1767531186300875E-4
1.1736674978638274E-4
1.1705976399031896E-4
1.1675434253749202E-4
1.1645047361020404E-4
1.1614814550890272E-4
1.1584734665069928E-4
1.1554806556793903E-4
1.1525029090677299E-4
1.1495401142574063E-4
1.14659215994406E-4
1.1436589359198283E-4
1.1407403330599385E-4
1.1378362433094892E-4
1.1349465596704558E-4
1.1320711761887169E-4
1.1292099879415605E-4
1.1263628910250639E-4
1.1235297825418557E-4
1.1207105605890278E-4
1.1179051242461173E-4
1.1151133735633975E-4
1.1123352095501995E-4
1.1095705341635705E-4
1.1068192502968898E-4
1.104081261768856E-4
1.1013564733123546E-4
1.0986447905639453E-4
1.095946120052909E-4
1.0932603691909635E-4
1.0905874462617066E-4
1.0879272604106504E-4
1.0852797216349462E-4
1.0826447407735492E-4
1.0800222294974147E-4
1.0774121002998923E-4
1.0748142664871307E-4
1.0722286421687178E-4
1.0696551422484893E-4
1.0670936824152475E-4
1.0645441791339667E-4
1.0620065496367397E-4
1.059480711914042E-4
1.0569665847062183E-4
1.0544640874947945E-4
1.0519731404941614E-4
1.0494936646432865E-4
1.0470255815975233E-4
1.0445688137205012E-4
1.0421232840761857E-4
1.0396889164210877E-4
1.0372656351964187E-4
1.0348533655204699E-4
1.0324520331811277E-4
1.0300615646283361E-4
1.0276818869668628E-4
1.0253129279489342E-4
1.0229546159671698E-4
1.0206068800475195E-4
1.0182696498422271E-4
1.0159428556230228E-4
1.0136264282743413E-4
1.0113202992865974E-4
1.0090244007496154E-4
1.0067386653460735E-4
1.0044630263450508E-4
1.0021974175957512E-4
9.999417735211893E-5
The correct rate for BP: 100.00% 
