0.9200694077279725
0.8350014477800722
0.12768818007712154
0.02567202767273547
0.011925295946297914
0.008461561858622782
0.006563359567413167
0.005357643530404495
0.004522525656748016
0.003909676746324935
0.0034408247810379243
0.0030706484857820613
0.0027710539665879636
0.002523687965027841
0.002316049205326324
0.0021393270701719185
0.001987133091114939
0.0018547222826747587
0.0017384968187068484
0.0016356793521732384
0.0015440919496524583
0.0014620028316631784
0.0013880178320782126
0.0013210020593523808
0.001260022390640016
0.001204304610812073
0.0011532010235304477
0.001106165667177967
0.0010627351317516517
0.0010225135542992912
9.851607687797726E-4
9.503828633070563E-4
9.179245932487228E-4
8.87563238428354E-4
8.591035938371389E-4
8.323738572969341E-4
8.072222322789019E-4
7.835141049869563E-4
7.611296856522134E-4
7.399620274332865E-4
7.199153542930414E-4
7.009036431084603E-4
6.828494160746907E-4
6.65682707928442E-4
6.493401791898416E-4
6.337643519160754E-4
6.189029486848318E-4
6.047083189151595E-4
5.911369393673125E-4
5.7814897787949E-4
5.657079112045349E-4
5.537801892868113E-4
5.423349395333129E-4
5.313437056350506E-4
5.207802163246225E-4
5.106201801465297E-4
5.00841102893057E-4
4.914221248415823E-4
4.823438753350376E-4
4.7358834258969814E-4
4.651387569042067E-4
4.569794856895044E-4
4.490959389487087E-4
4.414744840144745E-4
4.3410236850433107E-4
4.269676505856359E-4
4.2005913575463916E-4
4.1336631943152E-4
4.0687933475736166E-4
4.0058890505199576E-4
3.944863004549482E-4
3.8856329832678583E-4
3.828121470363458E-4
3.772255328011924E-4
3.7179654928556227E-4
3.665186696922238E-4
3.613857211131286E-4
3.5639186092866273E-4
3.5153155506735924E-4
3.46799557957399E-4
3.4219089401850487E-4
3.377008405579884E-4
3.3332491194848295E-4
3.2905884497676805E-4
3.2489858526393324E-4
3.2084027466672423E-4
3.1688023957844656E-4
3.130149800554406E-4
3.0924115970207896E-4
3.055555962533372E-4
3.0195525279948357E-4
2.9843722960249986E-4
2.949987564582283E-4
2.9163718556233023E-4
2.883499848417075E-4
2.851347317164723E-4
2.81989107260322E-4
2.7891089073006566E-4
2.758979544373479E-4
2.7294825893789176E-4
2.7005984851562697E-4
2.672308469408034E-4
2.644594534829467E-4
2.61743939160985E-4
2.5908264321429503E-4
2.564739697795901E-4
2.5391638475986164E-4
2.5140841287254025E-4
2.489486348650108E-4
2.4653568488656455E-4
2.441682480066548E-4
2.4184505786998913E-4
2.3956489447981953E-4
2.3732658210129137E-4
2.3512898727738333E-4
2.3297101695039636E-4
2.3085161668257273E-4
2.2876976896975439E-4
2.2672449164249655E-4
2.2471483634936372E-4
2.2273988711756502E-4
2.2079875898632105E-4
2.1889059670879318E-4
2.1701457351851514E-4
2.151698899566826E-4
2.1335577275682002E-4
2.115714737835378E-4
2.0981626902243772E-4
2.080894576182012E-4
2.0639036095830535E-4
2.0471832179981547E-4
2.030727034369075E-4
2.0145288890695412E-4
1.9985828023308497E-4
1.982882977012824E-4
1.9674237917021836E-4
1.9521997941209095E-4
1.9372056948284782E-4
1.9224363612030734E-4
1.9078868116873365E-4
1.8935522102850387E-4
1.8794278612963884E-4
1.8655092042796023E-4
1.8517918092278288E-4
1.838271371950585E-4
1.8249437096496865E-4
1.8118047566801956E-4
1.7988505604876292E-4
1.7860772777126237E-4
1.7734811704551753E-4
1.7610586026912375E-4
1.7488060368338443E-4
1.7367200304324538E-4
1.7247972330042638E-4
1.713034382990689E-4
1.7014283048339868E-4
1.6899759061681324E-4
1.6786741751190326E-4
1.6675201777088157E-4
1.6565110553599046E-4
1.645644022494304E-4
1.6349163642236984E-4
1.6243254341268007E-4
1.6138686521096726E-4
1.603543502345818E-4
1.5933475312922914E-4
1.5832783457789262E-4
1.573333611167081E-4
1.5635110495755734E-4
1.5538084381702273E-4
1.5442236075153203E-4
1.5347544399833298E-4
1.5253988682214223E-4
1.516154873671744E-4
1.5070204851438628E-4
1.4979937774366373E-4
1.4890728700081186E-4
1.4802559256910417E-4
1.4715411494525753E-4
1.4629267871960132E-4
1.45441112460335E-4
1.4459924860166226E-4
1.4376692333569166E-4
1.4294397650791297E-4
1.421302515161664E-4
1.4132559521292396E-4
1.4052985781076653E-4
1.3974289279096392E-4
1.389645568149989E-4
1.3819470963895403E-4
1.3743321403064622E-4
1.3667993568939325E-4
1.359347431683513E-4
1.3519750779927289E-4
1.344681036196584E-4
1.337464073021622E-4
1.330322980862101E-4
1.3232565771171778E-4
1.3162637035485825E-4
1.3093432256578938E-4
1.30249403208292E-4
1.2957150340121756E-4
1.2890051646171277E-4
1.2823633785016632E-4
1.275788651167454E-4
1.2692799784959287E-4
1.2628363762450093E-4
1.2564568795608386E-4
1.2501405425038945E-4
1.2438864375888202E-4
1.2376936553376003E-4
1.231561303845654E-4
1.225488508360425E-4
1.2194744108719592E-4
1.2135181697151518E-4
1.2076189591833615E-4
1.2017759691527186E-4
1.1959884047171785E-4
1.1902554858336478E-4
1.1845764469770144E-4
1.1789505368046914E-4
1.1733770178305397E-4
1.1678551661074794E-4
1.1623842709190684E-4
1.1569636344791961E-4
1.1515925716401029E-4
1.1462704096081224E-4
1.1409964876671543E-4
1.135770156909489E-4
1.1305907799737244E-4
1.1254577307896517E-4
1.1203703943299765E-4
1.115328166368417E-4
1.1103304532441168E-4
1.1053766716322872E-4
1.1004662483207433E-4
1.095598619992179E-4
1.0907732330120368E-4
1.0859895432218504E-4
1.0812470157378149E-4
1.0765451247544314E-4
1.0718833533532397E-4
1.0672611933161387E-4
1.0626781449435844E-4
1.0581337168772863E-4
1.0536274259272013E-4
1.0491587969029033E-4
1.0447273624491014E-4
1.0403326628851593E-4
1.0359742460485235E-4
1.0316516671419982E-4
1.0273644885848291E-4
1.0231122798670732E-4
1.018894617407775E-4
1.0147110844165079E-4
1.0105612707579027E-4
1.0064447728199281E-4
1.0023611933847756E-4
9.98310141503099E-5
The correct rate for BP: 100.00% 
