1.367646778461665
1.4911747711061594
1.0956263912648625
0.4453383811767779
0.0952102544049301
0.033090372909712396
0.015239984512442534
0.010562363208913801
0.008097990821083898
0.006565196179328356
0.005516935618114624
0.004754136331045308
0.004174046103698383
0.0037180735736624493
0.0033503028436549422
0.003047468973219417
0.0027938299654013477
0.0025783500842027707
0.0023930621779972936
0.0022320700553176394
0.0020909166018739365
0.0019661700744050548
0.0018551454027994803
0.001755711721352787
0.0016661565163567423
0.0015850878623620902
0.0015113628423309906
0.0014440343190433662
0.0013823107938407658
0.0013255257467879697
0.0012731139449157357
0.0012245929388692313
0.001179548469458878
0.0011376228533875534
0.0010985056622707025
0.001061926183753542
0.001027647279709326
9.954603486956658E-4
9.651811679270864E-4
9.366464408016818E-4
9.097109142479526E-4
8.842449591899591E-4
8.601325296590076E-4
8.372694332327063E-4
8.155618588153333E-4
7.949251182079288E-4
7.752825661363665E-4
7.56564669921521E-4
7.38708205169806E-4
7.21655558027568E-4
7.05354117899492E-4
6.897557472505148E-4
6.748163173242999E-4
6.604953004213918E-4
6.467554108668614E-4
6.335622880236537E-4
6.20884215723205E-4
6.086918733292511E-4
5.969581143552863E-4
5.856577691459961E-4
5.747674686287015E-4
5.642654865589116E-4
5.541315980374089E-4
5.443469523762011E-4
5.348939586457788E-4
5.257561824538395E-4
5.169182526917824E-4
5.083657771451762E-4
5.000852660017482E-4
4.920640624088446E-4
4.8429027933491394E-4
4.767527420780381E-4
4.6944093584167033E-4
4.623449578647267E-4
4.5545547365159414E-4
4.4876367689864507E-4
4.422612527585693E-4
4.35940344123045E-4
4.297935206386394E-4
4.238137502012906E-4
4.179943727013206E-4
4.123290758147107E-4
4.0681187265712547E-4
4.014370811358756E-4
3.9619930485133154E-4
3.9109341541398296E-4
3.8611453605642485E-4
3.8125802643103665E-4
3.7651946849469336E-4
3.718946533909332E-4
3.6737956924840794E-4
3.629703898219985E-4
3.5866346390946516E-4
3.5445530548265837E-4
3.5034258447773733E-4
3.463221181936428E-4
3.4239086325259135E-4
3.3854590808016525E-4
3.347844658664109E-4
3.3110386797237157E-4
3.275015577496449E-4
3.2397508474303616E-4
3.205220992490233E-4
3.1714034720477143E-4
3.1382766538457955E-4
3.1058197688241636E-4
3.0740128686085783E-4
3.042836785483924E-4
3.0122730946820594E-4
2.982304078831643E-4
2.952912694425395E-4
2.9240825401737053E-4
2.895797827121569E-4
2.8680433504157775E-4
2.8408044626165835E-4
2.814067048457161E-4
2.787817500959289E-4
2.7620426988217417E-4
2.7367299850027246E-4
2.711867146423726E-4
2.6874423947268746E-4
2.6634443480224283E-4
2.6398620135681877E-4
2.6166847713250864E-4
2.593902358338318E-4
2.571504853895618E-4
2.5494826654187707E-4
2.527826515045573E-4
2.506527426863958E-4
2.4855767147609196E-4
2.4649659708531356E-4
2.4446870544657227E-4
2.4247320816300535E-4
2.4050934150722297E-4
2.3857636546653017E-4
2.366735628321006E-4
2.3480023832969324E-4
2.3295571778980513E-4
2.3113934735508978E-4
2.2935049272321153E-4
2.2758853842322422E-4
2.25852887123792E-4
2.241429589716247E-4
2.224581909586111E-4
2.2079803631619137E-4
2.1916196393563498E-4
2.1754945781291305E-4
2.1596001651699368E-4
2.143931526803743E-4
2.1284839251083207E-4
2.1132527532330273E-4
2.0982335309099008E-4
2.0834219001473786E-4
2.068813621098489E-4
2.0544045680951219E-4
2.040190725840565E-4
2.026168185753216E-4
2.012333142454385E-4
1.9986818903935399E-4
1.9852108206051776E-4
1.9719164175906211E-4
1.958795256319978E-4
1.9458439993485295E-4
1.933059394042157E-4
1.9204382699078984E-4
1.9079775360241244E-4
1.8956741785665756E-4
1.883525258425888E-4
1.8715279089128627E-4
1.8596793335475263E-4
1.8479768039286304E-4
1.8364176576800368E-4
1.8249992964709672E-4
1.8137191841068032E-4
1.802574844687795E-4
1.7915638608325733E-4
1.7806838719641653E-4
1.7699325726556098E-4
1.7593077110331394E-4
1.7488070872342373E-4
1.7384285519187338E-4
1.7281700048304857E-4
1.7180293934080296E-4
1.7080047114419024E-4
1.6980939977770672E-4
1.68829533505861E-4
1.6786068485189162E-4
1.669026704805049E-4
1.6595531108444737E-4
1.650184312747689E-4
1.640918594746759E-4
1.631754278167711E-4
1.6226897204363514E-4
1.6137233141154918E-4
1.604853485972975E-4
1.5960786960790327E-4
1.587397436932077E-4
1.5788082326118606E-4
1.5703096379589688E-4
1.5619002377796474E-4
1.5535786460751946E-4
1.5453435052950197E-4
1.537193485612328E-4
1.5291272842218705E-4
1.5211436246590333E-4
1.5132412561389897E-4
1.505418952916026E-4
1.4976755136617549E-4
1.4900097608615812E-4
1.4824205402292815E-4
1.474906720138318E-4
1.4674671910702323E-4
1.4601008650786263E-4
1.452806675268753E-4
1.4455835752922992E-4
1.4384305388563301E-4
1.4313465592463094E-4
1.4243306488627438E-4
1.4173818387707714E-4
1.4104991782625046E-4
1.4036817344315294E-4
1.3969285917592636E-4
1.390238851712856E-4
1.383611632354082E-4
1.3770460679589312E-4
1.3705413086477944E-4
1.3640965200254732E-4
1.3577108828310733E-4
1.3513835925973693E-4
1.3451138593191693E-4
1.3389009071306622E-4
1.3327439739913838E-4
1.3266423113802826E-4
1.3205951839982197E-4
1.314601869477792E-4
1.308661658101348E-4
1.3027738525257568E-4
1.2969377675146264E-4
1.291152729677555E-4
1.285418077215654E-4
1.279733159674027E-4
1.2740973377002888E-4
1.2685099828093932E-4
1.2629704771541592E-4
1.257478213301846E-4
1.2520325940161727E-4
1.2466330320447656E-4
1.241278949912046E-4
1.23596977971702E-4
1.2307049629362517E-4
1.2254839502315508E-4
1.2203062012624603E-4
1.2151711845031714E-4
1.2100783770640803E-4
1.2050272645174534E-4
1.2000173407274605E-4
1.195048107684127E-4
1.1901190753413428E-4
1.185229761458872E-4
1.1803796914476185E-4
1.1755683982191936E-4
1.1707954220385576E-4
1.1660603103801615E-4
1.1613626177877508E-4
1.1567019057370185E-4
1.1520777425017298E-4
1.1474897030227876E-4
1.1429373687804232E-4
1.1384203276691552E-4
1.1339381738757228E-4
1.1294905077598104E-4
1.1250769357373135E-4
1.1206970701664189E-4
1.116350529236146E-4
1.112036936857419E-4
1.1077559225564806E-4
1.1035071213708099E-4
1.099290173747328E-4
1.0951047254426663E-4
1.0909504274258363E-4
1.0868269357829757E-4
1.0827339116241261E-4
1.0786710209919946E-4
1.0746379347729157E-4
1.0706343286093969E-4
1.0666598828148621E-4
1.0627142822900212E-4
1.0587972164411033E-4
1.0549083790998525E-4
1.0510474684451054E-4
1.0472141869261232E-4
1.0434082411876831E-4
1.0396293419962765E-4
1.0358772041684555E-4
1.0321515465001269E-4
1.0284520916977374E-4
1.0247785663106167E-4
1.02113070066483E-4
1.0175082287982933E-4
1.0139108883973898E-4
1.0103384207347526E-4
1.0067905706082658E-4
1.0032670862814595E-4
9.997677194250206E-5
The correct rate for BP: 100.00% 
