1.1423547108096983
1.4117548601896242
0.9787313953175375
0.4034197033778381
0.13622262635332255
0.04538210663249217
0.022119861374392383
0.01487949742933637
0.011199493793566447
0.008955860382547582
0.007443509163688382
0.006355608476436926
0.005536219261102058
0.004897472804763794
0.004386029728403958
0.003967625812091743
0.0036192454612841195
0.0033248589139413835
0.0030729618270615407
0.0028550861498979536
0.0026648624205289524
0.0024974090930430263
0.002348923162069203
0.0022163987303151084
0.0020974292027930463
0.0019900655047662974
0.0018927126613369257
0.0018040531634876907
0.0017229893700967647
0.0016485996551062296
0.001580104624292452
0.0015168408071765944
0.0014582399658182642
0.0014038126715910798
0.0013531351586178286
0.0013058387169691123
0.0012616010720265436
0.0012201393299991136
0.001181204167993265
0.0011445750202669644
0.0011100560673035068
0.0010774728760229051
0.0010466695712968341
0.0010175064434578514
9.898579155180258E-4
9.636108086726834E-4
9.386628563495912E-4
9.149214263085019E-4
8.923024176537011E-4
8.707293055106373E-4
8.501323108564754E-4
8.304476768261383E-4
8.11617035929944E-4
7.935868551616776E-4
7.763079480612519E-4
7.597350445133837E-4
7.438264104842433E-4
7.285435110765936E-4
7.138507112667912E-4
6.997150095083183E-4
6.861058000760632E-4
6.729946606061057E-4
6.603551617759142E-4
6.481626964854823E-4
6.363943262527113E-4
6.25028642837415E-4
6.14045643365216E-4
6.034266174430383E-4
5.931540449470468E-4
5.832115033269536E-4
5.735835834111832E-4
5.642558128193276E-4
5.552145861936762E-4
5.464471015536793E-4
5.379413021568039E-4
5.296858233194006E-4
5.216699437118391E-4
5.13883540695957E-4
5.063170493196834E-4
4.989614246249837E-4
4.918081069616545E-4
4.848489900317365E-4
4.780763914175259E-4
4.7148302537146987E-4
4.6506197766842144E-4
4.5880668234064717E-4
4.527109001335303E-4
4.467686985356927E-4
4.409744332512208E-4
4.3532273099423707E-4
4.298084734973114E-4
4.244267826351619E-4
4.191730065741624E-4
4.1404270686633976E-4
4.090316464136531E-4
4.041357782350614E-4
3.9935123497476723E-4
3.9467431909532316E-4
3.901014937041026E-4
3.856293739660875E-4
3.812547190597942E-4
3.769744246367851E-4
3.727855157484314E-4
3.686851402066074E-4
3.646705623476388E-4
3.607391571712623E-4
3.56888404828667E-4
3.531158854355709E-4
3.494192741883604E-4
3.457963367627469E-4
3.4224492497626226E-4
3.387629726969693E-4
3.3534849198244644E-4
3.319995694339908E-4
3.2871436275226076E-4
3.254910974814891E-4
3.2232806393039714E-4
3.1922361425871517E-4
3.1617615971905226E-4
3.131841680445626E-4
3.1024616097351297E-4
3.073607119024674E-4
3.045264436603828E-4
3.0174202639643514E-4
2.9900617557487825E-4
2.9631765007063376E-4
2.9367525035981895E-4
2.910778167997177E-4
2.8852422799314017E-4
2.8601339923230325E-4
2.835442810178613E-4
2.8111585764884357E-4
2.7872714587960445E-4
2.763771936400592E-4
2.740650788158652E-4
2.71789908085173E-4
2.6955081580902647E-4
2.673469629725075E-4
2.6517753617393903E-4
2.6304174665964464E-4
2.609388294018745E-4
2.5886804221771927E-4
2.5682866492682114E-4
2.548199985459646E-4
2.52841364518702E-4
2.5089210397817656E-4
2.4897157704158575E-4
2.4707916213461496E-4
2.4521425534444676E-4
2.4337626979994642E-4
2.4156463507761815E-4
2.3977879663222322E-4
2.3801821525075548E-4
2.362823665287736E-4
2.3457074036791853E-4
2.3288284049374907E-4
2.3121818399282488E-4
2.2957630086825322E-4
2.2795673361277418E-4
2.2635903679861397E-4
2.24782776683359E-4
2.2322753083108676E-4
2.2169288774811217E-4
2.2017844653266367E-4
2.1868381653791612E-4
2.17208617047722E-4
2.1575247696456741E-4
2.1431503450916383E-4
2.128959369311917E-4
2.114948402307288E-4
2.1011140888987722E-4
2.0874531561419042E-4
2.0739624108346034E-4
2.0606387371149796E-4
2.0474790941450214E-4
2.0344805138767117E-4
2.021640098897544E-4
2.008955020351402E-4
1.9964225159326958E-4
1.9840398879498764E-4
1.9718045014562228E-4
1.9597137824447597E-4
1.9477652161050026E-4
1.9359563451391403E-4
1.9242847681348447E-4
1.9127481379932265E-4
1.901344160409119E-4
1.8900705924020396E-4
1.8789252408956767E-4
1.8679059613443486E-4
1.8570106564042498E-4
1.8462372746479752E-4
1.8355838093208555E-4
1.8250482971371492E-4
1.8146288171149995E-4
1.8043234894483926E-4
1.7941304744151132E-4
1.7840479713189598E-4
1.774074217465171E-4
1.7642074871680418E-4
1.7544460907892165E-4
1.7447883738057636E-4
1.735232715906931E-4
1.7257775301185582E-4
1.7164212619540692E-4
1.7071623885913276E-4
1.697999418074277E-4
1.6889308885383782E-4
1.679955367459476E-4
1.6710714509247257E-4
1.6622777629251572E-4
1.653572954669089E-4
1.6449557039157432E-4
1.636424714327931E-4
1.627978714844039E-4
1.619616459067686E-4
1.611336724675171E-4
1.603138312839742E-4
1.5950200476724604E-4
1.5869807756785668E-4
1.5790193652294947E-4
1.5711347060495942E-4
1.563325708717121E-4
1.5555913041792534E-4
1.5479304432804134E-4
1.5403420963036943E-4
1.5328252525247858E-4
1.5253789197781185E-4
1.5180021240348716E-4
1.510693908992293E-4
1.5034533356741831E-4
1.4962794820420688E-4
1.489171442616709E-4
1.4821283281098125E-4
1.4751492650653914E-4
1.468233395510625E-4
1.4613798766158564E-4
1.454587880363519E-4
1.4478565932256733E-4
1.4411852158498732E-4
1.4345729627532105E-4
1.428019062024165E-4
1.421522755032141E-4
1.4150832961442957E-4
1.408699952449699E-4
1.4023720034904308E-4
1.396098740999331E-4
1.3898794686445344E-4
1.3837135017802E-4
1.377600167203469E-4
1.3715388029176246E-4
1.3655287579008224E-4
1.3595693918807061E-4
1.3536600751143854E-4
1.3478001881740175E-4
1.341989121737273E-4
1.3362262763831463E-4
1.330511062392459E-4
1.3248428995533835E-4
1.3192212169714463E-4
1.3136454528840655E-4
1.3081150544795117E-4
1.3026294777202457E-4
1.2971881871702207E-4
1.29179065582641E-4
1.2864363649540747E-4
1.2811248039261715E-4
1.2758554700661044E-4
1.2706278684943538E-4
1.265441511978601E-4
1.2602959207872312E-4
1.2551906225462112E-4
1.2501251520991816E-4
1.2450990513708345E-4
1.2401118692331593E-4
1.235163161374969E-4
1.2302524901741768E-4
1.2253794245727892E-4
1.2205435399551658E-4
1.2157444180283601E-4
1.2109816467055852E-4
1.2062548199919702E-4
1.2015635378729607E-4
1.1969074062050412E-4
1.1922860366089925E-4
1.1876990463653326E-4
1.1831460583120038E-4
1.1786267007444092E-4
1.1741406073174544E-4
1.1696874169497366E-4
1.1652667737297614E-4
1.1608783268241881E-4
1.1565217303880065E-4
1.1521966434764803E-4
1.1479027299592422E-4
1.1436396584357808E-4
1.1394071021531102E-4
1.135204738924787E-4
1.1310322510519E-4
1.1268893252454463E-4
1.1227756525505073E-4
1.1186909282718903E-4
1.1146348519012495E-4
1.1106071270457426E-4
1.1066074613581969E-4
1.1026355664685379E-4
1.0986911579167956E-4
1.094773955087188E-4
1.0908836811438695E-4
1.0870200629676827E-4
1.083182831094348E-4
1.07937171965365E-4
1.0755864663101695E-4
1.0718268122048725E-4
1.0680925018980155E-4
1.0643832833131061E-4
1.0606989076820428E-4
1.0570391294911339E-4
1.0534037064284014E-4
1.0497923993317711E-4
1.0462049721382195E-4
1.0426411918340151E-4
1.039100828405876E-4
1.0355836547930174E-4
1.0320894468400983E-4
1.0286179832512056E-4
1.0251690455445057E-4
1.0217424180078965E-4
1.018337887655497E-4
1.0149552441847752E-4
1.0115942799347776E-4
1.0082547898447974E-4
1.0049365714141485E-4
1.001639424662372E-4
9.983631520904226E-5
The correct rate for BP: 100.00% 
