1.162196299480306
1.0575640345099064
0.8008409305492667
0.5355352317768703
0.3387089427449349
0.21774703784788194
0.14785176083537369
0.10706992221724192
0.08193829790589996
0.06543148899501568
0.05396581961768064
0.04563050255201121
0.039344546492672224
0.03446100941898257
0.03057321907679577
0.02741458626498577
0.024803994129001115
0.022614574023496106
0.020755084219813886
0.019158386284628928
0.017774078421597884
0.016563649475921025
0.01549720923989602
0.014551231943146784
0.013706967175395166
0.01294930029394942
0.012265921632187543
0.011646711726278812
0.011083280161422723
0.010568615317942507
0.010096815288778122
0.009662878967636975
0.00926254226579948
0.008892148544869038
0.008548545254015072
0.008229000824967593
0.007931137365015266
0.007652875771165807
0.007392390685501299
0.007148073303900953
0.0069185004943553745
0.006702409016975283
0.006498673893926764
0.00630629017434045
0.006124357491580503
0.005952066928982195
0.005788689803296257
0.00563356804858433
0.005486105941667941
0.005345762956826481
0.005212047574836629
0.005084511901615896
0.004962746976190148
0.004846378667624223
0.004735064076849664
0.004628488372710379
0.004526362002590434
0.004428418227132775
0.004334410936160132
0.004244112709250965
0.004157313089732996
0.004073817045316302
0.0039934435923462
0.00391602456383313
0.0038414035041096804
0.003769434675255438
0.0036999821623831825
0.0036329190665491447
0.0035681267754816524
0.0035054943035521496
0.0034449176934722454
0.0033862994731154207
0.0033295481616537424
0.0032745778198871377
0.003221307640239506
0.003169661572416529
0.0031195679811738303
0.0030709593330411305
0.003023771909196617
0.002977945541990261
0.0029334233728846673
0.0028901516298176764
0.002848079422200726
0.002807158551951262
0.002767343339120871
0.002728590460826495
0.002690858802320247
0.0026541093191483527
0.002618304909451707
0.0025834102955518143
0.002549391914046871
0.002516217813716101
0.0024838575605952064
0.0024522821496445486
0.0024214639224841993
0.00239137649071712
0.002361994664404502
0.0023332943852953135
0.0023052526644470744
0.002277847523905832
0.0022510579421417595
0.0022248638029622723
0.0021992458476480124
0.002174185630077661
0.0021496654746272006
0.002125668436646113
0.002102178265329256
0.0020791793688172723
0.0020566567813715877
0.0020345961324822522
0.0020129836177774905
0.001991805971614108
0.0019710504412369973
0.0019507047624041968
0.0019307571363819894
0.0019111962082212857
0.0018920110462331203
0.0018731911225870754
0.0018547262949618149
0.0018366067891821408
0.0018188231827812778
0.0018013663894318544
0.0017842276441923906
0.001767398489520329
0.0017508707620055846
0.0017346365797819105
0.0017186883305760335
0.0017030186603575566
0.0016876204625545805
0.0016724868678026708
0.0016576112341967367
0.0016429871380174172
0.0016286083649052104
0.0016144689014575765
0.001600562927225539
0.0015868848070879989
0.0015734290839829546
0.001560190471976727
0.0015471638496526588
0.0015343442538026963
0.001521726873405474
0.0015093070438762148
0.0014970802415740358
0.0014850420785535437
0.0014731882975480858
0.0014615147671728588
0.0014500174773368205
0.001438692534852884
0.0014275361592364184
0.0014165446786829066
0.001405714526215789
0.001395042235996252
0.0013845244397870556
0.001374157863563087
0.0013639393242614397
0.0013538657266645362
0.0013439340604099329
0.0013341413971208773
0.001324484887651982
0.0013149617594446898
0.0013055693139874844
0.0012963049243760088
0.0012871660329686243
0.0012781501491330512
0.0012692548470799613
0.0012604777637798045
0.0012518165969589226
0.0012432691031717808
0.0012348330959456174
0.001226506443994733
0.0012182870695010722
0.001210172946458538
0.0012021620990780477
0.0011942526002509625
0.0011864425700683526
0.001178730174393662
0.0011711136234867226
0.0011635911706767948
0.0011561611110828087
0.0011488217803786549
0.0011415715536019053
0.001134408844004016
0.0011273321019404558
0.0011203398137991354
0.0011134305009655586
0.0011066027188233116
0.0010998550557884486
0.0010931861323764482
0.0010865946003005029
0.0010800791415998712
0.0010736384677972077
0.00106727131908369
0.0010609764635308688
0.001054752696328327
0.0010485988390460878
0.001042513738920844
0.001036496268165147
0.0010305453232987132
0.001024659824500962
0.0010188387149841114
0.0010130809603859361
0.0010073855481816658
0.0010017514871140845
9.961778066414093E-4
9.90663556402168E-4
9.852078056965053E-4
9.7980964298334E-4
9.744681753928429E-4
9.691825282535892E-4
9.639518446340331E-4
9.587752848976508E-4
9.536520262714082E-4
9.485812624269418E-4
9.435622030742227E-4
9.385940735670503E-4
9.336761145201627E-4
9.288075814374457E-4
9.239877443509373E-4
9.19215887470207E-4
9.144913088418789E-4
9.098133200187449E-4
9.051812457384386E-4
9.005944236110769E-4
8.960522038157806E-4
8.915539488056742E-4
8.870990330211164E-4
8.826868426109175E-4
8.783167751612662E-4
8.739882394320987E-4
8.69700655100724E-4
8.654534525124458E-4
8.612460724379223E-4
8.570779658371509E-4
8.529485936297716E-4
8.488574264715152E-4
8.448039445366782E-4
8.407876373063194E-4
8.368080033621055E-4
8.328645501855631E-4
8.289567939626224E-4
8.250842593932503E-4
8.212464795060445E-4
8.17442995477639E-4
8.136733564567526E-4
8.099371193927744E-4
8.06233848868739E-4
8.025631169385124E-4
7.98924502968199E-4
7.953175934814615E-4
7.917419820087975E-4
7.881972689405533E-4
7.846830613836543E-4
7.811989730218225E-4
7.77744623979374E-4
7.743196406882173E-4
7.70923655758286E-4
7.67556307850995E-4
7.642172415558833E-4
7.609061072702014E-4
7.576225610814372E-4
7.543662646526222E-4
7.511368851104527E-4
7.479340949360534E-4
7.447575718583046E-4
7.416069987497926E-4
7.384820635251086E-4
7.353824590416191E-4
7.323078830025408E-4
7.292580378622444E-4
7.262326307338081E-4
7.232313732987068E-4
7.202539817185366E-4
7.173001765488533E-4
7.143696826548908E-4
7.114622291292937E-4
7.085775492116414E-4
7.057153802098609E-4
7.028754634233671E-4
7.000575440679625E-4
6.972613712023883E-4
6.944866976565581E-4
6.917332799613448E-4
6.890008782799512E-4
6.862892563407897E-4
6.835981813718387E-4
6.809274240364311E-4
6.782767583704625E-4
6.756459617209459E-4
6.730348146859139E-4
6.704431010556191E-4
6.678706077549958E-4
6.65317124787369E-4
6.627824451793334E-4
6.602663649268718E-4
6.577686829425348E-4
6.552892010038085E-4
6.528277237025525E-4
6.503840583954661E-4
6.479580151556547E-4
6.45549406725128E-4
6.431580484683991E-4
6.40783758326903E-4
6.384263567744985E-4
6.360856667737778E-4
6.337615137333281E-4
6.314537254658868E-4
6.291621321472748E-4
6.268865662762296E-4
6.246268626350464E-4
6.223828582509762E-4
6.201543923584453E-4
6.179413063619994E-4
6.157434438000016E-4
6.13560650309065E-4
6.113927735891675E-4
6.092396633694899E-4
6.071011713748742E-4
6.049771512930247E-4
6.028674587422556E-4
6.007719512399629E-4
5.986904881716311E-4
5.966229307604934E-4
5.945691420377649E-4
5.925289868134286E-4
5.905023316476353E-4
5.884890448225996E-4
5.864889963150347E-4
5.845020577691815E-4
5.825281024702528E-4
5.805670053184576E-4
5.786186428034802E-4
5.766828929794253E-4
5.74759635440288E-4
5.728487512958317E-4
5.709501231479149E-4
5.69063635067329E-4
5.671891725709529E-4
5.653266225994309E-4
5.634758734952117E-4
5.61636814980991E-4
5.598093381385707E-4
5.579933353880919E-4
5.561887004676347E-4
5.543953284132144E-4
5.526131155391256E-4
5.508419594186266E-4
5.490817588649985E-4
5.473324139129394E-4
5.455938258002637E-4
5.438658969499637E-4
5.421485309525684E-4
5.404416325488284E-4
5.387451076126844E-4
5.370588631345805E-4
5.353828072050149E-4
5.33716848998412E-4
5.320608987572888E-4
5.304148677766568E-4
5.287786683887273E-4
5.27152213947889E-4
5.255354188158865E-4
5.239281983473421E-4
5.223304688754637E-4
5.207421476979954E-4
5.191631530634542E-4
5.175934041575748E-4
5.160328210899512E-4
5.144813248809935E-4
5.129388374489936E-4
5.114052815975E-4
5.098805810028647E-4
5.08364660201995E-4
5.068574445803299E-4
5.05358860360001E-4
5.03868834588191E-4
5.023872951257016E-4
5.00914170635695E-4
4.994493905726191E-4
4.979928851713232E-4
4.965445854363589E-4
4.951044231314353E-4
4.936723307690631E-4
4.922482416003655E-4
4.908320896050382E-4
4.894238094815055E-4
4.8802333663719303E-4
4.8663060717900087E-4
4.852455579038876E-4
4.838681262896377E-4
4.824982504857568E-4
4.811358693045236E-4
4.797809222121803E-4
4.784333493202549E-4
4.770930913770516E-4
4.757600897592044E-4
4.7443428646345715E-4
4.731156240985147E-4
4.7180404587701045E-4
4.704994956076494E-4
4.692019176874327E-4
4.679112570940198E-4
4.6662745937820383E-4
4.653504706565093E-4
4.640802376038908E-4
4.628167074465632E-4
4.615598279549229E-4
4.6030954743658147E-4
4.5906581472953545E-4
4.578285791953828E-4
4.5659779071269204E-4
4.553733996704434E-4
4.541553569615993E-4
4.5294361397672485E-4
4.517381225977485E-4
4.5053883519180195E-4
4.4934570460513116E-4
4.481586841571398E-4
4.469777276344762E-4
4.458027892852555E-4
4.4463382381330734E-4
4.434707863725791E-4
4.4231363256156433E-4
4.4116231841783056E-4
4.40016800412654E-4
4.388770354456886E-4
4.3774298083974E-4
4.366145943356175E-4
4.354918340870513E-4
4.3437465865567293E-4
4.33263027006098E-4
4.3215689850105074E-4
4.310562328965783E-4
4.2996099033733174E-4
4.288711313518802E-4
4.277866168481613E-4
4.267074081089354E-4
4.256334667873168E-4
4.2456475490239477E-4
4.235012348348931E-4
4.2244286932288725E-4
4.213896214576075E-4
4.20341454679268E-4
4.192983327729922E-4
4.182602198647487E-4
4.1722708041738976E-4
4.161988792267183E-4
4.151755814176129E-4
4.141571524402148E-4
4.1314355806616705E-4
4.1213476438488675E-4
4.1113073779991004E-4
4.101314450252927E-4
4.091368530820246E-4
4.0814692929453853E-4
4.071616412872365E-4
4.061809569810636E-4
4.052048445901467E-4
4.0423327261846523E-4
4.032662098565718E-4
4.0230362537835084E-4
4.013454885378308E-4
4.0039176896603814E-4
3.9944243656786846E-4
3.9849746151905663E-4
3.975568142631127E-4
3.9662046550836307E-4
3.95688386224998E-4
3.9476054764216585E-4
3.93836921245095E-4
3.929174787722839E-4
3.920021922127003E-4
3.910910338030133E-4
3.9018397602489085E-4
3.892809916023069E-4
3.883820534989057E-4
3.874871349153597E-4
3.865962092868213E-4
3.857092502803509E-4
3.848262317924242E-4
3.839471279464371E-4
3.8307191309025897E-4
3.8220056179381814E-4
3.813330488467121E-4
3.804693492558574E-4
3.7960943824315535E-4
3.787532912432081E-4
3.77900883901037E-4
3.7705219206985433E-4
3.76207191808855E-4
3.753658593810283E-4
3.7452817125100947E-4
3.736941040829456E-4
3.728636347384108E-4
3.7203674027431056E-4
3.712133979408576E-4
3.70393585179539E-4
3.695772796211012E-4
3.6876445908361975E-4
3.6795510157050943E-4
3.6714918526862704E-4
3.66346688546369E-4
3.655475899517835E-4
3.647518682107326E-4
3.639595022250456E-4
3.631704710707296E-4
3.623847539961705E-4
3.616023304203813E-4
3.608231799312443E-4
3.6004728228380446E-4
3.592746173985671E-4
3.5850516535980843E-4
3.5773890641393346E-4
3.5697582096782404E-4
3.562158895872231E-4
3.554590929951405E-4
3.5470541207026357E-4
3.539548278454068E-4
3.532073215059551E-4
3.524628743883538E-4
3.517214679785977E-4
3.509830839107359E-4
3.502477039654104E-4
3.495153100684025E-4
3.4878588428919146E-4
3.480594088395409E-4
3.473358660720897E-4
3.466152384789811E-4
3.4589750869046823E-4
3.4518265947358975E-4
3.444706737308152E-4
3.437615344987223E-4
3.4305522494669684E-4
3.4235172837564345E-4
3.4165102821669694E-4
3.4095310802998325E-4
3.4025795150333636E-4
3.395655424511123E-4
3.388758648129292E-4
3.381889026524868E-4
3.3750464015636257E-4
3.368230616328594E-4
3.361441515108E-4
3.35467894338421E-4
3.3479427478220374E-4
3.3412327762576946E-4
3.33454887768759E-4
3.32789090225734E-4
3.3212587012509547E-4
3.3146521270800943E-4
3.308071033273337E-4
3.301515274465862E-4
3.2949847063888817E-4
3.2884791858595584E-4
3.2819985707707055E-4
3.2755427200807793E-4
3.2691114938040826E-4
3.262704753000675E-4
3.256322359767016E-4
3.249964177226063E-4
3.2436300695179454E-4
3.237319901790492E-4
3.2310335401900854E-4
3.2247708518522606E-4
3.218531704892807E-4
3.212315968398722E-4
3.2061235124192553E-4
3.199954207957307E-4
3.1938079269605427E-4
3.1876845423129004E-4
3.181583927826038E-4
3.175505958230985E-4
3.169450509169775E-4
3.1634174571872135E-4
3.157406679722741E-4
3.1514180551024066E-4
3.1454514625308826E-4
3.13950678208359E-4
3.1335838946988296E-4
3.1276826821702406E-4
3.121803027138927E-4
3.115944813086228E-4
3.1101079243258707E-4
3.104292245996837E-4
3.0984976640560484E-4
3.09272406527098E-4
3.0869713372126207E-4
3.0812393682484393E-4
3.075528047535156E-4
3.069837265012026E-4
3.0641669113938824E-4
3.0585168781643905E-4
3.052887057569292E-4
3.0472773426097106E-4
3.0416876270357164E-4
3.0361178053396815E-4
3.0305677727498673E-4
3.0250374252240584E-4
3.0195266594433215E-4
3.0140353728055723E-4
3.008563463419681E-4
3.0031108300990303E-4
2.997677372355667E-4
2.9922629903943057E-4
2.986867585106336E-4
2.9814910580639565E-4
2.9761333115143533E-4
2.9707942483739975E-4
2.9654737722229255E-4
2.960171787299129E-4
2.9548881984929197E-4
2.949622911341439E-4
2.9443758320232285E-4
2.9391468673527535E-4
2.933935924775058E-4
2.928742912360568E-4
2.9235677387997114E-4
2.918410313397739E-4
2.913270546069641E-4
2.908148347335025E-4
2.903043628313082E-4
2.8979563007175375E-4
2.892886276851856E-4
2.887833469604105E-4
2.882797792442393E-4
2.87777915940982E-4
2.8727774851199713E-4
2.8677926847519696E-4
2.8628246740460293E-4
2.8578733692985925E-4
2.852938687358142E-4
2.84802054562029E-4
2.8431188620235784E-4
2.838233555044911E-4
2.8333645436951556E-4
2.828511747514862E-4
2.823675086569988E-4
2.8188544814475324E-4
2.8140498532513297E-4
2.8092611235979874E-4
2.804488214612594E-4
2.799731048924714E-4
2.7949895496643187E-4
2.7902636404577327E-4
2.785553245423631E-4
2.780858289169194E-4
2.776178696786077E-4
2.7715143938466705E-4
2.76686530640006E-4
2.762231360968586E-4
2.7576124845436626E-4
2.753008604582325E-4
2.748419649003455E-4
2.7438455461842423E-4
2.739286224956288E-4
2.734741614602347E-4
2.730211644852514E-4
2.7256962458809355E-4
2.721195348302114E-4
2.716708883167576E-4
2.7122367819623595E-4
2.707778976601807E-4
2.703335399428025E-4
2.6989059832066114E-4
2.6944906611233734E-4
2.690089366781135E-4
2.6857020341963E-4
2.681328597795964E-4
2.67696899241434E-4
2.6726231532900086E-4
2.6682910160625694E-4
2.663972516769554E-4
2.659667591843524E-4
2.655376178108816E-4
2.6510982127788015E-4
2.646833633452659E-4
2.6425823781125736E-4
2.638344385120845E-4
2.634119593216819E-4
2.6299079415142106E-4
2.62570936949816E-4
2.6215238170224553E-4
2.6173512243066513E-4
2.6131915319334975E-4
2.6090446808459377E-4
2.60491061234467E-4
2.600789268085202E-4
2.596680590075376E-4
2.592584520672623E-4
2.5885010025813863E-4
2.584429978850475E-4
2.580371392870551E-4
2.576325188371543E-4
2.57229130942011E-4
2.568269700417231E-4
2.5642603060955534E-4
2.56026307151706E-4
2.5562779420706684E-4
2.5523048634696016E-4
2.5483437817492145E-4
2.5443946432645974E-4
2.54045739468801E-4
2.5365319830068957E-4
2.5326183555211346E-4
2.528716459841232E-4
2.524826243885638E-4
2.520947655878739E-4
2.517080644348493E-4
2.513225158124352E-4
2.5093811463349435E-4
2.5055485584058894E-4
2.5017273440577914E-4
2.4979174533039275E-4
2.494118836448296E-4
2.4903314440833296E-4
2.486555227087992E-4
2.482790136625575E-4
2.479036124141725E-4
2.4752931413624335E-4
2.47156114029195E-4
2.4678400732108395E-4
2.4641298926740275E-4
2.4604305515087463E-4
2.456742002812696E-4
2.453064199952079E-4
2.4493970965596106E-4
2.445740646532872E-4
2.4420948040320144E-4
2.4384595234783142E-4
2.4348347595521004E-4
2.4312204671910192E-4
2.427616601588076E-4
2.4240231181900517E-4
2.420439972695492E-4
2.416867121053119E-4
2.4133045194599982E-4
2.4097521243597467E-4
2.4062098924409363E-4
2.4026777806352443E-4
2.3991557461158685E-4
2.395643746295765E-4
2.3921417388260625E-4
2.3886496815942745E-4
2.3851675327227995E-4
2.3816952505671836E-4
2.3782327937146343E-4
2.374780120982266E-4
2.3713371914156224E-4
2.367903964287059E-4
2.3644803990941572E-4
2.3610664555583002E-4
2.357662093622941E-4
2.354267273452193E-4
2.3508819554294105E-4
2.3475061001554216E-4
2.3441396684474087E-4
2.3407826213370404E-4
2.337434920069325E-4
2.3340965261009779E-4
2.330767401099065E-4
2.327447506939587E-4
2.3241368057059294E-4
2.3208352596877118E-4
2.317542831379073E-4
2.3142594834776002E-4
2.3109851788827518E-4
2.3077198806945585E-4
2.30446355221233E-4
2.3012161569332007E-4
2.297977658550932E-4
2.2947480209545014E-4
2.291527208226878E-4
2.2883151846436368E-4
2.2851119146717155E-4
2.2819173629681487E-4
2.2787314943788572E-4
2.275554273937228E-4
2.2723856668630833E-4
2.2692256385612537E-4
2.266074154620527E-4
2.2629311808122446E-4
2.259796683089262E-4
2.256670627584657E-4
2.2535529806106517E-4
2.2504437086572434E-4
2.247342778391242E-4
2.244250156654925E-4
2.241165810465107E-4
2.238089707011795E-4
2.235021813657136E-4
2.231962097934297E-4
2.2289105275464187E-4
2.225867070365334E-4
2.2228316944306604E-4
2.2198043679486044E-4
2.2167850592908625E-4
2.2137737369936662E-4
2.2107703697565886E-4
2.2077749264415655E-4
2.204787376071867E-4
2.2018076878309122E-4
2.1988358310614874E-4
2.1958717752645026E-4
2.1929154900980776E-4
2.1899669453764642E-4
2.1870261110691896E-4
2.1840929572998984E-4
2.1811674543454623E-4
2.1782495726349304E-4
2.1753392827487974E-4
2.172436555417605E-4
2.169541361521374E-4
2.1666536720885629E-4
2.1637734582949353E-4
2.1609006914628936E-4
2.1580353430604985E-4
2.1551773847002515E-4
2.1523267881386538E-4
2.1494835252749495E-4
2.1466475681504004E-4
2.1438188889472823E-4
2.140997459988082E-4
2.138183253734568E-4
2.135376242787023E-4
2.1325763998831512E-4
2.1297836978975611E-4
2.1269981098405184E-4
2.1242196088574631E-4
2.1214481682278952E-4
2.1186837613647162E-4
2.1159263618133027E-4
2.1131759432507427E-4
2.110432479484973E-4
2.1076959444540317E-4
2.1049663122251958E-4
2.102243556994234E-4
2.099527653084492E-4
2.0968185749463644E-4
2.0941162971562175E-4
2.0914207944158075E-4
2.0887320415514788E-4
2.0860500135132804E-4
2.0833746853744396E-4
2.0807060323304013E-4
2.0780440296981666E-4
2.075388652915541E-4
2.0727398775404054E-4
2.0700976792500093E-4
2.0674620338402187E-4
2.0648329172247282E-4
2.0622103054344739E-4
2.0595941746169233E-4
2.056984501035181E-4
2.0543812610675599E-4
2.0517844312066351E-4
2.0491939880587642E-4
2.0466099083432427E-4
2.044032168891744E-4
2.0414607466475972E-4
2.0388956186650567E-4
2.0363367621087676E-4
2.0337841542529759E-4
2.0312377724809692E-4
2.0286975942844122E-4
2.0261635972625947E-4
2.0236357591219977E-4
2.0211140576754347E-4
2.0185984708415586E-4
2.0160889766441617E-4
2.0135855532116896E-4
2.011088178776383E-4
2.0085968316738888E-4
2.0061114903425397E-4
2.003632133322766E-4
2.0011587392565144E-4
1.998691286886578E-4
1.9962297550561487E-4
1.9937741227080748E-4
1.9913243688844104E-4
1.9888804727256838E-4
1.9864424134704564E-4
1.9840101704546558E-4
1.9815837231111405E-4
1.9791630509689194E-4
1.976748133652846E-4
1.974338950882835E-4
1.971935482473417E-4
1.969537708333247E-4
1.9671456084644235E-4
1.9647591629620787E-4
1.9623783520136845E-4
1.9600031558987592E-4
1.9576335549880138E-4
1.9552695297431126E-4
1.9529110607160343E-4
1.9505581285485525E-4
1.9482107139716907E-4
1.9458687978052855E-4
1.9435323609573926E-4
1.9412013844239139E-4
1.9388758492879053E-4
1.9365557367192584E-4
1.9342410279740723E-4
1.9319317043942826E-4
1.9296277474070386E-4
1.9273291385243495E-4
1.9250358593425216E-4
1.922747891541672E-4
1.9204652168853287E-4
1.918187817219879E-4
1.9159156744741806E-4
1.9136487706590145E-4
1.9113870878666368E-4
1.9091306082703933E-4
1.9068793141241747E-4
1.9046331877619948E-4
1.9023922115976098E-4
1.90015636812394E-4
1.8979256399127142E-4
1.8957000096139615E-4
1.8934794599557612E-4
1.8912639737435073E-4
1.8890535338597332E-4
1.8868481232635394E-4
1.8846477249901943E-4
1.882452322150812E-4
1.8802618979317542E-4
1.8780764355943481E-4
1.8758959184744626E-4
1.873720329981959E-4
1.871549653600499E-4
1.8693838728869804E-4
1.8672229714711473E-4
1.86506693305527E-4
1.8629157414136102E-4
1.8607693803921867E-4
1.858627833908258E-4
1.8564910859499782E-4
1.8543591205760665E-4
1.8522319219152735E-4
1.8501094741661146E-4
1.8479917615964392E-4
1.8458787685431575E-4
1.8437704794116214E-4
1.8416668786755796E-4
1.8395679508765144E-4
1.8374736806234422E-4
1.8353840525924615E-4
1.833299051526439E-4
1.8312186622346593E-4
1.8291428695924527E-4
1.8270716585407263E-4
1.8250050140858256E-4
1.8229429212989845E-4
1.8208853653161155E-4
1.818832331337319E-4
1.8167838046267252E-4
1.8147397705119565E-4
1.8127002143839162E-4
1.81066512169642E-4
1.8086344779658087E-4
1.8066082687706833E-4
1.8045864797515087E-4
1.8025690966103845E-4
1.8005561051105716E-4
1.7985474910762756E-4
1.7965432403922664E-4
1.794543339003643E-4
1.7925477729153892E-4
1.790556528192138E-4
1.7885695909578247E-4
1.786586947395383E-4
1.7846085837464355E-4
1.7826344863110005E-4
1.780664641447106E-4
1.778699035570658E-4
1.7767376551548433E-4
1.7747804867301601E-4
1.772827516883853E-4
1.770878732259837E-4
1.768934119558154E-4
1.766993665534915E-4
1.7650573570018543E-4
1.7631251808260923E-4
1.761197123929826E-4
1.7592731732901052E-4
1.757353315938452E-4
1.755437538960613E-4
1.753525829496337E-4
1.7516181747390163E-4
1.7497145619354036E-4
1.747814978385444E-4
1.7459194114418365E-4
1.744027848509934E-4
1.7421402770472942E-4
1.740256684563553E-4
1.7383770586201173E-4
1.7365013868298845E-4
1.7346296568568673E-4
1.7327618564162402E-4
1.730897973273681E-4
1.7290379952454582E-4
1.727181910197872E-4
1.7253297060472738E-4
1.7234813707596585E-4
1.7216368923503756E-4
1.7197962588839496E-4
1.7179594584739124E-4
1.7161264792823209E-4
1.714297309519751E-4
1.7124719374448944E-4
1.7106503513643408E-4
1.7088325396324137E-4
1.707018490650866E-4
1.7052081928686192E-4
1.7034016347815977E-4
1.7015988049323683E-4
1.699799691910072E-4
1.6980042843500276E-4
1.696212570933602E-4
1.6944245403879767E-4
1.692640181485835E-4
1.6908594830452E-4
1.6890824339292057E-4
1.6873090230458683E-4
1.6855392393478165E-4
1.6837730718321237E-4
1.682010509540064E-4
1.6802515415569107E-4
1.6784961570116046E-4
1.6767443450767705E-4
1.6749960949682615E-4
1.673251395945052E-4
1.6715102373090205E-4
1.6697726084047808E-4
1.6680384986193227E-4
1.6663078973819487E-4
1.6645807941639986E-4
1.662857178478668E-4
1.6611370398807637E-4
1.6594203679665592E-4
1.657707152373531E-4
1.655997382780164E-4
1.654291048905791E-4
1.6525881405103155E-4
1.6508886473941343E-4
1.649192559397811E-4
1.6474998664019416E-4
1.6458105583269544E-4
1.644124625132896E-4
1.6424420568193163E-4
1.6407628434249267E-4
1.639086975027518E-4
1.6374144417437633E-4
1.635745233729018E-4
1.6340793411770792E-4
1.632416754320088E-4
1.6307574634282543E-4
1.629101458809795E-4
1.627448730810578E-4
1.625799269814069E-4
1.624153066241117E-4
1.622510110549783E-4
1.620870393235142E-4
1.6192339048290715E-4
1.6176006359001343E-4
1.615970577053407E-4
1.614343718930249E-4
1.612720052208157E-4
1.6110995676005694E-4
1.609482255856783E-4
1.607868107761618E-4
1.6062571141354023E-4
1.6046492658337383E-4
1.603044553747331E-4
1.6014429688018252E-4
1.5998445019576191E-4
1.5982491442097463E-4
1.5966568865876665E-4
1.595067720155152E-4
1.5934816360100665E-4
1.5918986252842098E-4
1.5903186791432102E-4
1.5887417887863238E-4
1.5871679454462426E-4
1.5855971403890345E-4
1.5840293649138602E-4
1.5824646103529744E-4
1.5809028680713723E-4
1.5793441294667909E-4
1.5777883859695484E-4
1.5762356290422244E-4
1.5746858501797768E-4
1.573139040909157E-4
1.571595192789215E-4
1.5700542974107003E-4
1.5685163463958487E-4
1.566981331398501E-4
1.5654492441037528E-4
1.56392007622797E-4
1.5623938195184596E-4
1.5608704657535039E-4
1.559350006742131E-4
1.557832434323944E-4
1.5563177403690373E-4
1.5548059167778754E-4
1.553296955481034E-4
1.5517908484391602E-4
1.5502875876428684E-4
1.5487871651124772E-4
1.5472895728979477E-4
1.5457948030787522E-4
1.5443028477637094E-4
1.542813699090881E-4
1.5413273492273838E-4
1.539843790369339E-4
1.5383630147416396E-4
1.536885014597898E-4
1.5354097822202898E-4
1.5339373099193534E-4
1.5324675900340193E-4
1.531000614931337E-4
1.5295363770063736E-4
1.528074868682164E-4
1.5266160824094628E-4
1.5251600106666843E-4
1.5237066459598472E-4
1.5222559808223025E-4
1.5208080078147097E-4
1.519362719524853E-4
1.5179201085675762E-4
1.51648016758466E-4
1.5150428892446183E-4
1.5136082662426585E-4
1.5121762913005227E-4
1.5107469571663804E-4
1.5093202566147468E-4
1.5078961824462417E-4
1.5064747274876064E-4
1.5050558845915724E-4
1.5036396466366512E-4
1.5022260065270535E-4
1.5008149571926383E-4
1.499406491588752E-4
1.498000602696106E-4
1.496597283520645E-4
1.4951965270935038E-4
1.493798326470828E-4
1.4924026747336846E-4
1.491009564987966E-4
1.4896189903642687E-4
1.4882309440177516E-4
1.486845419128064E-4
1.485462408899264E-4
1.4840819065596066E-4
1.4827039053615784E-4
1.4813283985816417E-4
1.479955379520278E-4
1.4785848415017102E-4
1.477216777873987E-4
1.475851182008751E-4
1.4744880473010878E-4
1.4731273671696375E-4
1.471769135056231E-4
1.4704133444260235E-4
1.4690599887671606E-4
1.467709061590875E-4
1.4663605564313025E-4
1.465014466845324E-4
1.4636707864126E-4
1.4623295087353537E-4
1.4609906274383477E-4
1.4596541361686834E-4
1.458320028595876E-4
1.4569882984115642E-4
1.4556589393295523E-4
1.4543319450856102E-4
1.4530073094375226E-4
1.4516850261648038E-4
1.4503650890687657E-4
1.4490474919723445E-4
1.4477322287199905E-4
1.4464192931776444E-4
1.445108679232599E-4
1.443800380793384E-4
1.442494391789736E-4
1.4411907061724275E-4
1.4398893179133003E-4
1.4385902210049795E-4
1.437293409461046E-4
1.4359988773156955E-4
1.4347066186237573E-4
1.4334166274606303E-4
1.4321288979222095E-4
1.4308434241246552E-4
1.4295602002044894E-4
1.4282792203184253E-4
1.4270004786432023E-4
1.4257239693756522E-4
1.424449686732507E-4
1.4231776249503734E-4
1.4219077782856167E-4
1.420640141014241E-4
1.4193747074318523E-4
1.4181114718536797E-4
1.4168504286142094E-4
1.4155915720673887E-4
1.4143348965863948E-4
1.4130803965635468E-4
1.4118280664103557E-4
1.4105779005572992E-4
1.409329893453788E-4
1.4080840395680472E-4
1.406840333387225E-4
1.4055987694170044E-4
1.4043593421817922E-4
1.4031220462245033E-4
1.401886876106546E-4
1.4006538264076438E-4
1.3994228917258976E-4
1.3981940666776282E-4
1.396967345897281E-4
1.395742724037428E-4
1.3945201957686122E-4
1.3932997557792736E-4
1.3920813987757988E-4
1.3908651194822604E-4
1.3896509126404838E-4
1.388438773009914E-4
1.3872286953675687E-4
1.3860206745079E-4
1.384814705242779E-4
1.3836107824015067E-4
1.3824089008305262E-4
1.381209055393563E-4
1.3800112409713966E-4
1.378815452461943E-4
1.3776216847800082E-4
1.3764299328573675E-4
1.3752401916426092E-4
1.3740524561011157E-4
1.3728667212149553E-4
1.3716829819828338E-4
1.370501233420007E-4
1.3693214705582534E-4
1.3681436884457727E-4
1.366967882147135E-4
1.3657940467431365E-4
1.364622177330889E-4
1.3634522690236252E-4
1.362284316950646E-4
1.3611183162573145E-4
1.3599542621049767E-4
1.358792149670829E-4
1.3576319741478957E-4
1.3564737307449965E-4
1.3553174146866583E-4
1.3541630212130138E-4
1.353010545579805E-4
1.351859983058268E-4
1.3507113289350686E-4
1.3495645785123022E-4
1.3484197271073576E-4
1.347276770052879E-4
1.346135702696708E-4
1.3449965204018714E-4
1.3438592185464123E-4
1.342723792523406E-4
1.3415902377409103E-4
1.3404585496218295E-4
1.3393287236039425E-4
1.3382007551397614E-4
1.3370746396965618E-4
1.3359503727562543E-4
1.334827949815326E-4
1.3337073663847906E-4
1.3325886179902E-4
1.3314717001715055E-4
1.3303566084829936E-4
1.3292433384932368E-4
1.328131885785134E-4
1.327022245955711E-4
1.3259144146161612E-4
1.3248083873917268E-4
1.3237041599216883E-4
1.3226017278593146E-4
1.3215010868717326E-4
1.3204022326399495E-4
1.3193051608588165E-4
1.3182098672368816E-4
1.3171163474963422E-4
1.316024597373116E-4
1.3149346126166566E-4
1.3138463889899498E-4
1.3127599222694658E-4
1.3116752082450932E-4
1.3105922427200775E-4
1.3095110215109965E-4
1.3084315404476618E-4
1.3073537953731305E-4
1.3062777821435962E-4
1.3052034966283595E-4
1.3041309347097777E-4
1.3030600922832135E-4
1.3019909652569887E-4
1.3009235495523285E-4
1.2998578411032598E-4
1.2987938358566785E-4
1.297731529772206E-4
1.29667091882217E-4
1.2956119989914725E-4
1.294554766277743E-4
1.2934992166910975E-4
1.2924453462541193E-4
1.2913931510019408E-4
1.290342626982004E-4
1.2892937702541407E-4
1.288246576890528E-4
1.2872010429755635E-4
1.2861571646058696E-4
1.2851149378902442E-4
1.2840743589495653E-4
1.2830354239168557E-4
1.2819981289371023E-4
1.280962470167271E-4
1.2799284437763149E-4
1.2788960459450088E-4
1.2778652728660016E-4
1.276836120743757E-4
1.275808585794434E-4
1.274782664245931E-4
1.2737583523377902E-4
1.272735646321197E-4
1.2717145424588546E-4
1.2706950370250462E-4
1.2696771263054997E-4
1.268660806597404E-4
1.2676460742093193E-4
1.2666329254611727E-4
1.2656213566841735E-4
1.2646113642207998E-4
1.2636029444247713E-4
1.2625960936610032E-4
1.2615908083054536E-4
1.260587084745263E-4
1.2595849193785993E-4
1.258584308614606E-4
1.2575852488734066E-4
1.2565877365860824E-4
1.255591768194538E-4
1.2545973401515974E-4
1.253604448920804E-4
1.2526130909764897E-4
1.2516232628037062E-4
1.2506349608982318E-4
1.2496481817663807E-4
1.2486629219251574E-4
1.2476791779020502E-4
1.2466969462351468E-4
1.2457162234729276E-4
1.2447370061743521E-4
1.2437592909087805E-4
1.2427830742559558E-4
1.2418083528058864E-4
1.2408351231588675E-4
1.2398633819254927E-4
1.23889312572654E-4
1.237924351192908E-4
1.2369570549656744E-4
1.235991233696003E-4
1.2350268840450774E-4
1.2340640026841458E-4
1.2331025862943678E-4
1.2321426315669207E-4
1.231184135202841E-4
1.2302270939130032E-4
1.2292715044182238E-4
1.2283173634489606E-4
1.2273646677455453E-4
1.2264134140579802E-4
1.225463599145972E-4
1.224515219778861E-4
1.2235682727355902E-4
1.222622754804726E-4
1.221678662784346E-4
1.2207359934820233E-4
1.2197947437147971E-4
1.2188549103091816E-4
1.2179164901011094E-4
1.2169794799357864E-4
1.2160438766678429E-4
1.2151096771611616E-4
1.2141768782889124E-4
1.2132454769334676E-4
1.212315469986416E-4
1.211386854348535E-4
1.2104596269296433E-4
1.209533784648785E-4
1.2086093244339396E-4
1.2076862432221881E-4
1.206764537959584E-4
1.2058442056011537E-4
1.2049252431108558E-4
1.2040076474615271E-4
1.2030914156348851E-4
1.2021765446214811E-4
1.2012630314206651E-4
1.200350873040552E-4
1.199440066497973E-4
1.1985306088185177E-4
1.1976224970364121E-4
1.1967157281945044E-4
1.1958102993443127E-4
1.1949062075458593E-4
1.1940034498677935E-4
1.1931020233872232E-4
1.192201925189784E-4
1.191303152369501E-4
1.1904057020289244E-4
1.1895095712789156E-4
1.1886147572387305E-4
1.1877212570359493E-4
1.1868290678064966E-4
1.1859381866945126E-4
1.1850486108524349E-4
1.1841603374408459E-4
1.1832733636286377E-4
1.1823876865926951E-4
1.1815033035181695E-4
1.1806202115982466E-4
1.1797384080341886E-4
1.1788578900352725E-4
1.177978654818854E-4
1.1771006996102108E-4
1.1762240216426059E-4
1.1753486181572136E-4
1.1744744864031052E-4
1.1736016236372159E-4
1.1727300271243466E-4
1.1718596941370983E-4
1.1709906219558351E-4
1.1701228078687527E-4
1.1692562491716512E-4
1.1683909431681519E-4
1.1675268871695049E-4
1.1666640784946046E-4
1.1658025144699717E-4
1.1649421924297134E-4
1.1640831097155406E-4
1.1632252636766627E-4
1.1623686516697985E-4
1.1615132710592264E-4
1.1606591192165681E-4
1.1598061935210068E-4
1.1589544913590556E-4
1.1581040101246143E-4
1.1572547472189562E-4
1.1564067000506824E-4
1.1555598660357012E-4
1.1547142425972463E-4
1.1538698271656979E-4
1.15302661717875E-4
1.1521846100812808E-4
1.1513438033253241E-4
1.1505041943700972E-4
1.1496657806819349E-4
1.1488285597342636E-4
1.1479925290075985E-4
1.1471576859895044E-4
1.1463240281745917E-4
1.1454915530644555E-4
1.1446602581676631E-4
1.1438301409997564E-4
1.1430011990832279E-4
1.1421734299474336E-4
1.1413468311286085E-4
1.1405214001699114E-4
1.1396971346213016E-4
1.1388740320395132E-4
1.1380520899881126E-4
1.1372313060374484E-4
1.1364116777645595E-4
1.1355932027532433E-4
1.1347758785939574E-4
1.1339597028838642E-4
1.133144673226793E-4
1.1323307872331287E-4
1.1315180425198908E-4
1.1307064367107319E-4
1.1298959674357923E-4
1.1290866323318045E-4
1.1282784290419548E-4
1.1274713552159717E-4
1.1266654085100208E-4
1.1258605865867345E-4
1.1250568871151575E-4
1.1242543077707503E-4
1.1234528462353241E-4
1.1226525001971059E-4
1.1218532673505818E-4
1.1210551453966395E-4
1.1202581320423694E-4
1.1194622250012054E-4
1.1186674219927847E-4
1.1178737207430301E-4
1.1170811189840415E-4
1.1162896144540918E-4
1.1154992048976212E-4
1.1147098880652494E-4
1.1139216617136776E-4
1.1131345236057642E-4
1.1123484715104055E-4
1.1115635032025615E-4
1.110779616463265E-4
1.1099968090795335E-4
1.1092150788444363E-4
1.1084344235569605E-4
1.1076548410221117E-4
1.1068763290508247E-4
1.106098885459887E-4
1.1053225080720983E-4
1.1045471947160646E-4
1.1037729432262598E-4
1.1029997514430163E-4
1.102227617212497E-4
1.1014565383866363E-4
1.100686512823191E-4
1.0999175383856538E-4
1.0991496129432565E-4
1.0983827343709712E-4
1.0976169005494795E-4
1.0968521093651378E-4
1.0960883587099691E-4
1.0953256464816634E-4
1.0945639705835109E-4
1.093803328924445E-4
1.0930437194190017E-4
1.09228513998721E-4
1.0915275885547516E-4
1.0907710630527945E-4
1.0900155614180466E-4
1.0892610815926822E-4
1.088507621524401E-4
1.0877551791663531E-4
1.0870037524770842E-4
1.086253339420667E-4
1.0855039379664945E-4
1.0847555460893932E-4
1.0840081617695478E-4
1.083261782992519E-4
1.0825164077491913E-4
1.0817720340357395E-4
1.0810286598537398E-4
1.0802862832099387E-4
1.079544902116414E-4
1.078804514590501E-4
1.0780651186547357E-4
1.0773267123368921E-4
1.0765892936699165E-4
1.075852860691954E-4
1.0751174114463786E-4
1.0743829439816066E-4
1.0736494563512418E-4
1.0729169466140007E-4
1.0721854128336773E-4
1.071454853079172E-4
1.0707252654244496E-4
1.0699966479484852E-4
1.0692689987353574E-4
1.0685423158740854E-4
1.0678165974587102E-4
1.0670918415883044E-4
1.0663680463668512E-4
1.0656452099032894E-4
1.064923330311493E-4
1.0642024057102931E-4
1.0634824342233912E-4
1.0627634139793605E-4
1.0620453431116789E-4
1.0613282197586722E-4
1.0606120420634659E-4
1.0598968081740632E-4
1.0591825162432573E-4
1.0584691644286185E-4
1.0577567508925095E-4
1.0570452738020295E-4
1.056334731329056E-4
1.0556251216502151E-4
1.0549164429467632E-4
1.0542086934047601E-4
1.0535018712148631E-4
1.0527959745724842E-4
1.0520910016775892E-4
1.0513869507348874E-4
1.0506838199536374E-4
1.0499816075477627E-4
1.0492803117357434E-4
1.0485799307406556E-4
1.0478804627901412E-4
1.0471819061163907E-4
1.0464842589561424E-4
1.0457875195506392E-4
1.045091686145657E-4
1.0443967569914393E-4
1.0437027303427256E-4
1.0430096044586928E-4
1.0423173776030243E-4
1.0416260480437994E-4
1.0409356140535132E-4
1.0402460739091036E-4
1.0395574258918795E-4
1.0388696682875418E-4
1.0381827993861226E-4
1.0374968174820685E-4
1.0368117208741153E-4
1.0361275078653418E-4
1.0354441767631401E-4
1.034761725879229E-4
1.034080153529518E-4
1.0333994580343094E-4
1.0327196377180907E-4
1.0320406909095969E-4
1.0313626159417984E-4
1.0306854111519011E-4
1.0300090748812938E-4
1.0293336054755682E-4
1.0286590012844987E-4
1.0279852606620232E-4
1.0273123819661823E-4
1.0266403635592386E-4
1.0259692038075221E-4
1.0252989010814878E-4
1.024629453755707E-4
1.023960860208807E-4
1.0232931188235145E-4
1.0226262279866144E-4
1.0219601860889151E-4
1.0212949915253144E-4
1.0206306426946472E-4
1.0199671379998526E-4
1.0193044758478173E-4
1.0186426546494416E-4
1.0179816728195323E-4
1.0173215287769422E-4
1.0166622209444238E-4
1.0160037477486804E-4
1.0153461076203263E-4
1.0146892989939377E-4
1.0140333203078988E-4
1.0133781700045601E-4
1.0127238465301167E-4
1.0120703483346433E-4
1.011417673872019E-4
1.0107658216000466E-4
1.010114789980263E-4
1.0094645774780965E-4
1.0088151825627631E-4
1.0081666037072248E-4
1.0075188393882563E-4
1.006871888086428E-4
1.006225748286044E-4
1.0055804184751088E-4
1.0049358971454608E-4
1.0042921827925739E-4
1.0036492739156822E-4
1.0030071690176684E-4
1.0023658666051893E-4
1.0017253651885087E-4
1.0010856632815487E-4
1.0004467594019625E-4
9.998086520709747E-5
The correct rate for BP: 100.00% 
