1.069137127949545
1.1282542864399
0.8415954410633864
0.5351225933550583
0.3114514571087386
0.17624391862024824
0.10561555693885787
0.07035215134706554
0.05108919664385159
0.03940237306267491
0.03170907167844603
0.026325925447506757
0.02238022977992383
0.019381522765953015
0.017035696395183302
0.015156877086428794
0.013622416374611576
0.012348422797540322
0.011275745784519906
0.010361582545354516
0.009574257470946052
0.008889866387302266
0.008290056768589054
0.007760521859822985
0.007289956010412704
0.006869315361555486
0.006491285182757388
0.006149889846367701
0.005840203030203486
0.005558129499618923
0.005300238771531005
0.005063636896867337
0.00484586660065847
0.004644828762550521
0.004458720128903617
0.004285983493318678
0.004125267543400249
0.00397539426592129
0.0038353323098104753
0.0037041750807712062
0.003581122620334784
0.0034654665319389594
0.0033565773757186093
0.0032538940753150634
0.0031569149736875293
0.0030651902475800925
0.0029783154470547375
0.002895925971113732
0.0028176923257164
0.0027433160385593293
0.0026725261274347946
0.0026050760370299217
0.0025407409736123085
0.0024793155788887366
0.00242061189398213
0.0023644575723842432
0.0023106943072512126
0.0022591764437861353
0.0022097697519114176
0.0021623503381444286
0.0021168036786896856
0.0020730237583583976
0.002030912302110851
0.0019903780878597396
0.0019513363307321022
0.0019137081303106276
0.0018774199735015638
0.0018424032866377104
0.0018085940312475215
0.0017759323386271296
0.001744362178958998
0.001713831061244368
0.0016842897607687705
0.001655692071211772
0.0016279945788519083
0.0016011564566137618
0.0015751392759618989
0.0015499068348715868
0.0015254250003032771
0.0015016615637807713
0.0014785861088246798
0.0014561698891264177
0.0014343857164657978
0.0014132078574792273
0.0013926119384774192
0.0013725748575933307
0.00135307470361285
0.0013340906809055182
0.001315603039929409
0.0012975930128354596
0.0012800427537419206
0.0012629352832903536
0.0012462544371308656
0.0012299848180170683
0.001214111751220396
0.0011986212429996295
0.0011834999418853407
0.001168735102560149
0.0011543145521347644
0.0011402266586374532
0.0011264603015499436
0.0011130048442369914
0.0010998501081299118
0.0010869863485357416
0.001074404231954343
0.0010620948147955203
0.0010500495233966612
0.0010382601352496683
0.0010267187613529046
0.0010154178296107204
0.0010043500692089508
9.935084959004933E-4
9.828863981398452E-4
9.724773240103999E-4
9.622750688922053E-4
9.522736638220496E-4
9.424673645010534E-4
9.328506409083424E-4
9.234181674823781E-4
9.141648138341553E-4
9.050856359591717E-4
8.961758679172694E-4
8.874309139517019E-4
8.78846341020726E-4
8.704178717168434E-4
8.621413775505119E-4
8.540128725767033E-4
8.460285073442102E-4
8.381845631488225E-4
8.304774465727736E-4
8.22903684294071E-4
8.154599181503542E-4
8.081429004428337E-4
8.009494894669083E-4
7.938766452568242E-4
7.869214255325884E-4
7.800809818380022E-4
7.733525558595241E-4
7.667334759160706E-4
7.602211536107081E-4
7.538130806356198E-4
7.475068257221427E-4
7.413000317284757E-4
7.351904128577011E-4
7.291757519995216E-4
7.232538981892992E-4
7.174227641784667E-4
7.11680324110663E-4
7.060246112982671E-4
7.004537160943877E-4
6.949657838554937E-4
6.89559012990313E-4
6.842316530907426E-4
6.789820031407855E-4
6.738084097997907E-4
6.687092657563949E-4
6.636830081498669E-4
6.587281170555958E-4
6.538431140317617E-4
6.490265607243468E-4
6.442770575277385E-4
6.395932422983966E-4
6.349737891191723E-4
6.304174071119256E-4
6.259228392963229E-4
6.214888614926987E-4
6.171142812670229E-4
6.127979369161245E-4
6.085386964914089E-4
6.043354568593154E-4
6.001871427969962E-4
5.960927061216633E-4
5.920511248521447E-4
5.880614024013064E-4
5.841225667979327E-4
5.802336699369834E-4
5.763937868569054E-4
5.726020150429003E-4
5.688574737550915E-4
5.651593033805563E-4
5.615066648082318E-4
5.578987388257757E-4
5.543347255374842E-4
5.50813843802407E-4
5.473353306918809E-4
5.438984409656546E-4
5.405024465659566E-4
5.371466361286715E-4
5.338303145110681E-4
5.305528023353899E-4
5.273134355476526E-4
5.241115649911494E-4
5.209465559940116E-4
5.178177879703405E-4
5.147246540344059E-4
5.116665606273193E-4
5.08642927155867E-4
5.056531856429199E-4
5.026967803890518E-4
4.997731676449313E-4
4.968818152940849E-4
4.940222025456964E-4
4.911938196369869E-4
4.883961675449367E-4
4.856287577069223E-4
4.828911117500017E-4
4.801827612285175E-4
4.7750324736971764E-4
4.748521208271404E-4
4.72228941441444E-4
4.6963327800846023E-4
4.670647080542012E-4
4.6452281761657333E-4
4.6200720103359576E-4
4.595174607378615E-4
4.5705320705704844E-4
4.546140580202811E-4
4.5219963917012516E-4
4.498095833800267E-4
4.4744353067707434E-4
4.45101128069764E-4
4.427820293807736E-4
4.4048589508446413E-4
4.382123921489635E-4
4.359611938827626E-4
4.337319797855654E-4
4.3152443540333017E-4
4.2933825218734764E-4
4.2717312735722425E-4
4.2502876376761484E-4
4.2290486977868033E-4
4.2080115913000437E-4
4.1871735081798814E-4
4.1665316897659293E-4
4.1460834276121477E-4
4.1258260623578275E-4
4.105756982627793E-4
4.0858736239625696E-4
4.066173467776691E-4
4.0466540403442946E-4
4.027312911811876E-4
4.008147695236272E-4
3.9891560456482904E-4
3.9703356591400905E-4
3.95168427197684E-4
3.933199659730417E-4
3.9148796364359844E-4
3.8967220537697365E-4
3.878724800247731E-4
3.86088580044481E-4
3.843203014233362E-4
3.825674436041224E-4
3.8082980941279705E-4
3.791072049879282E-4
3.773994397119084E-4
3.7570632614381287E-4
3.7402767995397195E-4
3.7236331986009865E-4
3.707130675650011E-4
3.6907674769580303E-4
3.674541877446201E-4
3.6584521801071425E-4
3.642496715439797E-4
3.626673840898104E-4
3.6109819403529506E-4
3.5954194235666737E-4
3.5799847256799244E-4
3.564676306711099E-4
3.549492651066875E-4
3.5344322670647493E-4
3.5194936864663286E-4
3.504675464021697E-4
3.48997617702416E-4
3.475394424875325E-4
3.4609288286601965E-4
3.4465780307318765E-4
3.432340694305853E-4
3.418215503063406E-4
3.4042011607639787E-4
3.390296390866391E-4
3.376499936158492E-4
3.3628105583950274E-4
3.3492270379437405E-4
3.3357481734390973E-4
3.322372781443924E-4
3.309099696118397E-4
3.295927768896255E-4
3.2828558681681844E-4
3.2698828789720364E-4
3.2570077026898933E-4
3.244229256751524E-4
3.2315464743444555E-4
3.2189583041299905E-4
3.206463709965727E-4
3.1940616706335224E-4
3.181751179573734E-4
3.1695312446245664E-4
3.15740088776749E-4
3.145359144877586E-4
3.1334050654793744E-4
3.1215377125076276E-4
3.1097561620732395E-4
3.0980595032339357E-4
3.086446837769785E-4
3.0749172799631976E-4
3.063469956383595E-4
3.0521040056765553E-4
3.040818578357004E-4
3.0296128366068503E-4
3.018485954076717E-4
3.007437115691481E-4
2.9964655174600244E-4
2.9855703662885665E-4
2.9747508797979164E-4
2.964006286144274E-4
2.9533358238434935E-4
2.942738741599215E-4
2.9322142981339557E-4
2.921761762023717E-4
2.911380411535938E-4
2.901069534470454E-4
2.890828428003648E-4
2.880656398535752E-4
2.8705527615407707E-4
2.8605168414196265E-4
2.8505479713561237E-4
2.840645493175405E-4
2.830808757205462E-4
2.821037122141075E-4
2.811329954910353E-4
2.8016866305440437E-4
2.7921065320468474E-4
2.7825890502717303E-4
2.773133583796123E-4
2.7637395388007487E-4
2.7544063289505516E-4
2.745133375277881E-4
2.7359201060679064E-4
2.726765956746099E-4
2.7176703697677994E-4
2.708632794509869E-4
2.699652687164157E-4
2.690729510633227E-4
2.681862734427674E-4
2.6730518345655227E-4
2.664296293473298E-4
2.655595599889036E-4
2.646949248766939E-4
2.6383567411837275E-4
2.629817584246884E-4
2.62133129100408E-4
2.6128973803548385E-4
2.6045153769632727E-4
2.59618481117246E-4
2.5879052189206424E-4
2.579676141658409E-4
2.5714971262678243E-4
2.5633677249825847E-4
2.5552874953097763E-4
2.547255999953029E-4
2.5392728067368003E-4
2.5313374885322233E-4
2.5234496231839825E-4
2.515608793438641E-4
2.507814586874228E-4
2.500066595830779E-4
2.492364417342306E-4
2.484707653069845E-4
2.477095909235656E-4
2.469528796558482E-4
2.4620059301899873E-4
2.4545269296521777E-4
2.447091418775976E-4
2.4396990256407501E-4
2.4323493825147846E-4
2.425042125796952E-4
2.4177768959592516E-4
2.410553337490135E-4
2.4033710988390138E-4
2.3962298323616254E-4
2.3891291942661438E-4
2.3820688445604242E-4
2.3750484469997886E-4
2.3680676690360805E-4
2.3611261817670944E-4
2.3542236598872042E-4
2.3473597816386102E-4
2.340534228763255E-4
2.3337466864559273E-4
2.326996843317553E-4
2.3202843913097665E-4
2.3136090257097952E-4
2.306970445066382E-4
2.300368351156168E-4
2.2938024489408947E-4
2.2872724465252244E-4
2.2807780551153825E-4
2.2743189889780683E-4
2.267894965400581E-4
2.2615057046509375E-4
2.255150929939187E-4
2.2488303673789422E-4
2.2425437459495029E-4
2.236290797459086E-4
2.2300712565078394E-4
2.2238848604520052E-4
2.2177313493683935E-4
2.2116104660195338E-4
2.205521955819275E-4
2.1994655667988106E-4
2.1934410495733794E-4
2.187448157309546E-4
2.1814866456926725E-4
2.1755562728951634E-4
2.1696567995451067E-4
2.163787988695228E-4
2.1579496057926479E-4
2.1521414186487822E-4
2.1463631974098446E-4
2.1406147145276152E-4
2.1348957447309757E-4
2.1292060649975825E-4
2.1235454545260503E-4
2.117913694708378E-4
2.1123105691032824E-4
2.1067358634092867E-4
2.1011893654385893E-4
2.0956708650912682E-4
2.090180154329775E-4
2.0847170271538556E-4
2.079281279575752E-4
2.0738727095959356E-4
2.0684911171790568E-4
2.0631363042302193E-4
2.057808074571685E-4
2.0525062339198859E-4
2.047230589862745E-4
2.0419809518372432E-4
2.0367571311075713E-4
2.0315589407432703E-4
2.0263861955978072E-4
2.0212387122876393E-4
2.01611630917115E-4
2.0110188063284196E-4
2.0059460255407257E-4
2.0008977902707562E-4
1.9958739256429928E-4
1.99087425842416E-4
1.9858986170042292E-4
1.9809468313774085E-4
1.9760187331238293E-4
1.9711141553909264E-4
1.9662329328754236E-4
1.961374901805655E-4
1.956539899923759E-4
1.9517277664684728E-4
1.9469383421579287E-4
1.9421714691728463E-4
1.9374269911398543E-4
1.9327047531150136E-4
1.9280046015677203E-4
1.9233263843646513E-4
1.9186699507539733E-4
1.914035151349893E-4
1.9094218381171402E-4
1.904829864356055E-4
1.900259084687408E-4
1.895709355037847E-4
1.8911805326252867E-4
1.8866724759445235E-4
1.8821850447530745E-4
1.8777181000573215E-4
1.8732715040986131E-4
1.868845120339595E-4
1.8644388134510088E-4
1.8600524492982137E-4
1.8556858949281895E-4
1.851339018556699E-4
1.8470116895554411E-4
1.8427037784395084E-4
1.838415156855041E-4
1.8341456975668672E-4
1.8298952744464663E-4
1.8256637624601077E-4
1.8214510376568944E-4
1.8172569771573026E-4
1.8130814591416132E-4
1.8089243628385539E-4
1.8047855685141494E-4
1.8006649574607103E-4
1.7965624119859025E-4
1.7924778154018283E-4
1.7884110520146836E-4
1.7843620071139843E-4
1.7803305669623288E-4
1.7763166187851855E-4
1.7723200507606922E-4
1.7683407520097607E-4
1.764378612586111E-4
1.7604335234667437E-4
1.7565053765420535E-4
1.7525940646065518E-4
1.748699481349387E-4
1.7448215213450893E-4
1.7409600800445042E-4
1.737115053765616E-4
1.7332863396847653E-4
1.729473835827785E-4
1.7256774410612694E-4
1.7218970550840238E-4
1.7181325784185227E-4
1.7143839124024863E-4
1.7106509591807657E-4
1.706933621696965E-4
1.7032318036854475E-4
1.6995454096632875E-4
1.695874344922466E-4
1.692218515522009E-4
1.6885778282802236E-4
1.6849521907672085E-4
1.6813415112972518E-4
1.6777456989214642E-4
1.6741646634203184E-4
1.670598315296498E-4
1.6670465657677087E-4
1.6635093267595226E-4
1.6599865108985154E-4
1.656478031505197E-4
1.6529838025872368E-4
1.649503738832745E-4
1.6460377556035108E-4
1.6425857689284735E-4
1.6391476954971985E-4
1.6357234526533524E-4
1.6323129583884462E-4
1.62891613133541E-4
1.6255328907624524E-4
1.6221631565669267E-4
1.61880684926921E-4
1.6154638900065917E-4
1.6121342005276016E-4
1.608817703185824E-4
1.6055143209343052E-4
1.6022239773197324E-4
1.5989465964767353E-4
1.595682103122363E-4
1.592430422550445E-4
1.5891914806261386E-4
1.5859652037805998E-4
1.5827515190054172E-4
1.5795503538475317E-4
1.576361636403866E-4
1.5731852953161687E-4
1.570021259765971E-4
1.5668694594693692E-4
1.5637298246721286E-4
1.5606022861447633E-4
1.5574867751775047E-4
1.554383223575535E-4
1.5512915636543332E-4
1.5482117282346244E-4
1.5451436506379895E-4
1.542087264682094E-4
1.5390425046762026E-4
1.5360093054164457E-4
1.5329876021815986E-4
1.5299773307285154E-4
1.5269784272877113E-4
1.523990828559098E-4
1.5210144717077743E-4
1.5180492943595353E-4
1.5150952345969714E-4
1.5121522309550673E-4
1.5092202224173135E-4
1.5062991484114923E-4
1.503388948805729E-4
1.500489563904525E-4
1.497600934444773E-4
1.494723001592002E-4
1.4918557069362902E-4
1.4889989924887572E-4
1.486152800677574E-4
1.483317074344374E-4
1.4804917567404137E-4
1.47767679152317E-4
1.4748721227524569E-4
1.4720776948870675E-4
1.469293452781246E-4
1.4665193416809415E-4
1.4637553072206766E-4
1.461001295419938E-4
1.4582572526797898E-4
1.4555231257796933E-4
1.4527988618739257E-4
1.45008440848859E-4
1.44737971351812E-4
1.4446847252222426E-4
1.4419993922227606E-4
1.4393236635002927E-4
1.4366574883913254E-4
1.4340008165851132E-4
1.431353598120438E-4
1.428715783382902E-4
1.426087323101658E-4
1.4234681683466478E-4
1.4208582705255713E-4
1.4182575813810095E-4
1.4156660529876614E-4
1.413083637749336E-4
1.4105102883962367E-4
1.4079459579822518E-4
1.4053905998821212E-4
1.402844167788662E-4
1.4003066157101924E-4
1.3977778979678245E-4
1.395257969192789E-4
1.3927467843238156E-4
1.3902442986046782E-4
1.3877504675814095E-4
1.3852652470999692E-4
1.3827885933036184E-4
1.3803204626305047E-4
1.3778608118110983E-4
1.375409597865893E-4
1.3729667781028877E-4
1.3705323101152687E-4
1.368106151778963E-4
1.3656882612503836E-4
1.363278596964077E-4
1.3608771176304131E-4
1.3584837822333253E-4
1.356098550028102E-4
1.3537213805391019E-4
1.3513522335575147E-4
1.3489910691392987E-4
1.3466378476029538E-4
1.3442925295272784E-4
1.341955075749481E-4
1.3396254473628307E-4
1.3373036057147373E-4
1.334989512404682E-4
1.3326831292820377E-4
1.330384418444266E-4
1.3280933422347266E-4
1.3258098632407751E-4
1.3235339442918494E-4
1.3212655484574188E-4
1.3190046390451363E-4
1.3167511795989043E-4
1.314505133897E-4
1.3122664659501982E-4
1.3100351399999082E-4
1.3078111205163442E-4
1.3055943721967E-4
1.3033848599634264E-4
1.3011825489623184E-4
1.2989874045608033E-4
1.2967993923462614E-4
1.2946184781241832E-4
1.292444627916544E-4
1.2902778079600032E-4
1.288117984704336E-4
1.2859651248106418E-4
1.2838191951498561E-4
1.281680162800894E-4
1.2795479950492155E-4
1.2774226593851407E-4
1.2753041235022584E-4
1.273192355295827E-4
1.2710873228612837E-4
1.2689889944926528E-4
1.2668973386809247E-4
1.2648123241126955E-4
1.2627339196686195E-4
1.260662094421766E-4
1.2585968176363698E-4
1.2565380587661813E-4
1.2544857874531256E-4
1.2524399735257776E-4
1.2504005869980582E-4
1.2483675980676584E-4
1.246340977114807E-4
1.2443206947007786E-4
1.2423067215665214E-4
1.2402990286313365E-4
1.238297586991546E-4
1.236302367919056E-4
1.2343133428601694E-4
1.2323304834341428E-4
1.2303537614319669E-4
1.2283831488150401E-4
1.226418617713945E-4
1.224460140427084E-4
1.2225076894195147E-4
1.2205612373216638E-4
1.2186207569280897E-4
1.2166862211962776E-4
1.2147576032454242E-4
1.2128348763552066E-4
1.210918013964682E-4
1.2090069896710171E-4
1.2071017772283076E-4
1.2052023505465241E-4
1.2033086836902593E-4
1.2014207508776817E-4
1.1995385264792376E-4
1.1976619850167978E-4
1.1957911011623303E-4
1.193925849736862E-4
1.1920662057094283E-4
1.1902121441959628E-4
1.1883636404582196E-4
1.186520669902714E-4
1.1846832080797187E-4
1.1828512306821051E-4
1.1810247135445075E-4
1.1792036326420605E-4
1.1773879640895477E-4
1.1755776841403567E-4
1.1737727691854411E-4
1.1719731957523793E-4
1.1701789405043722E-4
1.1683899802392732E-4
1.1666062918886172E-4
1.1648278525166346E-4
1.1630546393194107E-4
1.1612866296238189E-4
1.1595238008866404E-4
1.1577661306936446E-4
1.1560135967587343E-4
1.1542661769228586E-4
1.1525238491533253E-4
1.1507865915427402E-4
1.1490543823082167E-4
1.1473271997904768E-4
1.1456050224529501E-4
1.143887828880986E-4
1.1421755977808449E-4
1.1404683079790619E-4
1.1387659384214403E-4
1.1370684681722174E-4
1.135375876413388E-4
1.1336881424437271E-4
1.1320052456780121E-4
1.1303271656462671E-4
1.1286538819929317E-4
1.1269853744760679E-4
1.1253216229665223E-4
1.1236626074472556E-4
1.122008308012447E-4
1.1203587048668582E-4
1.1187137783249022E-4
1.1170735088100256E-4
1.1154378768539792E-4
1.1138068630959105E-4
1.1121804482817831E-4
1.1105586132635688E-4
1.1089413389985802E-4
1.1073286065486627E-4
1.1057203970795751E-4
1.1041166918602176E-4
1.1025174722619792E-4
1.1009227197579773E-4
1.0993324159224566E-4
1.0977465424300291E-4
1.0961650810549827E-4
1.0945880136707049E-4
1.0930153222489074E-4
1.0914469888590554E-4
1.0898829956676015E-4
1.0883233249374756E-4
1.0867679590272747E-4
1.0852168803907703E-4
1.0836700715761389E-4
1.0821275152254863E-4
1.0805891940740629E-4
1.079055090949727E-4
1.0775251887723047E-4
1.0759994705530578E-4
1.0744779193938499E-4
1.0729605184868474E-4
1.0714472511137138E-4
1.0699381006450808E-4
1.0684330505399633E-4
1.0669320843451488E-4
1.0654351856946698E-4
1.0639423383091569E-4
1.0624535259953598E-4
1.0609687326455069E-4
1.0594879422367757E-4
1.0580111388307219E-4
1.0565383065727608E-4
1.0550694296915784E-4
1.053604492498616E-4
1.0521434793874917E-4
1.0506863748335676E-4
1.0492331633932406E-4
1.047783829703615E-4
1.0463383584818381E-4
1.0448967345246501E-4
1.0434589427078337E-4
1.042024967985694E-4
1.0405947953906723E-4
1.0391684100326075E-4
1.037745797098516E-4
1.036326941851874E-4
1.0349118296322201E-4
1.0335004458546671E-4
1.0320927760094339E-4
1.0306888056613122E-4
1.0292885204492062E-4
1.0278919060856908E-4
1.026498948356553E-4
1.025109633120254E-4
1.0237239463075197E-4
1.022341873920883E-4
1.0209634020342196E-4
1.0195885167922643E-4
1.0182172044102442E-4
1.0168494511733618E-4
1.0154852434363535E-4
1.0141245676231029E-4
1.0127674102261534E-4
1.0114137578063526E-4
1.0100635969922859E-4
1.008716914479973E-4
1.0073736970324479E-4
1.0060339314792497E-4
1.0046976047160854E-4
1.0033647037043868E-4
1.0020352154709078E-4
1.0007091271072736E-4
9.993864257697201E-5
The correct rate for BP: 100.00% 
