1.5180532634607997
0.6267484361008054
0.3073190252011336
0.05267793392080269
0.02124545093359591
0.014249928681101188
0.010727068457013014
0.008589688366434036
0.007152284413630919
0.006119216375203119
0.005341179197914994
0.004734410814268759
0.004248219732496569
0.0038501114344201576
0.003518290431976577
0.003237591072605283
0.002997135455630167
0.002788919041079134
0.0026069215420909124
0.002446528677956343
0.0023041449386454077
0.0021769275836364815
0.0020625997923117275
0.001959316791700405
0.001865568233632228
0.001780105869134273
0.0017018891927126935
0.0016300440578675608
0.0015638307931262773
0.001502619369771722
0.0014458698679053685
0.0013931169684090019
0.0013439575358463087
0.001298040597388109
0.0012550591957333549
0.001214743719973738
0.0011768564111399307
0.0011411868082073177
0.0011075479521940122
0.0010757732052778524
0.0010457135718830262
0.0010172354318077994
9.902186134015819E-4
9.645547488118805E-4
9.4014586434052E-4
9.169031676676766E-4
8.947460006426308E-4
8.736009318959638E-4
8.534009679991422E-4
8.340848655142249E-4
8.155965292163867E-4
7.97884484172914E-4
7.809014113316526E-4
7.646037378942901E-4
7.489512750917772E-4
7.339068970933993E-4
7.194362557098043E-4
7.055075263271309E-4
6.920911811615216E-4
6.791597864723878E-4
6.666878208368973E-4
6.546515119813297E-4
6.430286899991392E-4
6.317986550706076E-4
6.209420580423811E-4
6.104407924340901E-4
6.002778966184795E-4
5.904374650761576E-4
5.809045677593655E-4
5.716651767148024E-4
5.627060992156943E-4
5.54014916740333E-4
5.455799292103745E-4
5.373901039683719E-4
5.294350290319038E-4
5.217048702127312E-4
5.141903317336893E-4
5.0688262001569E-4
4.997734103414374E-4
4.92854816133279E-4
4.861193606094931E-4
4.7955995060736887E-4
4.7316985238250416E-4
4.669426692128086E-4
4.6087232065236553E-4
4.5495302329534235E-4
4.491792729234652E-4
4.43545827922548E-4
4.3804769386428363E-4
4.3268010915894795E-4
4.274385316935196E-4
4.2231862637716295E-4
4.1731625352320247E-4
4.1242745800286327E-4
4.076484591116974E-4
4.029756410948054E-4
3.984055442814697E-4
3.939348567840218E-4
3.895604067196605E-4
3.8527915491710793E-4
3.8108818807339477E-4
3.769847123286825E-4
3.7296604722970487E-4
3.6902962005473986E-4
3.6517296047512807E-4
3.6139369553031417E-4
3.576895448952302E-4
3.5405831642031354E-4
3.50497901926147E-4
3.4700627323586163E-4
3.43581478429859E-4
3.4022163830844216E-4
3.3692494304904744E-4
3.3368964904573027E-4
3.3051407591944566E-4
3.273966036884297E-4
3.2433567008883645E-4
3.2132976803639194E-4
3.183774432205012E-4
3.154772918228401E-4
3.1262795835297337E-4
3.098281335940862E-4
3.070765526523713E-4
3.043719931039764E-4
3.0171327323396123E-4
2.990992503619078E-4
2.9652881924930355E-4
2.9400091058407883E-4
2.9151448953796023E-4
2.8906855439263777E-4
2.8666213523090387E-4
2.8429429268924907E-4
2.8196411676856444E-4
2.7967072569984574E-4
2.7741326486191144E-4
2.7519090574844453E-4
2.730028449816917E-4
2.708483033704328E-4
2.687265250099158E-4
2.666367764215629E-4
2.645783457304619E-4
2.6255054187870837E-4
2.605526938727549E-4
2.585841500631403E-4
2.5664427745492155E-4
2.547324610473224E-4
2.528481032011896E-4
2.509906230328373E-4
2.4915945583309966E-4
2.4735405251027594E-4
2.455738790559264E-4
2.4381841603236183E-4
2.420871580808564E-4
2.4037961344958785E-4
2.386953035403929E-4
2.3703376247348956E-4
2.353945366693108E-4
2.3377718444670247E-4
2.3218127563672024E-4
2.306063912113434E-4
2.290521229264167E-4
2.275180729782227E-4
2.260038536730549E-4
2.2450908710920685E-4
2.2303340487090726E-4
2.215764477335882E-4
2.2013786538008408E-4
2.1871731612722932E-4
2.1731446666245464E-4
2.1592899178993918E-4
2.145605741859187E-4
2.132089041627861E-4
2.1187367944158035E-4
2.1055460493255623E-4
2.0925139252348668E-4
2.0796376087538275E-4
2.0669143522533413E-4
2.054341471961603E-4
2.0419163461264506E-4
2.0296364132406318E-4
2.0174991703271795E-4
2.0055021712834216E-4
1.9936430252802127E-4
1.9819193952151846E-4
1.9703289962173077E-4
1.9588695942011244E-4
1.947539004468568E-4
1.936335090356508E-4
1.9252557619286944E-4
1.9142989747097082E-4
1.903462728460129E-4
1.892745065990656E-4
1.8821440720143495E-4
1.8716578720351634E-4
1.8612846312716496E-4
1.8510225536144329E-4
1.8408698806163197E-4
1.8308248905137044E-4
1.820885897278455E-4
1.811051249698823E-4
1.801319330488452E-4
1.7916885554228188E-4
1.7821573725015303E-4
1.7727242611360544E-4
1.7633877313619128E-4
1.7541463230743204E-4
1.744998605286329E-4
1.7359431754094843E-4
1.726978658555072E-4
1.718103706856168E-4
1.709316998809385E-4
1.7006172386357024E-4
1.6920031556597238E-4
1.683473503706852E-4
1.6750270605177443E-4
1.666662627179185E-4
1.6583790275715E-4
1.6501751078312375E-4
1.6420497358290076E-4
1.634001800662066E-4
1.626030212160692E-4
1.618133900408694E-4
1.6103118152767187E-4
1.6025629259686466E-4
1.5948862205801865E-4
1.587280705669611E-4
1.5797454058400133E-4
1.572279363333095E-4
1.564881637633303E-4
1.5575513050831785E-4
1.5502874585085602E-4
1.543089206853705E-4
1.5359556748263046E-4
1.5288860025515404E-4
1.521879345235347E-4
1.514934872836334E-4
1.5080517697463693E-4
1.501229234479262E-4
1.4944664793674106E-4
1.487762730266494E-4
1.4811172262673764E-4
1.4745292194153896E-4
1.467997974436924E-4
1.461522768472664E-4
1.455102890817594E-4
1.4487376426674972E-4
1.4424263368718356E-4
1.436168297692507E-4
1.429962860568888E-4
1.4238093718883912E-4
1.4177071887627184E-4
1.411655678809607E-4
1.4056542199398066E-4
1.39970220014924E-4
1.3937990173161589E-4
1.387944079003189E-4
1.3821368022639844E-4
1.3763766134547816E-4
1.3706629480499918E-4
1.3649952504624606E-4
1.3593729738679825E-4
1.3537955800335994E-4
1.3482625391502914E-4
1.342773329669232E-4
1.3373274381421623E-4
1.3319243590651192E-4
1.326563594725958E-4
1.3212446550553674E-4
1.315967057481154E-4
1.3107303267859605E-4
1.3055339949681204E-4
1.3003776011057998E-4
1.2952606912239038E-4
1.290182818164293E-4
1.2851435414587E-4
1.280142427204561E-4
1.2751790479433609E-4
1.2702529825421528E-4
1.2653638160771936E-4
1.2605111397202533E-4
1.2556945506277069E-4
1.2509136518315455E-4
1.246168052133274E-4
1.241457365999579E-4
1.236781213460658E-4
1.2321392200104498E-4
1.2275310165092953E-4
1.222956239088282E-4
1.2184145290559289E-4
1.2139055328067364E-4
1.2094289017316803E-4
1.2049842921305346E-4
1.2005713651260774E-4
1.1961897865800818E-4
1.1918392270110508E-4
1.187519361513659E-4
1.1832298696797798E-4
1.1789704355213538E-4
1.1747407473945248E-4
1.1705404979255786E-4
1.1663693839383581E-4
1.1622271063829262E-4
1.1581133702660666E-4
1.1540278845827297E-4
1.1499703622493115E-4
1.1459405200378605E-4
1.1419380785118972E-4
1.1379627619633591E-4
1.134014298350834E-4
1.1300924192390317E-4
1.1261968597393515E-4
1.1223273584518512E-4
1.1184836574080589E-4
1.1146655020150993E-4
1.1108726410008074E-4
1.107104826360023E-4
1.1033618133017682E-4
1.0996433601975108E-4
1.0959492285305563E-4
1.0922791828461092E-4
1.0886329907026167E-4
1.0850104226237296E-4
1.081411252051505E-4
1.0778352553001682E-4
1.0742822115109551E-4
1.0707519026077465E-4
1.0672441132535483E-4
1.0637586308076313E-4
1.060295245283822E-4
1.0568537493091963E-4
1.0534339380836894E-4
1.0500356093405173E-4
1.0466585633072454E-4
1.0433026026675589E-4
1.0399675325237497E-4
1.0366531603599383E-4
1.0333592960058916E-4
1.0300857516015289E-4
1.0268323415620966E-4
1.0235988825438869E-4
1.0203851934106591E-4
1.0171910952005983E-4
1.0140164110939698E-4
1.0108609663811774E-4
1.0077245884315494E-4
1.0046071066625689E-4
1.0015083525096919E-4
9.984281593967764E-5
The correct rate for BP: 100.00% 
