1.3885705222213076
0.7579892298523225
0.3799649701033599
0.17802376989203014
0.08618020860857058
0.04930817755965295
0.03380158551321734
0.025527017625687397
0.02040868428551608
0.016941899144009964
0.014444888924198514
0.012564561056841903
0.011100022883947396
0.009928700009043586
0.008971643036218243
0.008175754272929749
0.007504037112230938
0.006929942115845974
0.006433934987724825
0.006001331452295204
0.005620885699307885
0.005283843583446741
0.004983291595565355
0.004713699308685791
0.004470591492461572
0.004250309030597606
0.004049831843443134
0.0038666458667494935
0.003698641832308029
0.003544037337644551
0.003401316196732132
0.0032691807695726586
0.003146514148712852
0.00303234990919523
0.0029258477177759486
0.0028262735217031206
0.0027329833466011133
0.0026454099607474348
0.0025630518324295097
0.002485463934259946
0.0024122500446714244
0.002343056270393332
0.0022775655703472903
0.0022154931053135537
0.0021565822720066635
0.0021006013071460427
0.002047340368417193
0.0019966090161720445
0.0019482340332788739
0.0019020575314402867
0.0018579353011150337
0.0018157353693428059
0.0017753367356169395
0.0017366282607416714
0.0016995076875559187
0.0016638807756664809
0.0016296605350391527
0.001596766545550757
0.0015651243514887257
0.001534664921565573
0.0015053241663460267
0.0014770425061070977
0.0014497644831034122
0.0014234384130174173
0.001398016071062944
0.0013734524087985027
0.0013497052982102795
0.001326735300057581
0.0013045054538458221
0.0012829810871134635
0.001262129641997436
0.001241920517282625
0.0012223249243504067
0.0012033157556236751
0.001184867464264806
0.0011669559540223706
0.0011495584782441697
0.001132653547181024
0.0011162208428001931
0.0011002411404098427
0.0010846962364691492
0.001069568882023481
0.0010548427212611075
0.0010405022347386812
0.0010265326868678735
0.0010129200772957048
9.996510958465606E-4
9.867130807260421E-4
9.740939797152117E-4
9.617823141090457E-4
9.49767145176088E-4
9.380380429363991E-4
9.265850570735593E-4
9.153986898129032E-4
9.044698706129491E-4
8.937899325306871E-4
8.833505901331213E-4
8.73143918838791E-4
8.631623355825551E-4
8.533985807061411E-4
8.438457009849529E-4
8.344970337089956E-4
8.253461917425974E-4
8.163870494935114E-4
8.076137297276911E-4
7.990205911710682E-4
7.906022168440264E-4
7.823534030789083E-4
7.742691491742762E-4
7.663446476434932E-4
7.585752750182052E-4
7.509565831703695E-4
7.434842911190615E-4
7.361542772909515E-4
7.289625722053081E-4
7.21905351556859E-4
7.149789296714444E-4
7.081797533113202E-4
7.01504395808526E-4
6.949495515063862E-4
6.885120304903354E-4
6.821887535907741E-4
6.759767476417483E-4
6.698731409803125E-4
6.638751591725092E-4
6.579801209527452E-4
6.521854343643268E-4
6.464885930896348E-4
6.408871729591374E-4
6.353788286292679E-4
6.29961290419625E-4
6.246323613008091E-4
6.193899140244701E-4
6.142318883879292E-4
6.091562886260199E-4
6.041611809233407E-4
5.992446910405005E-4
5.944050020483008E-4
5.896403521642318E-4
5.849490326858827E-4
5.803293860163401E-4
5.757798037767165E-4
5.71298725001504E-4
5.668846344124706E-4
5.625360607671529E-4
5.582515752782665E-4
5.540297901004675E-4
5.498693568811734E-4
5.457689653723032E-4
5.417273420999732E-4
5.377432490893736E-4
5.338154826421134E-4
5.299428721636661E-4
5.26124279038405E-4
5.223585955500584E-4
5.186447438454851E-4
5.149816749397377E-4
5.113683677604729E-4
5.078038282299957E-4
5.04287088383142E-4
5.00817205519437E-4
4.973932613879358E-4
4.940143614033642E-4
4.906796338920954E-4
4.8738822936668347E-4
4.841393198277071E-4
4.809320980917456E-4
4.7776577714429234E-4
4.746395895166144E-4
4.715527866854812E-4
4.6850463849484186E-4
4.654944325984446E-4
4.62521473922598E-4
4.595850841481747E-4
4.566846012111365E-4
4.538193788206909E-4
4.509887859945052E-4
4.4819220661014114E-4
4.4542903897217483E-4
4.426986953942718E-4
4.4000060179570833E-4
4.373341973116488E-4
4.346989339167437E-4
4.320942760614839E-4
4.295197003207793E-4
4.269746950543319E-4
4.244587600782938E-4
4.219714063478708E-4
4.1951215565030783E-4
4.17080540308009E-4
4.1467610289130176E-4
4.1229839594049297E-4
4.0994698169699616E-4
4.076214318429419E-4
4.0532132724922744E-4
4.0304625773149484E-4
4.0079582181385765E-4
3.9856962650003386E-4
3.963672870516339E-4
3.941884267733671E-4
3.9203267680488265E-4
3.898996759190317E-4
3.8778907032628503E-4
3.857005134851577E-4
3.8363366591834106E-4
3.8158819503442923E-4
3.795637749549478E-4
3.7756008634662493E-4
3.755768162585647E-4
3.736136579643364E-4
3.716703108086171E-4
3.697464800584283E-4
3.6784187675863037E-4
3.659562175916669E-4
3.640892247413355E-4
3.6224062576049865E-4
3.6041015344256044E-4
3.585975456966172E-4
3.568025454261505E-4
3.5502490041115125E-4
3.5326436319352826E-4
3.515206909657654E-4
3.4979364546264133E-4
3.4808299285596725E-4
3.463885036522418E-4
3.447099525930878E-4
3.430471185584442E-4
3.4139978447235225E-4
3.3976773721135597E-4
3.3815076751531715E-4
3.365486699006458E-4
3.3496124257587176E-4
3.3338828735942765E-4
3.318296095996522E-4
3.302850180968723E-4
3.2875432502754595E-4
3.2723734587039675E-4
3.2573389933446484E-4
3.242438072890317E-4
3.2276689469534764E-4
3.213029895401175E-4
3.1985192277071326E-4
3.184135282319886E-4
3.169876426047648E-4
3.155741053458144E-4
3.141727586293993E-4
3.1278344729024804E-4
3.114060187679722E-4
3.1004032305287246E-4
3.0868621263307105E-4
3.07343542442958E-4
3.060121698129105E-4
3.046919544202358E-4
3.0338275824131754E-4
3.0208444550491284E-4
3.0079688264659615E-4
2.995199382642901E-4
2.9825348307485644E-4
2.969973898717695E-4
2.9575153348371285E-4
2.945157907342557E-4
2.932900404024163E-4
2.920741631841697E-4
2.908680416548727E-4
2.8967156023255243E-4
2.884846051420637E-4
2.8730706438004724E-4
2.8613882768074655E-4
2.849797864825485E-4
2.838298338953564E-4
2.8268886466866643E-4
2.815567751603695E-4
2.804334633062916E-4
2.7931882859039245E-4
2.782127720156487E-4
2.7711519607558115E-4
2.7602600472643286E-4
2.7494510335995093E-4
2.7387239877677206E-4
2.728077991604218E-4
2.717512140518397E-4
2.7070255432451473E-4
2.6966173216012553E-4
2.6862866102473124E-4
2.6760325564547174E-4
2.665854319877684E-4
2.655751072330279E-4
2.6457219975682043E-4
2.6357662910750997E-4
2.6258831598535866E-4
2.6160718222207886E-4
2.6063315076080013E-4
2.596661456364508E-4
2.587060919566048E-4
2.5775291588266087E-4
2.5680654461146394E-4
2.5586690635729054E-4
2.549339303342064E-4
2.5400754673878987E-4
2.5308768673322913E-4
2.521742824287314E-4
2.5126726686930194E-4
2.503665740158442E-4
2.494721387305722E-4
2.485838967617636E-4
2.477017847287962E-4
2.4682574010749834E-4
2.4595570121578407E-4
2.450916071995879E-4
2.442333980190794E-4
2.433810144351267E-4
2.4253439799606835E-4
2.4169349102471006E-4
2.4085823660559375E-4
2.400285785725242E-4
2.392044614963234E-4
2.3838583067282615E-4
2.3757263211111575E-4
2.36764812521987E-4
2.359623193066247E-4
2.3516510054550813E-4
2.3437310498752243E-4
2.335862820392776E-4
2.3280458175463972E-4
2.3202795482444785E-4
2.312563525664384E-4
2.3048972691535512E-4
2.2972803041323072E-4
2.2897121619988253E-4
2.2821923800355766E-4
2.274720501317622E-4
2.2672960746227049E-4
2.2599186543427533E-4
2.2525878003972594E-4
2.2453030781483403E-4
2.2380640583169218E-4
2.2308703169008742E-4
2.2237214350945384E-4
2.2166169992095806E-4
2.2095566005974444E-4
2.202539835573124E-4
2.1955663053402873E-4
2.188635615917895E-4
2.181747378067939E-4
2.1749012072245385E-4
2.1680967234244988E-4
2.161333551238728E-4
2.1546113197051342E-4
2.1479296622627705E-4
2.1412882166867728E-4
2.1346866250249999E-4
2.1281245335351472E-4
2.121601592623537E-4
2.1151174567845667E-4
2.1086717845413968E-4
2.1022642383877285E-4
2.0958944847302525E-4
2.089562193832636E-4
2.083267039759906E-4
2.0770087003241903E-4
2.0707868570312164E-4
2.0646011950275692E-4
2.0584514030492864E-4
2.0523371733708565E-4
2.046258201755438E-4
2.0402141874055756E-4
2.0342048329149802E-4
2.0282298442212023E-4
2.0222889305587222E-4
2.016381804413281E-4
2.0105081814765188E-4
2.0046677806018255E-4
1.9988603237604247E-4
1.9930855359986933E-4
1.9873431453957386E-4
1.981632883021992E-4
1.975954482898279E-4
1.9703076819555546E-4
1.9646922199955598E-4
1.9591078396517778E-4
1.9535542863511653E-4
1.9480313082765786E-4
1.9425386563296925E-4
1.937076084094461E-4
1.9316433478014087E-4
1.9262402062921976E-4
1.9208664209849986E-4
1.9155217558402152E-4
1.9102059773269087E-4
1.9049188543896666E-4
1.8996601584159514E-4
1.894429663204175E-4
1.889227144931967E-4
1.8840523821252007E-4
1.8789051556273169E-4
1.8737852485692895E-4
1.8686924463399073E-4
1.8636265365565692E-4
1.8585873090366445E-4
1.853574555768997E-4
1.8485880708863462E-4
1.8436276506375988E-4
1.8386930933609967E-4
1.833784199457402E-4
1.8289007713641925E-4
1.8240426135293357E-4
1.819209532386062E-4
1.8144013363278355E-4
1.8096178356836142E-4
1.8048588426936767E-4
1.8001241714856283E-4
1.7954136380508268E-4
1.7907270602212136E-4
1.786064257646411E-4
1.7814250517712347E-4
1.7768092658134412E-4
1.7722167247419794E-4
1.7676472552552263E-4
1.7631006857599286E-4
1.758576846350334E-4
1.7540755687874097E-4
1.749596686478597E-4
1.7451400344578708E-4
1.7407054493659045E-4
1.7362927694306694E-4
1.7319018344482884E-4
1.727532485764211E-4
1.723184566254494E-4
1.7188579203074187E-4
1.714552393805632E-4
1.7102678341081057E-4
1.70600409003262E-4
1.701761011838519E-4
1.6975384512095317E-4
1.6933362612370087E-4
1.6891542964033078E-4
1.6849924125654354E-4
1.680850466938878E-4
1.6767283180817475E-4
1.6726258258790717E-4
1.6685428515273224E-4
1.6644792575191766E-4
1.6604349076284385E-4
1.65640966689533E-4
1.652403401611705E-4
1.6484159793067472E-4
1.6444472687326449E-4
1.640497139850697E-4
1.636565463817332E-4
1.6326521129705223E-4
1.6287569608163565E-4
1.6248798820157198E-4
1.621020752371181E-4
1.6171794488140703E-4
1.6133558493918286E-4
1.6095498332552945E-4
1.6057612806463437E-4
1.6019900728857545E-4
1.5982360923609537E-4
1.5944992225142305E-4
1.5907793478309548E-4
1.587076353827949E-4
1.5833901270420866E-4
1.5797205550189573E-4
1.5760675263017736E-4
1.5724309304202547E-4
1.568810657879971E-4
1.5652066001514773E-4
1.5616186496597798E-4
1.5580466997739534E-4
1.5544906447967827E-4
1.5509503799546445E-4
1.5474258013874583E-4
1.54391680613882E-4
1.5404232921462088E-4
1.5369451582312524E-4
1.5334823040904645E-4
1.5300346302854923E-4
1.5266020382341612E-4
1.5231844302011625E-4
1.519781709288975E-4
1.5163937794290366E-4
1.5130205453728725E-4
1.509661912683468E-4
1.506317787726515E-4
1.502988077662181E-4
1.4996726904364756E-4
1.4963715347731578E-4
1.4930845201654926E-4
1.4898115568682152E-4
1.4865525558895704E-4
1.4833074289834314E-4
1.4800760886415367E-4
1.4768584480858801E-4
1.473654421260975E-4
1.4704639228266307E-4
1.4672868681503526E-4
1.4641231733001403E-4
1.460972755037196E-4
1.4578355308089846E-4
1.4547114187420075E-4
1.4516003376349455E-4
1.4485022069518855E-4
1.445416946815335E-4
1.4423444779997617E-4
1.4392847219247824E-4
1.4362376006487985E-4
1.4332030368624017E-4
1.430180953882087E-4
1.4271712756439698E-4
1.4241739266974954E-4
1.421188832199272E-4
1.418215917907141E-4
1.415255110174029E-4
1.4123063359420756E-4
1.4093695227367534E-4
1.406444598661103E-4
1.4035314923900848E-4
1.4006301331646534E-4
1.3977404507865544E-4
1.3948623756125162E-4
1.3919958385489383E-4
1.3891407710463576E-4
1.3862971050943046E-4
1.383464773215951E-4
1.3806437084627914E-4
1.3778338444097059E-4
1.3750351151497773E-4
1.372247455289199E-4
1.369470799942443E-4
1.3667050847272316E-4
1.3639502457597655E-4
1.36120621964989E-4
1.3584729434963205E-4
1.3557503548820873E-4
1.3530383918696994E-4
1.3503369929967004E-4
1.34764609727122E-4
1.344965644167237E-4
1.3422955736204018E-4
1.3396358260235082E-4
1.3369863422222643E-4
1.3343470635109533E-4
1.3317179316282366E-4
1.3290988887529649E-4
1.326489877500018E-4
1.3238908409162422E-4
1.3213017224764336E-4
1.3187224660792584E-4
1.3161530160434612E-4
1.31359331710369E-4
1.3110433144069178E-4
1.3085029535084264E-4
1.3059721803681542E-4
1.303450941346837E-4
1.3009391832023874E-4
1.2984368530862716E-4
1.2959438985397508E-4
1.2934602674905161E-4
1.290985908248898E-4
1.2885207695046512E-4
1.286064800323247E-4
1.2836179501425952E-4
1.281180168769588E-4
1.2787514063768355E-4
1.2763316134992224E-4
1.273920741030747E-4
1.2715187402212696E-4
1.2691255626732465E-4
1.2667411603385894E-4
1.2643654855155258E-4
1.2619984908455276E-4
1.2596401293102027E-4
1.2572903542282322E-4
1.254949119252442E-4
1.2526163783667778E-4
1.2502920858833687E-4
1.2479761964396424E-4
1.2456686649953578E-4
1.243369446829932E-4
1.241078497539403E-4
1.238795773033856E-4
1.236521229534463E-4
1.234254823570936E-4
1.2319965119786375E-4
1.2297462518960829E-4
1.2275040007622134E-4
1.2252697163137236E-4
1.2230433565825862E-4
1.2208248798934002E-4
1.2186142448608985E-4
1.2164114103874451E-4
1.2142163356604399E-4
1.2120289801500159E-4
1.2098493036065153E-4
1.207677266058139E-4
1.2055128278084546E-4
1.2033559494341214E-4
1.2012065917825635E-4
1.1990647159696435E-4
1.1969302833772997E-4
1.1948032556514094E-4
1.1926835946994209E-4
1.1905712626882529E-4
1.1884662220420047E-4
1.1863684354398142E-4
1.1842778658137487E-4
1.1821944763465494E-4
1.1801182304696845E-4
1.1780490918611717E-4
1.1759870244434617E-4
1.173931992381506E-4
1.1718839600806952E-4
1.1698428921847495E-4
1.1678087535738917E-4
1.1657815093627984E-4
1.1637611248986292E-4
1.1617475657591545E-4
1.1597407977508304E-4
1.1577407869068471E-4
1.1557474994853981E-4
1.1537609019677273E-4
1.1517809610562648E-4
1.1498076436728858E-4
1.14784091695712E-4
1.1458807482642775E-4
1.143927105163773E-4
1.1419799554373681E-4
1.1400392670774175E-4
1.1381050082851185E-4
1.1361771474689342E-4
1.1342556532428057E-4
1.1323404944245631E-4
1.130431640034193E-4
1.1285290592922656E-4
1.1266327216183216E-4
1.1247425966293069E-4
1.122858654137873E-4
1.1209808641509067E-4
1.1191091968679549E-4
1.1172436226797156E-4
1.1153841121664013E-4
1.1135306360963696E-4
1.1116831654245526E-4
1.109841671290912E-4
1.108006125019165E-4
1.1061764981151646E-4
1.1043527622654657E-4
1.1025348893359866E-4
1.1007228513705593E-4
1.0989166205894998E-4
1.097116169388259E-4
1.0953214703360267E-4
1.0935324961743659E-4
1.0917492198159309E-4
1.089971614343036E-4
1.088199653006386E-4
1.0864333092237956E-4
1.0846725565787778E-4
1.0829173688193977E-4
1.081167719856964E-4
1.0794235837646318E-4
1.0776849347763696E-4
1.0759517472855338E-4
1.0742239958437832E-4
1.0725016551597365E-4
1.0707847000978609E-4
1.0690731056772396E-4
1.0673668470704169E-4
1.0656658996021146E-4
1.0639702387482714E-4
1.0622798401347366E-4
1.0605946795361617E-4
1.058914732874881E-4
1.0572399762198219E-4
1.0555703857853108E-4
1.0539059379300906E-4
1.0522466091561181E-4
1.0505923761075582E-4
1.0489432155696973E-4
1.0472991044678844E-4
1.045660019866438E-4
1.0440259389676371E-4
1.042396839110731E-4
1.0407726977708525E-4
1.0391534925580005E-4
1.0375392012161193E-4
1.0359298016219737E-4
1.0343252717843187E-4
1.0327255898427514E-4
1.031130734066886E-4
1.0295406828553046E-4
1.0279554147346282E-4
1.0263749083585998E-4
1.0247991425071168E-4
1.023228096085291E-4
1.0216617481225772E-4
1.020100077771831E-4
1.0185430643083998E-4
1.01699068712925E-4
1.0154429257520678E-4
1.0138997598143428E-4
1.0123611690725886E-4
1.0108271334013916E-4
1.0092976327925643E-4
1.0077726473543438E-4
1.0062521573105224E-4
1.0047361429995792E-4
1.0032245848739126E-4
1.0017174634989791E-4
1.0002147595525178E-4
9.98716453823669E-5
The correct rate for BP: 100.00% 
