1.0333424411935799
0.7136233982652899
0.24661605278974383
0.07523305965506286
0.015815643467844073
0.009253173829735034
0.0072463973150424235
0.006011414923030541
0.005148934606283985
0.004506564411909325
0.004007673453983529
0.003608279917285536
0.003280995266328657
0.0030077578662491577
0.002776128891447067
0.0025772423682632233
0.002404598820473249
0.0022533202451935257
0.0021196715525150915
0.002000742908094039
0.0018942329054127864
0.0017982969470787527
0.0017114389630335809
0.001632432624198795
0.001560263057953617
0.001494083083901667
0.0014331799081011088
0.0013769494655594282
0.0013248764336579
0.0012765185037002754
0.0012314938869016194
0.0011894713034924704
0.0011501618969480588
0.0011133126543822565
0.0010787010153301543
0.0010461304256076255
0.0010154266483067963
9.864346855583967E-4
9.590161961873472E-4
9.330473184522774E-4
9.084168255922607E-4
8.850245562851203E-4
8.627800733586858E-4
8.416015129370654E-4
8.214145932021276E-4
8.021517575241848E-4
7.837514311800309E-4
7.66157374471335E-4
7.493181179663577E-4
7.331864679547037E-4
7.177190721393924E-4
7.028760371779752E-4
6.886205909936936E-4
6.749187838610308E-4
6.617392231705102E-4
6.490528375285454E-4
6.368326664770867E-4
6.250536726457128E-4
6.136925735943326E-4
6.027276909807793E-4
5.921388150070138E-4
5.819070823692285E-4
5.720148661687758E-4
5.62445676439158E-4
5.531840701142738E-4
5.442155694093516E-4
5.355265877121159E-4
5.27104362190584E-4
5.189368924183493E-4
5.110128844000764E-4
5.033216994512686E-4
4.958533074485005E-4
4.885982440206037E-4
4.81547571298922E-4
4.746928418863387E-4
4.6802606574151653E-4
4.615396797070918E-4
4.5522651943891574E-4
4.490797935186701E-4
4.4309305955445765E-4
4.3726020209360674E-4
4.315754121895506E-4
4.2603316848012957E-4
4.206282196486183E-4
4.153555681510973E-4
4.1021045510484063E-4
4.0518834624235554E-4
4.002849188444338E-4
3.954960495736095E-4
3.9081780313656177E-4
3.862464217103267E-4
3.817783150730217E-4
3.774100513849834E-4
3.731383485708806E-4
3.6896006625763733E-4
3.6487219822686534E-4
3.608718653438527E-4
3.569563089285026E-4
3.531228845363052E-4
3.493690561200676E-4
3.4569239054556007E-4
3.42090552436299E-4
3.385612993246341E-4
3.3510247708822905E-4
3.317120156524424E-4
3.283879249408012E-4
3.251282910570163E-4
3.219312726832217E-4
3.187950976803708E-4
3.157180598776031E-4
3.1269851603852445E-4
3.097348829930943E-4
3.0682563492471555E-4
3.0396930080280526E-4
3.0116446195182145E-4
2.984097497484091E-4
2.9570384343883676E-4
2.9304546806946196E-4
2.9043339252347823E-4
2.8786642765761577E-4
2.8534342453294447E-4
2.8286327273426145E-4
2.804248987729473E-4
2.780272645684915E-4
2.7566936600423027E-4
2.733502315530771E-4
2.7106892096934166E-4
2.6882452404295007E-4
2.6661615941264753E-4
2.644429734349283E-4
2.623041391056712E-4
2.6019885503168354E-4
2.581263444493916E-4
2.560858542882909E-4
2.5407665427669245E-4
2.520980360876298E-4
2.5014931252280567E-4
2.4822981673260704E-4
2.4633890147039386E-4
2.4447593837925485E-4
2.4264031730965386E-4
2.4083144566637362E-4
2.3904874778334106E-4
2.372916643249084E-4
2.3555965171235011E-4
2.338521815743081E-4
2.3216874022002754E-4
2.3050882813433211E-4
2.2887195949322528E-4
2.2725766169922584E-4
2.2566547493545596E-4
2.2409495173759974E-4
2.225456565829516E-4
2.2101716549570834E-4
2.1950906566780328E-4
2.180209550945468E-4
2.1655244222443818E-4
2.151031456224473E-4
2.1367269364624625E-4
2.1226072413476222E-4
2.1086688410850172E-4
2.0949082948118608E-4
2.081322247821371E-4
2.0679074288899678E-4
2.0546606477031329E-4
2.041578792375738E-4
2.0286588270629759E-4
2.0158977896578306E-4
2.0032927895715424E-4
1.9908410055937483E-4
1.9785396838287503E-4
1.9663861357049818E-4
1.9543777360545164E-4
1.9425119212597335E-4
1.9307861874646963E-4
1.9191980888483585E-4
1.9077452359570276E-4
1.8964252940942058E-4
1.8852359817648766E-4
1.8741750691727543E-4
1.8632403767679715E-4
1.8524297738431867E-4
1.8417411771767326E-4
1.8311725497204695E-4
1.8207218993308676E-4
1.8103872775417358E-4
1.8001667783766303E-4
1.790058537200176E-4
1.7800607296059745E-4
1.7701715703404006E-4
1.7603893122605948E-4
1.7507122453255342E-4
1.7411386956189313E-4
1.7316670244028822E-4
1.7222956272008085E-4
1.7130229329091938E-4
1.7038474029365059E-4
1.6947675303688947E-4
1.685781839160966E-4
1.6768888833516886E-4
1.6680872463036676E-4
1.6593755399655063E-4
1.6507524041562983E-4
1.6422165058713428E-4
1.6337665386086824E-4
1.625401221715245E-4
1.617119299752501E-4
1.6089195418805678E-4
1.6008007412601237E-4
1.592761714471888E-4
1.5848013009526075E-4
1.5769183624474696E-4
1.56911178247794E-4
1.5613804658248982E-4
1.553723338026243E-4
1.546139344888895E-4
1.5386274520141574E-4
1.5311866443365718E-4
1.5238159256755537E-4
1.5165143182993218E-4
1.5092808625008915E-4
1.502114616185648E-4
1.495014654470404E-4
1.4879800692929216E-4
1.4810099690323864E-4
1.474103478139802E-4
1.467259736778572E-4
1.4604779004744265E-4
1.4537571397747547E-4
1.447096639916945E-4
1.4404956005055762E-4
1.43395323519766E-4
1.4274687713966436E-4
1.4210414499540267E-4
1.4146705248788117E-4
1.4083552630543084E-4
1.4020949439624502E-4
1.3958888594149972E-4
1.3897363132914624E-4
1.3836366212839824E-4
1.3775891106483748E-4
1.3715931199616025E-4
1.3656479988851216E-4
1.3597531079344102E-4
1.3539078182538995E-4
1.3481115113977773E-4
1.342363579115873E-4
1.3366634231451108E-4
1.3310104550057577E-4
1.325404095802919E-4
1.3198437760325658E-4
1.3143289353924204E-4
1.3088590225973732E-4
1.303433495199263E-4
1.2980518194108246E-4
1.2927134699342954E-4
1.2874179297933896E-4
1.2821646901698614E-4
1.276953250243451E-4
1.271783117035864E-4
1.266653805258248E-4
1.261564837162228E-4
1.2565157423943598E-4
1.2515060578540676E-4
1.2465353275546045E-4
1.241603102487506E-4
1.2367089404897533E-4
1.231852406114346E-4
1.2270330705033822E-4
1.2222505112644634E-4
1.2175043123494031E-4
1.212794063936004E-4
1.208119362312291E-4
1.2034798097633034E-4
1.1988750144605755E-4
1.1943045903537052E-4
1.1897681570647377E-4
1.1852653397844139E-4
1.1807957691710993E-4
1.1763590812515208E-4
1.1719549173239935E-4
1.1675829238634312E-4
1.1632427524286208E-4
1.1589340595714501E-4
1.1546565067478106E-4
1.1504097602308562E-4
1.1461934910257312E-4
1.1420073747861573E-4
1.1378510917328883E-4
1.1337243265738625E-4
1.1296267684258826E-4
1.1255581107380554E-4
1.1215180512168038E-4
1.1175062917523498E-4
1.1135225383468377E-4
1.1095665010438214E-4
1.1056378938592344E-4
1.1017364347137763E-4
1.0978618453666974E-4
1.0940138513508316E-4
1.0901921819090547E-4
1.0863965699319195E-4
1.0826267518966946E-4
1.0788824678073592E-4
1.0751634611361149E-4
1.0714694787657726E-4
1.0678002709334287E-4
1.0641555911753323E-4
1.0605351962725897E-4
1.0569388461981287E-4
1.0533663040646876E-4
1.0498173360736937E-4
1.0462917114652503E-4
1.0427892024691099E-4
1.0393095842564586E-4
1.0358526348927096E-4
1.032418135291319E-4
1.0290058691681394E-4
1.0256156229971444E-4
1.0222471859664447E-4
1.0189003499356215E-4
1.0155749093935157E-4
1.0122706614170527E-4
1.0089874056306336E-4
1.0057249441664444E-4
1.0024830816254581E-4
9.992616250390682E-5
The correct rate for BP: 100.00% 
