0.8445163411079873
0.6835852923019021
0.20718579709599286
0.07410832390952206
0.02636563898243748
0.016605402019832568
0.012277688486616572
0.009741641239947085
0.008065962943787744
0.006874624439886028
0.005983968581352313
0.0052930675961950875
0.0047416981686048375
0.004291651022732615
0.0039174977862300705
0.0036016539463247297
0.0033315694044602456
0.003098047047565192
0.0028941934670470805
0.002714740651688142
0.002555594047768045
0.00241352345342637
0.0022859467009232848
0.002170775175220253
0.002066301484358453
0.0019711164487107077
0.0018840468557216037
0.0018041081645567012
0.0017304681347530414
0.0016624185459199192
0.0015993529849953564
0.0015407492358010299
0.0014861551964074817
0.0014351775271473622
0.001387472431445794
0.0013427381166073492
0.0013007085882950158
0.0012611485116204037
0.0012238489311505322
0.0011886236870749154
0.0011553063990686959
0.0011237479157639617
0.0010938141481802656
0.0010653842214156679
0.001038348891429579
0.0010126091836549316
9.88075218054738E-4
9.646651915395973E-4
9.423044937294209E-4
9.209249361384498E-4
9.004640781894914E-4
8.808646361782983E-4
8.62073963534599E-4
8.440435925587388E-4
8.267288293273547E-4
8.100883947187323E-4
7.940841055556235E-4
7.786805907385973E-4
7.638450379778999E-4
7.495469673496855E-4
7.357580284249648E-4
7.224518181617321E-4
7.096037171266862E-4
6.971907419331418E-4
6.851914120554009E-4
6.73585629414317E-4
6.623545693300722E-4
6.514805816118676E-4
6.40947100703632E-4
6.307385639346264E-4
6.208403370361406E-4
6.112386461830245E-4
6.019205159039656E-4
5.928737122786602E-4
5.840866909048497E-4
5.75548549175264E-4
5.672489824542963E-4
5.591782437883292E-4
5.513271068222305E-4
5.43686831628781E-4
5.362491331880153E-4
5.290061522801785E-4
5.219504285797938E-4
5.150748757593932E-4
5.083727584302759E-4
5.018376707642863E-4
4.954635166557033E-4
4.892444912954756E-4
4.8317506404212915E-4
4.772499624843152E-4
4.7146415759949855E-4
4.658128499220752E-4
4.602914566417772E-4
4.5489559956038097E-4
4.4962109384087163E-4
4.4446393748910694E-4
4.394203015128802E-4
4.344865207083145E-4
4.2965908502730897E-4
4.2493463148397304E-4
4.2030993656114635E-4
4.157819090814313E-4
4.113475835100177E-4
4.0700411365906305E-4
4.0274876676595734E-4
3.9857891791978284E-4
3.944920448124274E-4
3.9048572279252444E-4
3.8655762020201143E-4
3.8270549397677637E-4
3.7892718549403326E-4
3.752206166505636E-4
3.715837861569428E-4
3.680147660340213E-4
3.64511698299012E-4
3.6107279182920414E-4
3.57696319392445E-4
3.543806148340582E-4
3.5112407041073895E-4
3.479251342625578E-4
3.447823080147517E-4
3.4169414450170755E-4
3.386592456058682E-4
3.35676260204916E-4
3.327438822208918E-4
3.298608487655076E-4
3.270259383760872E-4
3.2423796933706846E-4
3.21495798082238E-4
3.1879831767325225E-4
3.1614445635020456E-4
3.135331761503029E-4
3.109634715909743E-4
3.084343684139084E-4
3.059449223867906E-4
3.0349421815965475E-4
3.01081368172979E-4
2.987055116148323E-4
2.963658134245048E-4
2.94061463340232E-4
2.917916749887878E-4
2.895556850147471E-4
2.8735275224750164E-4
2.851821569040984E-4
2.830431998260732E-4
2.8093520174872613E-4
2.78857502601092E-4
2.768094608352471E-4
2.747904527834382E-4
2.727998720417537E-4
2.70837128879039E-4
2.6890164966988895E-4
2.6699287635053665E-4
2.6511026589663673E-4
2.632532898218421E-4
2.614214336962988E-4
2.5961419668407064E-4
2.578310910987032E-4
2.5607164197603014E-4
2.543353866635057E-4
2.5262187442530296E-4
2.5093066606247016E-4
2.49261333547493E-4
2.476134596726292E-4
2.459866377113928E-4
2.443804710926642E-4
2.4279457308683347E-4
2.4122856650349037E-4
2.3968208340017103E-4
2.381547648016628E-4
2.3664626042947196E-4
2.3515622844097502E-4
2.3368433517792107E-4
2.3223025492379436E-4
2.3079366966979872E-4
2.293742688890059E-4
2.2797174931840216E-4
2.2658581474848996E-4
2.2521617582011417E-4
2.2386254982829272E-4
2.225246605327211E-4
2.2120223797467706E-4
2.1989501830012453E-4
2.1860274358874695E-4
2.173251616886581E-4
2.1606202605661522E-4
2.148130956034958E-4
2.1357813454482617E-4
2.123569122562263E-4
2.1114920313349214E-4
2.0995478645724226E-4
2.087734462618835E-4
2.0760497120875666E-4
2.0644915446334206E-4
2.0530579357631466E-4
2.0417469036835976E-4
2.030556508185766E-4
2.0194848495636654E-4
2.0085300675667104E-4
1.9976903403841014E-4
1.9869638836608232E-4
1.9763489495430703E-4
1.965843825753196E-4
1.9554468346921067E-4
1.9451563325689736E-4
1.9349707085568446E-4
1.9248883839733457E-4
1.9149078114855816E-4
1.9050274743386255E-4
1.8952458856064897E-4
1.885561587465125E-4
1.8759731504862097E-4
1.8664791729517126E-4
1.8570782801879073E-4
1.8477691239186176E-4
1.8385503816368605E-4
1.8294207559941503E-4
1.820378974207242E-4
1.8114237874815363E-4
1.8025539704504562E-4
1.7937683206305675E-4
1.7850656578917318E-4
1.7764448239419064E-4
1.7679046818261734E-4
1.7594441154392205E-4
1.7510620290514382E-4
1.7427573468475072E-4
1.734529012477763E-4
1.7263759886212843E-4
1.718297256560978E-4
1.7102918157696473E-4
1.7023586835074133E-4
1.6944968944294914E-4
1.686705500204193E-4
1.6789835691412625E-4
1.6713301858296142E-4
1.663744450784585E-4
1.6562254801041844E-4
1.6487724051344262E-4
1.641384372142948E-4
1.634060542001133E-4
1.6268000898742399E-4
1.619602204919436E-4
1.6124660899913065E-4
1.6053909613548257E-4
1.5983760484057E-4
1.5914205933971213E-4
1.584523851174041E-4
1.577685088913244E-4
1.570903585870397E-4
1.5641786331329843E-4
1.5575095333793867E-4
1.550895600643598E-4
1.5443361600860506E-4
1.5378305477695692E-4
1.5313781104408066E-4
1.5249782053170657E-4
1.5186301998779331E-4
1.5123334716620742E-4
1.5060874080687872E-4
1.4998914061639969E-4
1.493744872491261E-4
1.487647222886579E-4
1.4815978822982093E-4
1.4755962846099862E-4
1.4696418724691255E-4
1.46373409711799E-4
1.4578724182294015E-4
1.4520563037461078E-4
1.4462852297235902E-4
1.4405586801766017E-4
1.4348761469290433E-4
1.4292371294674563E-4
1.4236411347973355E-4
1.4180876773032793E-4
1.4125762786116922E-4
1.407106467456759E-4
1.4016777795495148E-4
1.3962897574494823E-4
1.3909419504393451E-4
1.385633914402392E-4
1.3803652117024142E-4
1.3751354110663535E-4
1.369944087469501E-4
1.36479082202315E-4
1.359675201864539E-4
1.3545968200493708E-4
1.349555275446403E-4
1.3445501726343435E-4
1.339581121801115E-4
1.3346477386449163E-4
1.3297496442776227E-4
1.32488646513E-4
1.3200578328592018E-4
1.3152633842577915E-4
1.3105027611649513E-4
1.3057756103794827E-4
1.301081583574441E-4
1.2964203372137044E-4
1.2917915324700736E-4
1.2871948351452016E-4
1.2826299155911582E-4
1.2780964486333121E-4
1.2735941134951176E-4
1.2691225937241834E-4
1.2646815771199786E-4
1.260270755662779E-4
1.2558898254442477E-4
1.2515384865992527E-4
1.2472164432390798E-4
1.2429234033860162E-4
1.238659078909005E-4
1.2344231854609415E-4
1.2302154424167312E-4
1.226035572812989E-4
1.221883303288545E-4
1.2177583640264218E-4
1.2136604886966507E-4
1.2095894144003677E-4
1.2055448816148605E-4
1.2015266341398242E-4
1.1975344190444819E-4
1.1935679866157622E-4
1.1896270903074727E-4
1.1857114866904044E-4
1.1818209354034608E-4
1.1779551991055111E-4
1.1741140434284083E-4
1.1702972369306464E-4
1.1665045510519428E-4
1.1627357600688031E-4
1.1589906410507003E-4
1.155268973817203E-4
1.1515705408957452E-4
1.1478951274804133E-4
1.1442425213912285E-4
1.1406125130342889E-4
1.1370048953626341E-4
1.133419463837802E-4
1.1298560163920756E-4
1.1263143533913982E-4
1.1227942775989989E-4
1.1192955941395958E-4
1.1158181104642907E-4
1.112361636316117E-4
1.1089259836960591E-4
1.1055109668297999E-4
1.102116402135106E-4
1.0987421081895811E-4
1.0953879056991064E-4
1.0920536174669619E-4
1.0887390683630874E-4
1.0854440852944841E-4
1.0821684971754423E-4
1.0789121348988919E-4
1.0756748313077446E-4
1.0724564211671476E-4
1.069256741136945E-4
1.0660756297446706E-4
1.062912927359007E-4
1.0597684761638054E-4
1.056642120132291E-4
1.0535337050019745E-4
1.0504430782498144E-4
1.0473700890678828E-4
1.0443145883393512E-4
1.0412764286149867E-4
1.0382554640899435E-4
1.0352515505809987E-4
1.0322645455041034E-4
1.029294307852413E-4
1.0263406981745717E-4
1.0234035785533397E-4
1.0204828125847594E-4
1.0175782653574239E-4
1.0146898034321337E-4
1.0118172948220873E-4
1.0089606089731104E-4
1.0061196167444116E-4
1.0032941903895023E-4
1.000484203537529E-4
9.97689531174908E-5
The correct rate for BP: 100.00% 
