1.0401142615669032
1.2030818531131318
0.7684797941156883
0.3353189534484119
0.13898030646116122
0.06307799011256536
0.03609616603410021
0.0249702473226845
0.018960710666896533
0.015211158636256418
0.012656107014910762
0.010807729506964205
0.009411282179046567
0.00832088484230555
0.0074470681060410165
0.006731963745346641
0.00613651800257254
0.005633441195407642
0.0052031020505137185
0.004831026389088861
0.004506314181656434
0.004220604716019578
0.0039673808162699106
0.003741489402562423
0.0035388038975215095
0.003355981897713267
0.003190288209157109
0.0030394635992335036
0.0029016260808687223
0.0027751957127613866
0.002658836642668657
0.0025514119603161655
0.0024519481812193804
0.0023596070519930545
0.0022736629786962725
0.0021934848149114516
0.0021185210600172632
0.0020482877469495744
0.0019823584674263156
0.0019203561081947611
0.0018619459662312062
0.0018068299823612319
0.0017547418874465542
0.0017054430973991721
0.0016587192259600475
0.0016143771097082036
0.0015722422598415517
0.0015321566711552852
0.0014939769312870804
0.001457572583417863
0.0014228247037593807
0.001389624661745846
0.0013578730361983003
0.0013274786651001867
0.0012983578102057597
0.001270433420653873
0.0012436344821998863
0.0012178954407037798
0.001193155690200411
0.0011693591172888395
0.0011464536947620747
0.0011243911183950702
0.0011031264816511695
0.0010826179837800079
0.0010628266673862058
0.0010437161820644025
0.0010252525711375302
0.0010074040789131407
9.9014097619737E-4
9.734354020858168E-4
9.572612202917231E-4
9.415938884809462E-4
9.264103392640508E-4
9.116888716534012E-4
8.974090519300627E-4
8.835516229849076E-4
8.700984213031535E-4
8.570323008528322E-4
8.44337063218405E-4
8.319973933914508E-4
8.199988006925391E-4
8.083275643535296E-4
7.96970683338203E-4
7.859158300219458E-4
7.751513073897336E-4
7.646660094453333E-4
7.544493845548588E-4
7.444914014748094E-4
7.347825178385982E-4
7.253136508970377E-4
7.160761503274353E-4
7.070617729431778E-4
6.982626591509958E-4
6.896713110169853E-4
6.812805718150106E-4
6.730836069421376E-4
6.650738860960089E-4
6.572451666181655E-4
6.49591477915417E-4
6.421071068791185E-4
6.347865842286267E-4
6.27624671711556E-4
6.206163500989604E-4
6.137568079185432E-4
6.070414308736841E-4
6.004657919001874E-4
5.940256418164629E-4
5.877169005263491E-4
5.815356487370012E-4
5.754781201569608E-4
5.695406941424927E-4
5.637198887623728E-4
5.58012354253758E-4
5.524148668437192E-4
5.469243229128274E-4
5.415377334790061E-4
5.362522189814089E-4
5.310650043454699E-4
5.2597341431162E-4
5.209748690115202E-4
5.160668797766087E-4
5.112470451648695E-4
5.065130471928532E-4
5.018626477605199E-4
4.972936852576807E-4
4.9280407134137E-4
4.883917878740992E-4
4.8405488401389793E-4
4.7979147344731686E-4
4.755997317573651E-4
4.714778939187589E-4
4.674242519133659E-4
4.6343715245923613E-4
4.5951499484690706E-4
4.5565622887716714E-4
4.518593528948095E-4
4.481229119131524E-4
4.4444549582456914E-4
4.408257376923841E-4
4.3726231211994946E-4
4.33753933692819E-4
4.3029935549024123E-4
4.268973676624367E-4
4.235467960702736E-4
4.2024650098420376E-4
4.169953758394345E-4
4.1379234604460504E-4
4.106363678411967E-4
4.075264272113423E-4
4.044615388314677E-4
4.0144074506971163E-4
3.984631150248983E-4
3.955277436051568E-4
3.9263375064419804E-4
3.8978028005356654E-4
3.8696649900912843E-4
3.8419159717018123E-4
3.814547859297311E-4
3.7875529769441685E-4
3.760923851928214E-4
3.734653208107961E-4
3.7087339595261957E-4
3.683159204268254E-4
3.657922218555808E-4
3.6330164510660427E-4
3.6084355174658653E-4
3.584173195152018E-4
3.5602234181881826E-4
3.536580272430323E-4
3.513237990832053E-4
3.490190948922992E-4
3.467433660451936E-4
3.444960773188424E-4
3.4227670648758585E-4
3.4008474393297554E-4
3.3791969226755074E-4
3.357810659719107E-4
3.3366839104465013E-4
3.31581204664515E-4
3.2951905486435504E-4
3.274815002164153E-4
3.2546810952842386E-4
3.234784615501121E-4
3.215121446897856E-4
3.1956875674042954E-4
3.176479046151009E-4
3.157492040911843E-4
3.1387227956315657E-4
3.1201676380356036E-4
3.1018229773189225E-4
3.0836853019100893E-4
3.0657511773089454E-4
3.048017243994098E-4
3.030480215398223E-4
3.0131368759480064E-4
2.995984079167223E-4
2.979018745839719E-4
2.9622378622307474E-4
2.94563847836393E-4
2.929217706352587E-4
2.9129727187827086E-4
2.896900747146052E-4
2.880999080321629E-4
2.865265063103765E-4
2.8496960947750713E-4
2.834289627722667E-4
2.819043166096153E-4
2.8039542645063513E-4
2.789020526762432E-4
2.7742396046469736E-4
2.759609196727207E-4
2.745127047201382E-4
2.7307909447788766E-4
2.7165987215930766E-4
2.7025482521459977E-4
2.688637452283105E-4
2.674864278197925E-4
2.6612267254650583E-4
2.6477228281009265E-4
2.634350657650923E-4
2.6211083223026243E-4
2.6079939660236925E-4
2.5950057677242476E-4
2.5821419404421835E-4
2.569400730551485E-4
2.5567804169921343E-4
2.5442793105212287E-4
2.531895752984804E-4
2.5196281166092174E-4
2.5074748033119485E-4
2.4954342440309575E-4
2.4835048980720504E-4
2.4716852524738267E-4
2.459973821389327E-4
2.4483691454843065E-4
2.4368697913515006E-4
2.425474350939831E-4
2.4141814409991673E-4
2.402989702539113E-4
2.3918978003021138E-4
2.3809044222501035E-4
2.3700082790642664E-4
2.3592081036578444E-4
2.3485026507013727E-4
2.337890696159608E-4
2.3273710368408308E-4
2.3169424899568606E-4
2.3066038926946618E-4
2.2963541017983154E-4
2.2861919931615204E-4
2.276116461430381E-4
2.266126419615582E-4
2.2562207987145624E-4
2.2463985473427636E-4
2.2366586313738143E-4
2.2270000335885268E-4
2.2174217533325332E-4
2.2079228061818E-4
2.198502223616834E-4
2.1891590527038733E-4
2.1798923557844106E-4
2.1707012101715938E-4
2.1615847078540812E-4
2.1525419552068768E-4
2.1435720727086362E-4
2.1346741946660512E-4
2.1258474689443154E-4
2.1170910567040112E-4
2.108404132144E-4
2.0997858822502277E-4
2.0912355065503833E-4
2.0827522168741585E-4
2.0743352371188522E-4
2.0659838030203227E-4
2.05769716192934E-4
2.0494745725926268E-4
2.041315304939071E-4
2.033218639870625E-4
2.0251838690578687E-4
2.0172102947401755E-4
2.0092972295300893E-4
2.001443996222372E-4
1.9936499276068513E-4
1.9859143662857194E-4
1.9782366644944762E-4
1.9706161839270754E-4
1.9630522955646195E-4
1.9555443795078714E-4
1.9480918248133915E-4
1.94069402933307E-4
1.9333503995571402E-4
1.9260603504606336E-4
1.9188233053528614E-4
1.9116386957302806E-4
1.9045059611324334E-4
1.897424549000772E-4
1.8903939145405678E-4
1.8834135205856583E-4
1.8764828374659786E-4
1.8696013428778864E-4
1.862768521757114E-4
1.855983866154345E-4
1.8492468751133475E-4
1.8425570545515808E-4
1.8359139171432754E-4
1.829316982204782E-4
1.8227657755824351E-4
1.8162598295424104E-4
1.809798682663005E-4
1.8033818797289768E-4
1.797008971628104E-4
1.7906795152494929E-4
1.784393073384452E-4
1.7781492146286536E-4
1.7719475132868024E-4
1.7657875492788674E-4
1.759668908048171E-4
1.7535911804713922E-4
1.7475539627701594E-4
1.741556856424551E-4
1.7355994680880806E-4
1.7296814095044182E-4
1.7238022974256975E-4
1.717961753532368E-4
1.712159404354584E-4
1.7063948811951303E-4
1.7006678200537159E-4
1.6949778615527744E-4
1.6893246508646736E-4
1.6837078376402437E-4
1.6781270759385687E-4
1.6725820241583696E-4
1.6670723449703145E-4
1.661597705250786E-4
1.656157776016909E-4
1.650752232362581E-4
1.6453807533958927E-4
1.6400430221775813E-4
1.634738725660601E-4
1.6294675546308545E-4
1.6242292036489344E-4
1.6190233709930226E-4
1.6138497586026755E-4
1.6087080720238016E-4
1.6035980203543768E-4
1.5985193161914036E-4
1.5934716755787215E-4
1.5884548179555876E-4
1.58346846610641E-4
1.5785123461112087E-4
1.573586187297006E-4
1.56868972219011E-4
1.5638226864691626E-4
1.5589848189190986E-4
1.5541758613856884E-4
1.5493955587312245E-4
1.5446436587907177E-4
1.5399199123288993E-4
1.5352240729979818E-4
1.5305558972961345E-4
1.5259151445268042E-4
1.5213015767584297E-4
1.5167149587851656E-4
1.512155058088065E-4
1.5076216447970474E-4
1.503114491653354E-4
1.4986333739728895E-4
1.494178069609852E-4
1.489748358921295E-4
1.485344024731985E-4
1.4809648523001615E-4
1.4766106292835724E-4
1.4722811457062188E-4
1.4679761939257152E-4
1.4636955686009545E-4
1.459439066660635E-4
1.4552064872719222E-4
1.450997631810022E-4
1.4468123038279023E-4
1.4426503090267387E-4
1.4385114552267485E-4
1.4343955523384618E-4
1.4303024123344987E-4
1.4262318492219508E-4
1.4221836790148995E-4
1.4181577197075096E-4
1.4141537912477236E-4
1.4101717155112295E-4
1.4062113162756603E-4
1.4022724191955103E-4
1.39835485177741E-4
1.3944584433555067E-4
1.390583025067578E-4
1.3867284298313114E-4
1.3828944923210547E-4
1.3790810489448227E-4
1.3752879378218312E-4
1.371514998760165E-4
1.3677620732349606E-4
1.3640290043669337E-4
1.3603156369010647E-4
1.3566218171857678E-4
1.35294739315236E-4
1.3492922142947577E-4
1.345656131649636E-4
1.342038997776684E-4
1.3384406667393833E-4
1.3348609940858983E-4
1.331299836830327E-4
1.3277570534342284E-4
1.3242325037885182E-4
1.3207260491954488E-4
1.3172375523509767E-4
1.3137668773273927E-4
1.3103138895562136E-4
1.306878455811296E-4
1.303460444192184E-4
1.300059724107707E-4
1.296676166260027E-4
1.293309642628445E-4
1.2899600264539314E-4
1.2866271922237058E-4
1.2833110156559453E-4
1.2800113736847896E-4
1.2767281444455873E-4
1.2734612072603642E-4
1.270210442623506E-4
1.2669757321874964E-4
1.263756958749117E-4
1.2605540062356066E-4
1.257366759691186E-4
1.2541951052636802E-4
1.2510389301913872E-4
1.2478981227900937E-4
1.244772572440251E-4
1.2416621695745115E-4
1.2385668056651337E-4
1.2354863732117833E-4
1.232420765729503E-4
1.2293698777368064E-4
1.2263336047438879E-4
1.2233118432410317E-4
1.2203044906872651E-4
1.2173114454990756E-4
1.2143326070392615E-4
1.2113678756060115E-4
1.2084171524221393E-4
1.2054803396244432E-4
1.202557340253129E-4
1.1996480582414923E-4
1.1967523984057705E-4
1.1938702664349228E-4
1.1910015688808012E-4
1.1881462131484021E-4
1.1853041074859266E-4
1.1824751609756462E-4
1.1796592835240839E-4
1.1768563858530411E-4
1.174066379490271E-4
1.1712891767604179E-4
1.1685246907762779E-4
1.1657728354298518E-4
1.1630335253836955E-4
1.1603066760623487E-4
1.1575922036439378E-4
1.1548900250517964E-4
1.1522000579462265E-4
1.149522220716407E-4
1.1468564324723472E-4
1.1442026130370172E-4
1.1415606829385386E-4
1.1389305634024516E-4
1.1363121763441061E-4
1.1337054443612644E-4
1.1311102907265258E-4
1.1285266393801397E-4
1.1259544149227548E-4
1.1233935426083429E-4
1.1208439483370324E-4
1.1183055586483388E-4
1.115778300714192E-4
1.1132621023322513E-4
1.1107568919191461E-4
1.1082625985039954E-4
1.1057791517217512E-4
1.1033064818069302E-4
1.1008445195871802E-4
1.0983931964769903E-4
1.0959524444716213E-4
1.0935221961408452E-4
1.0911023846230352E-4
1.0886929436191983E-4
1.086293807386995E-4
1.0839049107350571E-4
1.0815261890172072E-4
1.0791575781267225E-4
1.0767990144908788E-4
1.0744504350653221E-4
1.0721117773286379E-4
1.0697829792769829E-4
1.0674639794187292E-4
1.0651547167692766E-4
1.0628551308457319E-4
1.0605651616619474E-4
1.0582847497233161E-4
1.0560138360217919E-4
1.0537523620310299E-4
1.0515002697013937E-4
1.0492575014552495E-4
1.0470240001820326E-4
1.0447997092337329E-4
1.0425845724200964E-4
1.0403785340040512E-4
1.0381815386972598E-4
1.0359935316555334E-4
1.0338144584744285E-4
1.031644265184881E-4
1.0294828982488325E-4
1.0273303045550676E-4
1.0251864314147963E-4
1.023051226557694E-4
1.0209246381276024E-4
1.0188066146785303E-4
1.0166971051706302E-4
1.0145960589661747E-4
1.0125034258256554E-4
1.0104191559038466E-4
1.0083431997460514E-4
1.0062755082841776E-4
1.0042160328330978E-4
1.002164725086838E-4
1.0001215371149888E-4
9.98086421359016E-5
The correct rate for BP: 100.00% 
