0.8247765767733185
0.9180349090077256
0.44061989974070387
0.13866117790778107
0.048078425323756495
0.024925769967532856
0.01732797701900711
0.013289985031795026
0.010765584117735339
0.00903473530331878
0.007773720369369334
0.006814354846437601
0.006060305859897533
0.005452337207203647
0.004951992907382319
0.004533211214187233
0.004177701679626906
0.0038722496580360444
0.0036070706150588033
0.0033747659153664524
0.003169638189020907
0.0029872296001287675
0.0028240026894886814
0.002677114940777367
0.002544256461607397
0.0024235310878652507
0.002313367941947522
0.002212454721168534
0.002119686735930563
0.0020341275266962107
0.001954978104796571
0.0018815526933326353
0.0018132594215740296
0.001749584832785743
0.0016900813555799689
0.0016343570985592464
0.0015820674812559094
0.0015329083275640047
0.0014866101323015434
0.0014429332751224118
0.0014016640042891658
0.0013626110497987343
0.0013256027538898867
0.001290484629143738
0.001257117271749106
0.0012253745711807565
0.0011951421683783258
0.0011663161231557364
0.0011388017584994968
0.0011125126549979543
0.0010873697731666042
0.0010633006851160933
0.001040238900019477
0.0010181232703073972
9.968974675585252E-4
9.765095187409854E-4
9.569113948633274E-4
9.380586452647735E-4
9.199100717544057E-4
9.024274376326915E-4
8.855752073229981E-4
8.693203129275188E-4
8.536319445202495E-4
8.384813614130106E-4
8.23841721991777E-4
8.096879300299695E-4
7.959964956500748E-4
7.8274540933325E-4
7.699140275728939E-4
7.574829689381232E-4
7.454340194598916E-4
7.337500463805672E-4
7.22414919418383E-4
7.114134387953163E-4
7.007312693614237E-4
6.903548802226105E-4
6.802714893438596E-4
6.70469012656862E-4
6.609360172513132E-4
6.516616782733226E-4
6.426357391934967E-4
6.338484751419475E-4
6.252906590380056E-4
6.169535302697293E-4
6.088287657024625E-4
6.009084528172607E-4
5.931850647991363E-4
5.856514374123764E-4
5.783007475153336E-4
5.711264930810242E-4
5.641224746019314E-4
5.572827777688023E-4
5.50601757322761E-4
5.440740219893955E-4
5.376944204112143E-4
5.314580280023464E-4
5.253601346558293E-4
5.193962332397592E-4
5.135620088240398E-4
5.078533285842225E-4
5.022662323333762E-4
4.967969236370838E-4
4.914417614699979E-4
4.8619725237607095E-4
4.810600430973218E-4
4.760269136388564E-4
4.710947707404026E-4
4.662606417268809E-4
4.615216687126009E-4
4.5687510313565326E-4
4.523183006008328E-4
4.478487160109178E-4
4.434638989677763E-4
4.391614894260448E-4
4.3493921358331685E-4
4.3079487999206194E-4
4.267263758794163E-4
4.227316636620602E-4
4.1880877764419584E-4
4.149558208876007E-4
4.111709622432846E-4
4.0745243353528286E-4
4.037985268874102E-4
4.00207592184715E-4
3.966780346617555E-4
3.9320831261038553E-4
3.897969352002061E-4
3.8644246040528754E-4
3.8314349303118973E-4
3.7989868283666567E-4
3.767067227448134E-4
3.7356634713871164E-4
3.7047633023698913E-4
3.6743548454497705E-4
3.6444265937733553E-4
3.6149673944842875E-4
3.5859664352676284E-4
3.5574132315021196E-4
3.5292976139879843E-4
3.5016097172205966E-4
3.474339968182057E-4
3.4474790756243434E-4
3.4210180198187775E-4
3.3949480427486803E-4
3.3692606387227187E-4
3.343947545388549E-4
3.3190007351267435E-4
3.2944124068059994E-4
3.2701749778831803E-4
3.246281076830158E-4
3.222723535873111E-4
3.1994953840281255E-4
3.1765898404203906E-4
3.154000307872584E-4
3.1317203667502946E-4
3.109743769052989E-4
3.088064432738177E-4
3.066676436269288E-4
3.045574013376141E-4
3.024751548019017E-4
3.0042035695467244E-4
2.983924748040447E-4
2.9639098898347584E-4
2.9441539332082824E-4
2.924651944236358E-4
2.9053991127986106E-4
2.886390748735311E-4
2.867622278145083E-4
2.849089239818995E-4
2.8307872818044804E-4
2.8127121580940576E-4
2.794859725433177E-4
2.777225940242783E-4
2.759806855651417E-4
2.742598618632329E-4
2.7255974672416115E-4
2.708799727952912E-4
2.692201813085005E-4
2.675800218318486E-4
2.6595915202977047E-4
2.643572374315083E-4
2.6277395120740657E-4
2.6120897395277967E-4
2.5966199347906893E-4
2.581327046119748E-4
2.566208089963102E-4
2.5512601490734174E-4
2.536480370683029E-4
2.5218659647390895E-4
2.50741420219635E-4
2.493122413364894E-4
2.47898798631144E-4
2.465008365311835E-4
2.451181049352738E-4
2.4375035906811608E-4
2.4239735933994885E-4
2.4105887121048884E-4
2.397346650570861E-4
2.3842451604702734E-4
2.371282040137406E-4
2.3584551333684297E-4
2.3457623282583122E-4
2.3332015560734732E-4
2.3207707901583835E-4
2.3084680448750623E-4
2.296291374574736E-4
2.2842388725999424E-4
2.2723086703162746E-4
2.2604989361728683E-4
2.2488078747906064E-4
2.2372337260767353E-4
2.2257747643656146E-4
2.2144292975842395E-4
2.203195666441798E-4
2.1920722436426373E-4
2.1810574331217384E-4
2.1701496693017397E-4
2.1593474163714014E-4
2.1486491675839226E-4
2.1380534445754698E-4
2.127558796702381E-4
2.117163800396848E-4
2.106867058540727E-4
2.096667199856186E-4
2.0865628783133498E-4
2.076552772554159E-4
2.0666355853316373E-4
2.0568100429645537E-4
2.0470748948067674E-4
2.0374289127307236E-4
2.0278708906248081E-4
2.018399643904065E-4
2.0090140090337603E-4
1.9997128430658003E-4
1.990495023186962E-4
1.981359446279251E-4
1.9723050284913587E-4
1.9633307048215847E-4
1.9544354287113276E-4
1.945618171648991E-4
1.936877922784209E-4
1.928213688551638E-4
1.9196244923045424E-4
1.9111093739575334E-4
1.90266738963828E-4
1.8942976113479564E-4
1.8859991266302674E-4
1.8777710382484719E-4
1.8696124638707483E-4
1.861522535762935E-4
1.8535004004890975E-4
1.8455452186193382E-4
1.837656164444623E-4
1.8298324256986584E-4
1.8220732032865337E-4
1.8143777110195893E-4
1.8067451753571255E-4
1.7991748351537973E-4
1.7916659414133463E-4
1.7842177570479855E-4
1.7768295566437044E-4
1.7695006262306916E-4
1.7622302630594674E-4
1.7550177753822472E-4
1.74786248223906E-4
1.740763713249273E-4
1.733720808407462E-4
1.7267331178844812E-4
1.7198000018324599E-4
1.7129208301948798E-4
1.7060949825206255E-4
1.6993218477821874E-4
1.692600824198144E-4
1.6859313190596144E-4
1.6793127485605636E-4
1.6727445376317634E-4
1.6662261197786008E-4
1.6597569369225951E-4
1.653336439245999E-4
1.6469640850402947E-4
1.640639340557586E-4
1.6343616798656545E-4
1.6281305847057247E-4
1.6219455443537164E-4
1.6158060554842107E-4
1.6097116220374137E-4
1.6036617550891274E-4
1.5976559727232337E-4
1.5916937999071667E-4
1.5857747683697314E-4
1.579898416481832E-4
1.5740642891394472E-4
1.5682719376491905E-4
1.5625209196162376E-4
1.5568107988346206E-4
1.5511411451796578E-4
1.5455115345029238E-4
1.5399215485290975E-4
1.5343707747548333E-4
1.5288588063502764E-4
1.5233852420618637E-4
1.5179496861176907E-4
1.5125517481343902E-4
1.5071910430261906E-4
1.5018671909156149E-4
1.4965798170460588E-4
1.491328551696113E-4
1.4861130300955117E-4
1.4809328923429672E-4
1.475787783325339E-4
1.4706773526386929E-4
1.4656012545106873E-4
1.4605591477246207E-4
1.4555506955448108E-4
1.4505755656437234E-4
1.4456334300302277E-4
1.4407239649793287E-4
1.4358468509633336E-4
1.4310017725842388E-4
1.4261884185075443E-4
1.421406481397137E-4
1.416655657851642E-4
1.4119356483418706E-4
1.4072461571493553E-4
1.402586892306329E-4
1.3979575655364955E-4
1.3933578921971997E-4
1.3887875912224946E-4
1.3842463850673197E-4
1.3797339996528211E-4
1.3752501643125677E-4
1.3707946117397208E-4
1.366367077935355E-4
1.3619673021575746E-4
1.3575950268716587E-4
1.353249997701026E-4
1.3489319633791766E-4
1.344640675702461E-4
1.34037588948376E-4
1.336137362506845E-4
1.331924855481831E-4
1.3277381320011427E-4
1.3235769584965407E-4
1.3194411041965535E-4
1.3153303410851346E-4
1.3112444438606417E-4
1.307183189895769E-4
1.3031463591981212E-4
1.2991337343714547E-4
1.2951451005776667E-4
1.2911802454994176E-4
1.2872389593033282E-4
1.2833210346039294E-4
1.279426266428302E-4
1.2755544521809675E-4
1.271705391609911E-4
1.2678788867727516E-4
1.2640747420036906E-4
1.2602927638809988E-4
1.2565327611950848E-4
1.2527945449169873E-4
1.2490779281675428E-4
1.2453827261870942E-4
1.2417087563054152E-4
1.238055837912607E-4
1.2344237924300872E-4
1.2308124432822268E-4
1.2272216158684915E-4
1.2236511375359572E-4
1.2201008375523737E-4
1.2165705470795372E-4
1.2130600991473029E-4
1.2095693286278131E-4
1.2060980722103204E-4
1.202646168376259E-4
1.1992134573749318E-4
1.195799781199391E-4
1.1924049835627719E-4
1.1890289098751406E-4
1.1856714072205072E-4
1.182332324334311E-4
1.1790115115813384E-4
1.1757088209338319E-4
1.1724241059501239E-4
1.1691572217534848E-4
1.1659080250112775E-4
1.162676373914634E-4
1.159462128158273E-4
1.1562651489206575E-4
1.1530852988445999E-4
1.1499224420179339E-4
1.1467764439547628E-4
1.1436471715767797E-4
1.1405344931950126E-4
1.1374382784917444E-4
1.1343583985028823E-4
1.1312947256002841E-4
1.1282471334748404E-4
1.1252154971192786E-4
1.1221996928117041E-4
1.1191995980989802E-4
1.1162150917807642E-4
1.113246053893363E-4
1.1102923656942878E-4
1.1073539096466275E-4
1.1044305694039116E-4
1.1015222297951566E-4
1.0986287768100116E-4
1.0957500975843345E-4
1.0928860803858338E-4
1.0900366145999316E-4
1.0872015907159016E-4
1.0843809003131992E-4
1.0815744360479008E-4
1.078782091639561E-4
1.0760037618579175E-4
1.0732393425102175E-4
1.0704887304283061E-4
1.0677518234562834E-4
1.0650285204379807E-4
1.0623187212050113E-4
1.059622326564588E-4
1.0569392382878328E-4
1.0542693590980861E-4
1.051612592659486E-4
1.0489688435655829E-4
1.0463380173283026E-4
1.043720020366841E-4
1.0411147599969195E-4
1.0385221444200927E-4
1.0359420827132396E-4
1.0333744848181472E-4
1.0308192615313022E-4
1.0282763244938655E-4
1.0257455861816487E-4
1.0232269598953697E-4
1.0207203597510005E-4
1.018225700670138E-4
1.015742898370761E-4
1.0132718693578864E-4
1.010812530914423E-4
1.008364801092167E-4
1.0059285987029625E-4
1.0035038433099119E-4
1.0010904552187129E-4
9.986883554691955E-5
The correct rate for BP: 100.00% 
