1.0206721323048193
0.9469950227516412
0.8684376943701261
0.74424725238134
0.6156750548582698
0.49854383921197576
0.39978142457535876
0.32087953058543806
0.2598293297607329
0.21319780858506057
0.17755538351920414
0.15007274116675776
0.12860946815813237
0.11160640137150205
0.09794193944066454
0.08680860766780304
0.07762058010283118
0.06994808440591052
0.0634718361573653
0.0579515311004202
0.0532039749243601
0.049087777663790896
0.045492529956564734
0.04233106063737635
0.039533832897143156
0.03704484061221089
0.034818568841430024
0.03281771774421956
0.031011480263079292
0.029374225830630443
0.027884484871009106
0.026524158353723584
0.025277897326247283
0.02413261198625326
0.023077080320368454
0.022101633893477093
0.021197903880236475
0.020358614480349126
0.01957741386263469
0.018848735028708805
0.018167680679443597
0.01752992745229094
0.016931645880090045
0.01636943317845403
0.015840256555064963
0.015341405191359781
0.014870449405716211
0.014425205790197449
0.014003707337380286
0.013604177752799589
0.013225009292017196
0.012864743576875823
0.012522054938994012
0.01219573591454504
0.011884684576383624
0.011587893440414793
0.011304439724925178
0.011033476776142005
0.010774226501924361
0.010525972679317054
0.010288055021586837
0.01005986390701909
0.00984083568574924
0.00963044849269988
0.009428218504665345
0.009233696588038461
0.009046465290860518
0.00886613613899998
0.008692347201500087
0.008524760894620438
0.008363061997949263
0.008206955859278643
0.008056166767797178
0.007910436477628034
0.007769522865885736
0.007633198711287217
0.0075012505809740615
0.007373477814616091
0.007249691596102084
0.0071297141042039845
0.007013377734549587
0.006900524386071481
0.006791004805833288
0.006684677986779956
0.006581410613530581
0.006481076551835559
0.0063835563777682154
0.006288736943116886
0.006196510973796092
0.006106776698409037
0.0060194375043729036
0.005934401619268222
0.005851581815295256
0.00577089513492111
0.0056922626359785225
0.005615609154638082
0.005540863084819508
0.0054679561727363196
0.0053968233253855235
0.0053274024318979655
0.005259634196760458
0.005193461984005711
0.005128831671543613
0.0050656915148777045
0.005003992019513666
0.004943685821424215
0.004884727574987568
0.00482707384786353
0.004770683022314553
0.0047155152025188905
0.004661532127458243
0.004608697088995444
0.004556974854787195
0.004506331595704681
0.004456734817459403
0.004408153296154423
0.004360557017502751
0.004313917119472803
0.004268205838139563
0.004223396456535354
0.004179463256309513
0.0041363814720199905
0.004094127247891889
0.004052677596890309
0.004012010361965124
0.003972104179335193
0.003932938443688666
0.0038944932751845784
0.0038567494881485156
0.0038196885613623224
0.003783292609854601
0.003747544358104903
0.003712427114580075
0.0036779247475264834
0.0036440216619473232
0.003610702777697714
0.0035779535086355894
0.003545759742769704
0.0035141078233498517
0.0034829845308478893
0.0034523770657814063
0.003422273032334366
0.003392660422732669
0.003363527602334045
0.0033348632953951224
0.0033066565714800528
0.003278896832477425
0.0032515738001942683
0.0032246775044974096
0.003198198271974496
0.0031721267150884936
0.0031464537218008665
0.0031211704456400933
0.0030962682961936396
0.0030717389300024133
0.0030475742418381996
0.0030237663563455353
0.00300030762003038
0.002977190593579087
0.002954408044491974
0.002931952940016631
0.0029098184403668886
0.00288799789221427
0.002866484822439069
0.002845272932129364
0.0028243560908165336
0.002803728330936408
0.002783383842506172
0.0027633169680069763
0.002743522197463423
0.0027239941637108886
0.0027047276378427566
0.0026857175248293057
0.0026669588593010787
0.0026484468014895102
0.002630176633318006
0.00261214375463709
0.002594343679597504
0.0025767720331554755
0.002559424547704388
0.002542297059827911
0.0025253855071692144
0.002508685925411775
0.002492194445366834
0.002475907290163576
0.0024598207725374886
0.0024439312922131815
0.0024282353333777065
0.002412729462240888
0.002397410324679176
0.0023822746439596224
0.00236731921854105
0.0023525409199490945
0.002337936690722601
0.0023235035424283
0.0023092385537413058
0.0022951388685889572
0.0022812016943554044
0.00226742430014486
0.0022538040151011142
0.002240338226781381
0.0022270243795823254
0.0022138599732163342
0.0022008425612363262
0.0021879697496070922
0.0021752391953217
0.002162648605061101
0.0021501957338956323
0.0021378783840265807
0.002125694403566796
0.002113641685358447
0.0021017181658271556
0.0020899218238707444
0.002078250679781729
0.0020667027942021543
0.0020552762671097497
0.0020439692368343786
0.0020327798791035623
0.002021706406116234
0.0020107470656437355
0.0019999001401570446
0.001989163945979489
0.0019785368324639224
0.0019680171811937135
0.0019576034052066235
0.0019472939482408384
0.0019370872840025696
0.0019269819154542126
0.0019169763741227488
0.001907069219427402
0.001897259038026193
0.0018875444431805941
0.0018779240741378178
0.0018683965955300862
0.001858960696790415
0.0018496150915843904
0.0018403585172573128
0.001831189734296387
0.00182210752580741
0.0018131106970054654
0.0018041980747192832
0.0017953685069087419
0.0017866208621952035
0.0017779540294042312
0.0017693669171203142
0.0017608584532532133
0.001752427584615747
0.0017440732765122988
0.0017357945123381944
0.0017275902931892582
0.0017194596374813743
0.0017114015805798424
0.0017034151744380502
0.0016954994872453938
0.001687653603083987
0.0016798766215940643
0.001672167657647695
0.0016645258410306445
0.0016569503161321594
0.0016494402416423885
0.001641994790257229
0.001634613148390454
0.001627294515892845
0.0016200381057781773
0.0016128431439557994
0.0016057088689697286
0.0015986345317439536
0.001591619395333896
0.0015846627346837669
0.001577763836389697
0.0015709219984684566
0.001564136530131692
0.0015574067515653765
0.0015507319937144957
0.0015441115980727148
0.0015375449164769777
0.0015310313109067573
0.0015245701532880882
0.0015181608253019493
0.0015118027181971465
0.0015054952326073725
0.0014992377783725258
0.0014930297743639528
0.0014868706483137314
0.0014807598366477484
0.0014746967843225025
0.0014686809446655836
0.0014627117792196786
0.0014567887575900344
0.0014509113572952587
0.0014450790636214958
0.0014392913694796542
0.0014335477752659043
0.001427847788725085
0.001422190924817155
0.0014165767055865056
0.0014110046600340617
0.001405474323992177
0.0013999852400021552
0.0013945369571944136
0.0013891290311712043
0.0013837610238917437
0.0013784325035598667
0.0013731430445139835
0.0013678922271193443
0.001362679637662548
0.0013575048682483055
0.0013523675166982449
0.0013472671864519106
0.0013422034864697182
0.001337176031137953
0.0013321844401757228
0.001327228338543718
0.0013223073563549729
0.0013174211287873161
0.0013125692959976161
0.0013077515030378004
0.001302967399772501
0.0012982166407983855
0.0012934988853650765
0.0012888137972976697
0.0012841610449207343
0.0012795403009838785
0.0012749512425887389
0.0012703935511174016
0.0012658669121622603
0.0012613710154571838
0.0012569055548100959
0.0012524702280367875
0.0012480647368960443
0.001243688787026046
0.0012393420878819331
0.0012350243526745974
0.0012307352983106515
0.0012264746453335342
0.0012222421178656859
0.001218037443551915
0.0012138603535037263
0.0012097105822447638
0.0012055878676572418
0.0012014919509294169
0.0011974225765039785
0.001193379492027426
0.0011893624483004387
0.001185371199229038
0.0011814055017767772
0.00117746511591771
0.0011735498045902623
0.0011696593336519819
0.00116579347183503
0.0011619519907025222
0.0011581346646057002
0.0011543412706417565
0.0011505715886125552
0.0011468254009840326
0.0011431024928462603
0.0011394026518743415
0.001135725668289905
0.0011320713348233358
0.0011284394466766227
0.0011248298014869492
0.001121242199290802
0.0011176764424888014
0.0011141323358111236
0.001110609686283485
0.0011071083031938007
0.0011036279980593123
0.0011001685845943925
0.0010967298786787921
0.001093311698326553
0.0010899138636553522
0.0010865361968564276
0.0010831785221649837
0.0010798406658311369
0.0010765224560912898
0.0010732237231400794
0.001069944299102698
0.0010666840180077605
0.001063442715760607
0.0010602202301169656
0.0010570164006572318
0.001053831068760976
0.0010506640775820213
0.0010475152720238632
0.0010443844987155248
0.0010412716059877694
0.001038176443849735
0.0010350988639659731
0.0010320387196338016
0.0010289958657610618
0.0010259701588442413
0.0010229614569469553
0.0010199696196787195
0.0010169945081741497
0.0010140359850724376
0.001011093914497155
0.0010081681620364258
0.0010052585947233487
0.0010023650810167943
9.994874907824722E-4
9.96625695274297E-4
9.937795671160477E-4
9.909489802833482E-4
9.88133810085878E-4
9.853339331498962E-4
9.825492274010415E-4
9.797795720473685E-4
9.770248475626856E-4
9.742849356701176E-4
9.715597193259636E-4
9.688490827037319E-4
9.66152911178511E-4
9.634710913115062E-4
9.608035108348671E-4
9.581500586367036E-4
9.5551062474633E-4
9.528851003198051E-4
9.502733776255786E-4
9.476753500304568E-4
9.45090911985701E-4
9.425199590134057E-4
9.399623876930076E-4
9.374180956480599E-4
9.348869815331804E-4
9.323689450211734E-4
9.298638867903728E-4
9.273717085121611E-4
9.248923128386685E-4
9.224256033906693E-4
9.199714847456355E-4
9.175298624259673E-4
9.151006428874245E-4
9.126837335076952E-4
9.102790425751443E-4
9.078864792777164E-4
9.055059536920256E-4
9.031373767725593E-4
9.007806603410962E-4
8.984357170762046E-4
8.961024605029578E-4
8.937808049827686E-4
8.914706657033629E-4
8.891719586688975E-4
8.868846006902353E-4
8.846085093753577E-4
8.823436031198914E-4
8.800898010977745E-4
8.77847023252065E-4
8.756151902858944E-4
8.733942236534985E-4
8.711840455514403E-4
8.689845789098738E-4
8.667957473840237E-4
8.646174753456879E-4
8.624496878749503E-4
8.602923107519334E-4
8.581452704486987E-4
8.560084941212717E-4
8.538819096017419E-4
8.517654453904932E-4
8.496590306485649E-4
8.475625951900249E-4
8.454760694745808E-4
8.433993846001769E-4
8.413324722957611E-4
8.392752649141217E-4
8.37227695424802E-4
8.351896974071562E-4
8.331612050434869E-4
8.31142153112224E-4
8.291324769812736E-4
8.271321126014041E-4
8.251409964997255E-4
8.231590657732552E-4
8.211862580826159E-4
8.19222511645748E-4
8.17267765231731E-4
8.153219581547102E-4
8.133850302678857E-4
8.114569219575561E-4
8.095375741372878E-4
8.076269282421202E-4
8.057249262228808E-4
8.038315105405267E-4
8.019466241606342E-4
8.000702105478602E-4
7.98202213660578E-4
7.963425779455088E-4
7.944912483324414E-4
7.926481702290739E-4
7.90813289515796E-4
7.889865525406999E-4
7.871679061145172E-4
7.85357297505681E-4
7.835546744354626E-4
7.817599850731556E-4
7.799731780312857E-4
7.781942023609445E-4
7.764230075471443E-4
7.746595435042215E-4
7.729037605713425E-4
7.711556095079971E-4
7.694150414896427E-4
7.676820081033098E-4
7.659564613433031E-4
7.642383536069773E-4
7.625276376905281E-4
7.608242667848496E-4
7.591281944714528E-4
7.574393747184061E-4
7.557577618763939E-4
7.540833106746959E-4
7.524159762173698E-4
7.50755713979361E-4
7.491024798027322E-4
7.47456229892883E-4
7.458169208148682E-4
7.441845094897381E-4
7.425589531908955E-4
7.409402095405529E-4
7.393282365061719E-4
7.377229923970247E-4
7.361244358606961E-4
7.345325258796989E-4
7.329472217681396E-4
7.313684831683487E-4
7.297962700476326E-4
7.282305426950202E-4
7.266712617180394E-4
7.25118388039591E-4
7.235718828947743E-4
7.220317078278235E-4
7.204978246890406E-4
7.1897019563179E-4
7.174487831094879E-4
7.15933549872673E-4
7.144244589660852E-4
7.129214737257965E-4
7.114245577763405E-4
7.099336750279097E-4
7.084487896735914E-4
7.069698661865936E-4
7.054968693175406E-4
7.040297640917806E-4
7.025685158067463E-4
7.011130900293114E-4
6.996634525932013E-4
6.982195695964452E-4
6.967814073988231E-4
6.953489326193562E-4
6.939221121338648E-4
6.92500913072476E-4
6.910853028172246E-4
6.89675248999652E-4
6.88270719498451E-4
6.868716824371204E-4
6.854781061816451E-4
6.840899593382175E-4
6.827072107509659E-4
6.813298294997336E-4
6.799577848978541E-4
6.785910464899731E-4
6.772295840498803E-4
6.758733675783819E-4
6.745223673011692E-4
6.731765536667433E-4
6.718358973443527E-4
6.705003692219166E-4
6.691699404040469E-4
6.678445822100135E-4
6.665242661717855E-4
6.652089640320752E-4
6.638986477423858E-4
6.625932894611216E-4
6.612928615516788E-4
6.599973365805762E-4
6.587066873156159E-4
6.574208867240465E-4
6.561399079707358E-4
6.548637244163999E-4
6.535923096158228E-4
6.52325637316098E-4
6.510636814549123E-4
6.498064161588016E-4
6.485538157414703E-4
6.473058547021379E-4
6.460625077238089E-4
6.448237496717007E-4
6.43589555591587E-4
6.423599007081768E-4
6.411347604235528E-4
6.399141103155632E-4
6.38697926136301E-4
6.374861838105349E-4
6.362788594341862E-4
6.350759292728321E-4
6.338773697602046E-4
6.326831574967272E-4
6.314932692480144E-4
6.303076819434758E-4
6.291263726748376E-4
6.279493186947685E-4
6.267764974154356E-4
6.256078864071591E-4
6.244434633970045E-4
6.232832062674444E-4
6.221270930549987E-4
6.209751019489213E-4
6.198272112898632E-4
6.18683399568591E-4
6.175436454246768E-4
6.164079276452302E-4
6.152762251636298E-4
6.141485170582926E-4
6.130247825513927E-4
6.119050010076829E-4
6.107891519332467E-4
6.096772149743204E-4
6.085691699160915E-4
6.074649966815259E-4
6.063646753302032E-4
6.052681860571602E-4
6.041755091917521E-4
6.030866251965324E-4
6.02001514666106E-4
6.009201583260675E-4
5.998425370318498E-4
5.987686317676837E-4
5.976984236455008E-4
5.96631893903875E-4
5.955690239069786E-4
5.945097951435108E-4
5.934541892257013E-4
5.924021878882631E-4
5.913537729873989E-4
5.903089264997679E-4
5.892676305215293E-4
5.882298672673514E-4
5.871956190694137E-4
5.861648683764622E-4
5.851375977528755E-4
5.841137898776655E-4
5.830934275436112E-4
5.820764936562698E-4
5.810629712330937E-4
5.800528434025207E-4
5.790460934030543E-4
5.780427045824006E-4
5.770426603965627E-4
5.760459444089784E-4
5.750525402896448E-4
5.740624318142856E-4
5.730756028634587E-4
5.720920374217616E-4
5.711117195769771E-4
5.701346335192379E-4
5.691607635402341E-4
5.681900940323834E-4
5.672226094880394E-4
5.662582944986996E-4
5.652971337542097E-4
5.643391120419894E-4
5.633842142462771E-4
5.624324253473279E-4
5.614837304206964E-4
5.605381146364663E-4
5.595955632584963E-4
5.586560616437166E-4
5.577195952413798E-4
5.567861495923235E-4
5.558557103282887E-4
5.549282631711935E-4
5.540037939324263E-4
5.530822885121527E-4
5.521637328986317E-4
5.512481131675342E-4
5.503354154812556E-4
5.494256260882599E-4
5.485187313223954E-4
5.476147176022648E-4
5.467135714305448E-4
5.458152793933586E-4
5.449198281596295E-4
5.440272044804379E-4
5.431373951884225E-4
5.422503871971279E-4
5.413661675003816E-4
5.404847231717212E-4
5.396060413637531E-4
5.387301093075668E-4
5.378569143121414E-4
5.369864437637449E-4
5.361186851253675E-4
5.352536259361253E-4
5.343912538106939E-4
5.335315564387417E-4
5.326745215843738E-4
5.318201370855402E-4
5.309683908535378E-4
5.301192708724095E-4
5.292727651984307E-4
5.284288619595534E-4
5.275875493548925E-4
5.267488156541751E-4
5.259126491972393E-4
5.25079038393486E-4
5.242479717213835E-4
5.234194377279535E-4
5.225934250282609E-4
5.217699223049245E-4
5.209489183075941E-4
5.201304018524895E-4
5.193143618218799E-4
5.185007871636256E-4
5.176896668906879E-4
5.168809900806458E-4
5.160747458752373E-4
5.15270923479893E-4
5.144695121632419E-4
5.136705012567013E-4
5.128738801539799E-4
5.120796383106523E-4
5.112877652436909E-4
5.104982505310426E-4
5.097110838111553E-4
5.089262547825977E-4
5.081437532035714E-4
5.073635688915021E-4
5.065856917226388E-4
5.05810111631584E-4
5.050368186109215E-4
5.042658027107692E-4
5.034970540383961E-4
5.027305627577881E-4
5.019663190892635E-4
5.012043133090638E-4
5.00444535748968E-4
4.996869767958795E-4
4.989316268914467E-4
4.981784765316889E-4
4.9742751626658E-4
4.96678736699708E-4
4.959321284878674E-4
4.951876823406892E-4
4.944453890202928E-4
4.937052393408862E-4
4.929672241684221E-4
4.922313344202294E-4
4.91497561064664E-4
4.907658951207299E-4
4.900363276577559E-4
4.893088497950215E-4
4.885834527014186E-4
4.8786012759512127E-4
4.8713886574321347E-4
4.864196584613949E-4
4.857024971135793E-4
4.849873731116507E-4
4.842742779150445E-4
4.8356320303048436E-4
4.828541400116193E-4
4.821470804587294E-4
4.814420160183762E-4
4.807389383831125E-4
4.800378392911635E-4
4.793387105260961E-4
4.7864154391653245E-4
4.779463313358355E-4
4.772530647018068E-4
4.765617359763653E-4
4.758723371652825E-4
4.751848603178665E-4
4.7449929752665904E-4
4.738156409271633E-4
4.7313388269753766E-4
4.724540150583316E-4
4.7177603027215845E-4
4.7109992064345925E-4
4.7042567851819504E-4
4.697532962835798E-4
4.690827663678002E-4
4.6841408123972773E-4
4.6774723340868725E-4
4.670822154241391E-4
4.6641901987544486E-4
4.6575763939159384E-4
4.650980666409312E-4
4.644402943309095E-4
4.6378431520781896E-4
4.631301220565388E-4
4.6247770770028535E-4
4.6182706500034673E-4
4.611781868558321E-4
4.605310662034487E-4
4.5988569601721586E-4
4.592420693082538E-4
4.5860017912451533E-4
4.579600185505694E-4
4.573215807073337E-4
4.566848587518651E-4
4.5604984587710586E-4
4.554165353116523E-4
4.5478492031953354E-4
4.5415499419996136E-4
4.535267502871267E-4
4.529001819499602E-4
4.522752825918938E-4
4.5165204565066416E-4
4.5103046459808374E-4
4.5041053293979916E-4
4.4979224421511034E-4
4.4917559199671945E-4
4.485605698905347E-4
4.479471715354622E-4
4.4733539060317474E-4
4.4672522079791573E-4
4.4611665585630414E-4
4.4550968954709604E-4
4.449043156709974E-4
4.443005280604716E-4
4.436983205795199E-4
4.4309768712347904E-4
4.42498621618845E-4
4.419011180230518E-4
4.4130517032428605E-4
4.407107725413001E-4
4.401179187231988E-4
4.395266029492694E-4
4.389368193287762E-4
4.383485620007864E-4
4.3776182513396126E-4
4.371766029264004E-4
4.365928896054299E-4
4.360106794274318E-4
4.3542996667766986E-4
4.3485074567008793E-4
4.342730107471514E-4
4.3369675627966304E-4
4.331219766665834E-4
4.325486663348595E-4
4.319768197392457E-4
4.3140643136214295E-4
4.3083749571342186E-4
4.302700073302376E-4
4.2970396077689357E-4
4.2913935064464243E-4
4.2857617155154257E-4
4.280144181422728E-4
4.2745408508799656E-4
4.268951670861643E-4
4.26337658860389E-4
4.257815551602576E-4
4.2522685076118113E-4
4.246735404642481E-4
4.241216190960494E-4
4.2357108150853216E-4
4.2302192257885493E-4
4.224741372092098E-4
4.219277203266951E-4
4.21382666883155E-4
4.208389718550195E-4
4.2029663024317835E-4
4.1975563707281324E-4
4.1921598739325935E-4
4.186776762778526E-4
4.18140698823795E-4
4.176050501520175E-4
4.1707072540700797E-4
4.165377197567026E-4
4.160060283923291E-4
4.1547564652826723E-4
4.1494656940191556E-4
4.1441879227354386E-4
4.1389231042617713E-4
4.1336711916543727E-4
4.1284321381942655E-4
4.123205897385756E-4
4.11799242295534E-4
4.1127916688500974E-4
4.107603589236662E-4
4.1024281384998036E-4
4.097265271241032E-4
4.092114942277629E-4
4.086977106640955E-4
4.0818517195755327E-4
4.07673873653761E-4
4.0716381131939756E-4
4.0665498054208053E-4
4.0614737693022064E-4
4.0564099611292145E-4
4.05135833739862E-4
4.046318854811425E-4
4.0412914702720696E-4
4.0362761408869953E-4
4.031272823963502E-4
4.0262814770086806E-4
4.021302057728123E-4
4.016334524024897E-4
4.0113788339982137E-4
4.006434945942571E-4
4.001502818346315E-4
3.996582409890791E-4
3.991673679449013E-4
3.986776586084792E-4
3.9818910890512837E-4
3.9770171477903385E-4
3.9721547219310636E-4
3.967303771288943E-4
3.9624642558646397E-4
3.9576361358431333E-4
3.952819371592316E-4
3.948013923662464E-4
3.9432197527846025E-4
3.9384368198700165E-4
3.933665086008793E-4
3.9289045124690954E-4
3.924155060696069E-4
3.9194166923107424E-4
3.914689369109111E-4
3.9099730530612383E-4
3.9052677063100864E-4
3.900573291170585E-4
3.895889770128813E-4
3.8912171058408753E-4
3.886555261131976E-4
3.8819041989954857E-4
3.87726388259203E-4
3.872634275248506E-4
3.8680153404570863E-4
3.863407041874509E-4
3.858809343320899E-4
3.8542222087790257E-4
3.8496456023933475E-4
3.8450794884690157E-4
3.8405238314712174E-4
3.8359785960240267E-4
3.831443746909618E-4
3.826919249067524E-4
3.8224050675935106E-4
3.8179011677388864E-4
3.8134075149096356E-4
3.8089240746654626E-4
3.8044508127190433E-4
3.799987694935143E-4
3.795534687329761E-4
3.7910917560692964E-4
3.7866588674698507E-4
3.782235987996129E-4
3.7778230842609484E-4
3.773420123024131E-4
3.7690270711919277E-4
3.764643895816154E-4
3.7602705640932786E-4
3.7559070433637837E-4
3.7515533011112855E-4
3.747209304961797E-4
3.742875022683018E-4
3.738550422183337E-4
3.7342354715113766E-4
3.729930138855052E-4
3.7256343925407736E-4
3.721348201032831E-4
3.717071532932535E-4
3.712804356977607E-4
3.708546642041291E-4
3.7042983571317556E-4
3.700059471391276E-4
3.69582995409549E-4
3.691609774652934E-4
3.6873989026038547E-4
3.683197307620001E-4
3.679004959503682E-4
3.674821828186951E-4
3.6706478837311555E-4
3.666483096326177E-4
3.662327436289604E-4
3.658180874066303E-4
3.6540433802273854E-4
3.649914925469964E-4
3.6457954806161353E-4
3.6416850166124716E-4
3.6375835045293934E-4
3.6334909155604503E-4
3.629407221021559E-4
3.625332392350671E-4
3.6212664011067773E-4
3.6172092189694713E-4
3.613160817738381E-4
3.609121169332241E-4
3.605090245788597E-4
3.6010680192629215E-4
3.5970544620282424E-4
3.5930495464743344E-4
3.5890532451070967E-4
3.585065530548153E-4
3.5810863755339885E-4
3.5771157529156236E-4
3.573153635657765E-4
3.56919999683826E-4
3.565254809647693E-4
3.561318047388645E-4
3.55738968347509E-4
3.553469691431943E-4
3.5495580448942636E-4
3.545654717607029E-4
3.54175968342422E-4
3.537872916308476E-4
3.53399439033043E-4
3.5301240796682014E-4
3.526261958606862E-4
3.5224080015377936E-4
3.5185621829582705E-4
3.5147244774707165E-4
3.51089485978244E-4
3.5070733047048926E-4
3.503259787153234E-4
3.499454282145667E-4
3.4956567648030627E-4
3.491867210348427E-4
3.48808559410624E-4
3.484311891502169E-4
3.4805460780622406E-4
3.47678812941262E-4
3.4730380212790206E-4
3.469295729486097E-4
3.4655612299570155E-4
3.461834498712983E-4
3.4581155118727037E-4
3.454404245651989E-4
3.450700676363049E-4
3.4470047804142055E-4
3.44331653430943E-4
3.4396359146475947E-4
3.435962898122394E-4
3.4322974615214177E-4
3.428639581726122E-4
3.4249892357110073E-4
3.4213464005433897E-4
3.417711053382809E-4
3.41408317148056E-4
3.4104627321793744E-4
3.4068497129127544E-4
3.403244091204681E-4
3.3996458446691535E-4
3.396054951009637E-4
3.39247138801874E-4
3.388895133577707E-4
3.3853261656559145E-4
3.38176446231065E-4
3.378210001686329E-4
3.3746627620145144E-4
3.3711227216130427E-4
3.367589858885928E-4
3.3640641523227053E-4
3.360545580498119E-4
3.357034122071828E-4
3.3535297557876824E-4
3.3500324604735947E-4
3.3465422150409955E-4
3.343058998484394E-4
3.339582789881059E-4
3.3361135683905563E-4
3.3326513132543996E-4
3.329196003795603E-4
3.325747619418243E-4
3.3223061396072187E-4
3.3188715439276523E-4
3.3154438120247277E-4
3.3120229236230283E-4
3.308608858526412E-4
3.305201596617481E-4
3.301801117857228E-4
3.298407402284638E-4
3.2950204300163867E-4
3.2916401812464E-4
3.2882666362454854E-4
3.28489977536098E-4
3.2815395790163293E-4
3.2781860277107807E-4
3.274839102019085E-4
3.2714987825909907E-4
3.2681650501508553E-4
3.2648378854975373E-4
3.261517269503789E-4
3.258203183115995E-4
3.2548956073538194E-4
3.2515945233098636E-4
3.2482999121493327E-4
3.245011755109605E-4
3.241730033499981E-4
3.238454728701297E-4
3.2351858221656344E-4
3.23192329541589E-4
3.228667130045517E-4
3.2254173077181673E-4
3.222173810167341E-4
3.2189366191960844E-4
3.2157057166766684E-4
3.21248108455015E-4
3.209262704826258E-4
3.2060505595829037E-4
3.2028446309658733E-4
3.199644901188544E-4
3.196451352531659E-4
3.193263967342756E-4
3.190082728036172E-4
3.186907617092449E-4
3.183738617058179E-4
3.180575710545741E-4
3.177418880232781E-4
3.174268108862133E-4
3.171123379241333E-4
3.1679846742425753E-4
3.164851976802028E-4
3.161725269919873E-4
3.158604536659884E-4
3.1554897601490867E-4
3.152380923577504E-4
3.1492780101979065E-4
3.1461810033254616E-4
3.143089886337474E-4
3.1400046426730666E-4
3.136925255832994E-4
3.13385170937913E-4
3.130783986934509E-4
3.127722072182778E-4
3.1246659488680037E-4
3.121615600794464E-4
3.118571011826223E-4
3.115532165887044E-4
3.112499046959972E-4
3.109471639087091E-4
3.1064499263692784E-4
3.103433892965848E-4
3.100423523094526E-4
3.097418801030887E-4
3.0944197111082785E-4
3.091426237717476E-4
3.088438365306424E-4
3.0854560783800174E-4
3.0824793614998364E-4
3.0795081992839046E-4
3.0765425764062897E-4
3.0735824775970764E-4
3.07062788764198E-4
3.067678791381956E-4
3.064735173713391E-4
3.0617970195873415E-4
3.058864314009613E-4
3.0559370420403043E-4
3.053015188793828E-4
3.050098739438424E-4
3.047187679195996E-4
3.044281993341894E-4
3.0413816672046303E-4
3.0384866861657016E-4
3.03559703565933E-4
3.032712701172194E-4
3.0298336682431544E-4
3.026959922463176E-4
3.024091449474962E-4
3.0212282349727774E-4
3.018370264702111E-4
3.015517524459652E-4
3.0126700000928844E-4
3.0098276774999415E-4
3.0069905426293836E-4
3.004158581479918E-4
3.0013317801002063E-4
2.9985101245887075E-4
2.9956936010933137E-4
2.992882195811304E-4
2.9900758949889767E-4
2.9872746849214876E-4
2.9844785519527015E-4
2.981687482474862E-4
2.978901462928478E-4
2.9761204798020005E-4
2.973344519631773E-4
2.9705735690016007E-4
2.967807614542771E-4
2.9650466429336945E-4
2.9622906408997775E-4
2.959539595213125E-4
2.956793492692459E-4
2.9540523202027874E-4
2.9513160646552967E-4
2.9485847130071596E-4
2.9458582522612174E-4
2.9431366694659066E-4
2.94041995171501E-4
2.93770808614736E-4
2.9350010599469125E-4
2.932298860342255E-4
2.9296014746065793E-4
2.926908890057441E-4
2.92422109405663E-4
2.9215380740098024E-4
2.9188598173665E-4
2.9161863116198303E-4
2.913517544306396E-4
2.910853503005928E-4
2.9081941753412565E-4
2.905539548978052E-4
2.902889611624686E-4
2.900244351032026E-4
2.8976037549932284E-4
2.8949678113435157E-4
2.892336507960175E-4
2.8897098327622053E-4
2.887087773710213E-4
2.8844703188061094E-4
2.8818574560932037E-4
2.87924917365578E-4
2.8766454596189785E-4
2.8740463021487036E-4
2.8714516894513446E-4
2.8688616097736797E-4
2.866276051402698E-4
2.863695002665348E-4
2.861118451928488E-4
2.858546387598615E-4
2.855978798121767E-4
2.8534156719833115E-4
2.850856997707752E-4
2.8483027638586994E-4
2.84575295903857E-4
2.8432075718884305E-4
2.840666591087865E-4
2.8381300053548854E-4
2.835597803445664E-4
2.8330699741543083E-4
2.8305465063130277E-4
2.828027388791539E-4
2.8255126104972434E-4
2.823002160374843E-4
2.820496027406336E-4
2.8179942006108396E-4
2.815496669044386E-4
2.813003421799748E-4
2.8105144480063165E-4
2.8080297368300307E-4
2.8055492774730945E-4
2.8030730591738933E-4
2.800601071206834E-4
2.7981333028821704E-4
2.795669743545922E-4
2.793210382579618E-4
2.790755209400263E-4
2.788304213460097E-4
2.7858573842465327E-4
2.783414711281975E-4
2.7809761841235566E-4
2.778541792363236E-4
2.7761115256275104E-4
2.7736853735771806E-4
2.771263325907478E-4
2.7688453723475964E-4
2.7664315026608416E-4
2.7640217066443075E-4
2.761615974128843E-4
2.759214294978737E-4
2.756816659091907E-4
2.754423056399408E-4
2.752033476865511E-4
2.749647910487482E-4
2.747266347295546E-4
2.7448887773526574E-4
2.7425151907543047E-4
2.740145577628522E-4
2.7377799281357197E-4
2.735418232468557E-4
2.733060480851682E-4
2.730706663541768E-4
2.728356770827362E-4
2.726010793028561E-4
2.723668720497223E-4
2.721330543616502E-4
2.7189962528009667E-4
2.7166658384963113E-4
2.7143392911793565E-4
2.7120166013577975E-4
2.709697759570184E-4
2.707382756385776E-4
2.705071582404288E-4
2.702764228256006E-4
2.700460684601516E-4
2.698160942131512E-4
2.69586499156688E-4
2.6935728236583765E-4
2.691284429186637E-4
2.688999798961983E-4
2.686718923824391E-4
2.684441794643227E-4
2.682168402317296E-4
2.6798987377746255E-4
2.6776327919723555E-4
2.675370555896658E-4
2.673112020562535E-4
2.670857177013853E-4
2.668606016323134E-4
2.66635852959138E-4
2.6641147079481007E-4
2.661874542551084E-4
2.6596380245863814E-4
2.6574051452680884E-4
2.6551758958383417E-4
2.652950267567096E-4
2.6507282517521325E-4
2.6485098397188527E-4
2.646295022820222E-4
2.644083792436658E-4
2.6418761399758773E-4
2.6396720568728165E-4
2.637471534589597E-4
2.635274564615293E-4
2.6330811384658816E-4
2.630891247684128E-4
2.6287048838395655E-4
2.6265220385281906E-4
2.6243427033726297E-4
2.622166870021786E-4
2.6199945301508184E-4
2.617825675461192E-4
2.615660297680297E-4
2.613498388561592E-4
2.611339939884334E-4
2.6091849434536343E-4
2.607033391100171E-4
2.6048852746803064E-4
2.602740586075704E-4
2.6005993171935725E-4
2.598461459966313E-4
2.5963270063514873E-4
2.5941959483317294E-4
2.592068277914671E-4
2.589943987132831E-4
2.5878230680435063E-4
2.5857055127286624E-4
2.5835913132948765E-4
2.581480461873243E-4
2.5793729506192093E-4
2.577268771712544E-4
2.5751679173573275E-4
2.573070379781613E-4
2.570976151237581E-4
2.568885224001345E-4
2.5667975903727975E-4
2.564713242675639E-4
2.562632173257256E-4
2.5605543744885577E-4
2.5584798387639715E-4
2.5564085585012787E-4
2.554340526141598E-4
2.5522757341492396E-4
2.5502141750116897E-4
2.5481558412393805E-4
2.546100725365759E-4
2.544048819947119E-4
2.5420001175625444E-4
2.5399546108137677E-4
2.537912292325151E-4
2.535873154743581E-4
2.533837190738339E-4
2.53180439300111E-4
2.529774754245788E-4
2.527748267208465E-4
2.525724924647313E-4
2.523704719342518E-4
2.521687644096241E-4
2.5196736917323546E-4
2.5176628550966664E-4
2.515655127056548E-4
2.5136505005009615E-4
2.5116489683404725E-4
2.50965052350698E-4
2.507655158953826E-4
2.505662867655565E-4
2.503673642607972E-4
2.501687476827928E-4
2.499704363353356E-4
2.497724295243086E-4
2.495747265577005E-4
2.4937732674555467E-4
2.491802294000023E-4
2.4898343383523644E-4
2.4878693936750525E-4
2.485907453151095E-4
2.4839485099838963E-4
2.481992557397166E-4
2.480039588634927E-4
2.478089596961328E-4
2.4761425756607584E-4
2.4741985180375006E-4
2.472257417415839E-4
2.4703192671400283E-4
2.4683840605740275E-4
2.4664517911016684E-4
2.464522452126311E-4
2.4625960370710197E-4
2.460672539378298E-4
2.4587519525102287E-4
2.4568342699481E-4
2.454919485192676E-4
2.45300759176384E-4
2.451098583200731E-4
2.4491924530615475E-4
2.447289194923504E-4
2.445388802382787E-4
2.443491269054457E-4
2.4415965885724153E-4
2.4397047545893008E-4
2.4378157607764331E-4
2.4359296008237238E-4
2.4340462684396857E-4
2.4321657573512612E-4
2.4302880613038066E-4
2.4284131740610472E-4
2.426541089404938E-4
2.4246718011356624E-4
2.4228053030716037E-4
2.4209415890491428E-4
2.4190806529226846E-4
2.41722248856462E-4
2.4153670898652028E-4
2.4135144507324305E-4
2.411664565092212E-4
2.4098174268879735E-4
2.4079730300808112E-4
2.406131368649543E-4
2.4042924365901734E-4
2.4024562279164048E-4
2.4006227366591857E-4
2.3987919568668352E-4
2.396963882604831E-4
2.3951385079558986E-4
2.3933158270198819E-4
2.3914958339136443E-4
2.3896785227710686E-4
2.3878638877430087E-4
2.386051922997129E-4
2.3842426227179287E-4
2.3824359811067288E-4
2.3806319923814622E-4
2.3788306507766508E-4
2.377031950543577E-4
2.3752358859498315E-4
2.3734424512796365E-4
2.371651640833467E-4
2.3698634489282498E-4
2.3680778698971218E-4
2.3662948980894668E-4
2.364514527870862E-4
2.36273675362294E-4
2.3609615697433992E-4
2.3591889706460028E-4
2.3574189507603345E-4
2.3556515045319246E-4
2.353886626422154E-4
2.3521243109080823E-4
2.3503645524825987E-4
2.348607345654162E-4
2.346852684946851E-4
2.3451005649003103E-4
2.3433509800696594E-4
2.3416039250254546E-4
2.3398593943536482E-4
2.3381173826555145E-4
2.336377884547609E-4
2.3346408946616897E-4
2.332906407644688E-4
2.3311744181586457E-4
2.3294449208806822E-4
2.3277179105029298E-4
2.3259933817324413E-4
2.3242713292912084E-4
2.322551747916066E-4
2.3208346323586054E-4
2.31911997738523E-4
2.3174077777769994E-4
2.3156980283296161E-4
2.3139907238534457E-4
2.3122858591732626E-4
2.3105834291284224E-4
2.3088834285727613E-4
2.307185852374392E-4
2.3054906954158604E-4
2.3037979525939502E-4
2.302107618819751E-4
2.3004196890184407E-4
2.2987341581294445E-4
2.2970510211062483E-4
2.295370272916343E-4
2.2936919085412639E-4
2.2920159229764596E-4
2.2903423112313412E-4
2.288671068329042E-4
2.287002189306672E-4
2.285335669214959E-4
2.2836715031184152E-4
2.282009686095145E-4
2.2803502132370004E-4
2.2786930796492202E-4
2.2770382804506998E-4
2.2753858107738044E-4
2.2737356657642082E-4
2.272087840581108E-4
2.2704423303969594E-4
2.2687991303975609E-4
2.267158235781876E-4
2.2655196417621705E-4
2.2638833435637551E-4
2.2622493364251917E-4
2.2606176155979613E-4
2.25898817634662E-4
2.2573610139487338E-4
2.2557361236947792E-4
2.254113500888117E-4
2.252493140844923E-4
2.2508750388942574E-4
2.2492591903778896E-4
2.247645590650223E-4
2.2460342350784588E-4
2.244425119042372E-4
2.2428182379343066E-4
2.2412135871591944E-4
2.2396111621344035E-4
2.2380109582898234E-4
2.2364129710677206E-4
2.2348171959227288E-4
2.2332236283218474E-4
2.2316322637443777E-4
2.2300430976817854E-4
2.2284561256378252E-4
2.2268713431283855E-4
2.2252887456814977E-4
2.2237083288372884E-4
2.2221300881478432E-4
2.2205540191773594E-4
2.2189801175019502E-4
2.2174083787096445E-4
2.2158387984003966E-4
2.214271372185906E-4
2.2127060956897657E-4
2.2111429645473664E-4
2.2095819744057167E-4
2.208023120923571E-4
2.2064663997713003E-4
2.2049118066309133E-4
2.2033593371960293E-4
2.201808987171699E-4
2.2002607522745424E-4
2.1987146282325553E-4
2.1971706107852394E-4
2.195628695683432E-4
2.1940888786893095E-4
2.192551155576341E-4
2.1910155221293014E-4
2.1894819741441734E-4
2.1879505074280794E-4
2.1864211177993756E-4
2.1848938010875013E-4
2.1833685531329568E-4
2.1818453697873146E-4
2.1803242469131372E-4
2.1788051803839497E-4
2.17728816608426E-4
2.1757731999094004E-4
2.1742602777656209E-4
2.172749395569998E-4
2.171240549250362E-4
2.1697337347453377E-4
2.1682289480042075E-4
2.1667261849870728E-4
2.1652254416645083E-4
2.16372671401782E-4
2.1622299980389334E-4
2.160735289730168E-4
2.1592425851044335E-4
2.1577518801851908E-4
2.1562631710062114E-4
2.1547764536118005E-4
2.1532917240565307E-4
2.1518089784053825E-4
2.1503282127336164E-4
2.1488494231267763E-4
2.1473726056806176E-4
2.1458977565011646E-4
2.1444248717046046E-4
2.1429539474171445E-4
2.1414849797752548E-4
2.140017964925419E-4
2.1385528990241893E-4
2.1370897782380308E-4
2.1356285987435115E-4
2.1341693567270673E-4
2.1327120483850741E-4
2.1312566699238113E-4
2.1298032175593278E-4
2.128351687517528E-4
2.126902076034189E-4
2.1254543793547482E-4
2.124008593734342E-4
2.1225647154378863E-4
2.1211227407398552E-4
2.1196826659244553E-4
2.1182444872854266E-4
2.116808201126116E-4
2.1153738037593288E-4
2.1139412915074818E-4
2.112510660702371E-4
2.1110819076853194E-4
2.1096550288070227E-4
2.1082300204275402E-4
2.1068068789163215E-4
2.1053856006521515E-4
2.1039661820230655E-4
2.1025486194264256E-4
2.101132909268737E-4
2.0997190479657814E-4
2.0983070319425124E-4
2.0968968576330415E-4
2.0954885214805174E-4
2.0940820199372883E-4
2.092677349464681E-4
2.0912745065331204E-4
2.0898734876219712E-4
2.0884742892196442E-4
2.087076907823362E-4
2.0856813399394426E-4
2.0842875820829972E-4
2.0828956307779718E-4
2.0815054825572068E-4
2.0801171339623173E-4
2.0787305815437196E-4
2.0773458218605409E-4
2.0759628514806791E-4
2.0745816669806837E-4
2.0732022649457831E-4
2.071824641969872E-4
2.0704487946554434E-4
2.0690747196135215E-4
2.0677024134637995E-4
2.0663318728344216E-4
2.064963094362042E-4
2.0635960746917921E-4
2.06223081047735E-4
2.0608672983806568E-4
2.0595055350722003E-4
2.058145517230767E-4
2.0567872415434745E-4
2.055430704705808E-4
2.0540759034215174E-4
2.0527228344026474E-4
2.0513714943694598E-4
2.0500218800504884E-4
2.0486739881823225E-4
2.0473278155098973E-4
2.0459833587861505E-4
2.0446406147722122E-4
2.043299580237268E-4
2.0419602519585774E-4
2.04062262672142E-4
2.0392867013191586E-4
2.0379524725530325E-4
2.0366199372323543E-4
2.035289092174335E-4
2.0339599342040915E-4
2.0326324601546437E-4
2.031306666866867E-4
2.0299825511895076E-4
2.0286601099791084E-4
2.0273393401000456E-4
2.0260202384243434E-4
2.0247028018319338E-4
2.0233870272103911E-4
2.0220729114549875E-4
2.020760451468697E-4
2.0194496441620804E-4
2.018140486453443E-4
2.016832975268577E-4
2.0155271075409056E-4
2.01422288021143E-4
2.0129202902286866E-4
2.0116193345486608E-4
2.0103200101349161E-4
2.0090223139583935E-4
2.0077262429975314E-4
2.0064317942382234E-4
2.0051389646736593E-4
2.003847751304454E-4
2.0025581511386327E-4
2.0012701611914736E-4
1.9999837784856058E-4
1.9986990000508834E-4
1.9974158229245384E-4
1.9961342441509076E-4
1.9948542607816527E-4
1.9935758698755432E-4
1.9922990684986507E-4
1.9910238537240805E-4
1.9897502226321192E-4
1.9884781723101888E-4
1.987207699852717E-4
1.9859388023613E-4
1.9846714769445023E-4
1.9834057207179684E-4
1.9821415308043092E-4
1.9808789043331573E-4
1.979617838441043E-4
1.9783583302715102E-4
1.9771003769749443E-4
1.9758439757087062E-4
1.9745891236370273E-4
1.973335817930923E-4
1.972084055768314E-4
1.9708338343339357E-4
1.9695851508192417E-4
1.9683380024225608E-4
1.9670923863489162E-4
1.965848299810114E-4
1.9646057400246294E-4
1.9633647042176404E-4
1.9621251896210015E-4
1.9608871934732473E-4
1.959650713019492E-4
1.958415745511565E-4
1.957182288207733E-4
1.9559503383730035E-4
1.9547198932788357E-4
1.953490950203242E-4
1.9522635064307662E-4
1.9510375592524652E-4
1.9498131059658794E-4
1.948590143874906E-4
1.9473686702900443E-4
1.9461486825280534E-4
1.9449301779122334E-4
1.943713153772162E-4
1.9424976074438336E-4
1.9412835362695688E-4
1.940070937598027E-4
1.9388598087841411E-4
1.9376501471892013E-4
1.9364419501806973E-4
1.9352352151323705E-4
1.9340299394242675E-4
1.932826120442566E-4
1.9316237555797044E-4
1.9304228422342278E-4
1.9292233778109492E-4
1.9280253597207074E-4
1.9268287853805481E-4
1.9256336522135436E-4
1.9244399576489249E-4
1.9232476991219542E-4
1.9220568740739547E-4
1.9208674799523008E-4
1.9196795142103714E-4
1.9184929743075297E-4
1.9173078577091018E-4
1.9161241618864585E-4
1.9149418843168264E-4
1.913761022483428E-4
1.9125815738752953E-4
1.911403535987528E-4
1.910226906320929E-4
1.9090516823822479E-4
1.9078778616840765E-4
1.9067054417447912E-4
1.9055344200886174E-4
1.9043647942455837E-4
1.903196561751414E-4
1.902029720147668E-4
1.9008642669816363E-4
1.8997001998062853E-4
1.898537516180323E-4
1.8973762136682108E-4
1.8962162898399643E-4
1.8950577422713243E-4
1.8939005685436643E-4
1.89274476624404E-4
1.8915903329650062E-4
1.8904372663047382E-4
1.889285563867083E-4
1.8881352232613734E-4
1.8869862421024317E-4
1.885838618010747E-4
1.8846923486122246E-4
1.8835474315382673E-4
1.8824038644257973E-4
1.8812616449172048E-4
1.8801207706603036E-4
1.8789812393083116E-4
1.8778430485199513E-4
1.8767061959592413E-4
1.8755706792957522E-4
1.8744364962042283E-4
1.873303644364867E-4
1.872172121463254E-4
1.8710419251902102E-4
1.869913053241925E-4
1.8687855033198438E-4
1.8676592731307196E-4
1.866534360386588E-4
1.8654107628046846E-4
1.8642884781075206E-4
1.8631675040227874E-4
1.862047838283465E-4
1.8609294786276094E-4
1.8598124227985513E-4
1.85869666854473E-4
1.8575822136196964E-4
1.856469055782241E-4
1.8553571927961722E-4
1.854246622430481E-4
1.853137342459154E-4
1.852029350661327E-4
1.8509226448211517E-4
1.8498172227278853E-4
1.8487130821757264E-4
1.847610220963938E-4
1.8465086368968148E-4
1.8454083277836105E-4
1.844309291438531E-4
1.8432115256807394E-4
1.8421150283344092E-4
1.841019797228605E-4
1.8399258301973062E-4
1.8388331250793422E-4
1.8377416797185785E-4
1.836651491963628E-4
1.8355625596679914E-4
1.8344748806900472E-4
1.8333884528929956E-4
1.8323032741448766E-4
1.8312193423185253E-4
1.8301366552915112E-4
1.8290552109463313E-4
1.8279750071701001E-4
1.826896041854798E-4
1.8258183128970425E-4
1.8247418181982695E-4
1.8236665556645891E-4
1.8225925232068045E-4
1.82151971874048E-4
1.820448140185738E-4
1.8193777854674554E-4
1.8183086525151119E-4
1.8172407392628428E-4
1.8161740436494086E-4
1.8151085636182126E-4
1.8140442971171497E-4
1.8129812420988214E-4
1.8119193965203395E-4
1.8108587583433842E-4
1.8097993255341907E-4
1.808741096063508E-4
1.807684067906632E-4
1.8066282390433476E-4
1.8055736074579985E-4
1.804520171139323E-4
1.803467928080518E-4
1.802416876279388E-4
1.8013670137380415E-4
1.8003183384630758E-4
1.799270848465522E-4
1.7982245417607538E-4
1.7971794163686684E-4
1.7961354703134306E-4
1.7950927016236614E-4
1.7940511083322164E-4
1.7930106884765125E-4
1.791971440098113E-4
1.7909333612429744E-4
1.7898964499614255E-4
1.788860704308018E-4
1.7878261223415703E-4
1.7867927021253385E-4
1.7857604417266445E-4
1.7847293392171968E-4
1.7836993926728878E-4
1.782670600173919E-4
1.7816429598045968E-4
1.780616469653541E-4
1.7795911278135229E-4
1.77856693238146E-4
1.7775438814585345E-4
1.776521973150039E-4
1.7755012055653877E-4
1.7744815768182322E-4
1.7734630850262603E-4
1.7724457283113012E-4
1.7714295047993405E-4
1.7704144126203818E-4
1.7694004499085636E-4
1.768387614802075E-4
1.7673759054432253E-4
1.7663653199782964E-4
1.7653558565576454E-4
1.764347513335645E-4
1.76334028847073E-4
1.762334180125291E-4
1.7613291864657324E-4
1.760325305662452E-4
1.75932253588982E-4
1.7583208753261864E-4
1.757320322153839E-4
1.7563208745589756E-4
1.7553225307317865E-4
1.754325288866334E-4
1.753329147160645E-4
1.75233410381661E-4
1.7513401570399889E-4
1.7503473050404996E-4
1.7493555460316534E-4
1.748364878230828E-4
1.747375299859305E-4
1.7463868091421495E-4
1.7453994043082466E-4
1.7444130835903682E-4
1.7434278452250376E-4
1.7424436874525747E-4
1.7414606085171155E-4
1.740478606666553E-4
1.739497680152555E-4
1.738517827230539E-4
1.7375390461596543E-4
1.7365613352028446E-4
1.7355846926267376E-4
1.7346091167016472E-4
1.7336346057016298E-4
1.732661157904491E-4
1.7316887715916265E-4
1.7307174450481593E-4
1.7297471765628794E-4
1.7287779644282306E-4
1.7278098069402884E-4
1.726842702398816E-4
1.7258766491071284E-4
1.724911645372232E-4
1.7239476895046982E-4
1.7229847798187352E-4
1.7220229146320924E-4
1.7210620922661427E-4
1.7201023110458092E-4
1.7191435692995633E-4
1.718185865359493E-4
1.7172291975611618E-4
1.716273564243682E-4
1.7153189637497028E-4
1.7143653944253577E-4
1.7134128546203995E-4
1.7124613426878872E-4
1.7115108569845045E-4
1.7105613958703946E-4
1.709612957709166E-4
1.7086655408678382E-4
1.7077191437169672E-4
1.7067737646304427E-4
1.705829401985672E-4
1.704886054163487E-4
1.703943719548065E-4
1.703002396527053E-4
1.7020620834914978E-4
1.7011227788357497E-4
1.7001844809576416E-4
1.6992471882583133E-4
1.698310899142304E-4
1.6973756120174902E-4
1.6964413252950882E-4
1.6955080373896005E-4
1.6945757467189856E-4
1.6936444517043974E-4
1.6927141507703248E-4
1.6917848423446104E-4
1.69085652485835E-4
1.689929196745874E-4
1.689002856444904E-4
1.6880775023963218E-4
1.6871531330443144E-4
1.6862297468363038E-4
1.6853073422229737E-4
1.684385917658243E-4
1.6834654715991833E-4
1.6825460025062007E-4
1.6816275088427706E-4
1.6807099890757136E-4
1.6797934416749297E-4
1.6788778651135488E-4
1.6779632578678628E-4
1.6770496184173405E-4
1.6761369452445652E-4
1.675225236835338E-4
1.6743144916785778E-4
1.673404708266307E-4
1.6724958850936815E-4
1.671588020659E-4
1.6706811134636996E-4
1.6697751620122072E-4
1.6688701648121562E-4
1.6679661203741907E-4
1.6670630272120566E-4
1.6661608838426515E-4
1.6652596887857684E-4
1.6643594405643807E-4
1.6634601377044507E-4
1.66256177873502E-4
1.6616643621881604E-4
1.6607678865989013E-4
1.6598723505053243E-4
1.6589777524485746E-4
1.6580840909727101E-4
1.6571913646248082E-4
1.6562995719549605E-4
1.6554087115161988E-4
1.6545187818645487E-4
1.653629781558989E-4
1.6527417091614176E-4
1.6518545632367395E-4
1.650968342352768E-4
1.650083045080242E-4
1.6491986699928044E-4
1.6483152156670865E-4
1.6474326806825405E-4
1.6465510636215898E-4
1.645670363069518E-4
1.644790577614481E-4
1.643911705847565E-4
1.6430337463626586E-4
1.6421566977565708E-4
1.6412805586289738E-4
1.6404053275823464E-4
1.6395310032220052E-4
1.638657584156208E-4
1.6377850689958576E-4
1.6369134563548425E-4
1.6360427448497953E-4
1.6351729331002076E-4
1.6343040197282276E-4
1.6334360033590063E-4
1.6325688826202835E-4
1.631702656142737E-4
1.6308373225597166E-4
1.6299728805073735E-4
1.6291093286246032E-4
1.6282466655530615E-4
1.6273848899371555E-4
1.6265240004240247E-4
1.625663995663524E-4
1.624804874308233E-4
1.623946635013501E-4
1.6230892764373074E-4
1.622232797240389E-4
1.621377196086159E-4
1.6205224716407207E-4
1.6196686225728533E-4
1.618815647554028E-4
1.6179635452584102E-4
1.6171123143627646E-4
1.6162619535465303E-4
1.6154124614918571E-4
1.6145638368834778E-4
1.6137160784087436E-4
1.6128691847576958E-4
1.6120231546229482E-4
1.6111779866998066E-4
1.610333679686056E-4
1.6094902322822291E-4
1.6086476431913322E-4
1.6078059111190746E-4
1.606965034773665E-4
1.6061250128659524E-4
1.6052858441092455E-4
1.6044475272195468E-4
1.6036100609154115E-4
1.6027734439178252E-4
1.6019376749504545E-4
1.6011027527394116E-4
1.6002686760134267E-4
1.5994354435036427E-4
1.5986030539438573E-4
1.5977715060702866E-4
1.5969407986216635E-4
1.5961109303392801E-4
1.5952818999668883E-4
1.5944537062507157E-4
1.5936263479394833E-4
1.5927998237844185E-4
1.591974132539175E-4
1.5911492729599015E-4
1.5903252438051991E-4
1.5895020438361262E-4
1.5886796718162047E-4
1.5878581265113504E-4
1.5870374066899424E-4
1.5862175111227945E-4
1.585398438583132E-4
1.5845801878466E-4
1.5837627576913033E-4
1.5829461468976346E-4
1.582130354248541E-4
1.5813153785292306E-4
1.5805012185273333E-4
1.579687873032916E-4
1.5788753408383884E-4
1.578063620738492E-4
1.5772527115304235E-4
1.57644261201363E-4
1.5756333209899972E-4
1.5748248372637083E-4
1.5740171596413078E-4
1.573210286931687E-4
1.5724042179460625E-4
1.571598951497927E-4
1.5707944864031648E-4
1.569990821479961E-4
1.5691879555487594E-4
1.5683858874323322E-4
1.567584615955775E-4
1.566784139946433E-4
1.5659844582339736E-4
1.5651855696503157E-4
1.5643874730296762E-4
1.5635901672085063E-4
1.5627936510255387E-4
1.5619979233218027E-4
1.5612029829405096E-4
1.5604088287271924E-4
1.559615459529556E-4
1.5588228741975714E-4
1.5580310715834335E-4
1.5572400505415828E-4
1.5564498099286732E-4
1.5556603486035494E-4
1.5548716654273023E-4
1.5540837592632016E-4
1.5532966289767314E-4
1.5525102734355054E-4
1.5517246915094338E-4
1.5509398820705696E-4
1.5501558439930655E-4
1.5493725761533364E-4
1.548590077429956E-4
1.5478083467036384E-4
1.547027382857256E-4
1.5462471847758192E-4
1.5454677513464962E-4
1.5446890814586374E-4
1.543911174003655E-4
1.54313402787515E-4
1.542357641968805E-4
1.5415820151824808E-4
1.540807146416106E-4
1.540033034571729E-4
1.53925967855353E-4
1.5384870772677366E-4
1.5377152296227378E-4
1.53694413452897E-4
1.5361737908989678E-4
1.5354041976473209E-4
1.5346353536907487E-4
1.5338672579479916E-4
1.5330999093399043E-4
1.5323333067893374E-4
1.5315674492212414E-4
1.530802335562637E-4
1.530037964742578E-4
1.5292743356920687E-4
1.528511447344314E-4
1.5277492986343974E-4
1.52698788849956E-4
1.5262272158789544E-4
1.525467279713839E-4
1.524708078947381E-4
1.5239496125248788E-4
1.5231918793935637E-4
1.5224348785026497E-4
1.521678608803405E-4
1.5209230692489863E-4
1.5201682587946845E-4
1.519414176397653E-4
1.518660821017044E-4
1.5179081916139836E-4
1.5171562871515776E-4
1.5164051065949042E-4
1.5156546489109536E-4
1.5149049130687003E-4
1.514155898039059E-4
1.513407602794881E-4
1.5126600263109892E-4
1.5119131675640744E-4
1.511167025532798E-4
1.5104215991977685E-4
1.509676887541472E-4
1.5089328895483234E-4
1.508189604204639E-4
1.5074470304986663E-4
1.506705167420575E-4
1.5059640139623414E-4
1.5052235691179495E-4
1.5044838318831595E-4
1.5037448012557202E-4
1.503006476235197E-4
1.502268855823018E-4
1.5015319390225348E-4
1.5007957248389523E-4
1.5000602122792987E-4
1.499325400352532E-4
1.498591288069387E-4
1.4978578744424757E-4
1.4971251584863004E-4
1.496393139217112E-4
1.495661815653104E-4
1.494931186814205E-4
1.4942012517222538E-4
1.493472009400838E-4
1.4927434588754272E-4
1.4920155991732953E-4
1.491288429323501E-4
1.4905619483568825E-4
1.489836155306183E-4
1.4891110492058372E-4
1.4883866290921522E-4
1.4876628940031355E-4
1.4869398429787577E-4
1.486217475060507E-4
1.4854957892918767E-4
1.4847747847180132E-4
1.4840544603859348E-4
1.4833348153442933E-4
1.4826158486436192E-4
1.4818975593361035E-4
1.4811799464757678E-4
1.4804630091183547E-4
1.4797467463213584E-4
1.479031157143993E-4
1.4783162406472214E-4
1.47760199589375E-4
1.4768884219480135E-4
1.476175517876161E-4
1.4754632827460645E-4
1.4747517156273244E-4
1.4740408155912446E-4
1.4733305817108438E-4
1.4726210130608497E-4
1.471912108717698E-4
1.4712038677594663E-4
1.4704962892660002E-4
1.4697893723188287E-4
1.469083116001111E-4
1.4683775193977258E-4
1.4676725815952586E-4
1.4669683016819076E-4
1.4662646787475943E-4
1.465561711883861E-4
1.4648594001839517E-4
1.464157742742757E-4
1.463456738656821E-4
1.4627563870243612E-4
1.4620566869451849E-4
1.4613576375208207E-4
1.460659237854407E-4
1.4599614870506607E-4
1.45926438421603E-4
1.4585679284585479E-4
1.4578721188878221E-4
1.4571769546152012E-4
1.4564824347535407E-4
1.4557885584173726E-4
1.4550953247228156E-4
1.4544027327875907E-4
1.4537107817310586E-4
1.4530194706741445E-4
1.4523287987394063E-4
1.451638765050918E-4
1.4509493687344177E-4
1.4502606089172255E-4
1.4495724847282383E-4
1.4488849952978865E-4
1.4481981397582093E-4
1.4475119172428444E-4
1.4468263268869406E-4
1.4461413678272696E-4
1.4454570392021272E-4
1.444773340151377E-4
1.4440902698164047E-4
1.4434078273402112E-4
1.4427260118673034E-4
1.4420448225437423E-4
1.4413642585171227E-4
1.440684318936568E-4
1.4400050029527518E-4
1.4393263097178764E-4
1.4386482383856633E-4
1.4379707881113395E-4
1.4372939580517153E-4
1.4366177473650336E-4
1.435942155211111E-4
1.4352671807512556E-4
1.4345928231482288E-4
1.433919081566426E-4
1.4332459551715795E-4
1.432573443131064E-4
1.4319015446136356E-4
1.4312302587895815E-4
1.430559584830725E-4
1.4298895219102913E-4
1.429220069203024E-4
1.4285512258851174E-4
1.4278829911342896E-4
1.4272153641296844E-4
1.4265483440519273E-4
1.425881930083122E-4
1.4252161214067555E-4
1.424550917207904E-4
1.423886316672951E-4
1.4232223189898554E-4
1.4225589233479502E-4
1.4218961289380404E-4
1.4212339349523184E-4
1.4205723405845216E-4
1.4199113450297256E-4
1.4192509474844574E-4
1.418591147146707E-4
1.4179319432158414E-4
1.4172733348926622E-4
1.4166153213794722E-4
1.4159579018798097E-4
1.4153010755988047E-4
1.414644841742926E-4
1.4139891995199977E-4
1.413334148139325E-4
1.4126796868115443E-4
1.4120258147487833E-4
1.4113725311644843E-4
1.410719835273471E-4
1.4100677262920462E-4
1.4094162034377665E-4
1.4087652659296602E-4
1.4081149129881176E-4
1.4074651438349242E-4
1.406815957693196E-4
1.406167353787409E-4
1.4055193313434452E-4
1.4048718895885584E-4
1.4042250277512743E-4
1.4035787450616223E-4
1.4029330407508336E-4
1.4022879140516273E-4
1.4016433641979477E-4
1.40099939042518E-4
1.4003559919699782E-4
1.3997131680704015E-4
1.399070917965788E-4
1.3984292408968476E-4
1.3977881361056126E-4
1.3971476028354436E-4
1.396507640331022E-4
1.3958682478383463E-4
1.3952294246047175E-4
1.39459116987882E-4
1.3939534829105648E-4
1.3933163629512447E-4
1.3926798092534176E-4
1.3920438210709431E-4
1.3914083976590078E-4
1.3907735382741147E-4
1.3901392421739858E-4
1.3895055086177315E-4
1.388872336865713E-4
1.388239726179537E-4
1.3876076758221551E-4
1.3869761850577848E-4
1.3863452531519063E-4
1.3857148793713065E-4
1.3850850629839798E-4
1.3844558032593103E-4
1.3838270994678375E-4
1.3831989508814306E-4
1.382571356773172E-4
1.3819443164174707E-4
1.3813178290899284E-4
1.380691894067426E-4
1.380066510628115E-4
1.3794416780513907E-4
1.3788173956178832E-4
1.3781936626094482E-4
1.377570478309226E-4
1.3769478420015425E-4
1.3763257529720576E-4
1.3757042105075264E-4
1.3750832138960408E-4
1.3744627624268907E-4
1.3738428553905692E-4
1.3732234920788112E-4
1.372604671784602E-4
1.3719863938021077E-4
1.371368657426676E-4
1.3707514619549507E-4
1.370134806684713E-4
1.369518690914984E-4
1.3689031139460232E-4
1.368288075079191E-4
1.3676735736171768E-4
1.3670596088637623E-4
1.366446180123956E-4
1.3658332867039943E-4
1.365220927911227E-4
1.364609103054305E-4
1.3639978114429437E-4
1.363387052388111E-4
1.3627768252019167E-4
1.3621671291976905E-4
1.3615579636899077E-4
1.360949327994217E-4
1.3603412214274188E-4
1.3597336433075153E-4
1.3591265929536645E-4
1.3585200696861552E-4
1.357914072826495E-4
1.357308601697278E-4
1.3567036556223294E-4
1.3560992339265416E-4
1.3554953359360295E-4
1.3548919609780006E-4
1.3542891083808453E-4
1.3536867774741008E-4
1.3530849675883724E-4
1.3524836780555126E-4
1.3518829082084197E-4
1.3512826573811745E-4
1.350682924908941E-4
1.3500837101280906E-4
1.349485012376038E-4
1.3488868309913607E-4
1.3482891653137248E-4
1.3476920146839768E-4
1.347095378444024E-4
1.3464992559369054E-4
1.3459036465067836E-4
1.3453085494988785E-4
1.3447139642596112E-4
1.344119890136414E-4
1.3435263264778802E-4
1.3429332726336594E-4
1.342340727954531E-4
1.3417486917923537E-4
1.3411571635000766E-4
1.340566142431775E-4
1.339975627942555E-4
1.339385619388648E-4
1.3387961161273834E-4
1.3382071175170848E-4
1.337618622917285E-4
1.3370306316884748E-4
1.3364431431922945E-4
1.3358561567914414E-4
1.33526967184965E-4
1.3346836877317509E-4
1.334098203803652E-4
1.333513219432289E-4
1.3329287339856972E-4
1.3323447468329314E-4
1.3317612573441305E-4
1.3311782648905063E-4
1.3305957688442658E-4
1.3300137685786953E-4
1.3294322634681434E-4
1.3288512528880126E-4
1.328270736214695E-4
1.3276907128256733E-4
1.3271111820994626E-4
1.3265321434155773E-4
1.325953596154633E-4
1.3253755396982163E-4
1.3247979734290046E-4
1.3242208967306066E-4
1.3236443089877572E-4
1.3230682095862018E-4
1.3224925979126332E-4
1.3219174733548504E-4
1.3213428353016357E-4
1.3207686831427618E-4
1.320195016269053E-4
1.3196218340723098E-4
1.3190491359454083E-4
1.3184769212821752E-4
1.3179051894774142E-4
1.3173339399270354E-4
1.3167631720278268E-4
1.3161928851777085E-4
1.3156230787754556E-4
1.3150537522209387E-4
1.3144849049149935E-4
1.3139165362594492E-4
1.3133486456571003E-4
1.3127812325117714E-4
1.3122142962281993E-4
1.3116478362122213E-4
1.3110818518705436E-4
1.3105163426108842E-4
1.3099513078419805E-4
1.3093867469734903E-4
1.3088226594160497E-4
1.3082590445813254E-4
1.3076959018818658E-4
1.3071332307312678E-4
1.306571030544012E-4
1.3060093007356144E-4
1.3054480407224993E-4
1.3048872499221004E-4
1.3043269277527789E-4
1.3037670736337997E-4
1.303207686985485E-4
1.3026487672290413E-4
1.3020903137866247E-4
1.3015323260813822E-4
1.3009748035373725E-4
1.300417745579577E-4
1.2998611516339373E-4
1.299305021127386E-4
1.2987493534877037E-4
1.2981941481436904E-4
1.2976394045249826E-4
1.297085122062286E-4
1.2965313001870866E-4
1.2959779383318822E-4
1.2954250359301203E-4
1.2948725924160826E-4
1.2943206072250793E-4
1.293769079793251E-4
1.2932180095577122E-4
1.2926673959564415E-4
1.292117238428434E-4
1.291567536413457E-4
1.2910182893523028E-4
1.2904694966866517E-4
1.2899211578590257E-4
1.2893732723129295E-4
1.2888258394927468E-4
1.2882788588437338E-4
1.287732329812087E-4
1.2871862518448876E-4
1.2866406243901158E-4
1.2860954468966237E-4
1.285550718814224E-4
1.2850064395934937E-4
1.2844626086860384E-4
1.283919225544276E-4
1.283376289621541E-4
1.282833800372002E-4
1.2822917572507614E-4
1.281750159713805E-4
1.281209007217936E-4
1.2806682992208836E-4
1.2801280351812798E-4
1.2795882145585585E-4
1.2790488368130858E-4
1.2785099014060513E-4
1.277971407799553E-4
1.2774333554565172E-4
1.276895743840785E-4
1.276358572417009E-4
1.2758218406507124E-4
1.2752855480083273E-4
1.274749693957059E-4
1.2742142779650516E-4
1.273679299501283E-4
1.2731447580355143E-4
1.272610653038457E-4
1.2720769839816079E-4
1.271543750337321E-4
1.2710109515788636E-4
1.2704785871801914E-4
1.269946656616267E-4
1.2694151593628492E-4
1.2688840948964512E-4
1.2683534626945297E-4
1.2678232622353257E-4
1.2672934929978995E-4
1.2667641544621982E-4
1.2662352461089625E-4
1.2657067674197458E-4
1.265178717876998E-4
1.2646510969638934E-4
1.2641239041645235E-4
1.2635971389637514E-4
1.2630708008472705E-4
1.2625448893016219E-4
1.2620194038141287E-4
1.2614943438729156E-4
1.2609697089669702E-4
1.2604454985860755E-4
1.2599217122208223E-4
1.2593983493625966E-4
1.258875409503631E-4
1.2583528921369046E-4
1.2578307967562417E-4
1.2573091228562877E-4
1.2567878699324677E-4
1.256267037480967E-4
1.2557466249988423E-4
1.255226631983925E-4
1.2547070579347914E-4
1.2541879023508616E-4
1.253669164732348E-4
1.2531508445802342E-4
1.252632941396304E-4
1.2521154546831246E-4
1.251598383944045E-4
1.2510817286832246E-4
1.2505654884055668E-4
1.2500496626167623E-4
1.2495342508233418E-4
1.2490192525325123E-4
1.24850466725235E-4
1.247990494491637E-4
1.2474767337599914E-4
1.2469633845677643E-4
1.2464504464260756E-4
1.2459379188468363E-4
1.245425801342708E-4
1.244914093427102E-4
1.2444027946142876E-4
1.243891904419134E-4
1.24338142235744E-4
1.2428713479456388E-4
1.2423616807010138E-4
1.241852420141526E-4
1.2413435657859624E-4
1.240835117153824E-4
1.2403270737653592E-4
1.2398194351415984E-4
1.2393122008042912E-4
1.2388053702759632E-4
1.2382989430798644E-4
1.2377929187400153E-4
1.2372872967811554E-4
1.2367820767287776E-4
1.2362772581091163E-4
1.2357728404491263E-4
1.2352688232765375E-4
1.234765206119806E-4
1.2342619885081146E-4
1.2337591699713562E-4
1.2332567500402007E-4
1.2327547282460342E-4
1.2322531041209422E-4
1.2317518771977869E-4
1.231251047010141E-4
1.2307506130922587E-4
1.2302505749791975E-4
1.2297509322066805E-4
1.2292516843111803E-4
1.2287528308298662E-4
1.228254371300629E-4
1.2277563052620892E-4
1.2272586322535967E-4
1.226761351815174E-4
1.2262644634875936E-4
1.2257679668123165E-4
1.225271861331554E-4
1.2247761465881442E-4
1.2242808221257117E-4
1.2237858874885807E-4
1.2232913422217346E-4
1.2227971858708977E-4
1.2223034179824718E-4
1.221810038103576E-4
1.2213170457820314E-4
1.2208244405663546E-4
1.2203322220057546E-4
1.2198403896500931E-4
1.21934894305003E-4
1.2188578817568104E-4
1.2183672053224586E-4
1.217876913299626E-4
1.2173870052416741E-4
1.2168974807026527E-4
1.2164083392372835E-4
1.2159195804010123E-4
1.2154312037499213E-4
1.2149432088408139E-4
1.2144555952311206E-4
1.213968362479038E-4
1.213481510143375E-4
1.2129950377836243E-4
1.2125089449599357E-4
1.2120232312331826E-4
1.2115378961649209E-4
1.2110529393173236E-4
1.2105683602532459E-4
1.2100841585362189E-4
1.2096003337304714E-4
1.2091168854008567E-4
1.2086338131129023E-4
1.2081511164328515E-4
1.2076687949275284E-4
1.2071868481644599E-4
1.2067052757118579E-4
1.2062240771385307E-4
1.2057432520140084E-4
1.2052627999084348E-4
1.2047827203926482E-4
1.2043030130380444E-4
1.203823677416842E-4
1.2033447131017725E-4
1.2028661196662459E-4
1.2023878966843497E-4
1.2019100437307917E-4
1.2014325603809755E-4
1.2009554462108522E-4
1.2004787007971438E-4
1.2000023237170986E-4
1.1995263145486858E-4
1.1990506728705016E-4
1.1985753982617241E-4
1.1981004903022574E-4
1.1976259485725987E-4
1.1971517726538381E-4
1.1966779621277665E-4
1.196204516576808E-4
1.1957314355839593E-4
1.1952587187329133E-4
1.1947863656079577E-4
1.1943143757940055E-4
1.1938427488766018E-4
1.1933714844419526E-4
1.1929005820768342E-4
1.1924300413686518E-4
1.1919598619055256E-4
1.1914900432760905E-4
1.1910205850696212E-4
1.1905514868760375E-4
1.1900827482858506E-4
1.1896143688902257E-4
1.1891463482809338E-4
1.1886786860503197E-4
1.188211381791413E-4
1.1877444350977861E-4
1.1872778455636671E-4
1.18681161278386E-4
1.1863457363538177E-4
1.1858802158695505E-4
1.1854150509277337E-4
1.1849502411256067E-4
1.1844857860610347E-4
1.1840216853324604E-4
1.1835579385389386E-4
1.1830945452801703E-4
1.182631505156384E-4
1.182168817768459E-4
1.1817064827178429E-4
1.1812444996065995E-4
1.1807828680373444E-4
1.1803215876133883E-4
1.1798606579385251E-4
1.179400078617174E-4
1.1789398492543775E-4
1.1784799694557527E-4
1.1780204388275037E-4
1.1775612569763815E-4
1.1771024235097826E-4
1.1766439380356749E-4
1.1761858001626052E-4
1.1757280094996841E-4
1.1752705656566258E-4
1.1748134682437237E-4
1.1743567168718514E-4
1.1739003111524607E-4
1.1734442506975472E-4
1.1729885351197797E-4
1.1725331640322913E-4
1.1720781370488264E-4
1.1716234537837583E-4
1.1711691138519622E-4
1.1707151168689068E-4
1.1702614624506497E-4
1.1698081502138215E-4
1.1693551797755502E-4
1.1689025507536308E-4
1.1684502627663534E-4
1.1679983154326383E-4
1.1675467083718944E-4
1.1670954412041064E-4
1.1666445135499267E-4
1.1661939250303977E-4
1.1657436752672654E-4
1.1652937638827777E-4
1.1648441904996932E-4
1.1643949547414365E-4
1.1639460562319047E-4
1.1634974945955706E-4
1.1630492694575003E-4
1.162601380443223E-4
1.1621538271789153E-4
1.1617066092912211E-4
1.1612597264074323E-4
1.1608131781553032E-4
1.1603669641631518E-4
1.1599210840598746E-4
1.15947553747489E-4
1.1590303240382044E-4
1.1585854433802874E-4
1.1581408951322065E-4
1.1576966789255735E-4
1.157252794392532E-4
1.1568092411657218E-4
1.1563660188784252E-4
1.1559231271643467E-4
1.1554805656578112E-4
1.1550383339936227E-4
1.1545964318071769E-4
1.1541548587343334E-4
1.1537136144115476E-4
1.1532726984758041E-4
1.1528321105645449E-4
1.15239185031585E-4
1.1519519173682337E-4
1.1515123113608065E-4
1.1510730319331786E-4
1.1506340787254298E-4
1.1501954513782834E-4
1.1497571495329266E-4
1.1493191728310576E-4
1.1488815209148567E-4
1.1484441934271526E-4
1.1480071900111818E-4
1.1475705103107235E-4
1.1471341539701248E-4
1.1466981206341865E-4
1.1462624099482733E-4
1.145827021558249E-4
1.1453919551104782E-4
1.1449572102518817E-4
1.144522786629804E-4
1.1440886838922226E-4
1.1436549016875414E-4
1.1432214396646946E-4
1.1427882974731314E-4
1.1423554747628105E-4
1.1419229711842073E-4
1.1414907863882833E-4
1.1410589200264982E-4
1.140627371750868E-4
1.1401961412138477E-4
1.1397652280684332E-4
1.1393346319681067E-4
1.1389043525668763E-4
1.1384743895192321E-4
1.1380447424801378E-4
1.1376154111051418E-4
1.1371863950501711E-4
1.1367576939717225E-4
1.1363293075267883E-4
1.1359012353728422E-4
1.1354734771678476E-4
1.135046032570263E-4
1.1346189012390295E-4
1.134192082833642E-4
1.13376557701398E-4
1.1333393834404697E-4
1.1329135017740814E-4
1.1324879316761434E-4
1.1320626728086113E-4
1.13163772483382E-4
1.131213087414637E-4
1.1307887602144246E-4
1.1303647428969574E-4
1.1299410351266157E-4
1.1295176365681275E-4
1.129094546886821E-4
1.1286717657484244E-4
1.1282492928191715E-4
1.1278271277657612E-4
1.12740527025541E-4
1.1269837199557498E-4
1.1265624765349392E-4
1.1261415396615867E-4
1.1257209090047853E-4
1.1253005842341051E-4
1.1248805650195803E-4
1.1244608510317173E-4
1.1240414419414713E-4
1.1236223374203006E-4
1.1232035371401475E-4
1.1227850407733673E-4
1.1223668479928183E-4
1.1219489584718454E-4
1.1215313718841751E-4
1.1211140879041306E-4
1.1206971062063472E-4
1.1202804264660849E-4
1.1198640483588984E-4
1.1194479715609539E-4
1.1190321957487703E-4
1.1186167205993866E-4
1.1182015457902997E-4
1.1177866709994302E-4
1.1173720959051608E-4
1.1169578201863645E-4
1.1165438435223533E-4
1.1161301655928985E-4
1.1157167860781808E-4
1.1153037046589021E-4
1.1148909210161883E-4
1.1144784348316024E-4
1.1140662457871685E-4
1.113654353565396E-4
1.1132427578491809E-4
1.1128314583218984E-4
1.1124204546674215E-4
1.1120097465699566E-4
1.1115993337142537E-4
1.111189215785488E-4
1.1107793924692341E-4
1.1103698634515617E-4
1.1099606284189796E-4
1.109551687058403E-4
1.1091430390572398E-4
1.1087346841032913E-4
1.1083266218848018E-4
1.1079188520905073E-4
1.1075113744095061E-4
1.1071041885314232E-4
1.1066972941462262E-4
1.1062906909444046E-4
1.1058843786168089E-4
1.105478356854794E-4
1.1050726253500866E-4
1.104667183794871E-4
1.1042620318818011E-4
1.1038571693038875E-4
1.1034525957546342E-4
1.1030483109279371E-4
1.1026443145181956E-4
1.1022406062200958E-4
1.1018371857288965E-4
1.101434052740219E-4
1.101031206950074E-4
1.1006286480549809E-4
1.1002263757518394E-4
1.0998243897379536E-4
1.0994226897110926E-4
1.09902127536943E-4
1.0986201464115671E-4
1.0982193025364998E-4
1.0978187434437058E-4
1.0974184688329821E-4
1.0970184784046523E-4
1.0966187718593982E-4
1.0962193488983402E-4
1.0958202092229842E-4
1.095421352535311E-4
1.0950227785376617E-4
1.0946244869327928E-4
1.0942264774239437E-4
1.0938287497146951E-4
1.0934313035090371E-4
1.0930341385114202E-4
1.0926372544266846E-4
1.0922406509600812E-4
1.0918443278172507E-4
1.0914482847043057E-4
1.0910525213276586E-4
1.0906570373942565E-4
1.0902618326113638E-4
1.0898669066866635E-4
1.0894722593282799E-4
1.0890778902447003E-4
1.0886837991448778E-4
1.0882899857380863E-4
1.0878964497340502E-4
1.0875031908429108E-4
1.0871102087751776E-4
1.086717503241751E-4
1.0863250739540005E-4
1.0859329206235834E-4
1.0855410429626995E-4
1.0851494406838153E-4
1.0847581134998228E-4
1.0843670611241016E-4
1.0839762832703069E-4
1.0835857796525706E-4
1.0831955499853662E-4
1.0828055939836017E-4
1.0824159113625612E-4
1.0820265018379017E-4
1.0816373651257001E-4
1.0812485009424337E-4
1.0808599090049239E-4
1.0804715890304635E-4
1.08008354073662E-4
1.0796957638414337E-4
1.0793082580633243E-4
1.0789210231210532E-4
1.0785340587338115E-4
1.0781473646211714E-4
1.0777609405031007E-4
1.0773747860999081E-4
1.0769889011322859E-4
1.0766032853214047E-4
1.0762179383886722E-4
1.0758328600560227E-4
1.0754480500456436E-4
1.0750635080802066E-4
1.0746792338826858E-4
1.0742952271764669E-4
1.0739114876853607E-4
1.0735280151334556E-4
1.0731448092453003E-4
1.0727618697457963E-4
1.0723791963601982E-4
1.0719967888141532E-4
1.0716146468337315E-4
1.071232770145261E-4
1.070851158475534E-4
1.0704698115517118E-4
1.070088729101308E-4
1.0697079108522009E-4
1.0693273565326428E-4
1.0689470658712554E-4
1.0685670385971023E-4
1.0681872744394561E-4
1.0678077731281052E-4
1.0674285343931377E-4
1.0670495579650642E-4
1.0666708435746563E-4
1.066292390953175E-4
1.0659141998321374E-4
1.0655362699435145E-4
1.0651586010195897E-4
1.0647811927930328E-4
1.0644040449968634E-4
1.0640271573644365E-4
1.0636505296295638E-4
1.0632741615262882E-4
1.0628980527891205E-4
1.0625222031528916E-4
1.0621466123527673E-4
1.0617712801243084E-4
1.0613962062033877E-4
1.0610213903263215E-4
1.0606468322296878E-4
1.0602725316504772E-4
1.0598984883260213E-4
1.0595247019940145E-4
1.0591511723924596E-4
1.0587778992597899E-4
1.058404882334731E-4
1.058032121356389E-4
1.0576596160642136E-4
1.0572873661980336E-4
1.0569153714979677E-4
1.0565436317045317E-4
1.0561721465585493E-4
1.0558009158012849E-4
1.0554299391742586E-4
1.0550592164193745E-4
1.0546887472788691E-4
1.0543185314953375E-4
1.0539485688117383E-4
1.0535788589713226E-4
1.0532094017177392E-4
1.0528401967949645E-4
1.0524712439473445E-4
1.0521025429194819E-4
1.0517340934564216E-4
1.0513658953034969E-4
1.0509979482063795E-4
1.0506302519111533E-4
1.0502628061641378E-4
1.049895610712035E-4
1.0495286653019387E-4
1.0491619696812268E-4
1.0487955235975873E-4
1.0484293267991043E-4
1.0480633790342064E-4
1.047697680051553E-4
1.0473322296003175E-4
1.0469670274298387E-4
1.0466020732898755E-4
1.0462373669305158E-4
1.0458729081021676E-4
1.0455086965555424E-4
1.0451447320417566E-4
1.044781014312228E-4
1.0444175431186405E-4
1.0440543182131056E-4
1.0436913393480105E-4
1.0433286062761035E-4
1.0429661187504466E-4
1.042603876524378E-4
1.0422418793516565E-4
1.041880126986341E-4
1.0415186191827864E-4
1.0411573556956733E-4
1.0407963362800323E-4
1.0404355606912229E-4
1.0400750286849479E-4
1.03971474001715E-4
1.0393546944441925E-4
1.038994891722692E-4
1.0386353316096414E-4
1.0382760138623193E-4
1.0379169382383348E-4
1.0375581044956461E-4
1.0371995123925025E-4
1.0368411616874535E-4
1.0364830521394028E-4
1.036125183507587E-4
1.0357675555515058E-4
1.0354101680310443E-4
1.035053020706336E-4
1.034696113337871E-4
1.0343394456864903E-4
1.0339830175132717E-4
1.0336268285796671E-4
1.0332708786473812E-4
1.0329151674785319E-4
1.032559694835473E-4
1.0322044604808873E-4
1.0318494641777947E-4
1.0314947056894809E-4
1.0311401847795979E-4
1.0307859012120787E-4
1.0304318547511536E-4
1.0300780451614019E-4
1.0297244722076813E-4
1.0293711356551828E-4
1.0290180352693539E-4
1.0286651708160281E-4
1.0283125420613142E-4
1.027960148771592E-4
1.0276079907136248E-4
1.0272560676543396E-4
1.0269043793611686E-4
1.0265529256016855E-4
1.0262017061438462E-4
1.0258507207559058E-4
1.0254999692063882E-4
1.0251494512641553E-4
1.0247991666983752E-4
1.0244491152784527E-4
1.024099296774199E-4
1.0237497109556338E-4
1.0234003575931287E-4
1.0230512364573536E-4
1.0227023473192615E-4
1.0223536899500854E-4
1.0220052641214214E-4
1.0216570696051097E-4
1.0213091061732816E-4
1.0209613735984307E-4
1.0206138716532489E-4
1.0202666001108321E-4
1.0199195587444975E-4
1.0195727473278796E-4
1.0192261656349197E-4
1.0188798134398128E-4
1.0185336905170947E-4
1.0181877966415971E-4
1.0178421315883951E-4
1.017496695132908E-4
1.0171514870508131E-4
1.0168065071181074E-4
1.0164617551110558E-4
1.0161172308062127E-4
1.015772933980439E-4
1.0154288644108525E-4
1.0150850218749447E-4
1.014741406150389E-4
1.0143980170152024E-4
1.0140548542477077E-4
1.0137119176264521E-4
1.013369206930335E-4
1.0130267219385388E-4
1.012684462430459E-4
1.0123424281858269E-4
1.0120006189846966E-4
1.0116590346073282E-4
1.0113176748343499E-4
1.0109765394466E-4
1.0106356282252305E-4
1.0102949409517047E-4
1.0099544774076646E-4
1.0096142373752006E-4
1.0092742206365352E-4
1.0089344269742541E-4
1.0085948561712025E-4
1.008255508010485E-4
1.0079163822754964E-4
1.0075774787499429E-4
1.0072387972177675E-4
1.0069003374632136E-4
1.0065620992707837E-4
1.0062240824252826E-4
1.0058862867118204E-4
1.0055487119156649E-4
1.0052113578224714E-4
1.0048742242181635E-4
1.0045373108889038E-4
1.0042006176211257E-4
1.0038641442015607E-4
1.0035278904171813E-4
1.0031918560552959E-4
1.0028560409034272E-4
1.0025204447493948E-4
1.0021850673813009E-4
1.0018499085874727E-4
1.0015149681565758E-4
1.0011802458774748E-4
1.0008457415393827E-4
1.000511454931714E-4
1.0001773858441851E-4
9.998435340667979E-5
The correct rate for BP: 100.00% 
