1.5146736559906604
1.1903257243449703
0.9650707497999716
0.5971725201776185
0.3256762138616344
0.18947086526218307
0.12957324531766368
0.09698172513288929
0.07673877043325088
0.06305739523773739
0.053252671252518625
0.04591563703178893
0.040239410239000115
0.03573040345445992
0.0320706725749559
0.029046705909876392
0.026510113404743244
0.024354747765578617
0.022502790461876067
0.020895969100152588
0.019489833961666557
0.018249923336154522
0.017149131142207025
0.016165860629768096
0.015282704392281382
0.014485484312351877
0.0137625423933732
0.013104209503643476
0.012502402272853522
0.011950313624483108
0.011442172624396119
0.010973056262952613
0.010538740581142002
0.010135581910845652
0.009760421385483348
0.009410507592978255
0.009083433490743285
0.008777084619574755
0.008489596334268403
0.008219318279042655
0.00796478472160117
0.007724689653690617
0.007497865791871614
0.0072832667869951765
0.007079952087067097
0.006887074004999215
0.006703866627055183
0.00652963626473285
0.006363753206268464
0.006205644566846908
0.006054788071216205
0.0059107066304672825
0.005772963597600776
0.005641158605206836
0.005514923903954026
0.005393921133264843
0.005277838466060284
0.005166388078190142
0.005059303900454198
0.004956339617223254
0.004857266880796921
0.004761873714957945
0.004669963084837672
0.004581351613307242
0.004495868426745676
0.004413354115284527
0.004333659794552159
0.004256646257589848
0.0041821832070295445
0.004110148558844425
0.004040427810039019
0.003972913463559079
0.003907504504493657
0.003844105922332061
0.003782628274637805
0.0037229872880270042
0.003665103492797118
0.003608901887954114
0.0035543116337391437
0.0035012657690669615
0.003449700951561659
0.0033995572181172652
0.003350777764124489
0.003303308739694241
0.0032570990613765096
0.0032121002380222767
0.0031682662095692186
0.0031255531976500522
0.0030839195670280704
0.0030433256969587224
0.003003733861660688
0.0029651081191553745
0.0029274142078017586
0.002890619449914525
0.0028546926619081123
0.0028196040704590733
0.0027853252342231
0.0027518289706838935
0.0027190892877469435
0.002687081319724328
0.002655781267386408
0.002625166341783273
0.00259521471156313
0.0025659054535373572
0.002537218506261945
0.00250913462642356
0.0024816353478351186
0.0024547029428613736
0.0024283203861085907
0.002402471320225308
0.0023771400236730677
0.0023523113803362392
0.002327970850850265
0.0023041044455362697
0.0022806986988385346
0.0022577406451686132
0.002235217796066928
0.0022131181185991514
0.0021914300149103345
0.002170142302865363
0.0021492441977092637
0.0021287252946853323
0.0021085755525535304
0.0020887852779554227
0.0020693451105753846
0.0020502460090514904
0.0020314792375923773
0.0020130363532592185
0.0019949091938747964
0.0019770898665239533
0.001959570736612095
0.001942344417450491
0.0019254037603391276
0.0019087418451197167
0.0018923519711731094
0.0018762276488370083
0.0018603625912213834
0.0018447507064002304
0.001829386089959857
0.0018142630178847202
0.0017993759397633504
0.0017847194722976154
0.0017702883930997449
0.0017560776347624151
0.001742082279187977
0.0017282975521637105
0.001714718818170948
0.0017013415754162015
0.0016881614510735538
0.0016751741967277714
0.0016623756840084374
0.001649761900405874
0.0016373289452600523
0.0016250730259142897
0.0016129904540259055
0.0016010776420263548
0.0015893310997240086
0.0015777474310427724
0.0015663233308903732
0.0015550555821503354
0.0015439410527919705
0.0015329766930930757
0.001522159532970239
0.0015114866794119193
0.0015009553140098036
0.0014905626905839684
0.0014803061328978499
0.0014701830324590083
0.0014601908464020328
0.0014503270954499992
0.0014405893619510715
0.0014309752879872084
0.0014214825735516935
0.0014121089747927342
0.001402852302320364
0.0013937104195739418
0.0013846812412477622
0.0013757627317724478
0.0013669529038497293
0.0013582498170385592
0.001349651576390375
0.0013411563311315946
0.0013327622733915235
0.0013244676369736062
0.0013162706961686898
0.0013081697646083062
0.0013001631941566025
0.0012922493738393639
0.0012844267288086436
0.001276693719341708
0.0012690488398729518
0.0012614906180574894
0.0012540176138652723
0.0012466284187046218
0.0012393216545738912
0.001232095973240458
0.001224950055445848
0.0012178826101360925
0.0012108923737164288
0.0012039781093293447
0.0011971386061552325
0.001190372678734803
0.0011836791663124091
0.0011770569321996548
0.0011705048631584307
0.001164021868802784
0.0011576068810189512
0.001151258853402845
0.001144976760714467
0.0011387595983486105
0.0011326063818213208
0.0011265161462715404
0.0011204879459774237
0.0011145208538868637
0.0011086139611616679
0.001102766376735015
0.0010969772268816852
0.0010912456548006354
0.0010855708202095237
0.0010799518989508493
0.001074388082609161
0.00106887857813918
0.0010634226075042945
0.0010580194073251865
0.0010526682285383077
0.0010473683360637195
0.0010421190084821616
0.0010369195377210117
0.001031769228748768
0.0010266673992779254
0.0010216133794758516
0.001016606511683492
0.001011646150141624
0.0010067316607244548
0.0010018624206802925
9.97037818379102E-4
9.92257253066738E-4
9.875201346256496E-4
9.828258833417829E-4
9.781739296776855E-4
9.735637140513717E-4
9.689946866209984E-4
9.644663070750367E-4
9.59978044427822E-4
9.55529376820375E-4
9.511197913262081E-4
9.467487837621079E-4
9.424158585036893E-4
9.381205283055128E-4
9.338623141258067E-4
9.296407449554642E-4
9.254553576513258E-4
9.213056967735833E-4
9.171913144271491E-4
9.131117701069617E-4
9.090666305470391E-4
9.050554695732006E-4
9.010778679593695E-4
8.9713341328733E-4
8.932216998098617E-4
8.893423283171581E-4
8.854949060063934E-4
8.816790463544382E-4
8.778943689935597E-4
8.741404995900366E-4
8.70417069725642E-4
8.667237167819277E-4
8.630600838271309E-4
8.594258195057695E-4
8.558205779307647E-4
8.522440185780608E-4
8.486958061836402E-4
8.451756106429187E-4
8.416831069124067E-4
8.382179749136532E-4
8.347798994392714E-4
8.313685700611871E-4
8.279836810408607E-4
8.246249312415562E-4
8.212920240425842E-4
8.179846672553866E-4
8.147025730415432E-4
8.114454578325435E-4
8.082130422513514E-4
8.050050510356352E-4
8.018212129627487E-4
7.986612607762609E-4
7.955249311141356E-4
7.924119644384445E-4
7.89322104966565E-4
7.862551006038981E-4
7.832107028779757E-4
7.801886668740153E-4
7.77188751171795E-4
7.742107177838981E-4
7.712543320952526E-4
7.683193628039144E-4
7.65405581863112E-4
7.625127644245064E-4
7.596406887825978E-4
7.567891363203215E-4
7.539578914557219E-4
7.511467415897709E-4
7.483554770552184E-4
7.455838910665167E-4
7.428317796707093E-4
7.400989416994214E-4
7.373851787217021E-4
7.346902949978664E-4
7.320140974343225E-4
7.293563955391977E-4
7.267170013789149E-4
7.240957295356456E-4
7.214923970655341E-4
7.189068234578383E-4
7.163388305948038E-4
7.137882427123652E-4
7.112548863616027E-4
7.087385903709486E-4
7.06239185809136E-4
7.037565059488733E-4
7.012903862311854E-4
6.988406642304924E-4
6.964071796203172E-4
6.939897741396863E-4
6.915882915601229E-4
6.892025776533173E-4
6.868324801593865E-4
6.844778487557394E-4
6.821385350265122E-4
6.798143924326112E-4
6.775052762823016E-4
6.752110437023234E-4
6.729315536095707E-4
6.706666666833104E-4
6.684162453378597E-4
6.661801536958459E-4
6.639582575618836E-4
6.617504243967709E-4
6.595565232921706E-4
6.573764249457173E-4
6.552100016366158E-4
6.530571272016428E-4
6.509176770116039E-4
6.487915279482237E-4
6.466785583814384E-4
6.445786481470658E-4
6.424916785249656E-4
6.404175322174658E-4
6.383560933282716E-4
6.363072473416916E-4
6.342708811022591E-4
6.322468827947102E-4
6.302351419242803E-4
6.282355492973935E-4
6.262479970026624E-4
6.242723783922142E-4
6.223085880633553E-4
6.203565218405406E-4
6.184160767576876E-4
6.164871510407088E-4
6.145696440904833E-4
6.126634564659572E-4
6.107684898676825E-4
6.088846471215191E-4
6.07011832162694E-4
6.05149950020077E-4
6.032989068007719E-4
6.01458609674889E-4
5.996289668606816E-4
5.978098876098262E-4
5.960012821930215E-4
5.942030618857893E-4
5.924151389545167E-4
5.906374266427544E-4
5.888698391576928E-4
5.871122916569138E-4
5.853647002353333E-4
5.836269819123369E-4
5.818990546191827E-4
5.80180837186551E-4
5.784722493323276E-4
5.767732116495795E-4
5.750836455947335E-4
5.734034734759132E-4
5.717326184415046E-4
5.700710044688757E-4
5.684185563533018E-4
5.667751996970322E-4
5.651408608985741E-4
5.63515467142095E-4
5.618989463870579E-4
5.602912273579572E-4
5.586922395342492E-4
5.571019131404369E-4
5.555201791363129E-4
5.539469692073363E-4
5.523822157551853E-4
5.508258518884461E-4
5.492778114134293E-4
5.47738028825155E-4
5.462064392984668E-4
5.446829786792729E-4
5.431675834759347E-4
5.416601908507938E-4
5.401607386117919E-4
5.386691652042673E-4
5.371854097028328E-4
5.357094118034182E-4
5.3424111181539E-4
5.327804506538329E-4
5.313273698318987E-4
5.298818114533298E-4
5.284437182050237E-4
5.270130333497942E-4
5.255897007191427E-4
5.24173664706225E-4
5.227648702588754E-4
5.213632628727279E-4
5.199687885844761E-4
5.185813939652018E-4
5.172010261137971E-4
5.158276326505278E-4
5.14461161710631E-4
5.131015619380381E-4
5.117487824792114E-4
5.104027729770047E-4
5.090634835646852E-4
5.077308648599838E-4
5.064048679592843E-4
5.050854444318451E-4
5.037725463141259E-4
5.024661261042143E-4
5.011661367562994E-4
4.998725316752504E-4
4.985852647112444E-4
4.973042901545064E-4
4.960295627300786E-4
4.947610375927266E-4
4.934986703218326E-4
4.922424169164434E-4
4.909922337903449E-4
4.897480777671967E-4
4.885099060757627E-4
4.8727767634519685E-4
4.860513466003833E-4
4.848308752573678E-4
4.8361622111880824E-4
4.824073433695452E-4
4.812042015721867E-4
4.8000675566276207E-4
4.788149659464671E-4
4.7762879309342054E-4
4.7644819813451306E-4
4.752731424573084E-4
4.7410358780197276E-4
4.7293949625729477E-4
4.7178083025674084E-4
4.706275525745697E-4
4.6947962632198E-4
4.683370149433647E-4
4.671996822125204E-4
4.660675922290186E-4
4.6494070941453477E-4
4.63818998509285E-4
4.627024245684655E-4
4.615909529587846E-4
4.6048454935499643E-4
4.593831797365134E-4
4.582868103840478E-4
4.5719540787629906E-4
4.561089390866911E-4
4.55027371180136E-4
4.5395067160986657E-4
4.528788081142844E-4
4.51811748713855E-4
4.507494617080695E-4
4.4969191567239327E-4
4.4863907945531453E-4
4.4759092217537E-4
4.465474132182634E-4
4.455085222339996E-4
4.444742191340252E-4
4.434444740884698E-4
4.424192575233522E-4
4.4139854011788387E-4
4.4038229280176657E-4
4.3937048675252025E-4
4.383630933929051E-4
4.3736008438829206E-4
4.3636143164411256E-4
4.3536710730336E-4
4.3437708374406215E-4
4.333913335768522E-4
4.324098296425061E-4
4.3143254500957115E-4
4.3045945297198187E-4
4.2949052704671626E-4
4.285257409714929E-4
4.2756506870247874E-4
4.2660848441203916E-4
4.256559624865151E-4
4.2470747752400935E-4
4.237630043322224E-4
4.228225179263134E-4
4.218859935267658E-4
4.2095340655729895E-4
4.200247326427991E-4
4.1909994760728575E-4
4.1817902747186514E-4
4.17261948452774E-4
4.163486869593713E-4
4.154392195922212E-4
4.1453352314115515E-4
4.136315745833671E-4
4.1273335108156023E-4
4.118388299820616E-4
4.109479888130008E-4
4.100608052825094E-4
4.091772572769292E-4
4.0829732285902024E-4
4.074209802662494E-4
4.065482079090313E-4
4.0567898436905277E-4
4.0481328839755634E-4
4.039510989136954E-4
4.0309239500287955E-4
4.0223715591514717E-4
4.013853610635569E-4
4.005369900225995E-4
3.9969202252662525E-4
3.9885043846829647E-4
3.9801221789703906E-4
3.9717734101753455E-4
3.9634578818823125E-4
3.9551753991983466E-4
3.946925768738649E-4
3.938708798612037E-4
3.9305242984065907E-4
3.9223720791754503E-4
3.914251953422881E-4
3.9061637350905207E-4
3.898107239543528E-4
3.8900822835571697E-4
3.8820886853035134E-4
3.8741262643380143E-4
3.8661948415866297E-4
3.858294239332834E-4
3.8504242812048133E-4
3.8425847921628434E-4
3.8347755984869845E-4
3.826996527764328E-4
3.819247408877233E-4
3.8115280719908676E-4
3.8038383485416164E-4
3.7961780712249303E-4
3.7885470739839857E-4
3.7809451919977865E-4
3.7733722616700716E-4
3.7658281206178645E-4
3.758312607660181E-4
3.750825562807222E-4
3.7433668272493357E-4
3.735936243346162E-4
3.728533654616027E-4
3.7211589057253457E-4
3.7138118424780874E-4
3.706492311805625E-4
3.6992001617562587E-4
3.6919352414852816E-4
3.684697401244882E-4
3.677486492374299E-4
3.670302367289928E-4
3.6631448794757467E-4
3.656013883473685E-4
3.648909234874077E-4
3.641830790306329E-4
3.634778407429771E-4
3.627751944924142E-4
3.620751262480894E-4
3.61377622079389E-4
3.6068266815507193E-4
3.599902507423751E-4
3.593003562061547E-4
3.586129710080178E-4
3.5792808170546453E-4
3.572456749510668E-4
3.565657374916002E-4
3.5588825616725647E-4
3.5521321791078724E-4
3.545406097467324E-4
3.538704187905869E-4
3.532026322480342E-4
3.525372374141529E-4
3.518742216726322E-4
3.5121357249502183E-4
3.505552774399603E-4
3.4989932415243035E-4
3.492457003630069E-4
3.485943938871281E-4
3.4794539262436174E-4
3.47298684557689E-4
3.4665425775279204E-4
3.460121003573274E-4
3.453722006002593E-4
3.447345467911427E-4
3.440991273194498E-4
3.434659306538748E-4
3.4283494534169536E-4
3.422061600080755E-4
3.415795633554201E-4
3.409551441627351E-4
3.403328912849545E-4
3.3971279365233297E-4
3.3909484026979403E-4
3.3847902021631385E-4
3.3786532264429634E-4
3.3725373677896366E-4
3.366442519177542E-4
3.36036857429706E-4
3.3543154275487736E-4
3.348282974037521E-4
3.3422711095665563E-4
3.3362797306317325E-4
3.330308734415954E-4
3.3243580187833306E-4
3.318427482273618E-4
3.312517024096669E-4
3.3066265441270687E-4
3.300755942898442E-4
3.2949051215983266E-4
3.2890739820626015E-4
3.2832624267704555E-4
3.2774703588388324E-4
3.2716976820176157E-4
3.265944300684208E-4
3.260210119838526E-4
3.2544950450981035E-4
3.2487989826929145E-4
3.2431218394605126E-4
3.237463522841221E-4
3.2318239408732146E-4
3.2262030021876887E-4
3.2206006160040933E-4
3.215016692125645E-4
3.2094511409343663E-4
3.203903873386734E-4
3.198374801008905E-4
3.192863835892281E-4
3.1873708906891054E-4
3.1818958786077804E-4
3.17643871340876E-4
3.170999309400008E-4
3.1655775814326916E-4
3.1601734448969483E-4
3.154786815717686E-4
3.1494176103503074E-4
3.1440657457765833E-4
3.1387311395005306E-4
3.133413709544346E-4
3.1281133744443727E-4
3.1228300532470623E-4
3.117563665504984E-4
3.112314131273051E-4
3.1070813711043914E-4
3.1018653060466974E-4
3.0966658576382324E-4
3.091482947904196E-4
3.0863164993529235E-4
3.081166434972055E-4
3.0760326782250207E-4
3.070915153047346E-4
3.065813783842911E-4
3.0607284954805046E-4
3.0556592132903053E-4
3.0506058630602284E-4
3.0455683710324955E-4
3.040546663900172E-4
3.0355406688038403E-4
3.0305503133280895E-4
3.025575525498154E-4
3.020616233776689E-4
3.0156723670603686E-4
3.010743854676664E-4
3.005830626380571E-4
3.000932612351432E-4
2.996049743189814E-4
2.9911819499140715E-4
2.986329163957634E-4
2.9814913171655844E-4
2.97666834179175E-4
2.97186017049562E-4
2.967066736339246E-4
2.9622879727844183E-4
2.957523813689535E-4
2.952774193306774E-4
2.948039046279171E-4
2.9433183076376816E-4
2.9386119127983764E-4
2.933919797559485E-4
2.929241898098847E-4
2.9245781509708134E-4
2.9199284931037196E-4
2.915292861797018E-4
2.9106711947186187E-4
2.9060634299022547E-4
2.9014695057446373E-4
2.8968893610030515E-4
2.8923229347924833E-4
2.8877701665833166E-4
2.8832309961984243E-4
2.8787053638109456E-4
2.874193209941515E-4
2.8696944754558136E-4
2.865209101562181E-4
2.860737029809021E-4
2.8562782020824556E-4
2.8518325606038475E-4
2.847400047927384E-4
2.8429806069377915E-4
2.8385741808477995E-4
2.8341807131960074E-4
2.82980014784439E-4
2.825432428976135E-4
2.821077501093262E-4
2.816735309014333E-4
2.812405797872341E-4
2.8080889131124363E-4
2.80378460048958E-4
2.799492806066583E-4
2.7952134762118414E-4
2.7909465575970936E-4
2.786691997195378E-4
2.78244974227897E-4
2.7782197404171673E-4
2.7740019394742916E-4
2.769796287607642E-4
2.765602733265327E-4
2.761421225184394E-4
2.7572517123886846E-4
2.7530941441870134E-4
2.7489484701709554E-4
2.7448146402130806E-4
2.740692604464898E-4
2.736582313355066E-4
2.73248371758725E-4
2.7283967681384497E-4
2.724321416256949E-4
2.720257613460641E-4
2.716205311534977E-4
2.7121644625311954E-4
2.708135018764642E-4
2.704116932812715E-4
2.700110157513315E-4
2.696114645962859E-4
2.692130351514703E-4
2.688157227777299E-4
2.6841952286123954E-4
2.68024430813359E-4
2.676304420704162E-4
2.6723755209358654E-4
2.668457563686953E-4
2.6645505040606265E-4
2.660654297403315E-4
2.656768899303152E-4
2.652894265588195E-4
2.6490303523249306E-4
2.645177115816677E-4
2.6413345126019225E-4
2.63750249945284E-4
2.6336810333735835E-4
2.6298700715990137E-4
2.6260695715927754E-4
2.622279491046188E-4
2.618499787876368E-4
2.6147304202250475E-4
2.610971346456784E-4
2.607222525157775E-4
2.603483915134142E-4
2.5997554754106665E-4
2.596037165229232E-4
2.592328944047497E-4
2.588630771537315E-4
2.5849426075835166E-4
2.5812644122824265E-4
2.577596145940377E-4
2.5739377690726006E-4
2.570289242401526E-4
2.566650526855711E-4
2.5630215835683966E-4
2.559402373876071E-4
2.5557928593173584E-4
2.5521930016315236E-4
2.548602762757225E-4
2.5450221048313156E-4
2.5414509901874345E-4
2.537889381354788E-4
2.534337241056953E-4
2.530794532210428E-4
2.527261217923656E-4
2.5237372614955657E-4
2.520222626414486E-4
2.5167172763569277E-4
2.513221175186274E-4
2.509734286951631E-4
2.5062565758867636E-4
2.5027880064087276E-4
2.499328543116857E-4
2.495878150791444E-4
2.492436794392818E-4
2.489004439059938E-4
2.485581050109449E-4
2.482166593034557E-4
2.4787610335037634E-4
2.475364337359881E-4
2.471976470618959E-4
2.4685973994690246E-4
2.4652270902692294E-4
2.461865509548595E-4
2.4585126240050204E-4
2.455168400504216E-4
2.4518328060786816E-4
2.448505807926559E-4
2.4451873734107935E-4
2.4418774700578236E-4
2.4385760655568962E-4
2.4352831277587455E-4
2.4319986246747557E-4
2.428722524475995E-4
2.4254547954921248E-4
2.4221954062104E-4
2.418944325274851E-4
2.415701521485183E-4
2.4124669637957857E-4
2.4092406213149274E-4
2.4060224633036485E-4
2.402812459175012E-4
2.3996105784929191E-4
2.3964167909714103E-4
2.3932310664735937E-4
2.3900533750108676E-4
2.3868836867418772E-4
2.383721971971737E-4
2.3805682011510525E-4
2.3774223448750592E-4
2.374284373882791E-4
2.371154259056068E-4
2.3680319714188173E-4
2.3649174821361026E-4
2.3618107625132692E-4
2.3587117839951182E-4
2.3556205181651048E-4
2.3525369367443847E-4
2.3494610115911262E-4
2.3463927146995725E-4
2.3433320181992886E-4
2.3402788943543428E-4
2.3372333155624483E-4
2.334195254354263E-4
2.3311646833924963E-4
2.328141575471158E-4
2.325125903514809E-4
2.3221176405776702E-4
2.3191167598430573E-4
2.3161232346223108E-4
2.313137038354415E-4
2.3101581446048635E-4
2.3071865270651658E-4
2.304222159552022E-4
2.30126501600653E-4
2.2983150704935547E-4
2.295372297200932E-4
2.2924366704386943E-4
2.289508164638499E-4
2.2865867543527885E-4
2.283672414254084E-4
2.2807651191343936E-4
2.2778648439043757E-4
2.2749715635927574E-4
2.2720852533454972E-4
2.269205888425325E-4
2.2663334442107896E-4
2.263467896195901E-4
2.2606092199890974E-4
2.257757391312893E-4
2.2549123860030797E-4
2.2520741800079885E-4
2.2492427493880367E-4
2.2464180703149424E-4
2.2436001190710597E-4
2.2407888720488912E-4
2.2379843057502405E-4
2.2351863967857912E-4
2.2323951218743135E-4
2.2296104578421803E-4
2.2268323816226467E-4
2.2240608702552925E-4
2.2212959008853815E-4
2.218537450763235E-4
2.2157854972437935E-4
2.2130400177857405E-4
2.2103009899512058E-4
2.2075683914049224E-4
2.2048421999138257E-4
2.2021223933463678E-4
2.1994089496719772E-4
2.196701846960568E-4
2.1940010633817535E-4
2.1913065772045104E-4
2.1886183667965296E-4
2.1859364106235882E-4
2.1832606872491337E-4
2.180591175333615E-4
2.1779278536340324E-4
2.1752707010032604E-4
2.1726196963897312E-4
2.1699748188366524E-4
2.1673360474816332E-4
2.1647033615561131E-4
2.1620767403848242E-4
2.159456163385292E-4
2.156841610067272E-4
2.1542330600323598E-4
2.1516304929733343E-4
2.1490338886736828E-4
2.1464432270071747E-4
2.143858487937259E-4
2.1412796515167203E-4
2.1387066978869766E-4
2.1361396072777146E-4
2.1335783600064654E-4
2.1310229364779256E-4
2.1284733171836394E-4
2.125929482701521E-4
2.1233914136952413E-4
2.1208590909139102E-4
2.1183324951914932E-4
2.1158116074464532E-4
2.113296408681167E-4
2.1107868799815992E-4
2.108283002516732E-4
2.1057847575381794E-4
2.1032921263796774E-4
2.1008050904567112E-4
2.098323631266039E-4
2.0958477303851823E-4
2.0933773694721382E-4
2.0909125302648446E-4
2.0884531945806412E-4
2.085999344316078E-4
2.0835509614463364E-4
2.0811080280248314E-4
2.0786705261827875E-4
2.076238438128834E-4
2.073811746148516E-4
2.0713904326040628E-4
2.0689744799337573E-4
2.0665638706516618E-4
2.0641585873472043E-4
2.0617586126846652E-4
2.0593639294029883E-4
2.0569745203151207E-4
2.0545903683078355E-4
2.052211456341238E-4
2.0498377674483693E-4
2.0474692847348465E-4
2.0451059913784928E-4
2.0427478706289403E-4
2.0403949058071894E-4
2.0380470803052757E-4
2.035704377586003E-4
2.0333667811823749E-4
2.0310342746973018E-4
2.0287068418033144E-4
2.0263844662421105E-4
2.0240671318241837E-4
2.0217548224284943E-4
2.0194475220020738E-4
2.0171452145597698E-4
2.0148478841837742E-4
2.0125555150232806E-4
2.0102680912942013E-4
2.0079855972788229E-4
2.0057080173253422E-4
2.0034353358475767E-4
2.0011675373248256E-4
1.998904606301118E-4
1.9966465273852556E-4
1.9943932852502927E-4
1.9921448646332204E-4
1.989901250334652E-4
1.98766242721853E-4
1.9854283802117254E-4
1.9831990943037557E-4
1.9809745545464882E-4
1.978754746053709E-4
1.97653965400098E-4
1.9743292636251658E-4
1.9721235602241649E-4
1.969922529156616E-4
1.9677261558415755E-4
1.9655344257582278E-4
1.9633473244455452E-4
1.9611648375019664E-4
1.9589869505851653E-4
1.9568136494116457E-4
1.9546449197565616E-4
1.952480747453339E-4
1.9503211183933425E-4
1.9481660185257006E-4
1.9460154338569246E-4
1.9438693504506233E-4
1.9417277544272015E-4
1.9395906319636815E-4
1.9374579692932635E-4
1.935329752705124E-4
1.933205968544158E-4
1.9310866032106242E-4
1.928971643159904E-4
1.926861074902205E-4
1.9247548850023685E-4
1.9226530600794864E-4
1.9205555868066478E-4
1.9184624519107214E-4
1.9163736421720333E-4
1.9142891444241767E-4
1.912208945553615E-4
1.9101330324995758E-4
1.9080613922536327E-4
1.9059940118595429E-4
1.9039308784129513E-4
1.9018719790611614E-4
1.8998173010028796E-4
1.8977668314878985E-4
1.8957205578168756E-4
1.8936784673411185E-4
1.8916405474623008E-4
1.8896067856322076E-4
1.8875771693525317E-4
1.8855516861745263E-4
1.883530323698892E-4
1.8815130695754294E-4
1.8794999115028224E-4
1.8774908372284996E-4
1.8754858345481877E-4
1.8734848913058672E-4
1.8714879953934328E-4
1.86949513475051E-4
1.867506297364203E-4
1.865521471268825E-4
1.8635406445457014E-4
1.861563805322967E-4
1.8595909417753006E-4
1.8576220421236903E-4
1.855657094635277E-4
1.8536960876229985E-4
1.8517390094455375E-4
1.8497858485069113E-4
1.847836593256441E-4
1.8458912321883626E-4
1.8439497538417688E-4
1.842012146800238E-4
1.8400783996917486E-4
1.8381485011883557E-4
1.8362224400060792E-4
1.834300204904584E-4
1.8323817846871028E-4
1.8304671682001057E-4
1.8285563443331645E-4
1.8266493020187012E-4
1.8247460302318321E-4
1.822846517990102E-4
1.8209507543533293E-4
1.8190587284233823E-4
1.8171704293439938E-4
1.8152858463005547E-4
1.8134049685198988E-4
1.811527785270114E-4
1.8096542858603873E-4
1.807784459640718E-4
1.8059182960018216E-4
1.804055784374898E-4
1.8021969142313754E-4
1.800341675082867E-4
1.79849005648081E-4
1.796642048016426E-4
1.7947976393204725E-4
1.792956820062944E-4
1.7911195799531125E-4
1.789285908739194E-4
1.787455796208173E-4
1.7856292321856627E-4
1.7838062065356897E-4
1.7819867091605374E-4
1.7801707300005393E-4
1.778358259033985E-4
1.7765492862767846E-4
1.7747438017824045E-4
1.772941795641746E-4
1.7711432579828025E-4
1.7693481789706533E-4
1.7675565488071683E-4
1.7657683577309048E-4
1.7639835960169044E-4
1.7622022539765883E-4
1.7604243219574445E-4
1.758649790343077E-4
1.7568786495527583E-4
1.755110890041614E-4
1.7533465023000715E-4
1.7515854768539976E-4
1.7498278042644573E-4
1.7480734751274123E-4
1.7463224800737527E-4
1.7445748097690223E-4
1.7428304549132914E-4
1.7410894062409881E-4
1.7393516545207745E-4
1.7376171905553203E-4
1.7358860051812768E-4
1.734158089268886E-4
1.7324334337220944E-4
1.7307120294782647E-4
1.7289938675080406E-4
1.7272789388151372E-4
1.7255672344362877E-4
1.7238587454410412E-4
1.7221534629316442E-4
1.7204513780428435E-4
1.718752481941773E-4
1.7170567658278258E-4
1.7153642209324037E-4
1.713674838518975E-4
1.711988609882658E-4
1.7103055263503636E-4
1.7086255792804245E-4
1.706948760062578E-4
1.7052750601177742E-4
1.7036044708980316E-4
1.701936983886343E-4
1.7002725905965006E-4
1.6986112825729743E-4
1.696953051390721E-4
1.6952978886551143E-4
1.69364578600185E-4
1.69199673509665E-4
1.690350727635242E-4
1.6887077553432388E-4
1.687067809975965E-4
1.685430883318304E-4
1.6837969671846208E-4
1.6821660534186325E-4
1.6805381338931506E-4
1.6789132005101318E-4
1.677291245200459E-4
1.6756722599238266E-4
1.674056236668533E-4
1.6724431674515117E-4
1.670833044318114E-4
1.6692258593419167E-4
1.6676216046247324E-4
1.6660202722964404E-4
1.664421854514764E-4
1.662826343465291E-4
1.6612337313612918E-4
1.659644010443553E-4
1.658057172980344E-4
1.6564732112671945E-4
1.6548921176268833E-4
1.653313884409255E-4
1.6517385039910458E-4
1.6501659687759735E-4
1.6485962711943028E-4
1.6470294037030685E-4
1.6454653587856345E-4
1.6439041289518895E-4
1.6423457067379059E-4
1.640790084705859E-4
1.639237255444055E-4
1.6376872115666553E-4
1.636139945713591E-4
1.6345954505505873E-4
1.633053718768843E-4
1.6315147430851263E-4
1.6299785162414922E-4
1.6284450310052496E-4
1.6269142801689218E-4
1.6253862565499685E-4
1.62386095299081E-4
1.6223383623586982E-4
1.620818477545617E-4
1.6193012914680888E-4
1.6177867970671892E-4
1.6162749873083486E-4
1.6147658551812872E-4
1.613259393699978E-4
1.6117555959023523E-4
1.6102544548504222E-4
1.608755963630014E-4
1.6072601153507908E-4
1.605766903146E-4
1.6042763201724956E-4
1.6027883596106431E-4
1.6013030146641013E-4
1.5998202785598548E-4
1.5983401445480476E-4
1.5968626059018973E-4
1.5953876559175137E-4
1.5939152879140353E-4
1.5924454952332564E-4
1.5909782712397266E-4
1.589513609320526E-4
1.588051502885237E-4
1.5865919453658713E-4
1.585134930216737E-4
1.5836804509143296E-4
1.5822285009572362E-4
1.5807790738661207E-4
1.5793321631835247E-4
1.5778877624738756E-4
1.576445865323281E-4
1.5750064653395648E-4
1.5735695561520566E-4
1.5721351314115984E-4
1.570703184790401E-4
1.5692737099819688E-4
1.5678467007009894E-4
1.5664221506832897E-4
1.565000053685712E-4
1.5635804034860653E-4
1.5621631938829094E-4
1.5607484186957034E-4
1.5593360717645058E-4
1.557926146950004E-4
1.556518638133333E-4
1.555113539216117E-4
1.5537108441202792E-4
1.5523105467879803E-4
1.5509126411815895E-4
1.5495171212835744E-4
1.5481239810963203E-4
1.5467332146421967E-4
1.545344815963438E-4
1.5439587791219315E-4
1.5425750981993663E-4
1.5411937672968868E-4
1.5398147805352862E-4
1.5384381320546724E-4
1.537063816014621E-4
1.5356918265938685E-4
1.534322157990399E-4
1.532954804421306E-4
1.531589760122702E-4
1.5302270193497512E-4
1.5288665763763226E-4
1.5275084254952673E-4
1.5261525610180704E-4
1.5247989772748533E-4
1.5234476686143793E-4
1.5220986294038657E-4
1.520751854028955E-4
1.519407336893671E-4
1.518065072420279E-4
1.5167250550492416E-4
1.5153872792391805E-4
1.5140517394667468E-4
1.5127184302265835E-4
1.5113873460312235E-4
1.5100584814110483E-4
1.5087318309142374E-4
1.507407389106566E-4
1.5060851505715406E-4
1.5047651099101196E-4
1.5034472617408374E-4
1.5021316006995274E-4
1.5008181214394575E-4
1.4995068186311058E-4
1.4981976869621937E-4
1.4968907211375116E-4
1.4955859158789759E-4
1.4942832659254427E-4
1.4929827660327318E-4
1.4916844109735139E-4
1.490388195537215E-4
1.489094114530062E-4
1.4878021627748325E-4
1.4865123351109593E-4
1.4852246263944395E-4
1.4839390314976326E-4
1.482655545309338E-4
1.4813741627346753E-4
1.480094878695066E-4
1.478817688128063E-4
1.4775425859874094E-4
1.4762695672428949E-4
1.4749986268803035E-4
1.4737297599013655E-4
1.472462961323739E-4
1.4711982261808297E-4
1.4699355495218638E-4
1.4686749264116803E-4
1.4674163519308412E-4
1.4661598211754046E-4
1.4649053292570014E-4
1.463652871302631E-4
1.4624024424547645E-4
1.4611540378711338E-4
1.4599076527247633E-4
1.4586632822038924E-4
1.4574209215118688E-4
1.4561805658672104E-4
1.4549422105033594E-4
1.4537058506688242E-4
1.4524714816269342E-4
1.4512390986559222E-4
1.4500086970488512E-4
1.4487802721134681E-4
1.4475538191721844E-4
1.4463293335620947E-4
1.4451068106348307E-4
1.443886245756524E-4
1.4426676343077597E-4
1.4414509716835608E-4
1.440236253293228E-4
1.4390234745604192E-4
1.4378126309229895E-4
1.4366037178329124E-4
1.435396730756407E-4
1.434191665173659E-4
1.432988516578891E-4
1.431787280480321E-4
1.4305879523999988E-4
1.4293905278739262E-4
1.4281950024518247E-4
1.427001371697183E-4
1.4258096311871527E-4
1.4246197765126195E-4
1.423431803277938E-4
1.422245707101076E-4
1.4210614836134656E-4
1.4198791284599716E-4
1.4186986372988124E-4
1.417520005801594E-4
1.416343229653154E-4
1.4151683045515558E-4
1.4139952262080723E-4
1.4128239903470947E-4
1.4116545927060625E-4
1.4104870290355075E-4
1.4093212950988694E-4
1.4081573866725318E-4
1.4069952995458395E-4
1.40583502952084E-4
1.4046765724124466E-4
1.4035199240482925E-4
1.4023650802686948E-4
1.4012120369265923E-4
1.4000607898875437E-4
1.3989113350296273E-4
1.3977636682434427E-4
1.3966177854320087E-4
1.395473682510762E-4
1.394331355407493E-4
1.3931908000623078E-4
1.3920520124275523E-4
1.3909149884677973E-4
1.3897797241597964E-4
1.3886462154924452E-4
1.387514458466686E-4
1.3863844490954834E-4
1.3852561834038578E-4
1.3841296574286684E-4
1.3830048672188046E-4
1.3818818088349118E-4
1.3807604783494615E-4
1.3796408718467278E-4
1.3785229854226745E-4
1.3774068151850156E-4
1.376292357252979E-4
1.3751796077574927E-4
1.3740685628409804E-4
1.3729592186573992E-4
1.3718515713721598E-4
1.3707456171620808E-4
1.36964135221539E-4
1.368538772731652E-4
1.367437874921687E-4
1.3663386550076081E-4
1.3652411092227281E-4
1.364145233811549E-4
1.3630510250296822E-4
1.3619584791438042E-4
1.3608675924316793E-4
1.3597783611821263E-4
1.3586907816947748E-4
1.357604850280359E-4
1.356520563260379E-4
1.3554379169672655E-4
1.3543569077441642E-4
1.3532775319450568E-4
1.3521997859346647E-4
1.3511236660883382E-4
1.3500491687921213E-4
1.3489762904426409E-4
1.3479050274471194E-4
1.3468353762233199E-4
1.345767333199452E-4
1.3447008948142485E-4
1.3436360575168007E-4
1.3425728177666503E-4
1.3415111720335918E-4
1.3404511167978107E-4
1.3393926485497044E-4
1.3383357637899393E-4
1.337280459029353E-4
1.336226730788943E-4
1.335174575599842E-4
1.3341239900032206E-4
1.3330749705503772E-4
1.3320275138025529E-4
1.3309816163309808E-4
1.3299372747168644E-4
1.3288944855512704E-4
1.327853245435131E-4
1.3268135509792573E-4
1.3257753988042272E-4
1.3247387855403554E-4
1.3237037078277157E-4
1.3226701623160762E-4
1.3216381456648666E-4
1.3206076545430794E-4
1.3195786856293955E-4
1.3185512356119635E-4
1.317525301188473E-4
1.3165008790661355E-4
1.3154779659615583E-4
1.314456558600818E-4
1.3134366537193482E-4
1.3124182480619265E-4
1.311401338382665E-4
1.3103859214449686E-4
1.3093719940214497E-4
1.3083595528939733E-4
1.3073485948536322E-4
1.306339116700569E-4
1.3053311152441357E-4
1.304324587302726E-4
1.3033195297038159E-4
1.3023159392838913E-4
1.3013138128884104E-4
1.3003131473718563E-4
1.2993139395975773E-4
1.298316186437831E-4
1.2973198847737947E-4
1.2963250314954034E-4
1.2953316235014297E-4
1.2943396576994357E-4
1.2933491310056846E-4
1.2923600403451995E-4
1.2913723826516596E-4
1.2903861548673785E-4
1.289401353943306E-4
1.2884179768389868E-4
1.287436020522543E-4
1.286455481970575E-4
1.2854763581682187E-4
1.284498646109065E-4
1.2835223427951455E-4
1.2825474452369412E-4
1.2815739504532607E-4
1.2806018554713003E-4
1.2796311573265478E-4
1.278661853062817E-4
1.2776939397321802E-4
1.276727414394926E-4
1.2757622741195842E-4
1.274798515982817E-4
1.2738361370695105E-4
1.272875134472607E-4
1.2719155052931747E-4
1.2709572466403364E-4
1.2700003556312688E-4
1.2690448293911332E-4
1.2680906650530883E-4
1.267137859758289E-4
1.2661864106557646E-4
1.2652363149024543E-4
1.264287569663184E-4
1.263340172110646E-4
1.2623941194252796E-4
1.2614494087954213E-4
1.260506037417104E-4
1.259564002494098E-4
1.258623301237927E-4
1.2576839308677532E-4
1.2567458886104683E-4
1.2558091717005028E-4
1.2548737773799992E-4
1.2539397028986217E-4
1.2530069455135627E-4
1.2520755024896066E-4
1.2511453710990205E-4
1.250216548621536E-4
1.2492890323443585E-4
1.248362819562121E-4
1.247437907576834E-4
1.2465142936978984E-4
1.245591975242091E-4
1.2446709495335024E-4
1.243751213903503E-4
1.2428327656907668E-4
1.2419156022411837E-4
1.2409997209079574E-4
1.2400851190513866E-4
1.2391717940390487E-4
1.2382597432456058E-4
1.237348964052882E-4
1.236439453849801E-4
1.2355312100323804E-4
1.2346242300036931E-4
1.2337185111738254E-4
1.2328140509599092E-4
1.231910846786028E-4
1.2310088960832926E-4
1.2301081962896897E-4
1.2292087448501462E-4
1.228310539216501E-4
1.2274135768474445E-4
1.2265178552085064E-4
1.2256233717720827E-4
1.224730124017368E-4
1.2238381094302505E-4
1.2229473255035027E-4
1.2220577697365277E-4
1.2211694396355272E-4
1.2202823327133314E-4
1.2193964464894645E-4
1.2185117784900738E-4
1.2176283262479485E-4
1.2167460873025007E-4
1.2158650591996877E-4
1.2149852394920398E-4
1.2141066257385839E-4
1.2132292155049493E-4
1.2123530063631502E-4
1.21147799589178E-4
1.2106041816757786E-4
1.2097315613066076E-4
1.2088601323820252E-4
1.2079898925063211E-4
1.2071208392900335E-4
1.2062529703500544E-4
1.2053862833096833E-4
1.204520775798409E-4
1.2036564454520772E-4
1.2027932899127642E-4
1.2019313068287939E-4
1.20107049385473E-4
1.2002108486512764E-4
1.1993523688853951E-4
1.1984950522301595E-4
1.1976388963647588E-4
1.1967838989745505E-4
1.1959300577509495E-4
1.1950773703914921E-4
1.1942258345997052E-4
1.1933754480852318E-4
1.1925262085636796E-4
1.1916781137566993E-4
1.1908311613918402E-4
1.189985349202725E-4
1.1891406749288191E-4
1.1882971363155508E-4
1.1874547311142551E-4
1.1866134570821213E-4
1.1857733119822484E-4
1.184934293583523E-4
1.184096399660722E-4
1.1832596279943526E-4
1.1824239763707756E-4
1.1815894425820696E-4
1.1807560244261169E-4
1.1799237197064833E-4
1.1790925262324796E-4
1.1782624418190784E-4
1.1774334642869759E-4
1.1766055914624604E-4
1.1757788211775215E-4
1.174953151269756E-4
1.1741285795823258E-4
1.1733051039640242E-4
1.1724827222692068E-4
1.1716614323577148E-4
1.1708412320950565E-4
1.1700221193520681E-4
1.169204092005255E-4
1.1683871479365085E-4
1.1675712850331904E-4
1.1667565011881096E-4
1.1659427942995288E-4
1.1651301622710844E-4
1.1643186030118081E-4
1.1635081144361253E-4
1.1626986944638204E-4
1.1618903410199741E-4
1.1610830520350389E-4
1.1602768254447488E-4
1.1594716591901367E-4
1.1586675512174804E-4
1.1578644994783579E-4
1.1570625019295562E-4
1.1562615565330958E-4
1.1554616612561776E-4
1.1546628140712233E-4
1.1538650129558085E-4
1.1530682558926848E-4
1.1522725408696951E-4
1.1514778658798702E-4
1.1506842289212956E-4
1.1498916279971985E-4
1.1491000611158113E-4
1.1483095262904846E-4
1.1475200215395848E-4
1.1467315448865209E-4
1.1459440943597E-4
1.1451576679925137E-4
1.144372263823355E-4
1.1435878798955817E-4
1.1428045142574947E-4
1.1420221649622915E-4
1.1412408300681458E-4
1.1404605076381131E-4
1.1396811957401022E-4
1.1389028924469448E-4
1.1381255958362727E-4
1.1373493039906278E-4
1.1365740149973054E-4
1.1357997269484361E-4
1.1350264379409907E-4
1.1342541460766426E-4
1.1334828494618771E-4
1.1327125462079512E-4
1.1319432344308044E-4
1.1311749122511128E-4
1.1304075777943049E-4
1.1296412291904034E-4
1.1288758645742569E-4
1.1281114820851912E-4
1.1273480798673292E-4
1.1265856560693541E-4
1.125824208844616E-4
1.1250637363510209E-4
1.1243042367510857E-4
1.123545708211895E-4
1.1227881489051402E-4
1.1220315570070005E-4
1.1212759306981986E-4
1.1205212681640078E-4
1.1197675675942064E-4
1.1190148271830352E-4
1.118263045129231E-4
1.1175122196360034E-4
1.1167623489109554E-4
1.1160134311662371E-4
1.1152654646183222E-4
1.1145184474881148E-4
1.113772378000958E-4
1.1130272543865538E-4
1.1122830748789519E-4
1.11153983771657E-4
1.1107975411421863E-4
1.1100561834028983E-4
1.1093157627500821E-4
1.1085762774395046E-4
1.1078377257311262E-4
1.1071001058892517E-4
1.1063634161824017E-4
1.1056276548833779E-4
1.1048928202691925E-4
1.104158910621129E-4
1.1034259242246213E-4
1.1026938593693598E-4
1.1019627143491895E-4
1.1012324874621278E-4
1.1005031770103512E-4
1.0997747813002024E-4
1.0990472986421567E-4
1.0983207273507872E-4
1.0975950657447783E-4
1.0968703121469585E-4
1.0961464648842018E-4
1.0954235222874616E-4
1.0947014826917567E-4
1.0939803444361343E-4
1.0932601058637287E-4
1.0925407653216385E-4
1.0918223211609859E-4
1.0911047717369502E-4
1.0903881154086266E-4
1.0896723505391175E-4
1.0889574754955083E-4
1.0882434886487786E-4
1.0875303883738942E-4
1.0868181730497675E-4
1.0861068410591354E-4
1.0853963907887502E-4
1.084686820629212E-4
1.0839781289749709E-4
1.0832703142243993E-4
1.0825633747796632E-4
1.081857309046845E-4
1.0811521154358093E-4
1.0804477923602884E-4
1.0797443382377856E-4
1.07904175148963E-4
1.078340030540931E-4
1.0776391738205776E-4
1.076939179761185E-4
1.0762400467992166E-4
1.075541773374818E-4
1.0748443579318401E-4
1.074147798917937E-4
1.0734520947843949E-4
1.0727572439862299E-4
1.0720632449821796E-4
1.0713700962346121E-4
1.0706777962095889E-4
1.0699863433768044E-4
1.0692957362096238E-4
1.068605973185024E-4
1.0679170527836386E-4
1.0672289734896968E-4
1.066541733790953E-4
1.0658553321789297E-4
1.0651697671485637E-4
1.064485037198444E-4
1.063801140830711E-4
1.0631180765510395E-4
1.0624358428686175E-4
1.0617544382962303E-4
1.0610738613501412E-4
1.0603941105501248E-4
1.059715184419402E-4
1.059037081484806E-4
1.0583598002765525E-4
1.0576833393283055E-4
1.0570076971772675E-4
1.0563328723640229E-4
1.0556588634326072E-4
1.0549856689305223E-4
1.0543132874086262E-4
1.0536417174212187E-4
1.0529709575259873E-4
1.0523010062839974E-4
1.0516318622597261E-4
1.050963524020974E-4
1.0502959901389162E-4
1.0496292591880818E-4
1.0489633297463161E-4
1.048298200394837E-4
1.0476338697181004E-4
1.0469703363039714E-4
1.046307598743533E-4
1.0456456556312113E-4
1.044984505564656E-4
1.0443241471448476E-4
1.0436645789759951E-4
1.0430057996655385E-4
1.0423478078242095E-4
1.041690602065925E-4
1.0410341810078753E-4
1.0403785432704119E-4
1.0397236874771308E-4
1.0390696122548115E-4
1.03841631623337E-4
1.0377637980460071E-4
1.0371120563289762E-4
1.0364610897217639E-4
1.0358108968669958E-4
1.0351614764104146E-4
1.0345128270009013E-4
1.0338649472904697E-4
1.0332178359342152E-4
1.0325714915904349E-4
1.0319259129203447E-4
1.031281098588455E-4
1.030637047262189E-4
1.0299937576121288E-4
1.0293512283118696E-4
1.0287094580380913E-4
1.0280684454704892E-4
1.0274281892918511E-4
1.0267886881878762E-4
1.0261499408473994E-4
1.0255119459622218E-4
1.0248747022270909E-4
1.02423820833983E-4
1.0236024630011994E-4
1.0229674649149275E-4
1.0223332127877174E-4
1.0216997053292446E-4
1.0210669412521247E-4
1.0204349192718974E-4
1.0198036381070367E-4
1.0191730964790082E-4
1.0185432931120719E-4
1.0179142267334919E-4
1.0172858960733855E-4
1.0166582998647534E-4
1.0160314368435635E-4
1.0154053057485213E-4
1.0147799053212983E-4
1.0141552343063962E-4
1.0135312914511823E-4
1.012908075505822E-4
1.0122855852233545E-4
1.0116638193596384E-4
1.0110427766733623E-4
1.0104224559259517E-4
1.0098028558817439E-4
1.0091839753078044E-4
1.0085658129739692E-4
1.0079483676529407E-4
1.0073316381200668E-4
1.0067156231535617E-4
1.006100321534358E-4
1.0054857320461332E-4
1.0048718534753054E-4
1.0042586846110316E-4
1.0036462242451649E-4
1.003034471172317E-4
1.0024234241897964E-4
1.001813082097618E-4
1.001203443698443E-4
1.0005945077976894E-4
9.99986273203412E-5
The correct rate for BP: 100.00% 
