1.2855573744618902
1.018035029160852
0.7271162733356255
0.4519202692104708
0.2796177034629219
0.1860789733317293
0.1335302711693007
0.101656897399416
0.08089658677296742
0.06655744069101997
0.05617793492544258
0.04837744963810542
0.04233449985733546
0.037535035980215875
0.03364337126731082
0.030432210032373494
0.02774281038429481
0.025461311705457953
0.023504131847078124
0.021808659069025252
0.020327145189678274
0.01902259525299697
0.01786593729070098
0.01683403339219402
0.015908256131937956
0.015073452619167683
0.01431717919202994
0.013629128237747961
0.013000693481236007
0.012424636466243076
0.011894827939304846
0.01140604533501632
0.010953812742161473
0.010534273365005786
0.010144087077103585
0.009780347522766847
0.009440514572552246
0.00912235893222805
0.008823916441783118
0.00854345015319695
0.008279418692899998
0.008030449732691593
0.007795317636883799
0.007572924542132602
0.007362284273347803
0.007162508614234202
0.006972795541842928
0.006792419106567263
0.006620720696505183
0.006457101471223039
0.006301015787130236
0.006151965466794133
0.006009494789039876
0.005873186096723912
0.005742655935528077
0.005617551650691075
0.005497548379826118
0.00538234638930578
0.005271668709477921
0.005165259030488167
0.005062879825952947
0.004964310676332954
0.004869346767748704
0.0047777975452790115
0.004689485502586385
0.0046042450921042945
0.0045219217420629865
0.004442370968382355
0.004365457570962832
0.004291054905202262
0.004219044220683446
0.004149314059945584
0.004081759711091506
0.004016282708712042
0.003952790378243854
0.0038911954194315373
0.0038314155250492535
0.0037733730314620443
0.0037169945979795066
0.003662210912282347
0.0036089564194911466
0.0035571690727012745
0.003506790103033191
0.00345776380744697
0.003410037352746155
0.003363560594353597
0.00331828590858138
0.003274168037241395
0.003231163943553959
0.0031892326784112935
0.003148335256141118
0.0031084345389952627
0.003069495129659202
0.003031483271142577
0.002994366753468336
0.002958114826629772
0.002922698119331423
0.002888088563072059
0.002854259321165934
0.002821184722332856
0.002788840198518865
0.0027572022266375584
0.0027262482739475644
0.0026959567468051375
0.002666306942551926
0.0026372790043170872
0.0026088538785306453
0.0025810132749608922
0.002553739629103203
0.0025270160667608876
0.002500826370671173
0.002475154949040145
0.002449986805860918
0.002425307512898841
0.002401103183235587
0.0023773604462724203
0.002354066424099849
0.0023312087091475783
0.0023087753430348764
0.0022867547965470187
0.0022651359506687375
0.0022439080786103545
0.002223060828766688
0.0022025842085529393
0.002182468569065589
0.0021627045905196307
0.002143283268416919
0.0021241959004033397
0.0021054340737750965
0.0020869896535972983
0.002068854771400175
0.0020510218144204617
0.0020334834153577326
0.002016232442617149
0.0019992619910120827
0.001982565372901483
0.001966136109738613
0.0019499679240090899
0.0019340547315375475
0.0019183906341434796
0.0019029699126278748
0.0018877870200736282
0.0018728365754433396
0.0018581133574593603
0.0018436122987517101
0.0018293284802603032
0.001815257125878746
0.0018013935973276401
0.0017877333892460869
0.001774272124490593
0.0017610055496313306
0.0017479295306361592
0.001735040048733254
0.0017223331964441259
0.0017098051737784556
0.0016974522845835535
0.0016852709330409197
0.0016732576203031392
0.0016614089412646748
0.0016497215814602801
0.001638192314085271
0.0016268179971321488
0.001615595570638288
0.0016045220540397
0.0015935945436261014
0.0015828102100930354
0.001572166296186423
0.0015616601144357663
0.0015512890449720627
0.0015410505334267767
0.001530942088908349
0.0015209612820530117
0.001511105743146711
0.0015013731603151156
0.0014917612777788896
0.001482267894171545
0.0014728908609171485
0.001463628080665628
0.001454477505783042
0.0014454371368948806
0.0014365050214799845
0.001427679252513201
0.001418957967154762
0.0014103393454845859
0.0014018216092795902
0.0013934030208324706
0.0013850818818102835
0.0013768565321511785
0.0013687253489979188
0.0013606867456667782
0.0013527391706503464
0.0013448811066530577
0.0013371110696581614
0.001329427608024915
0.0013218293016149531
0.0013143147609466664
0.0013068826263765313
0.0012995315673065425
0.001292260281416568
0.0012850674939209137
0.00127795195684808
0.0012709124483429913
0.0012639477719907533
0.0012570567561612795
0.0012502382533739877
0.001243491139681883
0.0012368143140742988
0.0012302066978977064
0.0012236672342938802
0.0012171948876549302
0.0012107886430944284
0.001204447505934346
0.001198170501206981
0.0011919566731715663
0.0011858050848449196
0.0011797148175458042
0.0011736849704524004
0.0011677146601725347
0.0011618030203262085
0.0011559492011400288
0.0011501523690531329
0.001144411706334295
0.0011387264107097078
0.0011330956950012605
0.0011275187867748405
0.0011219949279984175
0.0011165233747095593
0.0011111033966920685
0.001105734277161473
0.0011004153124591117
0.0010951458117544536
0.0010899250967555257
0.0010847525014270475
0.0010796273717161853
0.0010745490652855339
0.00106951695125325
0.001064530409940029
0.001059588832622682
0.001054691621294256
0.0010498381884303494
0.0010450279567615014
0.001040260359051486
0.0010355348378812796
0.0010308508454386234
0.0010262078433128945
0.0010216053022952217
0.0010170427021836985
0.0010125195315934148
0.0010080352877713525
0.0010035894764158725
9.991816115006733E-4
9.948112151031616E-4
9.904778172370274E-4
9.86180955688976E-4
9.819201758593987E-4
9.776950306070087E-4
9.735050800972069E-4
9.693498916541015E-4
9.652290396161866E-4
9.611421051953502E-4
9.570886763394067E-4
9.530683475977666E-4
9.490807199904105E-4
9.451254008799027E-4
9.412020038463985E-4
9.373101485656547E-4
9.334494606898621E-4
9.296195717311957E-4
9.258201189481725E-4
9.220507452345538E-4
9.183110990108452E-4
9.146008341182569E-4
9.109196097151372E-4
9.072670901757128E-4
9.036429449911328E-4
9.000468486727983E-4
8.964784806578042E-4
8.929375252165529E-4
8.894236713623844E-4
8.859366127632754E-4
8.824760476554825E-4
8.790416787590144E-4
8.756332131951258E-4
8.722503624054576E-4
8.688928420730577E-4
8.655603720450713E-4
8.622526762571398E-4
8.589694826594018E-4
8.557105231441067E-4
8.524755334748133E-4
8.492642532170481E-4
8.460764256704776E-4
8.429117978025303E-4
8.397701201834067E-4
8.366511469224479E-4
8.335546356059093E-4
8.304803472359335E-4
8.274280461709243E-4
8.243975000670286E-4
8.213884798209499E-4
8.18400759513881E-4
8.154341163566068E-4
8.124883306357509E-4
8.095631856610693E-4
8.066584677139102E-4
8.037739659966369E-4
8.009094725831174E-4
7.98064782370225E-4
7.95239693030284E-4
7.924340049644768E-4
7.896475212572133E-4
7.868800476313731E-4
7.841313924044557E-4
7.814013664456136E-4
7.786897831334767E-4
7.759964583149041E-4
7.733212102644439E-4
7.706638596446432E-4
7.680242294671405E-4
7.654021450544609E-4
7.627974340026123E-4
7.602099261443677E-4
7.576394535132516E-4
7.550858503082499E-4
7.525489528591612E-4
7.500285995926146E-4
7.47524630998768E-4
7.45036889598579E-4
7.425652199117526E-4
7.401094684252522E-4
7.376694835624029E-4
7.352451156526284E-4
7.328362169016642E-4
7.304426413623893E-4
7.280642449061955E-4
7.257008851948533E-4
7.23352421652918E-4
7.210187154406448E-4
7.18699629427387E-4
7.163950281655124E-4
7.141047778647365E-4
7.118287463669879E-4
7.095668031216794E-4
7.073188191614534E-4
7.050846670783422E-4
7.028642210003916E-4
7.00657356568653E-4
6.984639509146455E-4
6.962838826381496E-4
6.941170317854504E-4
6.919632798279604E-4
6.898225096411861E-4
6.876946054840893E-4
6.855794529788082E-4
6.834769390907304E-4
6.813869521089301E-4
6.793093816268771E-4
6.77244118523611E-4
6.751910549450851E-4
6.731500842859536E-4
6.711211011716276E-4
6.691040014406114E-4
6.670986821271923E-4
6.651050414443878E-4
6.631229787672089E-4
6.611523946161793E-4
6.591931906411504E-4
6.572452696053952E-4
6.553085353699619E-4
6.533828928782766E-4
6.51468248141019E-4
6.495645082212747E-4
6.476715812198515E-4
6.457893762609559E-4
6.439178034779929E-4
6.420567739997021E-4
6.402061999364231E-4
6.383659943666655E-4
6.365360713238735E-4
6.347163457833748E-4
6.329067336495871E-4
6.31107151743419E-4
6.293175177898497E-4
6.275377504057374E-4
6.257677690878298E-4
6.240074942009348E-4
6.222568469663115E-4
6.205157494502167E-4
6.187841245526721E-4
6.170618959963781E-4
6.153489883158151E-4
6.136453268465192E-4
6.119508377145219E-4
6.102654478259515E-4
6.085890848568287E-4
6.069216772429652E-4
6.052631541700838E-4
6.036134455640269E-4
6.019724820811808E-4
6.003401950990017E-4
5.987165167067117E-4
5.971013796961355E-4
5.954947175526603E-4
5.938964644463535E-4
5.923065552232222E-4
5.907249253965768E-4
5.891515111385592E-4
5.87586249271773E-4
5.860290772610431E-4
5.844799332053416E-4
5.829387558297676E-4
5.814054844776967E-4
5.798800591030298E-4
5.783624202625642E-4
5.768525091084825E-4
5.753502673809267E-4
5.738556374007193E-4
5.723685620621679E-4
5.708889848259889E-4
5.694168497123323E-4
5.67952101293883E-4
5.664946846891243E-4
5.650445455556493E-4
5.636016300835464E-4
5.621658849889863E-4
5.607372575077822E-4
5.593156953891036E-4
5.579011468892958E-4
5.564935607657387E-4
5.5509288627084E-4
5.536990731460804E-4
5.523120716161691E-4
5.509318323832657E-4
5.495583066212997E-4
5.481914459703555E-4
5.468312025311495E-4
5.4547752885957E-4
5.441303779613206E-4
5.42789703286608E-4
5.414554587249221E-4
5.401275985999044E-4
5.388060776642364E-4
5.37490851094663E-4
5.361818744870354E-4
5.348791038514671E-4
5.335824956075117E-4
5.322920065794235E-4
5.310075939915222E-4
5.297292154635393E-4
5.284568290061281E-4
5.271903930163508E-4
5.259298662732622E-4
5.246752079335771E-4
5.234263775273379E-4
5.221833349537039E-4
5.209460404767564E-4
5.197144547213622E-4
5.184885386691287E-4
5.172682536543682E-4
5.160535613601462E-4
5.148444238143707E-4
5.136408033859349E-4
5.124426627809104E-4
5.112499650388142E-4
5.10062673528866E-4
5.088807519463746E-4
5.077041643090978E-4
5.065328749537131E-4
5.053668485322784E-4
5.042060500087885E-4
5.03050444655749E-4
5.018999980507868E-4
5.007546760733391E-4
4.996144449013569E-4
4.984792710080563E-4
4.973491211587172E-4
4.962239624075299E-4
4.951037620944638E-4
4.939884878421989E-4
4.928781075530708E-4
4.917725894060737E-4
4.90671901853912E-4
4.895760136200555E-4
4.884848936958533E-4
4.8739851133770276E-4
4.863168360642042E-4
4.8523983765341397E-4
4.841674861400688E-4
4.830997518129043E-4
4.8203660521195773E-4
4.8097801712594277E-4
4.7992395858963176E-4
4.788744008812831E-4
4.778293155201038E-4
4.7678867426371524E-4
4.7575244910570187E-4
4.7472061227314937E-4
4.73693136224215E-4
4.72669993645754E-4
4.7165115745094905E-4
4.7063660077699496E-4
4.696262969827647E-4
4.686202196465748E-4
4.6761834256392335E-4
4.6662063974523807E-4
4.6562708541375585E-4
4.646376540032879E-4
4.6365232015612774E-4
4.626710587209098E-4
4.6169384475055005E-4
4.607206535001549E-4
4.597514604249975E-4
4.5878624117851876E-4
4.5782497161031007E-4
4.5686762776418597E-4
4.559141858761963E-4
4.549646223727559E-4
4.540189138687197E-4
4.530770371655144E-4
4.5213896924930596E-4
4.5120468728914343E-4
4.5027416863518163E-4
4.493473908168623E-4
4.484243315411927E-4
4.475049686909554E-4
4.465892803230243E-4
4.4567724466663754E-4
4.447688401217269E-4
4.438640452572405E-4
4.4296283880952106E-4
4.420651996806565E-4
4.411711069368951E-4
4.402805398070427E-4
4.393934776808948E-4
4.3850990010770057E-4
4.376297867946092E-4
4.3675311760516883E-4
4.358798725578253E-4
4.3501003182443105E-4
4.3414357572880286E-4
4.33280484745241E-4
4.3242073949713707E-4
4.3156432075552745E-4
4.3071120943771247E-4
4.2986138660586784E-4
4.29014833465677E-4
4.281715313649757E-4
4.273314617924335E-4
4.2649460637619673E-4
4.256609468826241E-4
4.248304652149597E-4
4.240031434120779E-4
4.2317896364720497E-4
4.223579082266859E-4
4.2153995958871894E-4
4.20725100302176E-4
4.199133130653616E-4
4.1910458070482445E-4
4.182988861741846E-4
4.174962125529609E-4
4.166965430454055E-4
4.1589986097938594E-4
4.1510614980521526E-4
4.1431539309456976E-4
4.1352757453936537E-4
4.1274267795066556E-4
4.119606872575995E-4
4.111815865062996E-4
4.1040535985882E-4
4.0963199159212176E-4
4.088614660970104E-4
4.080937678771147E-4
4.073288815478927E-4
4.0656679183560053E-4
4.058074835763194E-4
4.0505094171496676E-4
4.0429715130433134E-4
4.035460975040915E-4
4.027977655798974E-4
4.0205214090240955E-4
4.0130920894636436E-4
4.005689552896704E-4
3.998313656124834E-4
3.9909642569630724E-4
3.983641214231072E-4
3.9763443877442804E-4
3.9690736383051514E-4
3.961828827694509E-4
3.954609818662979E-4
3.9474164749226585E-4
3.940248661138582E-4
3.9331062429205616E-4
3.925989086814854E-4
3.918897060296124E-4
3.911830031759513E-4
3.904787870512427E-4
3.897770446766985E-4
3.8907776316319723E-4
3.883809297105293E-4
3.8768653160662936E-4
3.869945562268259E-4
3.8630499103307426E-4
3.8561782357325516E-4
3.84933041480404E-4
3.8425063247200894E-4
3.835705843492928E-4
3.8289288499649104E-4
3.822175223801616E-4
3.8154448454848265E-4
3.80873759630566E-4
3.802053358357813E-4
3.795392014530631E-4
3.7887534485026817E-4
3.782137544734949E-4
3.7755441884644835E-4
3.7689732656975665E-4
3.762424663203741E-4
3.7558982685090655E-4
3.7493939698902176E-4
3.7429116563678197E-4
3.736451217700746E-4
3.730012544379556E-4
3.7235955276207705E-4
3.717200059360927E-4
3.710826032250258E-4
3.704473339647348E-4
3.6981418756129326E-4
3.69183153490431E-4
3.6855422129696133E-4
3.679273805942179E-4
3.6730262106349606E-4
3.6667993245350646E-4
3.660593045798076E-4
3.65440727324282E-4
3.648241906346059E-4
3.642096845236865E-4
3.635971990691665E-4
3.629867244128854E-4
3.6237825076036495E-4
3.6177176838030956E-4
3.6116726760407813E-4
3.6056473882520345E-4
3.5996417249887906E-4
3.593655591414784E-4
3.5876888933006123E-4
3.581741537018897E-4
3.5758134295395554E-4
3.569904478425015E-4
3.5640145918254887E-4
3.558143678474447E-4
3.5522916476838674E-4
3.546458409339784E-4
3.540643873897702E-4
3.5348479523781906E-4
3.529070556362315E-4
3.523311597987401E-4
3.5175709899426305E-4
3.511848645464604E-4
3.506144478333325E-4
3.500458402867729E-4
3.4947903339216325E-4
3.4891401868795285E-4
3.48350787765245E-4
3.4778933226739674E-4
3.47229643889608E-4
3.4667171437852856E-4
3.4611553553184806E-4
3.455610991979235E-4
3.4500839727537547E-4
3.4445742171270116E-4
3.4390816450790803E-4
3.4336061770810924E-4
3.4281477340918434E-4
3.422706237553735E-4
3.417281609389286E-4
3.4118737719973386E-4
3.4064826482497107E-4
3.401108161487245E-4
3.3957502355165927E-4
3.390408794606479E-4
3.3850837634843116E-4
3.3797750673326905E-4
3.3744826317860094E-4
3.3692063829270726E-4
3.363946247283659E-4
3.3587021518252853E-4
3.353474023959785E-4
3.348261791530211E-4
3.3430653828114246E-4
3.33788472650695E-4
3.332719751745777E-4
3.3275703880792295E-4
3.32243656547782E-4
3.3173182143280517E-4
3.312215265429558E-4
3.307127649991875E-4
3.3020552996313937E-4
3.296998146368613E-4
3.2919561226248356E-4
3.286929161219511E-4
3.2819171953671155E-4
3.2769201586744633E-4
3.2719379851375884E-4
3.2669706091391354E-4
3.2620179654454276E-4
3.2570799892036993E-4
3.2521566159392993E-4
3.247247781553013E-4
3.2423534223183296E-4
3.2374734748786654E-4
3.2326078762447347E-4
3.2277565637920357E-4
3.222919475258019E-4
3.2180965487395215E-4
3.2132877226903514E-4
3.2084929359185537E-4
3.2037121275838726E-4
3.1989452371954303E-4
3.19419220460897E-4
3.1894529700245535E-4
3.1847274739841116E-4
3.1800156573689054E-4
3.175317461397195E-4
3.1706328276218636E-4
3.165961697927991E-4
3.161304014530551E-4
3.1566597199720134E-4
3.1520287571201695E-4
3.147411069165633E-4
3.142806599619866E-4
3.138215292312601E-4
3.1336370913897463E-4
3.129071941311349E-4
3.124519786849125E-4
3.1199805730843807E-4
3.115454245405857E-4
3.110940749507685E-4
3.106440031387089E-4
3.101952037342378E-4
3.0974767139709127E-4
3.093014008166893E-4
3.088563867119348E-4
3.084126238310273E-4
3.079701069512274E-4
3.0752883087869484E-4
3.0708879044825824E-4
3.0664998052322824E-4
3.062123959952189E-4
3.057760317839244E-4
3.0534088283694686E-4
3.0490694412960487E-4
3.0447421066473E-4
3.040426774725015E-4
3.036123396102348E-4
3.031831921622216E-4
3.027552302395286E-4
3.023284489798283E-4
3.019028435472031E-4
3.0147840913198707E-4
3.010551409505743E-4
3.0063303424525124E-4
3.0021208428401006E-4
2.997922863603974E-4
2.9937363579331754E-4
2.989561279268837E-4
2.985397581302299E-4
2.9812452179736045E-4
2.977104143469766E-4
2.972974312223174E-4
2.968855678909763E-4
2.964748198447711E-4
2.960651825995553E-4
2.9565665169506634E-4
2.9524922269478013E-4
2.948428911857391E-4
2.944376527783972E-4
2.9403350310646965E-4
2.9363043782678906E-4
2.9322845261912917E-4
2.9282754318608233E-4
2.9242770525288533E-4
2.920289345672737E-4
2.916312268993674E-4
2.9123457804147615E-4
2.908389838079821E-4
2.90444440035191E-4
2.9005094258118875E-4
2.8965848732570153E-4
2.892670701699526E-4
2.888766870365234E-4
2.8848733386921144E-4
2.88099006632901E-4
2.8771170131342125E-4
2.873254139174147E-4
2.8694014047219384E-4
2.8655587702562023E-4
2.86172619645963E-4
2.8579036442177104E-4
2.854091074617433E-4
2.850288448946039E-4
2.8464957286896417E-4
2.8427128755319887E-4
2.8389398513533026E-4
2.835176618228817E-4
2.831423138427833E-4
2.827679374412104E-4
2.8239452888349976E-4
2.8202208445399956E-4
2.816506004559661E-4
2.8128007321143194E-4
2.80910499061098E-4
2.805418743642057E-4
2.8017419549842756E-4
2.7980745885974835E-4
2.7944166086235107E-4
2.790767979385017E-4
2.7871286653842757E-4
2.783498631302244E-4
2.7798778419972647E-4
2.7762662625040245E-4
2.772663858032446E-4
2.769070593966626E-4
2.765486435863729E-4
2.7619113494527843E-4
2.758345300633941E-4
2.7547882554770404E-4
2.7512401802207484E-4
2.747701041271541E-4
2.7441708052026054E-4
2.7406494387528E-4
2.737136908825609E-4
2.7336331824882697E-4
2.730138226970579E-4
2.726652009664027E-4
2.723174498120737E-4
2.719705660052482E-4
2.716245463329791E-4
2.712793875980868E-4
2.709350866190679E-4
2.7059164022999753E-4
2.70249045280442E-4
2.699072986353489E-4
2.695663971749719E-4
2.6922633779476656E-4
2.68887117405297E-4
2.6854873293215704E-4
2.6821118131585434E-4
2.6787445951175355E-4
2.675385644899604E-4
2.6720349323524305E-4
2.668692427469352E-4
2.665358100388775E-4
2.662031921392825E-4
2.65871386090687E-4
2.65540388949856E-4
2.652101977876924E-4
2.6488080968915627E-4
2.6455222175317196E-4
2.6422443109256374E-4
2.638974348339578E-4
2.635712301177037E-4
2.632458140977915E-4
2.629211839417801E-4
2.6259733683070064E-4
2.622742699589916E-4
2.6195198053440894E-4
2.616304657779545E-4
2.613097229237933E-4
2.6098974921917665E-4
2.6067054192437756E-4
2.6035209831258446E-4
2.6003441566985257E-4
2.597174912950265E-4
2.5940132249964416E-4
2.5908590660788457E-4
2.5877124095648776E-4
2.5845732289467467E-4
2.58144149784079E-4
2.5783171899867937E-4
2.575200279247195E-4
2.57209073960641E-4
2.568988545170128E-4
2.565893670164579E-4
2.562806088935916E-4
2.559725775949377E-4
2.556652705788752E-4
2.5535868531555947E-4
2.5505281928685485E-4
2.547476699862741E-4
2.544432349189075E-4
2.541395116013556E-4
2.538364975616572E-4
2.5353419033923984E-4
2.532325874848354E-4
2.5293168656043163E-4
2.526314851391973E-4
2.5233198080542695E-4
2.5203317115446005E-4
2.517350537926461E-4
2.514376263372552E-4
2.511408864164349E-4
2.5084483166913505E-4
2.5054945974505195E-4
2.502547683045715E-4
2.499607550187033E-4
2.4966741756901747E-4
2.4937475364760116E-4
2.490827609569749E-4
2.487914372100538E-4
2.4850078013008225E-4
2.4821078745057535E-4
2.479214569152507E-4
2.4763278627800464E-4
2.4734477330280757E-4
2.4705741576369215E-4
2.467707114446664E-4
2.464846581396714E-4
2.461992536525238E-4
2.4591449579686024E-4
2.4563038239608625E-4
2.453469112833125E-4
2.4506408030131553E-4
2.4478188730246546E-4
2.4450033014868983E-4
2.442194067114104E-4
2.4393911487149907E-4
2.436594525192121E-4
2.4338041755415848E-4
2.4310200788522836E-4
2.4282422143055121E-4
2.4254705611744808E-4
2.422705098823728E-4
2.4199458067087278E-4
2.417192664375257E-4
2.4144456514590024E-4
2.4117047476850467E-4
2.408969932867359E-4
2.4062411869083254E-4
2.4035184897982582E-4
2.400801821614912E-4
2.398091162523057E-4
2.3953864927739243E-4
2.3926877927048186E-4
2.3899950427385864E-4
2.38730822338317E-4
2.3846273152311972E-4
2.3819522989593982E-4
2.37928315532834E-4
2.376619865181819E-4
2.373962409446472E-4
2.3713107691312888E-4
2.3686649253272347E-4
2.366024859206798E-4
2.363390552023487E-4
2.3607619851114645E-4
2.3581391398850372E-4
2.3555219978383963E-4
2.352910540544999E-4
2.3503047496572572E-4
2.3477046069059676E-4
2.3451100941001893E-4
2.3425211931265853E-4
2.3399378859489714E-4
2.3373601546081155E-4
2.3347879812211925E-4
2.3322213479813828E-4
2.3296602371575763E-4
2.32710463109377E-4
2.3245545122088678E-4
2.322009862996204E-4
2.319470666023159E-4
2.3169369039307595E-4
2.3144085594332535E-4
2.3118856153178722E-4
2.3093680544442817E-4
2.3068558597441992E-4
2.3043490142212679E-4
2.3018475009503334E-4
2.299351303077302E-4
2.2968604038186554E-4
2.294374786461224E-4
2.2918944343616266E-4
2.289419330946028E-4
2.2869494597098087E-4
2.2844848042170713E-4
2.2820253481004875E-4
2.2795710750606957E-4
2.277121968866122E-4
2.274678013352582E-4
2.2722391924229E-4
2.2698054900466638E-4
2.267376890259777E-4
2.2649533771641E-4
2.2625349349272346E-4
2.2601215477820757E-4
2.2577132000265303E-4
2.255309876023178E-4
2.2529115601988808E-4
2.2505182370445023E-4
2.248129891114667E-4
2.2457465070272457E-4
2.2433680694631706E-4
2.240994563166146E-4
2.2386259729420953E-4
2.236262283659178E-4
2.2339034802472174E-4
2.2315495476974524E-4
2.2292004710623207E-4
2.2268562354550107E-4
2.224516826049251E-4
2.2221822280789794E-4
2.2198524268380012E-4
2.2175274076797043E-4
2.2152071560168032E-4
2.2128916573210233E-4
2.2105808971227125E-4
2.208274861010716E-4
2.2059735346318833E-4
2.203676903690978E-4
2.2013849539502506E-4
2.1990976712291457E-4
2.1968150414041653E-4
2.1945370504083657E-4
2.1922636842312574E-4
2.1899949289184281E-4
2.187730770571291E-4
2.185471195346839E-4
2.1832161894572535E-4
2.180965739169798E-4
2.1787198308063937E-4
2.1764784507434848E-4
2.1742415854115842E-4
2.172009221295225E-4
2.1697813449325298E-4
2.167557942914965E-4
2.1653390018872552E-4
2.1631245085467908E-4
2.1609144496436975E-4
2.1587088119803783E-4
2.156507582411323E-4
2.1543107478428188E-4
2.152118295232767E-4
2.1499302115903876E-4
2.147746483975872E-4
2.1455670995003515E-4
2.1433920453254186E-4
2.141221308663069E-4
2.1390548767752696E-4
2.1368927369739193E-4
2.134734876620445E-4
2.132581283125607E-4
2.1304319439493553E-4
2.1282868466003754E-4
2.1261459786361153E-4
2.1240093276622755E-4
2.1218768813328204E-4
2.1197486273496588E-4
2.1176245534622738E-4
2.115504647467741E-4
2.1133888972102853E-4
2.1112772905811892E-4
2.109169815518447E-4
2.1070664600067554E-4
2.1049672120769273E-4
2.1028720598061012E-4
2.100780991317152E-4
2.0986939947786702E-4
2.0966110584047558E-4
2.0945321704546446E-4
2.0924573192326597E-4
2.0903864930879284E-4
2.088319680414064E-4
2.0862568696491864E-4
2.084198049275501E-4
2.0821432078192324E-4
2.0800923338502652E-4
2.078045415982065E-4
2.0760024428714512E-4
2.0739634032183714E-4
2.0719282857655974E-4
2.0698970792987632E-4
2.0678697726459418E-4
2.06584635467746E-4
2.0638268143059125E-4
2.0618111404857166E-4
2.0597993222130223E-4
2.0577913485254838E-4
2.055787208502136E-4
2.053786891263127E-4
2.0517903859695348E-4
2.049797681823188E-4
2.0478087680665316E-4
2.0458236339822682E-4
2.0438422688933875E-4
2.0418646621628221E-4
2.0398908031933467E-4
2.0379206814273194E-4
2.0359542863465418E-4
2.0339916074721152E-4
2.0320326343641418E-4
2.030077356621661E-4
2.0281257638824288E-4
2.0261778458227305E-4
2.0242335921571354E-4
2.0222929926385112E-4
2.0203560370576107E-4
2.0184227152430611E-4
2.016493017061136E-4
2.0145669324155444E-4
2.0126444512474E-4
2.0107255635348295E-4
2.00881025929299E-4
2.0068985285738055E-4
2.0049903614658578E-4
2.0030857480940746E-4
2.001184678619837E-4
1.9992871432405077E-4
1.9973931321894229E-4
1.9955026357358277E-4
1.9936156441844433E-4
1.9917321478755504E-4
1.9898521371847049E-4
1.9879756025226032E-4
1.986102534334921E-4
1.9842329231022006E-4
1.9823667593395788E-4
1.9805040335967678E-4
1.9786447364578044E-4
1.97678885854092E-4
1.9749363904984324E-4
1.9730873230164574E-4
1.9712416468149665E-4
1.9693993526473687E-4
1.9675604313006435E-4
1.9657248735950199E-4
1.9638926703837735E-4
1.9620638125532653E-4
1.9602382910226195E-4
1.958416096743765E-4
1.9565972207010203E-4
1.9547816539111808E-4
1.9529693874232825E-4
1.9511604123184732E-4
1.9493547197098728E-4
1.9475523007424038E-4
1.9457531465926774E-4
1.9439572484688055E-4
1.9421645976103782E-4
1.9403751852881622E-4
1.938589002804055E-4
1.93680604149104E-4
1.9350262927127473E-4
1.933249747863703E-4
1.9314763983689398E-4
1.9297062356838943E-4
1.9279392512942857E-4
1.9261754367160558E-4
1.9244147834952038E-4
1.9226572832075473E-4
1.92090292745874E-4
1.9191517078840671E-4
1.917403616148253E-4
1.9156586439455137E-4
1.9139167829992403E-4
1.9121780250619215E-4
1.910442361915129E-4
1.908709785369248E-4
1.906980287263416E-4
1.9052538594653556E-4
1.9035304938713223E-4
1.9018101824059088E-4
1.9000929170219906E-4
1.8983786897005026E-4
1.896667492450432E-4
1.8949593173086008E-4
1.8932541563396294E-4
1.8915520016357147E-4
1.8898528453166396E-4
1.8881566795294957E-4
1.8864634964487568E-4
1.88477328827594E-4
1.8830860472396796E-4
1.8814017655955108E-4
1.8797204356257923E-4
1.87804204963954E-4
1.8763665999723875E-4
1.874694078986415E-4
1.873024479070025E-4
1.8713577926379464E-4
1.869694012130878E-4
1.8680331300157044E-4
1.8663751387850664E-4
1.864720030957469E-4
1.863067799077102E-4
1.8614184357137057E-4
1.8597719334624186E-4
1.858128284943869E-4
1.85648748280377E-4
1.8548495197131263E-4
1.8532143883678414E-4
1.851582081488804E-4
1.8499525918217076E-4
1.848325912136982E-4
1.8467020352296552E-4
1.8450809539191518E-4
1.8434626610494683E-4
1.8418471494887682E-4
1.840234412129483E-4
1.838624441888082E-4
1.837017231705055E-4
1.8354127745447347E-4
1.833811063395293E-4
1.832212091268579E-4
1.8306158512000178E-4
1.8290223362484934E-4
1.8274315394963277E-4
1.8258434540490911E-4
1.8242580730356179E-4
1.8226753896076936E-4
1.8210953969402958E-4
1.819518088231184E-4
1.817943456700914E-4
1.8163714955927922E-4
1.8148021981727645E-4
1.8132355577292505E-4
1.8116715675731317E-4
1.8101102210376025E-4
1.8085515114781546E-4
1.8069954322723437E-4
1.8054419768198296E-4
1.8038911385422803E-4
1.8023429108831676E-4
1.8007972873077669E-4
1.7992542613031145E-4
1.797713826377736E-4
1.79617597606179E-4
1.7946407039067593E-4
1.7931080034855787E-4
1.7915778683923032E-4
1.7900502922422518E-4
1.7885252686718138E-4
1.7870027913383197E-4
1.785482853920003E-4
1.7839654501159864E-4
1.782450573646047E-4
1.7809382182506356E-4
1.7794283776908276E-4
1.7779210457480408E-4
1.77641621622423E-4
1.7749138829415502E-4
1.7734140397424926E-4
1.7719166804896417E-4
1.7704217990655458E-4
1.768929389372928E-4
1.767439445334262E-4
1.7659519608919605E-4
1.7644669300080715E-4
1.7629843466643487E-4
1.7615042048621345E-4
1.7600264986222374E-4
1.7585512219849223E-4
1.7570783690098096E-4
1.7556079337757325E-4
1.7541399103807725E-4
1.7526742929420246E-4
1.751211075595747E-4
1.74975025249707E-4
1.7482918178200185E-4
1.7468357657574136E-4
1.7453820905208187E-4
1.743930786340454E-4
1.7424818474651328E-4
1.7410352681621435E-4
1.739591042717161E-4
1.7381491654343295E-4
1.736709630635977E-4
1.7352724326626912E-4
1.733837565873189E-4
1.7324050246442306E-4
1.730974803370574E-4
1.7295468964648888E-4
1.7281212983577754E-4
1.72669800349752E-4
1.7252770063501185E-4
1.7238583013992392E-4
1.7224418831461303E-4
1.7210277461094796E-4
1.7196158848254667E-4
1.7182062938475638E-4
1.716798967746607E-4
1.7153939011106093E-4
1.713991088544756E-4
1.7125905246712626E-4
1.7111922041294735E-4
1.7097961215755908E-4
1.7084022716827257E-4
1.7070106491408178E-4
1.705621248656571E-4
1.7042340649533441E-4
1.702849092771141E-4
1.7014663268664782E-4
1.7000857620124793E-4
1.698707392998509E-4
1.6973312146304647E-4
1.695957221730486E-4
1.6945854091369032E-4
1.6932157717042596E-4
1.6918483043031887E-4
1.6904830018204267E-4
1.6891198591585787E-4
1.6877588712362502E-4
1.6864000329879335E-4
1.6850433393638008E-4
1.6836887853299203E-4
1.6823363658678795E-4
1.6809860759749658E-4
1.6796379106640198E-4
1.6782918649633306E-4
1.6769479339166527E-4
1.675606112583125E-4
1.674266396037146E-4
1.6729287793684425E-4
1.6715932576818763E-4
1.6702598260974708E-4
1.668928479750343E-4
1.6675992137906207E-4
1.6662720233833568E-4
1.6649469037085754E-4
1.66362384996108E-4
1.6623028573505355E-4
1.6609839211012957E-4
1.6596670364523944E-4
1.658352198657499E-4
1.6570394029848622E-4
1.6557286447172463E-4
1.654419919151806E-4
1.6531132216001385E-4
1.6518085473882013E-4
1.6505058918562498E-4
1.6492052503587175E-4
1.6479066182642605E-4
1.6466099909557001E-4
1.645315363829845E-4
1.6440227322975673E-4
1.6427320917837242E-4
1.6414434377270647E-4
1.6401567655802433E-4
1.6388720708096345E-4
1.63758934889546E-4
1.63630859533158E-4
1.635029805625556E-4
1.6337529752985218E-4
1.6324780998851963E-4
1.6312051749337448E-4
1.6299341960058274E-4
1.6286651586764684E-4
1.6273980585340998E-4
1.6261328911803651E-4
1.6248696522302216E-4
1.6236083373117956E-4
1.6223489420663664E-4
1.6210914621483274E-4
1.6198358932250983E-4
1.618582230977082E-4
1.6173304710977212E-4
1.6160806092932378E-4
1.6148326412828318E-4
1.6135865627984588E-4
1.6123423695847802E-4
1.6111000573992767E-4
1.6098596220120306E-4
1.6086210592057164E-4
1.6073843647756717E-4
1.606149534529649E-4
1.6049165642879572E-4
1.603685449883374E-4
1.6024561871609018E-4
1.601228771978057E-4
1.6000032002045492E-4
1.598779467722357E-4
1.5975575704257392E-4
1.596337504220973E-4
1.5951192650265683E-4
1.593902848773054E-4
1.5926882514029955E-4
1.591475468870916E-4
1.590264497143292E-4
1.589055332198523E-4
1.5878479700268076E-4
1.586642406630204E-4
1.585438638022433E-4
1.5842366602291034E-4
1.5830364692872925E-4
1.5818380612458755E-4
1.5806414321652902E-4
1.579446578117425E-4
1.5782534951857755E-4
1.5770621794653107E-4
1.5758726270623217E-4
1.574684834094596E-4
1.5734987966911483E-4
1.5723145109923563E-4
1.571131973149892E-4
1.569951179326595E-4
1.5687721256964609E-4
1.5675948084446423E-4
1.5664192237674053E-4
1.565245367872051E-4
1.5640732369769187E-4
1.5629028273112774E-4
1.5617341351153592E-4
1.5605671566402976E-4
1.5594018881480965E-4
1.5582383259115002E-4
1.5570764662141366E-4
1.5559163053502974E-4
1.5547578396250141E-4
1.5536010653539507E-4
1.5524459788634242E-4
1.5512925764902906E-4
1.5501408545820456E-4
1.5489908094965996E-4
1.5478424376023675E-4
1.546695735278215E-4
1.5455506989133815E-4
1.5444073249074795E-4
1.543265609670461E-4
1.5421255496225273E-4
1.540987141194137E-4
1.5398503808260292E-4
1.5387152649689874E-4
1.5375817900840536E-4
1.5364499526423472E-4
1.5353197491250125E-4
1.5341911760232473E-4
1.5330642298383006E-4
1.5319389070812372E-4
1.5308152042732727E-4
1.529693117945299E-4
1.5285726446381828E-4
1.5274537809025718E-4
1.5263365232989312E-4
1.525220868397422E-4
1.5241068127779832E-4
1.5229943530302092E-4
1.521883485753306E-4
1.5207742075561693E-4
1.5196665150572552E-4
1.5185604048845093E-4
1.517455873675453E-4
1.5163529180770526E-4
1.5152515347457583E-4
1.5141517203474017E-4
1.5130534715571944E-4
1.5119567850597178E-4
1.5108616575488625E-4
1.5097680857277683E-4
1.5086760663088927E-4
1.507585596013846E-4
1.5064966715734802E-4
1.505409289727691E-4
1.5043234472256715E-4
1.503239140825541E-4
1.50215636729459E-4
1.501075123409026E-4
1.49999540595419E-4
1.4989172117242517E-4
1.4978405375224094E-4
1.4967653801607148E-4
1.4956917364601E-4
1.494619603250335E-4
1.493548977370036E-4
1.4924798556665227E-4
1.491412234995947E-4
1.49034611222308E-4
1.489281484221521E-4
1.4882183478733883E-4
1.487156700069507E-4
1.4860965377092814E-4
1.4850378577007119E-4
1.4839806569602517E-4
1.482924932412967E-4
1.4818706809923595E-4
1.4808178996403813E-4
1.4797665853073718E-4
1.4787167349521678E-4
1.4776683455418923E-4
1.4766214140519716E-4
1.4755759374662403E-4
1.4745319127767293E-4
1.4734893369837784E-4
1.472448207095902E-4
1.4714085201298282E-4
1.470370273110452E-4
1.469333463070835E-4
1.4682980870521042E-4
1.4672641421035047E-4
1.4662316252822975E-4
1.4652005336538373E-4
1.4641708642914027E-4
1.4631426142763107E-4
1.4621157806977704E-4
1.4610903606529976E-4
1.4600663512469918E-4
1.459043749592695E-4
1.4580225528108682E-4
1.4570027580300767E-4
1.455984362386684E-4
1.4549673630248183E-4
1.4539517570963257E-4
1.452937541760791E-4
1.4519247141854102E-4
1.4509132715451387E-4
1.4499032110225184E-4
1.4488945298076196E-4
1.447887225098221E-4
1.4468812940995752E-4
1.445876734024521E-4
1.4448735420932984E-4
1.4438717155337296E-4
1.4428712515810593E-4
1.441872147477938E-4
1.4408744004744346E-4
1.439878007828013E-4
1.4388829668034552E-4
1.4378892746729036E-4
1.4368969287157754E-4
1.4359059262188044E-4
1.4349162644759693E-4
1.4339279407884695E-4
1.432940952464712E-4
1.4319552968202975E-4
1.430970971178003E-4
1.4299879728676808E-4
1.4290062992263698E-4
1.428025947598171E-4
1.427046915334239E-4
1.42606919979276E-4
1.4250927983389914E-4
1.4241177083451048E-4
1.4231439271902998E-4
1.4221714522607589E-4
1.421200280949519E-4
1.4202304106565716E-4
1.4192618387887454E-4
1.418294562759737E-4
1.4173285799901325E-4
1.416363887907252E-4
1.4154004839452857E-4
1.414438365545112E-4
1.4134775301544072E-4
1.412517975227572E-4
1.4115596982256832E-4
1.4106026966164854E-4
1.4096469678744682E-4
1.4086925094806374E-4
1.407739318922685E-4
1.4067873936949037E-4
1.4058367312980998E-4
1.404887329239701E-4
1.4039391850336112E-4
1.4029922962002542E-4
1.4020466602665527E-4
1.4011022747658616E-4
1.4001591372380024E-4
1.399217245229281E-4
1.398276596292268E-4
1.3973371879860214E-4
1.3963990178759162E-4
1.395462083533714E-4
1.394526382537435E-4
1.393591912471418E-4
1.3926586709262948E-4
1.391726655498958E-4
1.3907958637925026E-4
1.3898662934162795E-4
1.3889379419858126E-4
1.3880108071228297E-4
1.3870848864551617E-4
1.3861601776168404E-4
1.3852366782479982E-4
1.384314385994854E-4
1.3833932985097113E-4
1.3824734134508992E-4
1.3815547284828342E-4
1.3806372412759237E-4
1.379720949506607E-4
1.3788058508572857E-4
1.377891943016301E-4
1.3769792236779734E-4
1.3760676905425287E-4
1.3751573413161005E-4
1.3742481737107114E-4
1.373340185444218E-4
1.3724333742404105E-4
1.3715277378288334E-4
1.3706232739448286E-4
1.3697199803296554E-4
1.3688178547301703E-4
1.36791689489913E-4
1.3670170985949278E-4
1.3661184635817907E-4
1.3652209876295005E-4
1.3643246685136434E-4
1.3634295040154153E-4
1.3625354919216795E-4
1.3616426300249002E-4
1.3607509161232196E-4
1.3598603480202844E-4
1.358970923525363E-4
1.3580826404532994E-4
1.3571954966244354E-4
1.356309489864694E-4
1.355424618005423E-4
1.3545408788835376E-4
1.3536582703413733E-4
1.3527767902267278E-4
1.3518964363928634E-4
1.3510172066984386E-4
1.350139099007492E-4
1.3492621111895324E-4
1.3483862411193355E-4
1.3475114866770666E-4
1.3466378457482704E-4
1.3457653162237508E-4
1.3448938959996119E-4
1.3440235829772883E-4
1.343154375063455E-4
1.342286270170042E-4
1.3414192662142074E-4
1.3405533611183574E-4
1.339688552810062E-4
1.338824839222096E-4
1.3379622182924322E-4
1.3371006879641411E-4
1.3362402461854792E-4
1.335380890909753E-4
1.3345226200955345E-4
1.3336654317063051E-4
1.3328093237107043E-4
1.3319542940824249E-4
1.3311003408002388E-4
1.3302474618478866E-4
1.3293956552141103E-4
1.3285449188927303E-4
1.3276952508824567E-4
1.3268466491870068E-4
1.3259991118150946E-4
1.3251526367802886E-4
1.3243072221011263E-4
1.323462865801012E-4
1.3226195659082982E-4
1.3217773204561196E-4
1.3209361274825712E-4
1.3200959850305464E-4
1.319256891147742E-4
1.3184188438867238E-4
1.3175818413048567E-4
1.3167458814641853E-4
1.3159109624316694E-4
1.315077082278925E-4
1.3142442390823511E-4
1.313412430923069E-4
1.312581655886929E-4
1.31175191206444E-4
1.3109231975507902E-4
1.3100955104458867E-4
1.3092688488542786E-4
1.30844321088512E-4
1.3076185946522264E-4
1.3067949982739963E-4
1.30597241987346E-4
1.305150857578195E-4
1.304330309520398E-4
1.3035107738367695E-4
1.302692248668578E-4
1.3018747321616426E-4
1.3010582224662467E-4
1.300242717737201E-4
1.2994282161338429E-4
1.298614715819927E-4
1.2978022149636869E-4
1.2969907117377902E-4
1.2961802043193893E-4
1.2953706908899789E-4
1.294562169635517E-4
1.2937546387463474E-4
1.2929480964172054E-4
1.292142540847145E-4
1.2913379702396172E-4
1.290534382802381E-4
1.2897317767475872E-4
1.2889301502916266E-4
1.2881295016552066E-4
1.28732982906338E-4
1.286531130745431E-4
1.2857334049348664E-4
1.284936649869523E-4
1.2841408637914262E-4
1.28334604494686E-4
1.2825521915862923E-4
1.2817593019644001E-4
1.2809673743400507E-4
1.2801764069762667E-4
1.2793863981402464E-4
1.2785973461033743E-4
1.2778092491410928E-4
1.2770221055330598E-4
1.2762359135629406E-4
1.2754506715186102E-4
1.2746663776919636E-4
1.2738830303789876E-4
1.273100627879768E-4
1.272319168498368E-4
1.2715386505429495E-4
1.2707590723256754E-4
1.269980432162778E-4
1.2692027283743904E-4
1.2684259592847012E-4
1.2676501232219398E-4
1.266875218518171E-4
1.2661012435095118E-4
1.2653281965360242E-4
1.2645560759416282E-4
1.2637848800742566E-4
1.2630146072856914E-4
1.2622452559316096E-4
1.2614768243716435E-4
1.2607093109692516E-4
1.2599427140917127E-4
1.2591770321102424E-4
1.258412263399884E-4
1.2576484063394483E-4
1.2568854593116236E-4
1.2561234207028954E-4
1.255362288903542E-4
1.254602062307605E-4
1.2538427393129272E-4
1.2530843183211296E-4
1.2523267977375543E-4
1.2515701759712868E-4
1.2508144514351315E-4
1.2500596225456878E-4
1.2493056877231607E-4
1.2485526453915178E-4
1.247800493978417E-4
1.2470492319151272E-4
1.2462988576366615E-4
1.2455493695816424E-4
1.2448007661923686E-4
1.2440530459147282E-4
1.2433062071982848E-4
1.2425602484961377E-4
1.241815168265081E-4
1.24107096496547E-4
1.2403276370612012E-4
1.2395851830197723E-4
1.2388436013122583E-4
1.238102890413244E-4
1.2373630488008688E-4
1.2366240749568468E-4
1.2358859673663474E-4
1.23514872451807E-4
1.234412344904231E-4
1.2336768270205416E-4
1.232942169366144E-4
1.2322083704436948E-4
1.2314754287593064E-4
1.2307433428224916E-4
1.2300121111463052E-4
1.2292817322470984E-4
1.2285522046447467E-4
1.2278235268625037E-4
1.2270956974270154E-4
1.226368714868288E-4
1.2256425777197808E-4
1.2249172845182454E-4
1.224192833803871E-4
1.223469224120134E-4
1.2227464540139036E-4
1.2220245220353462E-4
1.2213034267379515E-4
1.220583166678533E-4
1.2198637404172135E-4
1.2191451465174207E-4
1.2184273835458181E-4
1.2177104500723945E-4
1.2169943446703974E-4
1.2162790659162932E-4
1.2155646123898808E-4
1.2148509826740578E-4
1.2141381753551266E-4
1.2134261890224459E-4
1.2127150222687045E-4
1.2120046736897507E-4
1.2112951418845687E-4
1.2105864254554313E-4
1.2098785230077087E-4
1.2091714331499855E-4
1.208465154493929E-4
1.2077596856544721E-4
1.2070550252495984E-4
1.2063511719004123E-4
1.2056481242312024E-4
1.2049458808693553E-4
1.2042444404452882E-4
1.203543801592629E-4
1.2028439629479925E-4
1.2021449231511196E-4
1.2014466808448482E-4
1.2007492346749867E-4
1.2000525832904864E-4
1.1993567253432736E-4
1.1986616594883499E-4
1.1979673843837829E-4
1.1972738986905181E-4
1.1965812010726738E-4
1.1958892901972701E-4
1.1951981647343214E-4
1.1945078233568854E-4
1.1938182647409444E-4
1.1931294875654698E-4
1.1924414905123811E-4
1.1917542722665398E-4
1.1910678315157844E-4
1.1903821669508449E-4
1.1896972772654219E-4
1.1890131611561104E-4
1.1883298173223788E-4
1.1876472444666877E-4
1.1869654412943083E-4
1.1862844065134407E-4
1.185604138835117E-4
1.18492463697329E-4
1.1842458996447818E-4
1.1835679255692318E-4
1.182890713469099E-4
1.1822142620697385E-4
1.1815385700993485E-4
1.1808636362888791E-4
1.1801894593721321E-4
1.179516038085706E-4
1.1788433711690257E-4
1.1781714573643113E-4
1.177500295416513E-4
1.1768298840733661E-4
1.176160222085435E-4
1.1754913082059964E-4
1.1748231411911022E-4
1.1741557197995084E-4
1.1734890427927544E-4
1.1728231089351012E-4
1.1721579169934982E-4
1.1714934657376493E-4
1.1708297539399593E-4
1.1701667803755354E-4
1.1695045438221501E-4
1.168843043060299E-4
1.1681822768731118E-4
1.1675222440464536E-4
1.1668629433687951E-4
1.1662043736312702E-4
1.1655465336277193E-4
1.1648894221545385E-4
1.1642330380108007E-4
1.1635773799982494E-4
1.1629224469211926E-4
1.1622682375865316E-4
1.1616147508038393E-4
1.1609619853852275E-4
1.1603099401454815E-4
1.1596586139018686E-4
1.1590080054743116E-4
1.1583581136852424E-4
1.157708937359732E-4
1.1570604753253388E-4
1.1564127264122279E-4
1.1557656894530571E-4
1.1551193632830482E-4
1.1544737467399523E-4
1.1538288386640045E-4
1.1531846378980475E-4
1.1525411432873202E-4
1.1518983536796507E-4
1.1512562679253196E-4
1.1506148848771233E-4
1.1499742033902754E-4
1.1493342223225528E-4
1.1486949405341481E-4
1.1480563568877427E-4
1.147418470248443E-4
1.1467812794838079E-4
1.1461447834638556E-4
1.1455089810610467E-4
1.144873871150262E-4
1.1442394526087984E-4
1.1436057243163643E-4
1.1429726851550805E-4
1.1423403340094852E-4
1.141708669766507E-4
1.1410776913154305E-4
1.1404473975479924E-4
1.1398177873582412E-4
1.1391888596426516E-4
1.1385606133000264E-4
1.1379330472315196E-4
1.1373061603406507E-4
1.136679951533327E-4
1.1360544197177403E-4
1.1354295638044031E-4
1.1348053827061854E-4
1.1341818753383284E-4
1.1335590406182754E-4
1.1329368774658962E-4
1.1323153848032534E-4
1.1316945615548066E-4
1.131074406647215E-4
1.130454919009477E-4
1.1298360975728646E-4
1.1292179412709161E-4
1.128600449039447E-4
1.1279836198164773E-4
1.127367452542346E-4
1.1267519461596591E-4
1.1261370996131355E-4
1.1255229118498951E-4
1.1249093818191887E-4
1.1242965084724904E-4
1.1236842907635564E-4
1.1230727276482836E-4
1.1224618180848298E-4
1.1218515610335084E-4
1.1212419554568731E-4
1.120633000319639E-4
1.1200246945886993E-4
1.1194170372331751E-4
1.1188100272243036E-4
1.1182036635354702E-4
1.1175979451423152E-4
1.1169928710225552E-4
1.1163884401560708E-4
1.1157846515248978E-4
1.1151815041132153E-4
1.1145789969073225E-4
1.1139771288956718E-4
1.1133758990687618E-4
1.1127753064193134E-4
1.1121753499421008E-4
1.1115760286339647E-4
1.1109773414939275E-4
1.1103792875230689E-4
1.1097818657245431E-4
1.1091850751036091E-4
1.108588914667567E-4
1.1079933834258357E-4
1.1073984803898891E-4
1.10680420457326E-4
1.10621055499152E-4
1.1056175306623134E-4
1.1050251306052924E-4
1.1044333538422128E-4
1.1038421993968156E-4
1.103251666294884E-4
1.1026617535642323E-4
1.1020724602347058E-4
1.10148378533812E-4
1.1008957279083434E-4
1.1003082869812292E-4
1.0997214615946346E-4
1.0991352507883798E-4
1.0985496536043323E-4
1.0979646690863139E-4
1.0973802962800896E-4
1.0967965342334506E-4
1.0962133819961339E-4
1.095630838619822E-4
1.0950489031581883E-4
1.0944675746668127E-4
1.093886852203311E-4
1.0933067348271023E-4
1.0927272215996901E-4
1.092148311584399E-4
1.0915700038465715E-4
1.0909922974533758E-4
1.0904151914739838E-4
1.0898386849794063E-4
1.0892627770426535E-4
1.0886874667385487E-4
1.088112753143854E-4
1.0875386353372472E-4
1.0869651123992186E-4
1.0863921834122317E-4
1.0858198474605705E-4
1.0852481036304297E-4
1.0846769510098319E-4
1.0841063886886897E-4
1.0835364157587938E-4
1.0829670313137545E-4
1.0823982344490249E-4
1.0818300242619683E-4
1.081262399851713E-4
1.0806953603192676E-4
1.0801289047674737E-4
1.0795630323009656E-4
1.0789977420262209E-4
1.0784330330515315E-4
1.077868904487041E-4
1.0773053554446305E-4
1.0767423850380493E-4
1.0761799923827787E-4
1.0756181765961545E-4
1.0750569367972767E-4
1.0744962721070523E-4
1.0739361816481196E-4
1.0733766645449614E-4
1.0728177199237724E-4
1.072259346912552E-4
1.0717015446410622E-4
1.0711443122407807E-4
1.0705876488449929E-4
1.070031553588713E-4
1.0694760256087033E-4
1.0689210640434281E-4
1.068366668033182E-4
1.0678128367199227E-4
1.067259569247296E-4
1.0667068647607724E-4
1.0661547224074756E-4
1.0656031413362644E-4
1.0650521206977015E-4
1.0645016596440763E-4
1.0639517573293427E-4
1.063402412909183E-4
1.0628536255409669E-4
1.0623053943837371E-4
1.0617577185982693E-4
1.0612105973469374E-4
1.0606640297938867E-4
1.0601180151048591E-4
1.0595725524472933E-4
1.0590276409903054E-4
1.0584832799046772E-4
1.0579394683628035E-4
1.0573962055387716E-4
1.0568534906082918E-4
1.0563113227487335E-4
1.0557697011390955E-4
1.0552286249600232E-4
1.0546880933938048E-4
1.0541481056243135E-4
1.053608660837082E-4
1.0530697582192366E-4
1.0525313969595595E-4
1.0519935762484049E-4
1.0514562952777438E-4
1.0509195532411598E-4
1.0503833493338556E-4
1.0498476827525647E-4
1.0493125526956699E-4
1.0487779583631229E-4
1.0482438989564676E-4
1.047710373678826E-4
1.0471773817348772E-4
1.0466449223308846E-4
1.0461129946746808E-4
1.0455815979756733E-4
1.0450507314447988E-4
1.0445203942946098E-4
1.0439905857391322E-4
1.0434613049940063E-4
1.0429325512763958E-4
1.0424043238049818E-4
1.0418766218000115E-4
1.0413494444832597E-4
1.0408227910780405E-4
1.0402966608091828E-4
1.0397710529030261E-4
1.039245966587437E-4
1.0387214010918096E-4
1.0381973556470744E-4
1.0376738294855826E-4
1.0371508218412668E-4
1.036628331949548E-4
1.036106359047336E-4
1.0355849023729814E-4
1.0350639611664409E-4
1.0345435346690527E-4
1.034023622123682E-4
1.0335042227746575E-4
1.0329853358677841E-4
1.0324669606503736E-4
1.031949096371125E-4
1.0314317422802991E-4
1.0309148976295584E-4
1.0303985616720427E-4
1.0298827336622965E-4
1.0293674128563997E-4
1.0288525985118145E-4
1.0283382898874588E-4
1.0278244862437343E-4
1.0273111868423912E-4
1.0267983909466849E-4
1.0262860978212872E-4
1.0257743067322597E-4
1.0252630169471366E-4
1.024752227734847E-4
1.0242419383657204E-4
1.0237321481115387E-4
1.0232228562454103E-4
1.0227140620419601E-4
1.0222057647771381E-4
1.0216979637283284E-4
1.0211906581742791E-4
1.0206838473951416E-4
1.020177530672487E-4
1.019671707289224E-4
1.0191663765296517E-4
1.0186615376795058E-4
1.0181571900257829E-4
1.0176533328569963E-4
1.0171499654629031E-4
1.0166470871346848E-4
1.0161446971648575E-4
1.0156427948473378E-4
1.015141379477351E-4
1.014640450351529E-4
1.0141400067677579E-4
1.0136400480253935E-4
1.0131405734250338E-4
1.0126415822686557E-4
1.0121430738595817E-4
1.01164504750245E-4
1.011147502503232E-4
1.0106504381692335E-4
1.0101538538090656E-4
1.0096577487326732E-4
1.0091621222513146E-4
1.0086669736776075E-4
1.0081723023253446E-4
1.0076781075098205E-4
1.0071843885474473E-4
1.0066911447560675E-4
1.0061983754547805E-4
1.0057060799639766E-4
1.0052142576053002E-4
1.0047229077018069E-4
1.0042320295776627E-4
1.0037416225584648E-4
1.0032516859710194E-4
1.0027622191434425E-4
1.0022732214051034E-4
1.0017846920866353E-4
1.0012966305199635E-4
1.0008090360382522E-4
1.0003219079759519E-4
9.99835245668738E-5
The correct rate for BP: 100.00% 
