1.4329500269216366
1.2532275114344436
1.0657622565510372
0.8307030772600741
0.6039125064204882
0.4232183674739902
0.297368382987542
0.21515959987084274
0.16178596625929323
0.12623856467152092
0.10168674019510172
0.08409569027719756
0.0710667703632834
0.06113442617799795
0.05337288797150165
0.047177616027942584
0.04214144641541025
0.03798236819052219
0.034500098525941894
0.03154918153230663
0.029021850015551943
0.026836821589988444
0.024931799425955834
0.02325834354118668
0.021778293875288464
0.020461230625039784
0.019282641343643395
0.018222578171793336
0.01726466052378315
0.01639532492291579
0.015603254112441942
0.014878937880133796
0.01421433180642728
0.01360258962115107
0.01303785146225153
0.012515074997995094
0.012029899711098474
0.01157853705543569
0.011157680958042088
0.010764434439032697
0.010396249089934698
0.010050874877927269
0.009726318294070821
0.009420807283860204
0.00913276172159118
0.008860768440265484
0.008603560023826774
0.008359996721545188
0.008129050965139623
0.007909794065088065
0.007701384739086511
0.007503059186999091
0.007314122476135684
0.007133941040791662
0.006961936132619306
0.006797578085078119
0.006640381277111929
0.006489899699249893
0.006345723040264501
0.006207473224923218
0.006074801343708454
0.005947384924028044
0.0058249254996939545
0.005707146441555269
0.0055937910173305344
0.005484620653052821
0.005379413372252837
0.005277962392165709
0.005180074858948015
0.005085570706202605
0.004994281623094843
0.00490605012005063
0.004820728681501255
0.004738178996413459
0.0046582712584471745
0.004580883528541877
0.004505901153567451
0.004433216235401859
0.004362727145434439
0.004294338080049508
0.0042279586531334505
0.004163503522076448
0.004100892044118426
0.004040047960220627
0.003980899103938784
0.0039233771330333105
0.0038674172817827206
0.0038129581321706737
0.0037599414022986724
0.0037083117505383035
0.0036580165940808826
0.0036090059406712785
0.003561232232427225
0.003514650200748814
0.003469216731414877
0.003424890739045656
0.003381633050185685
0.0033394062943276756
0.003298174802258193
0.0032579045111606262
0.0032185628759596615
0.003180118786435955
0.003142542489679595
0.0031058055174875893
0.003069880618343154
0.00303474169364459
0.003000363737878819
0.002966722782459176
0.0029337958429693535
0.002901560869576284
0.0028699967003929907
0.002839083017589675
0.0028088003060668595
0.002779129814518606
0.0027500535187267253
0.002721554086939158
0.0026936148471961114
0.002666219756478214
0.0026393533715595
0.0026130008214569856
0.0025871477813761866
0.0025617804480589797
0.0025368855164471043
0.0025124501575802824
0.0024884619976539525
0.00246490909816638
0.0024417799370901306
0.002419063391006743
0.00239674871814813
0.0023748255422915768
0.0023532838374587996
0.0023321139133729617
0.0023113064016302533
0.002290852242545707
0.0022707426726352297
0.0022509692126985383
0.002231523656469686
0.0022123980598039803
0.002193584730372182
0.00217507621783445
0.0021568653044683607
0.002138944996226793
0.0021213085142028796
0.0021039492864808316
0.0020868609403522525
0.00207003729487934
0.0020534723537869253
0.0020371602986666375
0.002021095482477476
0.002005272423327766
0.0019896857985244767
0.001974330438876637
0.0019592013232403883
0.0019442935732937987
0.0019296024485302493
0.0019151233414598347
0.0019008517730089766
0.0018867833881085177
0.0018729139514616008
0.0018592393434828376
0.0018457555564006837
0.0018324586905155231
0.001819344950606265
0.0018064106424786402
0.0017936521696487542
0.001781066030155775
0.001768648813497952
0.0017563971976864321
0.0017443079464116878
0.001732377906317581
0.001720604004378276
0.0017089832453736
0.0016975127094585535
0.0016861895498228672
0.0016750109904369059
0.0016639743238800087
0.0016530769092479975
0.0016423161701363436
0.0016316895926960426
0.0016211947237588975
0.0016108291690295946
0.0016005905913417287
0.0015904767089750572
0.0015804852940317202
0.001570614170868823
0.0015608612145852692
0.0015512243495606265
0.0015417015480439073
0.0015322908287903495
0.0015229902557443427
0.001513797936766607
0.0015047120224039449
0.0014957307046999577
0.001486852216045074
0.0014780748280644946
0.0014693968505424533
0.0014608166303816143
0.001452332550596085
0.0014439430293369554
0.0014356465189490283
0.0014274415050576715
0.0014193265056845978
0.001411300070391597
0.001403360779451154
0.0013955072430429432
0.0013877381004753562
0.0013800520194310758
0.001372447695235876
0.0013649238501498057
0.0013574792326799974
0.001350112616914303
0.0013428228018750239
0.0013356086108920293
0.0013284688909946947
0.0013214025123217807
0.0013144083675489327
0.0013074853713328984
0.0013006324597721706
0.0012938485898832117
0.0012871327390920491
0.001280483904740464
0.0012739011036063726
0.001267383371438013
0.001260929762501358
0.0012545393491403458
0.0012482112213495955
0.0012419444863590856
0.0012357382682304308
0.001229591707464469
0.0012235039606196855
0.0012174741999411646
0.001211501612999766
0.0012055854023411468
0.0011997247851443754
0.001193918992889739
0.0011881672710355995
0.0011824688787038908
0.0011768230883740106
0.0011712291855849224
0.0011656864686451413
0.0011601942483503418
0.0011547518477084712
0.0011493586016719773
0.0011440138568770896
0.00113871697138983
0.0011334673144586078
0.0011282642662731794
0.0011231072177298102
0.0011179955702023826
0.0011129287353194056
0.001107906134746603
0.0011029271999749935
0.0010979913721143432
0.001093098101691738
0.0010882468484551837
0.0010834370811821053
0.0010786682774925407
0.0010739399236669674
0.001069251514468587
0.0010646025529699272
0.0010599925503836842
0.0010554210258976913
0.001050887506513789
0.0010463915268906488
0.0010419326291903222
0.001037510362928471
0.0010331242848281184
0.0010287739586769078
0.0010244589551876926
0.001020178851862422
0.0010159332328592149
0.0010117216888624896
0.0010075438169561753
0.0010033992204997863
9.992875090074345E-4
9.95208298029519E-4
9.91161209037243E-4
9.871458693096226E-4
9.831619118231896E-4
9.79208975144115E-4
9.752867033227918E-4
9.713947457907629E-4
9.675327572599833E-4
9.637003976243124E-4
9.598973318631879E-4
9.561232299474583E-4
9.523777667472622E-4
9.486606219419335E-4
9.449714799319195E-4
9.413100297525564E-4
9.376759649897872E-4
9.340689836976498E-4
9.30488788317569E-4
9.26935085599404E-4
9.234075865241642E-4
9.199060062283519E-4
9.164300639299843E-4
9.129794828561275E-4
9.095539901719696E-4
9.061533169114258E-4
9.027771979091547E-4
8.994253717340052E-4
8.960975806239053E-4
8.927935704220202E-4
8.895130905142692E-4
8.862558937681878E-4
8.830217364729414E-4
8.798103782806557E-4
8.766215821489134E-4
8.734551142843982E-4
8.703107440877383E-4
8.67188244099432E-4
8.640873899468493E-4
8.610079602923273E-4
8.579497367823306E-4
8.549125039975167E-4
8.518960494039294E-4
8.489001633051022E-4
8.459246387950732E-4
8.42969271712401E-4
8.400338605950188E-4
8.371182066360004E-4
8.342221136402179E-4
8.313453879817719E-4
8.284878385623174E-4
8.256492767701618E-4
8.22829516440163E-4
8.200283738143726E-4
8.172456675034837E-4
8.144812184489619E-4
8.117348498859286E-4
8.090063873067346E-4
8.062956584252433E-4
8.036024931417493E-4
8.009267235086157E-4
7.982681836964913E-4
7.956267099611882E-4
7.930021406112025E-4
7.90394315975795E-4
7.878030783736602E-4
7.852282720822532E-4
7.826697433075664E-4
7.801273401545507E-4
7.776009125980247E-4
7.750903124541478E-4
7.725953933523934E-4
7.7011601070804E-4
7.676520216951469E-4
7.652032852200584E-4
7.627696618953011E-4
7.603510140140329E-4
7.579472055249258E-4
7.555581020074561E-4
7.531835706476955E-4
7.508234802144652E-4
7.484777010359818E-4
7.461461049768522E-4
7.438285654155282E-4
7.41524957222094E-4
7.392351567364833E-4
7.369590417470967E-4
7.346964914697176E-4
7.324473865268675E-4
7.302116089274856E-4
7.27989042046938E-4
7.257795706074E-4
7.235830806585871E-4
7.213994595587746E-4
7.192285959561655E-4
7.170703797705496E-4
7.149247021753409E-4
7.127914555798223E-4
7.106705336117537E-4
7.085618311002606E-4
7.064652440590152E-4
7.0438066966966E-4
7.023080062655509E-4
7.002471533157571E-4
6.98198011409315E-4
6.961604822397704E-4
6.941344685899304E-4
6.921198743168977E-4
6.901166043373708E-4
6.881245646131097E-4
6.861436621367348E-4
6.841738049176788E-4
6.822149019684147E-4
6.802668632908505E-4
6.783295998630439E-4
6.764030236260068E-4
6.744870474708172E-4
6.725815852258969E-4
6.706865516444778E-4
6.688018623923228E-4
6.669274340355814E-4
6.650631840288609E-4
6.632090307035231E-4
6.61364893256068E-4
6.595306917368272E-4
6.577063470387349E-4
6.558917808863085E-4
6.540869158248277E-4
6.522916752096184E-4
6.505059831955732E-4
6.487297647267922E-4
6.469629455263759E-4
6.452054520864231E-4
6.43457211658134E-4
6.417181522420765E-4
6.399882025786266E-4
6.382672921385192E-4
6.365553511135645E-4
6.348523104075114E-4
6.331581016270112E-4
6.314726570727717E-4
6.297959097308039E-4
6.281277932638097E-4
6.264682420027031E-4
6.248171909382759E-4
6.23174575712934E-4
6.215403326126353E-4
6.199143985588604E-4
6.182967111007695E-4
6.166872084074515E-4
6.150858292602758E-4
6.134925130453721E-4
6.119071997462197E-4
6.103298299363413E-4
6.087603447720924E-4
6.071986859855845E-4
6.056447958776724E-4
6.040986173110811E-4
6.025600937036046E-4
6.010291690214239E-4
5.99505787772497E-4
5.979898950000694E-4
5.964814362762453E-4
5.949803576957009E-4
5.934866058694333E-4
5.920001279186225E-4
5.905208714686035E-4
5.890487846428587E-4
5.875838160571797E-4
5.861259148138375E-4
5.846750304958871E-4
5.832311131615066E-4
5.817941133384612E-4
5.803639820186127E-4
5.789406706525053E-4
5.775241311440643E-4
5.761143158453015E-4
5.747111775511712E-4
5.733146694944314E-4
5.719247453406157E-4
5.705413591830532E-4
5.691644655379806E-4
5.677940193396898E-4
5.664299759357718E-4
5.650722910823773E-4
5.63720920939636E-4
5.623758220670176E-4
5.610369514188493E-4
5.597042663398508E-4
5.583777245607395E-4
5.570572841938907E-4
5.557429037290574E-4
5.544345420291666E-4
5.531321583261342E-4
5.518357122167533E-4
5.505451636586596E-4
5.492604729663242E-4
5.479816008070837E-4
5.467085081972724E-4
5.454411564983606E-4
5.441795074131752E-4
5.429235229821429E-4
5.416731655795846E-4
5.404283979101103E-4
5.391891830049614E-4
5.379554842185127E-4
5.367272652247232E-4
5.355044900137067E-4
5.34287122888291E-4
5.330751284606642E-4
5.318684716490409E-4
5.306671176743602E-4
5.294710320570616E-4
5.282801806138816E-4
5.270945294546747E-4
5.259140449793121E-4
5.247386938745868E-4
5.235684431111762E-4
5.224032599406413E-4
5.212431118924405E-4
5.200879667710386E-4
5.189377926529736E-4
5.177925578840326E-4
5.166522310764116E-4
5.155167811059469E-4
5.143861771093471E-4
5.13260388481498E-4
5.12139384872756E-4
5.110231361863284E-4
5.09911612575636E-4
5.088047844417289E-4
5.077026224307611E-4
5.066050974314262E-4
5.055121805725133E-4
5.044238432204195E-4
5.033400569767311E-4
5.022607936758178E-4
5.011860253824789E-4
5.001157243895716E-4
4.990498632157377E-4
4.979884146030825E-4
4.969313515149459E-4
4.958786471336503E-4
4.948302748583105E-4
4.937862083026601E-4
4.927464212928803E-4
4.917108878655089E-4
4.906795822653024E-4
4.896524789431848E-4
4.886295525542064E-4
4.8761077795549015E-4
4.865961302042503E-4
4.8558558455580797E-4
4.8457911646164893E-4
4.835767015674642E-4
4.825783157112719E-4
4.815839349215129E-4
4.8059353541518774E-4
4.7960709359602633E-4
4.7862458605265164E-4
4.776459895567867E-4
4.7667128106148064E-4
4.757004376993433E-4
4.747334367808103E-4
4.7377025579241924E-4
4.728108723951194E-4
4.718552644226012E-4
4.7090340987961186E-4
4.699552869403371E-4
4.690108739467769E-4
4.680701494071334E-4
4.671330919942318E-4
4.6619968054395267E-4
4.652698940536947E-4
4.643437116808218E-4
4.634211127411654E-4
4.6250207670751306E-4
4.6158658320816345E-4
4.606746120254115E-4
4.5976614309414934E-4
4.588611565003934E-4
4.579596324799128E-4
4.5706155141680385E-4
4.5616689384210264E-4
4.552756404324367E-4
4.5438777200866186E-4
4.5350326953452557E-4
4.5262211411534366E-4
4.517442869966912E-4
4.5086976956312114E-4
4.4999854333685913E-4
4.4913058997657183E-4
4.48265891276087E-4
4.4740442916315975E-4
4.465461856982762E-4
4.4569114307339613E-4
4.4483928361079906E-4
4.4399058976188E-4
4.4314504410596876E-4
4.423026293491922E-4
4.4146332832330936E-4
4.406271239845886E-4
4.397939994126794E-4
4.3896393780951115E-4
4.3813692249817897E-4
4.373129369218742E-4
4.364919646428029E-4
4.35673989341128E-4
4.3485899481390203E-4
4.3404696497404284E-4
4.3323788384930467E-4
4.3243173558124993E-4
4.316285044242334E-4
4.308281747444454E-4
4.3003073101886304E-4
4.2923615783433804E-4
4.284444398865835E-4
4.2765556197924156E-4
4.2686950902292594E-4
4.2608626603430553E-4
4.2530581813514883E-4
4.2452815055143495E-4
4.237532486124324E-4
4.2298109774979974E-4
4.222116834967075E-4
4.2144499148695464E-4
4.206810074540985E-4
4.199197172305877E-4
4.1916110674692817E-4
4.184051620308143E-4
4.1765186920631424E-4
4.169012144930415E-4
4.161531842053372E-4
4.1540776475143613E-4
4.1466494263271594E-4
4.1392470444285466E-4
4.1318703686708173E-4
4.124519266813725E-4
4.117193607516983E-4
4.10989326033275E-4
4.102618095697671E-4
4.095367984926001E-4
4.088142800201716E-4
4.0809424145714753E-4
4.073766701937355E-4
4.0666155370495895E-4
4.0594887954995766E-4
4.0523863537128324E-4
4.0453080889419745E-4
4.038253879259975E-4
4.0312236035532675E-4
4.024217141514872E-4
4.0172343736380965E-4
4.0102751812094945E-4
4.003339446302462E-4
3.996427051770975E-4
3.989537881242851E-4
3.982671819113586E-4
3.9758287505399807E-4
3.9690085614339375E-4
3.96221113845634E-4
3.9554363690108487E-4
3.9486841412379086E-4
3.941954344008724E-4
3.9352468669193185E-4
3.9285616002847557E-4
3.921898435133184E-4
3.9152572632001546E-4
3.908637976922903E-4
3.902040469434686E-4
3.895464634559182E-4
3.8889103668049505E-4
3.88237756135994E-4
3.8758661140860147E-4
3.869375921513699E-4
3.862906880836629E-4
3.8564588899065024E-4
3.8500318472276755E-4
3.8436256519520175E-4
3.837240203873802E-4
3.8308754034245757E-4
3.8245311516682746E-4
3.8182073502959725E-4
3.8119039016211583E-4
3.805620708574674E-4
3.799357674700046E-4
3.793114704148576E-4
3.7868917016744777E-4
3.7806885726304155E-4
3.7745052229625793E-4
3.7683415592061734E-4
3.7621974884808956E-4
3.756072918486235E-4
3.749967757497077E-4
3.7438819143592806E-4
3.737815298485127E-4
3.731767819849057E-4
3.7257393889833274E-4
3.7197299169736494E-4
3.71373931545497E-4
3.70776749660726E-4
3.70181437315128E-4
3.6958798583446045E-4
3.6899638659773436E-4
3.684066310368083E-4
3.678187106359949E-4
3.67232616931664E-4
3.666483415118303E-4
3.660658760157831E-4
3.6548521213367253E-4
3.6490634160615896E-4
3.6432925622399194E-4
3.6375394782766447E-4
3.631804083070212E-4
3.62608629600893E-4
3.620386036967251E-4
3.614703226302292E-4
3.609037784849895E-4
3.603389633921354E-4
3.597758695299766E-4
3.5921448912364063E-4
3.586548144447442E-4
3.5809683781103113E-4
3.575405515860362E-4
3.569859481787474E-4
3.564330200432695E-4
3.558817596784892E-4
3.553321596277347E-4
3.547842124784737E-4
3.5423791086196276E-4
3.536932474529381E-4
3.5315021496930174E-4
3.5260880617178305E-4
3.520690138636538E-4
3.5153083089040364E-4
3.5099425013942266E-4
3.504592645397184E-4
3.499258670615896E-4
3.4939405071635017E-4
3.488638085560082E-4
3.48335133672991E-4
3.478080191998346E-4
3.4728245830891537E-4
3.4675844421214565E-4
3.462359701606924E-4
3.4571502944469854E-4
3.45195615393005E-4
3.446777213728668E-4
3.441613407896803E-4
3.436464670867139E-4
3.4313309374483755E-4
3.4262121428223956E-4
3.421108222541896E-4
3.4160191125274706E-4
3.4109447490651923E-4
3.405885068803961E-4
3.4008400087528E-4
3.3958095062785543E-4
3.390793499103179E-4
3.385791925301313E-4
3.380804723297764E-4
3.3758318318650993E-4
3.37087319012113E-4
3.36592873752652E-4
3.36099841388244E-4
3.35608215932803E-4
3.351179914338288E-4
3.346291619721538E-4
3.3414172166171095E-4
3.336556646493065E-4
3.331709851144061E-4
3.3268767726888184E-4
3.322057353568111E-4
3.317251536542397E-4
3.31245926468967E-4
3.3076804814032636E-4
3.302915130389637E-4
3.2981631556663546E-4
3.293424501559711E-4
3.288699112702818E-4
3.2839869340334736E-4
3.27928791079201E-4
3.274601988519231E-4
3.2699291130543835E-4
3.265269230533193E-4
3.260622287385691E-4
3.255988230334386E-4
3.2513670063921376E-4
3.246758562860283E-4
3.2421628473265954E-4
3.2375798076635147E-4
3.233009392025944E-4
3.228451548849652E-4
3.223906226849194E-4
3.219373375016073E-4
3.2148529426168884E-4
3.210344879191514E-4
3.205849134551303E-4
3.201365658777009E-4
3.1968944022175007E-4
3.192435315487432E-4
3.1879883494657923E-4
3.1835534552940726E-4
3.1791305843743893E-4
3.1747196883681464E-4
3.170320719193722E-4
3.1659336290253153E-4
3.161558370290918E-4
3.157194895670834E-4
3.1528431580957975E-4
3.148503110745677E-4
3.1441747070474243E-4
3.139857900673706E-4
3.135552645541266E-4
3.1312588958092366E-4
3.126976605877656E-4
3.122705730385846E-4
3.1184462242108026E-4
3.114198042465762E-4
3.1099611404985757E-4
3.105735473890134E-4
3.1015209984530293E-4
3.0973176702298895E-4
3.09312544549197E-4
3.0889442807376306E-4
3.084774132690937E-4
3.0806149583000644E-4
3.0764667147360476E-4
3.072329359391218E-4
3.068202849877789E-4
3.064087144026504E-4
3.059982199885124E-4
3.055887975717187E-4
3.0518044300005076E-4
3.047731521425858E-4
3.04366920889564E-4
3.0396174515224915E-4
3.035576208627874E-4
3.0315454397410033E-4
3.0275251045971914E-4
3.023515163136757E-4
3.0195155755037524E-4
3.0155263020444854E-4
3.011547303306452E-4
3.0075785400369E-4
3.003619973181654E-4
2.999671563883907E-4
2.9957332734829417E-4
2.9918050635127354E-4
2.987886895701095E-4
2.983978731968095E-4
2.9800805344250405E-4
2.9761922653733327E-4
2.97231388730312E-4
2.968445362892209E-4
2.9645866550049107E-4
2.9607377266908913E-4
2.9568985411839436E-4
2.9530690619009427E-4
2.9492492524405646E-4
2.9454390765824303E-4
2.9416384982856343E-4
2.937847481687966E-4
2.9340659911046216E-4
2.9302939910271067E-4
2.9265314461222354E-4
2.9227783212310227E-4
2.919034581367676E-4
2.915300191718309E-4
2.9115751176402233E-4
2.9078593246605956E-4
2.9041527784756E-4
2.900455444949196E-4
2.896767290112397E-4
2.893088280161973E-4
2.889418381459524E-4
2.8857575605306066E-4
2.88210578406362E-4
2.8784630189087495E-4
2.874829232077219E-4
2.871204390740142E-4
2.867588462227528E-4
2.863981414027471E-4
2.8603832137851024E-4
2.8567938293016333E-4
2.8532132285335587E-4
2.849641379591525E-4
2.8460782507394936E-4
2.842523810393875E-4
2.8389780271226127E-4
2.835440869644153E-4
2.831912306826737E-4
2.828392307687308E-4
2.824880841390821E-4
2.8213778772491753E-4
2.8178833847204937E-4
2.814397333408268E-4
2.810919693060302E-4
2.807450433568082E-4
2.803989524965813E-4
2.8005369374295696E-4
2.7970926412765085E-4
2.7936566069640466E-4
2.790228805088982E-4
2.7868092063866904E-4
2.7833977817303703E-4
2.779994502130162E-4
2.776599338732375E-4
2.7732122628186816E-4
2.769833245805332E-4
2.7664622592425003E-4
2.763099274813169E-4
2.7597442643327396E-4
2.7563971997479923E-4
2.7530580531365045E-4
2.7497267967057683E-4
2.7464034027924514E-4
2.743087843861714E-4
2.7397800925064287E-4
2.7364801214464426E-4
2.733187903527888E-4
2.729903411722333E-4
2.7266266191262477E-4
2.7233574989600956E-4
2.7200960245677634E-4
2.71684216941577E-4
2.713595907092605E-4
2.7103572113080506E-4
2.70712605589243E-4
2.7039024147959215E-4
2.7006862620879396E-4
2.6974775719564167E-4
2.694276318707185E-4
2.6910824767630953E-4
2.6878960206637E-4
2.684716925064279E-4
2.681545164735367E-4
2.6783807145620007E-4
2.6752235495431737E-4
2.672073644791068E-4
2.66893097553049E-4
2.6657955170983425E-4
2.662667244942727E-4
2.6595461346225506E-4
2.6564321618068585E-4
2.6533253022740724E-4
2.6502255319116227E-4
2.6471328267151247E-4
2.64404716278787E-4
2.6409685163402384E-4
2.6378968636890724E-4
2.6348321812570555E-4
2.631774445572152E-4
2.6287236332671034E-4
2.625679721078656E-4
2.622642685847215E-4
2.619612504516007E-4
2.6165891541307993E-4
2.6135726118391514E-4
2.610562854889819E-4
2.607559860632369E-4
2.6045636065164586E-4
2.601574070091387E-4
2.598591229005502E-4
2.595615061005634E-4
2.592645543936656E-4
2.589682655740796E-4
2.586726374457287E-4
2.5837766782216384E-4
2.5808335452652526E-4
2.5778969539148893E-4
2.574966882592054E-4
2.572043309812563E-4
2.5691262141860563E-4
2.5662155744153755E-4
2.5633113692961375E-4
2.5604135777163034E-4
2.557522178655462E-4
2.554637151184559E-4
2.5517584744652616E-4
2.5488861277495615E-4
2.5460200903792507E-4
2.5431603417854073E-4
2.540306861487873E-4
2.5374596290949654E-4
2.534618624302819E-4
2.5317838268949767E-4
2.528955216741941E-4
2.526132773800676E-4
2.523316478114138E-4
2.520506309810885E-4
2.5177022491045247E-4
2.514904276293326E-4
2.5121123717598273E-4
2.509326515970125E-4
2.506546689473821E-4
2.503772872903203E-4
2.5010050469731287E-4
2.4982431924803306E-4
2.495487290303157E-4
2.492737321401009E-4
2.489993266814054E-4
2.487255107662657E-4
2.4845228251470724E-4
2.481796400546984E-4
2.4790758152209633E-4
2.476361050606334E-4
2.473652088218533E-4
2.470948909650714E-4
2.4682514965734413E-4
2.4655598307342765E-4
2.4628738939572084E-4
2.4601936681424986E-4
2.457519135266142E-4
2.454850277379393E-4
2.452187076608684E-4
2.4495295151548315E-4
2.4468775752929184E-4
2.444231239371879E-4
2.441590489813962E-4
2.4389553091146198E-4
2.436325679841839E-4
2.4337015846359568E-4
2.43108300620922E-4
2.4284699273454302E-4
2.4258623308995533E-4
2.4232601997974172E-4
2.420663517035218E-4
2.4180722656793395E-4
2.4154864288657892E-4
2.4129059898000553E-4
2.410330931756543E-4
2.4077612380784145E-4
2.4051968921770848E-4
2.4026378775319061E-4
2.4000841776899696E-4
2.3975357762654874E-4
2.3949926569397323E-4
2.392454803460477E-4
2.389922199641812E-4
2.3873948293637234E-4
2.3848726765717326E-4
2.3823557252766834E-4
2.3798439595543142E-4
2.3773373635449442E-4
2.3748359214531531E-4
2.372339617547537E-4
2.3698484361602142E-4
2.3673623616866316E-4
2.364881378585268E-4
2.3624054713772E-4
2.3599346246458983E-4
2.3574688230368733E-4
2.3550080512573545E-4
2.3525522940759768E-4
2.350101536322511E-4
2.347655762887528E-4
2.3452149587220944E-4
2.342779108837435E-4
2.340348198304832E-4
2.3379222122549973E-4
2.3355011358780289E-4
2.3330849544230236E-4
2.3306736531978587E-4
2.3282672175687713E-4
2.3258656329601098E-4
2.3234688848541843E-4
2.3210769587908185E-4
2.3186898403671264E-4
2.3163075152371682E-4
2.3139299691118264E-4
2.3115571877583633E-4
2.3091891570002125E-4
2.306825862716676E-4
2.3044672908427373E-4
2.3021134273686533E-4
2.2997642583398023E-4
2.2974197698563136E-4
2.2950799480729218E-4
2.2927447791985396E-4
2.2904142494961418E-4
2.2880883452824766E-4
2.2857670529276427E-4
2.2834503588551062E-4
2.281138249541166E-4
2.27883071151493E-4
2.2765277313578937E-4
2.274229295703745E-4
2.2719353912381638E-4
2.2696460046984035E-4
2.2673611228732913E-4
2.2650807326027718E-4
2.2628048207777395E-4
2.2605333743398105E-4
2.2582663802810175E-4
2.2560038256436046E-4
2.2537456975198986E-4
2.2514919830517925E-4
2.2492426694307628E-4
2.2469977438975308E-4
2.2447571937418532E-4
2.2425210063022354E-4
2.2402891689657294E-4
2.2380616691677573E-4
2.235838494391809E-4
2.2336196321691909E-4
2.231405070078913E-4
2.2291947957473482E-4
2.2269887968480722E-4
2.224787061101643E-4
2.2225895762752605E-4
2.2203963301826963E-4
2.218207310684052E-4
2.2160225056854865E-4
2.2138419031389646E-4
2.21166549104216E-4
2.2094932574380803E-4
2.2073251904150253E-4
2.2051612781063138E-4
2.2030015086899074E-4
2.2008458703885787E-4
2.1986943514692495E-4
2.1965469402431069E-4
2.1944036250652472E-4
2.1922643943345817E-4
2.1901292364934989E-4
2.1879981400277262E-4
2.1858710934662048E-4
2.1837480853806885E-4
2.1816291043857738E-4
2.1795141391385328E-4
2.1774031783384134E-4
2.1752962107270178E-4
2.1731932250877958E-4
2.171094210246092E-4
2.168999155068664E-4
2.1669080484637782E-4
2.1648208793807744E-4
2.1627376368100592E-4
2.160658309782712E-4
2.1585828873705643E-4
2.1565113586857643E-4
2.154443712880708E-4
2.1523799391478992E-4
2.1503200267196655E-4
2.148263964868002E-4
2.1462117429044386E-4
2.14416335017979E-4
2.14211877608405E-4
2.140078010046126E-4
2.138041041533792E-4
2.1360078600533034E-4
2.1339784551494196E-4
2.1319528164051772E-4
2.1299309334416202E-4
2.1279127959177667E-4
2.125898393530311E-4
2.1238877160135503E-4
2.121880753139186E-4
2.1198774947160876E-4
2.1178779305901948E-4
2.115882050644376E-4
2.11388984479821E-4
2.1119013030077512E-4
2.109916415265543E-4
2.107935171600325E-4
2.1059575620768382E-4
2.1039835767958163E-4
2.1020132058936696E-4
2.100046439542363E-4
2.0980832679493434E-4
2.096123681357326E-4
2.0941676700440238E-4
2.0922152243221958E-4
2.090266334539359E-4
2.0883209910776266E-4
2.0863791843536155E-4
2.0844409048182699E-4
2.0825061429567034E-4
2.080574889288044E-4
2.0786471343653003E-4
2.0767228687751895E-4
2.074802083137892E-4
2.072884768107221E-4
2.0709709143700768E-4
2.069060512646552E-4
2.067153553689721E-4
2.0652500282854346E-4
2.0633499272523025E-4
2.0614532414414086E-4
2.0595599617362798E-4
2.0576700790526602E-4
2.0557835843384263E-4
2.0539004685734226E-4
2.0520207227693146E-4
2.050144337969455E-4
2.0482713052487683E-4
2.04640161571356E-4
2.04453526050145E-4
2.0426722307811677E-4
2.040812517752407E-4
2.038956112645881E-4
2.03710300672282E-4
2.035253191275154E-4
2.033406657625367E-4
2.0315633971260732E-4
2.0297234011602914E-4
2.0278866611409815E-4
2.0260531685110708E-4
2.0242229147432925E-4
2.0223958913400715E-4
2.0205720898333772E-4
2.0187515017845882E-4
2.016934118784439E-4
2.0151199324526935E-4
2.0133089344382874E-4
2.011501116419063E-4
2.009696470101559E-4
2.0078949872210828E-4
2.0060966595414543E-4
2.004301478854901E-4
2.0025094369819637E-4
2.0007205257713492E-4
1.998934737099811E-4
1.997152062872117E-4
1.9953724950207645E-4
1.993596025505948E-4
1.991822646315503E-4
1.990052349464702E-4
1.988285126996178E-4
1.9865209709797274E-4
1.9847598735123467E-4
1.9830018267180026E-4
1.9812468227474792E-4
1.9794948537784095E-4
1.9777459120150895E-4
1.9759999896882765E-4
1.9742570790552198E-4
1.9725171723994825E-4
1.9707802620307682E-4
1.9690463402849778E-4
1.9673153995239203E-4
1.9655874321353314E-4
1.9638624305327098E-4
1.96214038715511E-4
1.9604212944672892E-4
1.9587051449593382E-4
1.9569919311467293E-4
1.9552816455701785E-4
1.953574280795443E-4
1.9518698294133924E-4
1.950168284039817E-4
1.9484696373151848E-4
1.9467738819047958E-4
1.9450810104984728E-4
1.9433910158106444E-4
1.9417038905800225E-4
1.94001962756965E-4
1.938338219566795E-4
1.9366596593827694E-4
1.9349839398529505E-4
1.933311053836499E-4
1.931640994216471E-4
1.9299737538995673E-4
1.9283093258161106E-4
1.926647702919886E-4
1.924988878188115E-4
1.92333284462131E-4
1.9216795952432475E-4
1.9200291231007133E-4
1.9183814212635713E-4
1.916736482824609E-4
1.9150943008994215E-4
1.9134548686263573E-4
1.911818179166428E-4
1.9101842257031486E-4
1.9085530014424938E-4
1.9069244996128287E-4
1.9052987134648056E-4
1.9036756362711957E-4
1.902055261326893E-4
1.9004375819488216E-4
1.8988225914757885E-4
1.897210283268374E-4
1.895600650708953E-4
1.8939936872015733E-4
1.8923893861717587E-4
1.890787741066534E-4
1.8891887453542942E-4
1.8875923925247486E-4
1.88599867608879E-4
1.8844075895784447E-4
1.882819126546776E-4
1.8812332805677757E-4
1.8796500452363638E-4
1.87806941416814E-4
1.8764913809995014E-4
1.8749159393873765E-4
1.8733430830092813E-4
1.871772805563135E-4
1.8702051007673162E-4
1.8686399623603432E-4
1.867077384101002E-4
1.865517359768263E-4
1.8639598831610482E-4
1.8624049480982948E-4
1.8608525484187504E-4
1.8593026779810244E-4
1.8577553306634847E-4
1.856210500364004E-4
1.854668181000168E-4
1.8531283665089175E-4
1.8515910508467225E-4
1.850056227989295E-4
1.8485238919316497E-4
1.846994036687921E-4
1.8454666562914117E-4
1.8439417447944345E-4
1.842419296268179E-4
1.8408993048028166E-4
1.8393817645072686E-4
1.8378666695091094E-4
1.8363540139547228E-4
1.8348437920089479E-4
1.8333359978551234E-4
1.8318306256950975E-4
1.8303276697489982E-4
1.8288271242553216E-4
1.8273289834706656E-4
1.8258332416698972E-4
1.8243398931458375E-4
1.8228489322093776E-4
1.8213603531893333E-4
1.8198741504323626E-4
1.8183903183028628E-4
1.816908851183061E-4
1.8154297434727493E-4
1.8139529895893142E-4
1.8124785839676645E-4
1.811006521060152E-4
1.8095367953365393E-4
1.808069401283794E-4
1.806604333406227E-4
1.8051415862252446E-4
1.8036811542794645E-4
1.8022230321243973E-4
1.8007672143326633E-4
1.799313695493732E-4
1.797862470213873E-4
1.796413533116217E-4
1.7949668788405193E-4
1.7935225020432712E-4
1.7920803973974926E-4
1.7906405595927047E-4
1.789202983334942E-4
1.787767663346558E-4
1.786334594366319E-4
1.7849037711491968E-4
1.7834751884663827E-4
1.7820488411051608E-4
1.7806247238689953E-4
1.7792028315772763E-4
1.7777831590654283E-4
1.7763657011846706E-4
1.7749504528021586E-4
1.7735374088006934E-4
1.772126564078941E-4
1.770717913551088E-4
1.7693114521470218E-4
1.7679071748120785E-4
1.7665050765070786E-4
1.7651051522083166E-4
1.7637073969073742E-4
1.7623118056111245E-4
1.7609183733418088E-4
1.759527095136657E-4
1.758137966048185E-4
1.756750981143852E-4
1.7553661355062275E-4
1.7539834242327856E-4
1.7526028424358662E-4
1.7512243852427147E-4
1.7498480477952914E-4
1.748473825250344E-4
1.7471017127792767E-4
1.7457317055680593E-4
1.7443637988173095E-4
1.742997987742062E-4
1.741634267571867E-4
1.740272633550653E-4
1.7389130809367063E-4
1.7375556050025398E-4
1.7362002010349432E-4
1.7348468643349537E-4
1.7334955902176716E-4
1.732146374012229E-4
1.7307992110618734E-4
1.7294540967237602E-4
1.7281110263690037E-4
1.7267699953825417E-4
1.7254309991632022E-4
1.7240940331234613E-4
1.7227590926896673E-4
1.7214261733016699E-4
1.7200952704130124E-4
1.7187663794907855E-4
1.717439496015593E-4
1.716114615481488E-4
1.7147917333959427E-4
1.713470845279816E-4
1.7121519466671982E-4
1.7108350331055286E-4
1.7095201001554095E-4
1.7082071433905687E-4
1.706896158398005E-4
1.7055871407776221E-4
1.70428008614236E-4
1.702974990118217E-4
1.7016718483440555E-4
1.7003706564715923E-4
1.699071410165451E-4
1.697774105102986E-4
1.696478736974219E-4
1.6951853014820063E-4
1.6938937943417162E-4
1.6926042112813764E-4
1.6913165480415213E-4
1.6900308003752666E-4
1.6887469640480842E-4
1.6874650348379052E-4
1.68618500853507E-4
1.68490688094213E-4
1.6836306478740262E-4
1.6823563051578767E-4
1.6810838486329673E-4
1.6798132741507958E-4
1.6785445775748575E-4
1.6772777547807775E-4
1.676012801656218E-4
1.6747497141006635E-4
1.673488488025731E-4
1.6722291193547347E-4
1.6709716040229174E-4
1.6697159379773193E-4
1.6684621171766695E-4
1.6672101375914562E-4
1.6659599952038759E-4
1.664711686007683E-4
1.6634652060082083E-4
1.6622205512223406E-4
1.6609777176785308E-4
1.659736701416598E-4
1.658497498487833E-4
1.6572601049549054E-4
1.6560245168917542E-4
1.654790730383691E-4
1.6535587415272783E-4
1.6523285464302342E-4
1.6511001412114972E-4
1.649873522001149E-4
1.648648684940324E-4
1.6474256261812164E-4
1.6462043418871014E-4
1.644984828232155E-4
1.643767081401513E-4
1.6425510975912334E-4
1.6413368730082022E-4
1.640124403870129E-4
1.6389136864055292E-4
1.637704716853657E-4
1.636497491464451E-4
1.6352920064985324E-4
1.6340882582272051E-4
1.6328862429322244E-4
1.6316859569060502E-4
1.6304873964516006E-4
1.6292905578822332E-4
1.6280954375218063E-4
1.6269020317045957E-4
1.6257103367752184E-4
1.6245203490885944E-4
1.6233320650099942E-4
1.622145480914939E-4
1.6209605931891277E-4
1.6197773982285223E-4
1.6185958924392143E-4
1.6174160722373817E-4
1.616237934049287E-4
1.6150614743112873E-4
1.613886689469702E-4
1.6127135759808504E-4
1.6115421303110022E-4
1.6103723489363107E-4
1.609204228342812E-4
1.6080377650263872E-4
1.6068729554927019E-4
1.605709796257237E-4
1.604548283845165E-4
1.6033884147913376E-4
1.6022301856403779E-4
1.6010735929463846E-4
1.599918633273224E-4
1.5987653031942426E-4
1.597613599292295E-4
1.596463518159807E-4
1.5953150563986372E-4
1.5941682106200537E-4
1.5930229774448234E-4
1.591879353502986E-4
1.5907373354339213E-4
1.5895969198864013E-4
1.588458103518366E-4
1.587320882997088E-4
1.5861852549989977E-4
1.5850512162097057E-4
1.583918763323993E-4
1.5827878930457526E-4
1.5816586020879483E-4
1.580530887172596E-4
1.5794047450307306E-4
1.578280172402434E-4
1.5771571660366484E-4
1.5760357226913386E-4
1.574915839133299E-4
1.57379751213825E-4
1.572680738490704E-4
1.5715655149840037E-4
1.5704518384202908E-4
1.5693397056104006E-4
1.5682291133739583E-4
1.5671200585391743E-4
1.5660125379430578E-4
1.564906548431119E-4
1.56380208685755E-4
1.5626991500850525E-4
1.5615977349849573E-4
1.560497838437013E-4
1.559399457329503E-4
1.558302588559176E-4
1.5572072290311704E-4
1.556113375659014E-4
1.555021025364708E-4
1.5539301750784688E-4
1.5528408217388963E-4
1.5517529622928531E-4
1.5506665936954484E-4
1.5495817129100643E-4
1.548498316908262E-4
1.5474164026697243E-4
1.5463359671824043E-4
1.5452570074422448E-4
1.544179520453377E-4
1.5431035032279175E-4
1.5420289527860997E-4
1.540955866156108E-4
1.5398842403741543E-4
1.5388140724843918E-4
1.5377453595388627E-4
1.536678098597594E-4
1.535612286728457E-4
1.534547921007111E-4
1.5334849985171697E-4
1.5324235163499396E-4
1.5313634716045344E-4
1.530304861387814E-4
1.529247682814362E-4
1.528191933006524E-4
1.527137609094177E-4
1.526084708214969E-4
1.5250332275140927E-4
1.5239831641443736E-4
1.5229345152662017E-4
1.5218872780474902E-4
1.5208414496637072E-4
1.5197970272977972E-4
1.5187540081401644E-4
1.5177123893886653E-4
1.5166721682485977E-4
1.5156333419326235E-4
1.5145959076607988E-4
1.513559862660505E-4
1.512525204166476E-4
1.5114919294207432E-4
1.5104600356725899E-4
1.5094295201785365E-4
1.508400380202403E-4
1.5073726130151424E-4
1.5063462158949276E-4
1.5053211861270683E-4
1.504297521004016E-4
1.5032752178253072E-4
1.5022542738976307E-4
1.5012346865346665E-4
1.5002164530571573E-4
1.4991995707929078E-4
1.4981840370766416E-4
1.4971698492501005E-4
1.496157004662016E-4
1.4951455006679296E-4
1.4941353346303892E-4
1.4931265039188135E-4
1.4921190059094102E-4
1.4911128379853228E-4
1.4901079975364274E-4
1.4891044819594082E-4
1.4881022886577782E-4
1.487101415041739E-4
1.486101858528224E-4
1.4851036165409326E-4
1.4841066865101238E-4
1.483111065872859E-4
1.4821167520727327E-4
1.4811237425600246E-4
1.4801320347915972E-4
1.4791416262308513E-4
1.4781525143478088E-4
1.47716469661896E-4
1.476178170527349E-4
1.475192933562493E-4
1.4742089832204066E-4
1.4732263170035316E-4
1.4722449324207237E-4
1.4712648269873046E-4
1.4702859982249024E-4
1.4693084436615843E-4
1.4683321608317603E-4
1.4673571472761246E-4
1.4663834005416914E-4
1.465410918181782E-4
1.46443969775602E-4
1.4634697368301572E-4
1.4625010329762878E-4
1.461533583772681E-4
1.460567386803755E-4
1.4596024396601437E-4
1.458638739938624E-4
1.4576762852420828E-4
1.456715073179527E-4
1.4557551013660025E-4
1.454796367422735E-4
1.4538388689769053E-4
1.4528826036617774E-4
1.451927569116581E-4
1.4509737629865845E-4
1.4500211829230516E-4
1.4490698265831088E-4
1.448119691629915E-4
1.4471707757324976E-4
1.4462230765658278E-4
1.445276591810674E-4
1.4443313191537434E-4
1.443387256287587E-4
1.442444400910548E-4
1.4415027507267656E-4
1.4405623034462257E-4
1.4396230567846396E-4
1.4386850084634753E-4
1.437748156209941E-4
1.4368124977570012E-4
1.4358780308432222E-4
1.4349447532129787E-4
1.4340126626162134E-4
1.433081756808528E-4
1.4321520335511888E-4
1.431223490611057E-4
1.4302961257605808E-4
1.4293699367777833E-4
1.428444921446243E-4
1.4275210775550816E-4
1.4265984028989987E-4
1.4256768952780884E-4
1.4247565524980172E-4
1.4238373723699042E-4
1.4229193527103156E-4
1.4220024913412724E-4
1.4210867860902057E-4
1.4201722347899595E-4
1.4192588352787382E-4
1.4183465854001833E-4
1.417435483003168E-4
1.4165255259420505E-4
1.415616712076425E-4
1.4147090392712137E-4
1.4138025053965852E-4
1.4128971083280712E-4
1.4119928459463784E-4
1.41108971613746E-4
1.4101877167925554E-4
1.4092868458080528E-4
1.408387101085549E-4
1.407488480531811E-4
1.406590982058798E-4
1.4056946035835452E-4
1.4047993430283003E-4
1.403905198320325E-4
1.403012167392108E-4
1.402120248181105E-4
1.4012294386298943E-4
1.4003397366860697E-4
1.3994511403023094E-4
1.3985636474362378E-4
1.3976772560505594E-4
1.3967919641129302E-4
1.3959077695959623E-4
1.3950246704772843E-4
1.3941426647393992E-4
1.3932617503697816E-4
1.3923819253608205E-4
1.3915031877097863E-4
1.3906255354188354E-4
1.389748966495002E-4
1.3888734789501325E-4
1.387999070800998E-4
1.3871257400691097E-4
1.386253484780841E-4
1.3853823029673517E-4
1.3845121926645497E-4
1.3836431519131403E-4
1.3827751787585778E-4
1.381908271251055E-4
1.3810424274454618E-4
1.3801776454014597E-4
1.3793139231833008E-4
1.378451258860043E-4
1.3775896505052948E-4
1.3767290961974216E-4
1.375869594019331E-4
1.3750111420586424E-4
1.374153738407502E-4
1.3732973811627266E-4
1.372442068425674E-4
1.3715877983023003E-4
1.3707345689030378E-4
1.3698823783429945E-4
1.3690312247416816E-4
1.3681811062232286E-4
1.3673320209161722E-4
1.3664839669536136E-4
1.3656369424730746E-4
1.3647909456165325E-4
1.3639459745304694E-4
1.363102027365783E-4
1.3622591022777642E-4
1.361417197426132E-4
1.360576310974977E-4
1.3597364410928344E-4
1.3588975859525344E-4
1.358059743731276E-4
1.3572229126106462E-4
1.356387090776561E-4
1.3555522764191634E-4
1.354718467733019E-4
1.3538856629169167E-4
1.3530538601739346E-4
1.3522230577114265E-4
1.3513932537409832E-4
1.3505644464784796E-4
1.349736634143944E-4
1.3489098149616936E-4
1.3480839871602196E-4
1.347259148972202E-4
1.3464352986345183E-4
1.3456124343881804E-4
1.3447905544783603E-4
1.3439696571544132E-4
1.3431497406697916E-4
1.3423308032820466E-4
1.3415128432528955E-4
1.3406958588480867E-4
1.3398798483374853E-4
1.3390648099950177E-4
1.3382507420986385E-4
1.337437642930426E-4
1.3366255107764144E-4
1.3358143439266796E-4
1.3350041406753492E-4
1.3341948993204886E-4
1.333386618164215E-4
1.3325792955125424E-4
1.3317729296755213E-4
1.3309675189671254E-4
1.3301630617052433E-4
1.3293595562117685E-4
1.3285570008124116E-4
1.327755393836891E-4
1.3269547336187439E-4
1.326155018495408E-4
1.3253562468082132E-4
1.3245584169023516E-4
1.3237615271268621E-4
1.322965575834588E-4
1.3221705613822535E-4
1.3213764821303804E-4
1.32058333644327E-4
1.319791122689046E-4
1.3189998392396E-4
1.3182094844706171E-4
1.317420056761537E-4
1.3166315544955543E-4
1.31584397605955E-4
1.3150573198442695E-4
1.314271584244001E-4
1.3134867676568518E-4
1.3127028684846128E-4
1.3119198851327732E-4
1.311137816010449E-4
1.3103566595304672E-4
1.3095764141092634E-4
1.3087970781670011E-4
1.3080186501273527E-4
1.3072411284177372E-4
1.3064645114691382E-4
1.3056887977161142E-4
1.3049139855968625E-4
1.304140073553135E-4
1.30336706003026E-4
1.302594943477122E-4
1.3018237223461868E-4
1.3010533950934473E-4
1.300283960178412E-4
1.2995154160641152E-4
1.298747761217111E-4
1.2979809941074657E-4
1.2972151132087126E-4
1.2964501169979072E-4
1.295686003955516E-4
1.2949227725655153E-4
1.2941604213153148E-4
1.293398948695762E-4
1.2926383532011596E-4
1.2918786333292174E-4
1.2911197875810576E-4
1.2903618144612225E-4
1.2896047124776047E-4
1.2888484801415088E-4
1.2880931159676629E-4
1.2873386184740715E-4
1.2865849861821678E-4
1.2858322176166671E-4
1.2850803113056804E-4
1.284329265780588E-4
1.2835790795761616E-4
1.282829751230444E-4
1.2820812792847057E-4
1.2813336622836334E-4
1.280586898775123E-4
1.2798409873103839E-4
1.2790959264438075E-4
1.2783517147331178E-4
1.2776083507392823E-4
1.2768658330264155E-4
1.2761241601619693E-4
1.275383330716559E-4
1.2746433432639885E-4
1.2739041963813288E-4
1.273165888648749E-4
1.2724284186496604E-4
1.2716917849706433E-4
1.2709559862014347E-4
1.2702210209349063E-4
1.2694868877670965E-4
1.2687535852971797E-4
1.2680211121274802E-4
1.2672894668633913E-4
1.2665586481134337E-4
1.265828654489279E-4
1.2650994846056382E-4
1.26437113708027E-4
1.263643610534144E-4
1.2629169035911975E-4
1.2621910148784114E-4
1.2614659430258747E-4
1.2607416866667131E-4
1.2600182444370166E-4
1.2592956149760242E-4
1.2585737969258957E-4
1.25785278893181E-4
1.2571325896419924E-4
1.25641319770761E-4
1.25569461178284E-4
1.2549768305248623E-4
1.2542598525937712E-4
1.2535436766526316E-4
1.2528283013675052E-4
1.2521137254073566E-4
1.251399947444086E-4
1.2506869661524998E-4
1.2499747802104395E-4
1.249263388298459E-4
1.248552789100239E-4
1.2478429813021696E-4
1.247133963593622E-4
1.2464257346668492E-4
1.245718293216917E-4
1.2450116379418273E-4
1.2443057675424045E-4
1.243600680722275E-4
1.2428963761880026E-4
1.2421928526489052E-4
1.2414901088171463E-4
1.2407881434077256E-4
1.240086955138447E-4
1.2393865427298825E-4
1.2386869049054578E-4
1.2379880403913147E-4
1.2372899479164408E-4
1.2365926262125458E-4
1.2358960740141176E-4
1.2352002900584445E-4
1.2345052730854608E-4
1.233811021837969E-4
1.2331175350614122E-4
1.2324248115039863E-4
1.2317328499166278E-4
1.2310416490529552E-4
1.2303512076693163E-4
1.2296615245247508E-4
1.2289725983809374E-4
1.2282844280023413E-4
1.2275970121560184E-4
1.226910349611687E-4
1.2262244391418164E-4
1.2255392795214372E-4
1.2248548695282786E-4
1.2241712079426767E-4
1.2234882935476332E-4
1.2228061251287107E-4
1.222124701474206E-4
1.2214440213749152E-4
1.2207640836242958E-4
1.2200848870183723E-4
1.2194064303557847E-4
1.2187287124377701E-4
1.2180517320680806E-4
1.217375488053109E-4
1.216699979201758E-4
1.2160252043255215E-4
1.215351162238409E-4
1.2146778517570358E-4
1.2140052717004542E-4
1.2133334208903379E-4
1.2126622981508223E-4
1.2119919023085958E-4
1.2113222321928192E-4
1.2106532866351893E-4
1.2099850644698978E-4
1.2093175645335858E-4
1.2086507856654116E-4
1.2079847267070117E-4
1.2073193865024582E-4
1.2066547638983074E-4
1.205990857743575E-4
1.2053276668897514E-4
1.2046651901906874E-4
1.2040034265027474E-4
1.2033423746847163E-4
1.202682033597738E-4
1.202022402105467E-4
1.2013634790739218E-4
1.2007052633714907E-4
1.2000477538690423E-4
1.1993909494397252E-4
1.1987348489592065E-4
1.1980794513054087E-4
1.1974247553586995E-4
1.1967707600018187E-4
1.1961174641198282E-4
1.1954648666001106E-4
1.1948129663325265E-4
1.1941617622091405E-4
1.1935112531244162E-4
1.1928614379751595E-4
1.1922123156604423E-4
1.1915638850816991E-4
1.1909161451426939E-4
1.190269094749442E-4
1.1896227328102859E-4
1.1889770582358438E-4
1.1883320699390575E-4
1.1876877668351184E-4
1.1870441478414885E-4
1.1864012118779349E-4
1.1857589578664558E-4
1.1851173847312775E-4
1.1844764913989963E-4
1.183836276798295E-4
1.1831967398602045E-4
1.1825578795179571E-4
1.18191969470703E-4
1.1812821843650923E-4
1.1806453474320248E-4
1.1800091828499756E-4
1.1793736895632321E-4
1.1787388665183189E-4
1.1781047126639579E-4
1.1774712269510159E-4
1.1768384083325947E-4
1.176206255763949E-4
1.1755747682024815E-4
1.174943944607783E-4
1.174313783941633E-4
1.173684285167953E-4
1.1730554472526984E-4
1.1724272691641481E-4
1.1717997498726116E-4
1.171172888350571E-4
1.1705466835725938E-4
1.1699211345153631E-4
1.1692962401577959E-4
1.168671999480738E-4
1.1680484114672771E-4
1.1674254751025153E-4
1.1668031893737201E-4
1.1661815532701999E-4
1.165560565783372E-4
1.1649402259067038E-4
1.164320532635742E-4
1.1637014849681493E-4
1.1630830819035839E-4
1.162465322443747E-4
1.1618482055924845E-4
1.1612317303556267E-4
1.1606158957410222E-4
1.1600007007585831E-4
1.1593861444202653E-4
1.1587722257400532E-4
1.1581589437339011E-4
1.1575462974198461E-4
1.1569342858178483E-4
1.1563229079499738E-4
1.1557121628402207E-4
1.1551020495146015E-4
1.154492567001104E-4
1.1538837143297109E-4
1.1532754905323887E-4
1.1526678946430836E-4
1.1520609256976642E-4
1.1514545827340356E-4
1.1508488647920283E-4
1.1502437709133825E-4
1.1496393001418767E-4
1.14903545152315E-4
1.1484322241048368E-4
1.1478296169364658E-4
1.1472276290695188E-4
1.1466262595574146E-4
1.1460255074554707E-4
1.1454253718209067E-4
1.1448258517128897E-4
1.1442269461924612E-4
1.1436286543225512E-4
1.1430309751680356E-4
1.1424339077956655E-4
1.1418374512740302E-4
1.1412416046736438E-4
1.1406463670668996E-4
1.1400517375280608E-4
1.1394577151332104E-4
1.1388642989603777E-4
1.1382714880893559E-4
1.1376792816018808E-4
1.137087678581465E-4
1.1364966781135084E-4
1.1359062792852403E-4
1.1353164811857168E-4
1.1347272829058272E-4
1.1341386835382806E-4
1.1335506821776178E-4
1.1329632779202006E-4
1.1323764698641972E-4
1.1317902571095364E-4
1.1312046387580492E-4
1.1306196139132744E-4
1.13003518168057E-4
1.1294513411671067E-4
1.1288680914818296E-4
1.1282854317354576E-4
1.1277033610404868E-4
1.1271218785111628E-4
1.1265409832635506E-4
1.1259606744154342E-4
1.1253809510863616E-4
1.1248018123976452E-4
1.1242232574723676E-4
1.1236452854353116E-4
1.1230678954130352E-4
1.1224910865337893E-4
1.1219148579276399E-4
1.1213392087262625E-4
1.1207641380631941E-4
1.1201896450735634E-4
1.1196157288943388E-4
1.119042388664038E-4
1.1184696235230468E-4
1.1178974326133826E-4
1.1173258150787414E-4
1.1167547700645468E-4
1.1161842967179127E-4
1.1156143941876164E-4
1.1150450616241168E-4
1.11447629817958E-4
1.1139081030078531E-4
1.1133404752643758E-4
1.1127734141063381E-4
1.1122069186925452E-4
1.1116409881834594E-4
1.1110756217412513E-4
1.1105108185296561E-4
1.1099465777141199E-4
1.1093828984616787E-4
1.1088197799410584E-4
1.108257221322583E-4
1.1076952217782019E-4
1.1071337804815251E-4
1.1065728966077258E-4
1.1060125693336481E-4
1.1054527978377105E-4
1.1048935812999821E-4
1.1043349189021208E-4
1.1037768098273472E-4
1.103219253260491E-4
1.1026622483880639E-4
1.1021057943980375E-4
1.101549890480085E-4
1.1009945358253404E-4
1.1004397296266212E-4
1.099885471078245E-4
1.0993317593761721E-4
1.0987785937178899E-4
1.0982259733024163E-4
1.0976738973303803E-4
1.0971223650039324E-4
1.0965713755268108E-4
1.0960209281042707E-4
1.0954710219430852E-4
1.0949216562516547E-4
1.0943728302398171E-4
1.0938245431190304E-4
1.0932767941022043E-4
1.09272958240383E-4
1.0921829072398812E-4
1.0916367678278793E-4
1.0910911633868385E-4
1.0905460931373028E-4
1.0900015563013057E-4
1.0894575521024029E-4
1.0889140797656216E-4
1.0883711385175379E-4
1.0878287275861245E-4
1.087286846200945E-4
1.0867454935930003E-4
1.0862046689947796E-4
1.0856643716402355E-4
1.0851246007648234E-4
1.0845853556054422E-4
1.0840466354005027E-4
1.0835084393898138E-4
1.0829707668146896E-4
1.0824336169178922E-4
1.0818969889436437E-4
1.0813608821376043E-4
1.0808252957468845E-4
1.0802902290200498E-4
1.0797556812070725E-4
1.0792216515593861E-4
1.0786881393298823E-4
1.0781551437728264E-4
1.0776226641439433E-4
1.0770906997003833E-4
1.0765592497007143E-4
1.0760283134048967E-4
1.0754978900743164E-4
1.07496797897179E-4
1.0744385793615027E-4
1.07390969050907E-4
1.0733813116815241E-4
1.072853442147193E-4
1.0723260811759558E-4
1.0717992280389338E-4
1.0712728820087424E-4
1.0707470423593117E-4
1.0702217083659652E-4
1.0696968793054133E-4
1.0691725544557518E-4
1.0686487330964141E-4
1.068125414508217E-4
1.067602597973353E-4
1.067080282775333E-4
1.0665584681990886E-4
1.0660371535308355E-4
1.065516338058204E-4
1.0649960210701164E-4
1.0644762018568728E-4
1.063956879710094E-4
1.0634380539227769E-4
1.0629197237891921E-4
1.062401888604995E-4
1.0618845476671277E-4
1.0613677002739168E-4
1.0608513457249191E-4
1.0603354833211059E-4
1.0598201123646964E-4
1.0593052321592519E-4
1.0587908420096584E-4
1.0582769412220492E-4
1.0577635291039521E-4
1.0572506049640869E-4
1.0567381681125885E-4
1.0562262178607869E-4
1.0557147535213551E-4
1.0552037744082148E-4
1.0546932798366441E-4
1.0541832691231218E-4
1.0536737415854656E-4
1.0531646965427183E-4
1.0526561333152599E-4
1.0521480512246978E-4
1.0516404495938924E-4
1.0511333277470202E-4
1.0506266850094627E-4
1.0501205207079191E-4
1.0496148341702904E-4
1.0491096247257349E-4
1.048604891704703E-4
1.0481006344388625E-4
1.047596852261138E-4
1.0470935445056626E-4
1.046590710507851E-4
1.0460883496043312E-4
1.045586461132985E-4
1.0450850444328637E-4
1.0445840988443005E-4
1.0440836237088858E-4
1.0435836183693286E-4
1.0430840821696284E-4
1.042585014455017E-4
1.0420864145718606E-4
1.0415882818678075E-4
1.041090615691653E-4
1.0405934153934959E-4
1.040096680324522E-4
1.0396004098371675E-4
1.0391046032850692E-4
1.038609260023045E-4
1.0381143794071371E-4
1.0376199607945104E-4
1.0371260035435824E-4
1.0366325070139079E-4
1.0361394705662312E-4
1.0356468935624894E-4
1.0351547753657487E-4
1.0346631153403444E-4
1.0341719128516677E-4
1.0336811672663291E-4
1.0331908779521292E-4
1.0327010442779748E-4
1.0322116656139375E-4
1.0317227413312917E-4
1.0312342708024398E-4
1.0307462534009264E-4
1.030258688501433E-4
1.0297715754798044E-4
1.0292849137130157E-4
1.0287987025792073E-4
1.028312941457628E-4
1.0278276297286937E-4
1.0273427667739194E-4
1.0268583519759367E-4
1.0263743847185624E-4
1.0258908643866966E-4
1.025407790366362E-4
1.024925162044709E-4
1.0244429788100128E-4
1.023961240051629E-4
1.023479945160071E-4
1.022999093526937E-4
1.0225186845449364E-4
1.0220387176078675E-4
1.0215591921106465E-4
1.0210801074492968E-4
1.0206014630209053E-4
1.0201232582236904E-4
1.0196454924569855E-4
1.0191681651210727E-4
1.0186912756175029E-4
1.0182148233488111E-4
1.0177388077186358E-4
1.0172632281316801E-4
1.0167880839937661E-4
1.0163133747117034E-4
1.0158390996935011E-4
1.0153652583481247E-4
1.014891850085652E-4
1.014418874317245E-4
1.0139463304550898E-4
1.013474217912447E-4
1.0130025361036613E-4
1.0125312844440809E-4
1.0120604623501425E-4
1.0115900692393446E-4
1.011120104530209E-4
1.0106505676422961E-4
1.0101814579962102E-4
1.0097127750136482E-4
1.0092445181173047E-4
1.0087766867308919E-4
1.0083092802791937E-4
1.0078422981879885E-4
1.0073757398841304E-4
1.006909604795477E-4
1.0064438923508953E-4
1.0059786019803044E-4
1.0055137331146229E-4
1.0050492851857916E-4
1.0045852576267932E-4
1.0041216498715533E-4
1.0036584613551042E-4
1.0031956915134194E-4
1.002733339783517E-4
1.002271405603363E-4
1.0018098884120145E-4
1.0013487876494604E-4
1.0008881027566813E-4
1.0004278331757084E-4
9.999679783495382E-5
The correct rate for BP: 100.00% 
