1.3272700205931403
1.177561609102363
1.047212105276068
0.8996108065084719
0.7499363148209814
0.6100296051154528
0.48766125992798987
0.386814692734398
0.3074912359948695
0.246872677252888
0.2010811440472497
0.16643719387651765
0.13997321669543278
0.11947749985327213
0.10335912391715767
0.09048681246166114
0.08005484600896216
0.07148444639062738
0.06435483598868055
0.05835595474914484
0.053256142120979615
0.04887994183410882
0.04509271958276632
0.04178988154023445
0.03888922456465182
0.0363254401443859
0.034046116580940755
0.03200879587886238
0.030178782004366297
0.028527490699119966
0.027031194057146768
0.025670055997311977
0.024427384322063317
0.023289045630644167
0.022243003834870892
0.021278953321401256
0.020388025199257323
0.019562550434232967
0.018795867597301116
0.018082165853097687
0.017416355973669324
0.016793963783819348
0.01621104167105394
0.015664094728184415
0.015150018814439328
0.01466604837568239
0.014209712295822453
0.013778796389186549
0.01337131140946392
0.01298546566127452
0.012619641467919135
0.01227237488287407
0.011942338140334739
0.011628324427149356
0.011329234629111814
0.011044065762150708
0.010771900846068268
0.010511900017204048
0.01026329270834226
0.01002537075063444
0.009797482274293544
0.009579026303148986
0.009369447953494016
0.009168234160534753
0.008974909866596522
0.008789034614401775
0.008610199496495469
0.008438024418484031
0.008272155639370945
0.008112263557066368
0.007958040711255577
0.007809199979335902
0.007665472944164893
0.007526608414978124
0.007392371085096861
0.007262540312004427
0.007136909007070895
0.007015282623685329
0.006897478233844759
0.0067833236843751026
0.0066726568249454235
0.006565324800901273
0.006461183404701429
0.0063600964804105846
0.006261935376289003
0.006166578441039949
0.006073910559734574
0.005983822725841751
0.005896211646150297
0.005810979375692455
0.005728032980062323
0.005647284222776847
0.005568649275554341
0.005492048449587499
0.0054174059460689785
0.005344649624390574
0.005273710786581656
0.005204523976684129
0.005137026793877914
0.005071159718277271
0.00500686594841345
0.004944091249504861
0.004882783811694305
0.00482289411750221
0.004764374817809182
0.004707180615738248
0.004651268157859671
0.004596595932188581
0.004543124172488889
0.004490814768436067
0.004439631181227049
0.004389538364258423
0.004340502688523182
0.0042924918724040395
0.004245474915565773
0.004199422036671591
0.004154304614669749
0.00411009513341517
0.0040667671294085835
0.004024295142451365
0.003982654669029407
0.003941822118252563
0.003901774770188377
0.003862490736440977
0.0038239489228357507
0.00378612899408065
0.0037490113402837326
0.003712577045214783
0.0036768078562065807
0.0036416861555984056
0.003607194933630938
0.0035733177627075164
0.003540038772942904
0.003507342628924948
0.0034752145076204287
0.0034436400773599314
0.0034126054778411863
0.0033820973010942577
0.003352102573354965
0.0033226087377970404
0.0032936036380759584
0.003265075502640598
0.0032370129297714456
0.0032094048733067307
0.0031822406290198248
0.003155509821613969
0.0031292023923019377
0.0031033085869403617
0.0030778189446902084
0.0030527242871766246
0.003028015708122557
0.0030036845634326217
0.002979722461704512
0.002956121255146591
0.00293287303088199
0.0029099701026198597
0.002887405002676187
0.0028651704743271633
0.0028432594644791196
0.00282166511663996
0.002800380764177773
0.0027793999238531243
0.0027587162896122166
0.002738323726628706
0.002718216265582825
0.0026983880971668496
0.002678833566806548
0.0026595471695888247
0.002640523545386415
0.0026217574741705246
0.0026032438715034166
0.002584977784202598
0.0025669543861693675
0.0025491689743744016
0.0025316169649935525
0.0025142938896874547
0.002497195392018662
0.0024803172240005825
0.0024636552427723755
0.0024472054073949173
0.0024309637757622647
0.0024149265016241454
0.0023990898317148186
0.0023834501029837783
0.00236800373992428
0.002352747251995629
0.002337677231135481
0.002322790349358406
0.0023080833564374887
0.002293553077665387
0.0022791964116919217
0.002265010328435014
0.0022509918670622557
0.0022371381340401688
0.0022234463012487404
0.0022099136041585413
0.0021965373400680997
0.0021833148663992622
0.002170243599048252
0.002157321010790396
0.002144544629736504
0.0021319120378389044
0.002119420869445342
0.0021070688098989644
0.002094853594182693
0.0020827730056063695
0.0020708248745350344
0.002059007077156988
0.002047317534290105
0.002035754210225018
0.0020243151116039327
0.0020129982863337226
0.0020018018225321393
0.0019907238475059944
0.0019797625267601025
0.0019689160630360003
0.0019581826953794183
0.0019475606982354082
0.001937048380570268
0.0019266440850193788
0.0019163461870599042
0.0019061530942077398
0.0018960632452376673
0.0018860751094261527
0.001876187185815825
0.0018663980025010883
0.001856706115934062
0.001847110110250178
0.001837608596612906
0.0018282002125768065
0.0018188836214684926
0.00180965751178476
0.0018005205966074667
0.0017914716130345443
0.0017825093216266505
0.0017736325058689587
0.001764839971647639
0.0017561305467405123
0.001747503080321462
0.0017389564424782013
0.0017304895237428956
0.0017221012346353964
0.0017137905052184708
0.0017055562846648982
0.0016973975408359188
0.0016893132598707076
0.0016813024457865942
0.0016733641200896775
0.001665497321395479
0.0016577011050594133
0.0016499745428167252
0.0016423167224316297
0.0016347267473553727
0.0016272037363929935
0.0016197468233784464
0.0016123551568579552
0.0016050278997812592
0.001597764229200546
0.0015905633359768864
0.0015834244244939631
0.0015763467123787638
0.0015693294302292489
0.0015623718213485507
0.0015554731414857707
0.0015486326585829437
0.0015418496525282431
0.001535123414914991
0.0015284532488065428
0.0015218384685067874
0.0015152783993360062
0.0015087723774121842
0.001502319749437383
0.0014959198724891576
0.0014895721138168986
0.001483275850642906
0.0014770304699680404
0.0014708353683819723
0.001464689951877731
0.001458593635670546
0.0014525458440208588
0.0014465460100613284
0.0014405935756278162
0.001434687991094166
0.0014288287152107375
0.0014230152149465555
0.001417246965335019
0.001411523449323016
0.0014058441576234293
0.0014002085885709168
0.0013946162479808212
0.0013890666490112798
0.0013835593120282883
0.0013780937644736774
0.0013726695407361145
0.0013672861820247194
0.0013619432362455576
0.0013566402578807195
0.0013513768078700168
0.001346152453495211
0.0013409667682667144
0.0013358193318126978
0.001330709729770527
0.001325637553680545
0.001320602400882005
0.0013156038744112607
0.001310641582902057
0.0013057151404878764
0.001300824166706363
0.0012959682864056516
0.0012911471296526867
0.0012863603316434203
0.0012816075326148187
0.001276888377758663
0.0012722025171371652
0.0012675496056002095
0.001262929302704332
0.0012583412726332901
0.0012537851841202753
0.0012492607103716258
0.001244767528992079
0.0012403053219115538
0.0012358737753133276
0.0012314725795636416
0.0012271014291427322
0.0012227600225771748
0.001218448062373549
0.001214165254953456
0.0012099113105897197
0.0012056859433438752
0.00120148887100486
0.0011973198150288617
0.0011931785004803599
0.0011890646559742668
0.0011849780136191483
0.0011809183089616343
0.0011768852809317188
0.0011728786717892254
0.0011688982270712535
0.0011649436955405666
0.001161014829134978
0.001157111382917703
0.0011532331150286136
0.0011493797866363698
0.0011455511618915014
0.001141747007880293
0.001137967094579584
0.0011342111948123047
0.0011304790842039203
0.0011267705411396206
0.001123085346722298
0.0011194232847312727
0.0011157841415817924
0.0011121677062852422
0.001108573770410079
0.0011050021280434444
0.0011014525757535095
0.0010979249125524211
0.0010944189398599921
0.0010909344614679554
0.0010874712835049073
0.0010840292144018075
0.0010806080648581827
0.0010772076478087868
0.0010738277783909828
0.0010704682739125896
0.0010671289538203323
0.0010638096396688528
0.0010605101550901894
0.0010572303257638674
0.0010539699793874556
0.0010507289456476126
0.0010475070561916662
0.0010443041445996654
0.0010411200463568719
0.0010379545988267913
0.0010348076412245678
0.0010316790145908938
0.001028568561766358
0.001025476127366171
0.0010224015577553595
0.0010193447010243624
0.001016305406965014
0.0010132835270469684
0.0010102789143944535
0.0010072914237634627
0.0010043209115192953
0.0010013672356144517
9.984302555669314E-4
9.955098324388515E-4
9.926058288154092E-4
9.89718108784215E-4
9.868465379149344E-4
9.839909832392805E-4
9.811513132312885E-4
9.783273977879692E-4
9.755191082101949E-4
9.727263171839781E-4
9.699488987619627E-4
9.671867283452694E-4
9.644396826656158E-4
9.617076397676735E-4
9.589904789917994E-4
9.562880809569347E-4
9.5360032754383E-4
9.509271018785194E-4
9.482682883160841E-4
9.456237724245749E-4
9.429934409693189E-4
9.403771818973364E-4
9.377748843221075E-4
9.351864385084901E-4
9.32611735857952E-4
9.300506688939191E-4
9.275031312474674E-4
9.249690176431424E-4
9.224482238850613E-4
9.199406468431579E-4
9.174461844397069E-4
9.149647356359919E-4
9.124962004192142E-4
9.100404797895655E-4
9.075974757475384E-4
9.051670912813923E-4
9.027492303547943E-4
9.003437978946983E-4
8.979506997793305E-4
8.955698428264414E-4
8.932011347816429E-4
8.908444843069721E-4
8.884998009696102E-4
8.861669952307668E-4
8.838459784347148E-4
8.815366627980081E-4
8.79238961398838E-4
8.769527881665526E-4
8.746780578713245E-4
8.724146861139742E-4
8.701625893159215E-4
8.67921684709327E-4
8.656918903273002E-4
8.634731249943341E-4
8.612653083168074E-4
8.590683606736598E-4
8.568822032071838E-4
8.547067578139596E-4
8.525419471359071E-4
8.503876945514602E-4
8.482439241669019E-4
8.461105608077614E-4
8.439875300103788E-4
8.418747580135698E-4
8.397721717504259E-4
8.376796988401882E-4
8.355972675802737E-4
8.335248069383881E-4
8.314622465447879E-4
8.294095166845672E-4
8.273665482901489E-4
8.253332729338088E-4
8.233096228203402E-4
8.212955307797886E-4
8.192909302603233E-4
8.172957553211663E-4
8.153099406256428E-4
8.133334214343205E-4
8.113661335982504E-4
8.094080135522727E-4
8.074589983084243E-4
8.055190254494696E-4
8.035880331224689E-4
8.016659600324498E-4
7.997527454361709E-4
7.978483291359707E-4
7.95952651473677E-4
7.940656533246254E-4
7.921872760917412E-4
7.903174616996924E-4
7.884561525891409E-4
7.866032917110491E-4
7.847588225210708E-4
7.82922688974024E-4
7.810948355184125E-4
7.792752070910414E-4
7.774637491117013E-4
7.756604074778861E-4
7.738651285596613E-4
7.720778591944798E-4
7.702985466821861E-4
7.685271387799882E-4
7.667635836975736E-4
7.650078300922079E-4
7.632598270639684E-4
7.615195241510023E-4
7.597868713248414E-4
7.580618189857886E-4
7.56344317958366E-4
7.546343194868144E-4
7.529317752306445E-4
7.512366372602543E-4
7.495488580525955E-4
7.478683904869055E-4
7.461951878404732E-4
7.445292037844573E-4
7.428703923798107E-4
7.412187080731516E-4
7.395741056928089E-4
7.379365404448146E-4
7.363059679090034E-4
7.34682344035127E-4
7.330656251390568E-4
7.314557678990062E-4
7.298527293517678E-4
7.282564668890867E-4
7.266669382539803E-4
7.2508410153716E-4
7.235079151734923E-4
7.219383379384741E-4
7.203753289447942E-4
7.188188476388783E-4
7.17268853797545E-4
7.157253075246507E-4
7.141881692477872E-4
7.126573997150238E-4
7.111329599917048E-4
7.096148114572443E-4
7.081029158019965E-4
7.065972350241519E-4
7.050977314266611E-4
7.036043676142091E-4
7.02117106490212E-4
7.006359112538667E-4
6.991607453972125E-4
6.976915727022615E-4
6.962283572381077E-4
6.947710633581382E-4
6.933196556972226E-4
6.918740991689657E-4
6.904343589629602E-4
6.890004005421334E-4
6.875721896400446E-4
6.861496922582778E-4
6.847328746638312E-4
6.833217033865538E-4
6.819161452165932E-4
6.805161672018935E-4
6.791217366457E-4
6.777328211041365E-4
6.76349388383737E-4
6.749714065390704E-4
6.735988438703704E-4
6.722316689211863E-4
6.708698504760667E-4
6.695133575582711E-4
6.681621594274873E-4
6.668162255776371E-4
6.654755257346073E-4
6.641400298540962E-4
6.628097081194366E-4
6.614845309394571E-4
6.6016446894637E-4
6.588494929936697E-4
6.575395741540882E-4
6.562346837175051E-4
6.549347931889629E-4
6.536398742866546E-4
6.523498989399387E-4
6.510648392874062E-4
6.497846676748957E-4
6.485093566536438E-4
6.472388789783418E-4
6.459732076052846E-4
6.447123156905221E-4
6.434561765880257E-4
6.422047638478693E-4
6.409580512144542E-4
6.397160126247114E-4
6.38478622206382E-4
6.37245854276266E-4
6.360176833384954E-4
6.347940840828762E-4
6.335750313831625E-4
6.323605002954392E-4
6.311504660564426E-4
6.299449040819844E-4
6.287437899652989E-4
6.275470994754744E-4
6.263548085558715E-4
6.251668933225938E-4
6.239833300629057E-4
6.228040952337542E-4
6.216291654602243E-4
6.204585175340719E-4
6.192921284122465E-4
6.181299752154189E-4
6.169720352265593E-4
6.158182858894802E-4
6.146687048074477E-4
6.135232697417711E-4
6.123819586104207E-4
6.112447494866576E-4
6.10111620597673E-4
6.089825503232741E-4
6.078575171945032E-4
6.067364998923761E-4
6.056194772465659E-4
6.045064282340918E-4
6.03397331978093E-4
6.022921677465179E-4
6.011909149509251E-4
6.000935531452014E-4
5.990000620243785E-4
5.979104214234073E-4
5.968246113159588E-4
5.95742611813247E-4
5.946644031628562E-4
5.93589965747565E-4
5.9251928008423E-4
5.9145232682261E-4
5.903890867442685E-4
5.893295407614444E-4
5.882736699159626E-4
5.872214553781257E-4
5.861728784456418E-4
5.851279205425567E-4
5.840865632181979E-4
5.83048788146105E-4
5.820145771230117E-4
5.809839120678221E-4
5.799567750205729E-4
5.789331481414368E-4
5.779130137097256E-4
5.768963541228999E-4
5.75883151895604E-4
5.74873389658664E-4
5.738670501581697E-4
5.728641162544934E-4
5.718645709213803E-4
5.708683972449817E-4
5.698755784229691E-4
5.68886097763595E-4
5.678999386848024E-4
5.669170847133292E-4
5.65937519483808E-4
5.649612267379212E-4
5.63988190323498E-4
5.630183941936619E-4
5.620518224059987E-4
5.610884591216805E-4
5.601282886046667E-4
5.591712952208385E-4
5.582174634371996E-4
5.572667778210747E-4
5.563192230392718E-4
5.553747838573271E-4
5.544334451386747E-4
5.534951918438942E-4
5.525600090299401E-4
5.516278818493375E-4
5.506987955494699E-4
5.497727354717943E-4
5.488496870511178E-4
5.479296358148252E-4
5.470125673822069E-4
5.460984674636711E-4
5.451873218600756E-4
5.442791164619763E-4
5.433738372489671E-4
5.424714702889427E-4
5.415720017374313E-4
5.406754178368982E-4
5.397817049160854E-4
5.38890849389316E-4
5.380028377558498E-4
5.371176565992068E-4
5.3623529258653E-4
5.353557324679202E-4
5.344789630758178E-4
5.336049713243521E-4
5.327337442087084E-4
5.318652688045168E-4
5.309995322672313E-4
5.301365218315104E-4
5.292762248106142E-4
5.284186285958053E-4
5.275637206557608E-4
5.267114885359627E-4
5.258619198581283E-4
5.250150023196345E-4
5.241707236929233E-4
5.233290718249545E-4
5.224900346366313E-4
5.21653600122235E-4
5.208197563489005E-4
5.199884914560202E-4
5.191597936547495E-4
5.183336512274324E-4
5.175100525270883E-4
5.166889859768711E-4
5.158704400695363E-4
5.150544033669539E-4
5.142408644995691E-4
5.1342981216588E-4
5.12621235131964E-4
5.118151222309541E-4
5.110114623625317E-4
5.10210244492475E-4
5.094114576521223E-4
5.086150909379269E-4
5.078211335109435E-4
5.070295745963834E-4
5.062404034831229E-4
5.05453609523243E-4
5.04669182131569E-4
5.038871107852068E-4
5.031073850230801E-4
5.023299944455003E-4
5.015549287137042E-4
5.007821775494127E-4
5.000117307343882E-4
4.99243578110002E-4
4.984777095768235E-4
4.977141150941407E-4
4.969527846795941E-4
4.961937084087082E-4
4.954368764145115E-4
4.946822788870971E-4
4.939299060732196E-4
4.931797482758992E-4
4.924317958540084E-4
4.91686039221875E-4
4.909424688488757E-4
4.902010752590667E-4
4.89461849030773E-4
4.887247807962127E-4
4.879898612411148E-4
4.87257081104316E-4
4.865264311774408E-4
4.857979023044551E-4
4.8507148538136114E-4
4.8434717135578063E-4
4.8362495122662697E-4
4.8290481604372737E-4
4.8218675690746976E-4
4.814707649684363E-4
4.807568314270699E-4
4.800449475333155E-4
4.793351045862775E-4
4.786272939338791E-4
4.7792150697250225E-4
4.772177351466817E-4
4.765159699487453E-4
4.758162029185053E-4
4.7511842564289773E-4
4.744226297556838E-4
4.7372880693711866E-4
4.7303694891362696E-4
4.7234704745747775E-4
4.716590943864939E-4
4.7097308156370584E-4
4.7028900089706637E-4
4.696068443391332E-4
4.689266038867635E-4
4.68248271580814E-4
4.675718395058258E-4
4.6689729978976167E-4
4.662246446036682E-4
4.655538661614121E-4
4.64884956719373E-4
4.642179085761649E-4
4.6355271407235306E-4
4.6288936559014764E-4
4.6222785555315486E-4
4.6156817642607165E-4
4.6091032071441556E-4
4.6025428096427106E-4
4.596000497619756E-4
4.589476197338816E-4
4.582969835460824E-4
4.576481339041478E-4
4.570010635528407E-4
4.5635576527587336E-4
4.55712231895657E-4
4.550704562730179E-4
4.5443043130695236E-4
4.5379214993439894E-4
4.531556051299339E-4
4.525207899055756E-4
4.518876973104973E-4
4.5125632043080383E-4
4.5062665238929057E-4
4.4999868634517173E-4
4.493724154938769E-4
4.487478330667936E-4
4.48124932331036E-4
4.475037065892021E-4
4.4688414917916326E-4
4.4626625347380603E-4
4.456500128808191E-4
4.450354208424698E-4
4.444224708353663E-4
4.4381115637024315E-4
4.4320147099174176E-4
4.425934082781774E-4
4.419869618413246E-4
4.413821253262233E-4
4.407788924109319E-4
4.401772568063272E-4
4.3957721225589566E-4
4.389787525355262E-4
4.3838187145328654E-4
4.377865628492301E-4
4.3719282059518564E-4
4.366006385945654E-4
4.360100107821375E-4
4.3542093112384746E-4
4.348333936166136E-4
4.3424739228812496E-4
4.336629211966394E-4
4.330799744308229E-4
4.324985461095048E-4
4.319186303815241E-4
4.313402214255346E-4
4.307633134497992E-4
4.301879006920195E-4
4.296139774191422E-4
4.2904153792717856E-4
4.2847057654100794E-4
4.2790108761422627E-4
4.2733306552893347E-4
4.267665046955746E-4
4.26201399552739E-4
4.256377445670259E-4
4.250755342328254E-4
4.2451476307216906E-4
4.2395542563455885E-4
4.2339751649677195E-4
4.228410302627244E-4
4.222859615632781E-4
4.2173230505608875E-4
4.211800554254206E-4
4.206292073820058E-4
4.200797556628664E-4
4.195316950311434E-4
4.189850202759636E-4
4.1843972621225054E-4
4.1789580768057926E-4
4.1735325954702284E-4
4.168120767029802E-4
4.1627225406504193E-4
4.157337865748113E-4
4.15196669198781E-4
4.1466089692815064E-4
4.141264647786961E-4
4.135933677906165E-4
4.1306160102837333E-4
4.1253115958056095E-4
4.1200203855974726E-4
4.114742331023352E-4
4.109477383684117E-4
4.1042254954161287E-4
4.0989866182896697E-4
4.0937607046077885E-4
4.088547706904579E-4
4.083347577944055E-4
4.0781602707186274E-4
4.0729857384477297E-4
4.067823934576546E-4
4.0626748127745786E-4
4.057538326934322E-4
4.052414431169886E-4
4.047303079815828E-4
4.04220422742568E-4
4.0371178287706457E-4
4.03204383883839E-4
4.026982212831776E-4
4.021932906167405E-4
4.016895874474545E-4
4.0118710735938235E-4
4.0068584595758265E-4
4.001857988680098E-4
3.9968696173737074E-4
3.9918933023301616E-4
3.9869290004281423E-4
3.981976668750209E-4
3.9770362645817154E-4
3.972107745409658E-4
3.967191068921208E-4
3.962286193003031E-4
3.957393075739655E-4
3.952511675412526E-4
3.9476419504988773E-4
3.942783859670478E-4
3.937937361792539E-4
3.933102415922725E-4
3.9282789813098885E-4
3.9234670173928686E-4
3.918666483799722E-4
3.913877340346172E-4
3.9090995470350136E-4
3.9043330640546267E-4
3.8995778517781634E-4
3.894833870762301E-4
3.890101081746338E-4
3.885379445651045E-4
3.8806689235776804E-4
3.875969476806886E-4
3.8712810667977307E-4
3.8666036551866686E-4
3.8619372037864845E-4
3.8572816745853587E-4
3.8526370297457796E-4
3.8480032316035853E-4
3.8433802426670536E-4
3.838768025615818E-4
3.8341665432999126E-4
3.8295757587388E-4
3.824995635120521E-4
3.8204261358005674E-4
3.815867224301076E-4
3.8113188643097495E-4
3.806781019679118E-4
3.802253654425407E-4
3.797736732727727E-4
3.793230218927116E-4
3.788734077525753E-4
3.784248273185795E-4
3.779772770728665E-4
3.775307535134279E-4
3.77085253153975E-4
3.7664077252390273E-4
3.761973081681599E-4
3.7575485664718603E-4
3.753134145368066E-4
3.748729784281755E-4
3.7443354492766514E-4
3.739951106567791E-4
3.73557672252101E-4
3.731212263651713E-4
3.7268576966242845E-4
3.722512988251175E-4
3.718178105492115E-4
3.713853015453354E-4
3.7095376853867024E-4
3.705232082688926E-4
3.7009361749008104E-4
3.6966499297062957E-4
3.692373314931973E-4
3.688106298546122E-4
3.6838488486577736E-4
3.6796009335162864E-4
3.6753625215103384E-4
3.6711335811672423E-4
3.6669140811521533E-4
3.662703990267437E-4
3.6585032774517294E-4
3.65431191177935E-4
3.650129862459542E-4
3.645957098835607E-4
3.641793590384459E-4
3.637639306715628E-4
3.6334942175705783E-4
3.6293582928221884E-4
3.625231502473849E-4
3.621113816658813E-4
3.6170052056396364E-4
3.612905639807178E-4
3.6088150896801857E-4
3.604733525904515E-4
3.6006609192524804E-4
3.5965972406220117E-4
3.592542461036263E-4
3.588496551642729E-4
3.584459483712649E-4
3.5804312286403817E-4
3.5764117579426767E-4
3.5724010432580504E-4
3.5683990563462086E-4
3.564405769087334E-4
3.560421153481373E-4
3.556445181647588E-4
3.5524778258238013E-4
3.548519058365727E-4
3.5445688517465315E-4
3.5406271785559375E-4
3.536694011499943E-4
3.53276932339989E-4
3.5288530871920373E-4
3.524945275926995E-4
3.5210458627689796E-4
3.5171548209953006E-4
3.5132721239957175E-4
3.509397745272003E-4
3.5055316584370946E-4
3.5016738372147736E-4
3.497824255438951E-4
3.4939828870530863E-4
3.490149706109744E-4
3.48632468676977E-4
3.4825078033020354E-4
3.4786990300826945E-4
3.474898341594623E-4
3.471105712426973E-4
3.4673211172745074E-4
3.4635445309371126E-4
3.459775928319256E-4
3.4560152844294767E-4
3.452262574379773E-4
3.4485177733850386E-4
3.4447808567628015E-4
3.441051799932249E-4
3.4373305784140927E-4
3.433617167829995E-4
3.4299115439017145E-4
3.4262136824511413E-4
3.422523559399277E-4
3.4188411507659965E-4
3.415166432669522E-4
3.4114993813258925E-4
3.4078399730484216E-4
3.404188184247218E-4
3.4005439914288574E-4
3.3969073711955747E-4
3.393278300245064E-4
3.3896567553698696E-4
3.386042713456925E-4
3.3824361514870396E-4
3.378837046534532E-4
3.3752453757666164E-4
3.3716611164430623E-4
3.3680842459156613E-4
3.364514741627708E-4
3.360952581113703E-4
3.3573977419987195E-4
3.353850201998082E-4
3.3503099389167794E-4
3.346776930649233E-4
3.343251155178567E-4
3.3397325905764404E-4
3.3362212150022936E-4
3.3327170067032764E-4
3.3292199440136124E-4
3.3257300053540567E-4
3.3222471692316395E-4
3.3187714142392726E-4
3.315302719055096E-4
3.3118410624422977E-4
3.30838642324858E-4
3.304938780405698E-4
3.301498112929183E-4
3.2980643999177775E-4
3.294637620553072E-4
3.291217754099209E-4
3.2878047799022735E-4
3.2843986773901186E-4
3.2809994260717774E-4
3.2776070055370876E-4
3.274221395456446E-4
3.2708425755802233E-4
3.2674705257384936E-4
3.264105225840585E-4
3.2607466558747406E-4
3.257394795907726E-4
3.2540496260843334E-4
3.2507111266271576E-4
3.2473792778361975E-4
3.244054060088413E-4
3.240735453837354E-4
3.2374234396127544E-4
3.234117998020379E-4
3.2308191097413144E-4
3.2275267555318933E-4
3.2242409162232E-4
3.220961572720734E-4
3.217688706003995E-4
3.214422297126307E-4
3.211162327214175E-4
3.207908777467214E-4
3.204661629157617E-4
3.2014208636299015E-4
3.198186462300477E-4
3.1949584066574176E-4
3.1917366782599466E-4
3.1885212587382975E-4
3.185312129793299E-4
3.182109273195895E-4
3.178912670786994E-4
3.1757223044771323E-4
3.1725381562459725E-4
3.1693602081421534E-4
3.1661884422829346E-4
3.1630228408536837E-4
3.1598633861078777E-4
3.1567100603663826E-4
3.1535628460176125E-4
3.1504217255167794E-4
3.147286681385752E-4
3.1441576962127694E-4
3.1410347526521486E-4
3.1379178334238386E-4
3.1348069213132175E-4
3.13170199917076E-4
3.128603049911766E-4
3.1255100565159394E-4
3.122423002027286E-4
3.1193418695535597E-4
3.1162666422661665E-4
3.1131973033998386E-4
3.110133836252204E-4
3.1070762241836714E-4
3.1040244506169576E-4
3.100978499036994E-4
3.0979383529904705E-4
3.0949039960856525E-4
3.091875411991977E-4
3.088852584439921E-4
3.0858354972206114E-4
3.0828241341855834E-4
3.0798184792464904E-4
3.076818516374792E-4
3.0738242296015624E-4
3.0708356030171837E-4
3.0678526207709344E-4
3.0648752670709784E-4
3.061903526183862E-4
3.058937382434397E-4
3.055976820205222E-4
3.053021823936755E-4
3.0500723781267893E-4
3.047128467330258E-4
3.0441900761589007E-4
3.0412571892812453E-4
3.0383297914219937E-4
3.0354078673620454E-4
3.032491401938182E-4
3.0295803800426096E-4
3.026674786623089E-4
3.02377460668233E-4
3.0208798252779104E-4
3.017990427522E-4
3.0151063985810314E-4
3.012227723675718E-4
3.009354388080388E-4
3.0064863771231377E-4
3.0036236761853575E-4
3.000766270701547E-4
2.997914146159089E-4
2.9950672880980434E-4
2.9922256821108195E-4
2.9893893138419997E-4
2.9865581689881464E-4
2.98373223329749E-4
2.980911492569666E-4
2.978095932655658E-4
2.9752855394573247E-4
2.9724802989274557E-4
2.96968019706921E-4
2.966885219936228E-4
2.9640953536321304E-4
2.9613105843104433E-4
2.958530898174423E-4
2.955756281476618E-4
2.9529867205188847E-4
2.9502222016520284E-4
2.947462711275653E-4
2.9447082358378946E-4
2.9419587618351715E-4
2.9392142758122026E-4
2.9364747643614245E-4
2.9337402141230634E-4
2.9310106117848284E-4
2.928285944081667E-4
2.925566197795729E-4
2.922851359755833E-4
2.920141416837615E-4
2.9174363559630054E-4
2.9147361641003276E-4
2.9120408282639287E-4
2.909350335513842E-4
2.906664672955966E-4
2.903983827741457E-4
2.9013077870667823E-4
2.89863653817347E-4
2.8959700683478046E-4
2.893308364920827E-4
2.890651415268012E-4
2.887999206809034E-4
2.8853517270076306E-4
2.8827089633715096E-4
2.8800709034519206E-4
2.8774375348437697E-4
2.874808845185142E-4
2.8721848221572525E-4
2.8695654534843627E-4
2.8669507269333145E-4
2.864340630313547E-4
2.8617351514770165E-4
2.859134278317683E-4
2.8565379987715943E-4
2.8539463008166226E-4
2.851359172472296E-4
2.84877660179963E-4
2.846198576900881E-4
2.84362508591939E-4
2.8410561170395425E-4
2.8384916584864073E-4
2.8359316985256117E-4
2.833376225463278E-4
2.8308252276456784E-4
2.828278693459196E-4
2.8257366113301324E-4
2.823198969724469E-4
2.8206657571477287E-4
2.8181369621448657E-4
2.8156125733000317E-4
2.813092579236363E-4
2.810576968616025E-4
2.808065730139756E-4
2.805558852546977E-4
2.803056324615393E-4
2.8005581351610076E-4
2.7980642730377847E-4
2.795574727137741E-4
2.793089486390544E-4
2.790608539763461E-4
2.7881318762611987E-4
2.785659484925683E-4
2.783191354836105E-4
2.780727475108376E-4
2.7782678348953763E-4
2.775812423386593E-4
2.7733612298079876E-4
2.7709142434218805E-4
2.768471453526745E-4
2.766032849457053E-4
2.7635984205833316E-4
2.7611681563115834E-4
2.758742046083656E-4
2.756320079376635E-4
2.753902245702935E-4
2.751488534610238E-4
2.7490789356809914E-4
2.746673438532741E-4
2.7442720328175123E-4
2.741874708222049E-4
2.739481454467397E-4
2.737092261308991E-4
2.7347071185362395E-4
2.732326015972695E-4
2.729948943475639E-4
2.727575890936161E-4
2.7252068482788244E-4
2.722841805461706E-4
2.720480752476084E-4
2.718123679346466E-4
2.715770576130345E-4
2.713421432918101E-4
2.7110762398328706E-4
2.70873498703041E-4
2.7063976646988814E-4
2.704064263058855E-4
2.701734772363127E-4
2.699409182896557E-4
2.6970874849759205E-4
2.694769668949837E-4
2.692455725198602E-4
2.690145644134118E-4
2.687839416199638E-4
2.68553703186979E-4
2.683238481650308E-4
2.68094375607801E-4
2.6786528457206876E-4
2.676365741176819E-4
2.6740824330756107E-4
2.6718029120768346E-4
2.6695271688706375E-4
2.667255194177525E-4
2.6649869787480964E-4
2.662722513363067E-4
2.6604617888330653E-4
2.6582047959985327E-4
2.655951525729616E-4
2.6537019689260255E-4
2.65145611651692E-4
2.649213959460715E-4
2.6469754887452037E-4
2.644740695387163E-4
2.642509570432371E-4
2.640282104955509E-4
2.638058290059954E-4
2.635838116877732E-4
2.633621576569413E-4
2.6314086603239795E-4
2.629199359358663E-4
2.6269936649188775E-4
2.624791568278147E-4
2.622593060737934E-4
2.620398133627482E-4
2.61820677830386E-4
2.616018986151757E-4
2.613834748583262E-4
2.611654057038005E-4
2.609476902982784E-4
2.6073032779116957E-4
2.6051331733458594E-4
2.6029665808333514E-4
2.6008034919491375E-4
2.5986438982949627E-4
2.596487791499154E-4
2.594335163216654E-4
2.5921860051288396E-4
2.5900403089433816E-4
2.587898066394244E-4
2.585759269241464E-4
2.5836239092711066E-4
2.581491978295266E-4
2.579363468151713E-4
2.577238370704089E-4
2.5751166778415456E-4
2.572998381478746E-4
2.570883473555954E-4
2.5687719460384636E-4
2.5666637909170774E-4
2.564559000207554E-4
2.562457565950729E-4
2.560359480212348E-4
2.5582647350830474E-4
2.556173322678119E-4
2.554085235137569E-4
2.5520004646258543E-4
2.5499190033319893E-4
2.5478408434692753E-4
2.5457659772752585E-4
2.543694397011717E-4
2.541626094964465E-4
2.5395610634432316E-4
2.5374992947817373E-4
2.53544078133746E-4
2.5333855154915447E-4
2.531333489648773E-4
2.529284696237462E-4
2.527239127709325E-4
2.5251967765394136E-4
2.523157635226079E-4
2.521121696290761E-4
2.519088952278026E-4
2.5170593957553577E-4
2.515033019313232E-4
2.5130098155648245E-4
2.510989777146099E-4
2.5089728967156455E-4
2.506959166954566E-4
2.5049485805663993E-4
2.5029411302771346E-4
2.5009368088350713E-4
2.4989356090105336E-4
2.49693752359617E-4
2.494942545406516E-4
2.492950667278177E-4
2.490961882069538E-4
2.4889761826607575E-4
2.486993561953777E-4
2.485014012872111E-4
2.4830375283608244E-4
2.4810641013863724E-4
2.4790937249366627E-4
2.477126392020921E-4
2.4751620956694646E-4
2.4732008289338544E-4
2.4712425848866714E-4
2.469287356621438E-4
2.4673351372526324E-4
2.46538591991552E-4
2.4634396977660385E-4
2.461496463980894E-4
2.459556211757354E-4
2.457618934313116E-4
2.455684624886426E-4
2.453753276735701E-4
2.451824883139821E-4
2.449899437397788E-4
2.4479769328287284E-4
2.446057362771784E-4
2.444140720586148E-4
2.4422269996508545E-4
2.4403161933647706E-4
2.4384082951465496E-4
2.4365032984344427E-4
2.4346011966864327E-4
2.4327019833799064E-4
2.4308056520118274E-4
2.4289121960983934E-4
2.4270216091752894E-4
2.4251338847973533E-4
2.4232490165385963E-4
2.4213669979921288E-4
2.419487822770106E-4
2.4176114845036672E-4
2.4157379768428063E-4
2.4138672934563522E-4
2.411999428031865E-4
2.4101343742756524E-4
2.4082721259125449E-4
2.406412676685941E-4
2.4045560203578254E-4
2.402702150708425E-4
2.4008510615364267E-4
2.3990027466587243E-4
2.3971571999104686E-4
2.3953144151449426E-4
2.393474386233463E-4
2.3916371070653982E-4
2.389802571548034E-4
2.3879707736065023E-4
2.3861417071838523E-4
2.3843153662408143E-4
2.3824917447557283E-4
2.3806708367247068E-4
2.378852636161259E-4
2.3770371370964675E-4
2.3752243335788904E-4
2.373414219674313E-4
2.3716067894659297E-4
2.36980203705411E-4
2.3679999565564682E-4
2.3662005421076684E-4
2.3644037878594096E-4
2.3626096879804408E-4
2.360818236656372E-4
2.3590294280898102E-4
2.3572432565000038E-4
2.3554597161229944E-4
2.3536788012115472E-4
2.3519005060350715E-4
2.3501248248794762E-4
2.3483517520471944E-4
2.346581281857119E-4
2.3448134086445258E-4
2.3430481267610492E-4
2.3412854305744825E-4
2.339525314468918E-4
2.3377677728446332E-4
2.3360128001179321E-4
2.3342603907211732E-4
2.3325105391027354E-4
2.3307632397268272E-4
2.329018487073596E-4
2.3272762756390382E-4
2.3255365999347733E-4
2.3237994544882451E-4
2.3220648338424907E-4
2.3203327325561224E-4
2.318603145203227E-4
2.316876066373522E-4
2.315151490672001E-4
2.3134294127190788E-4
2.3117098271504817E-4
2.309992728617211E-4
2.308278111785439E-4
2.3065659713364687E-4
2.3048563019667276E-4
2.3031490983876928E-4
2.3014443553258553E-4
2.2997420675225847E-4
2.298042229734161E-4
2.2963448367316366E-4
2.294649883300985E-4
2.2929573642427932E-4
2.291267274372313E-4
2.2895796085195107E-4
2.287894361528854E-4
2.286211528259351E-4
2.2845311035844871E-4
2.2828530823921126E-4
2.2811774595845713E-4
2.2795042300783979E-4
2.2778333888044902E-4
2.2761649307078622E-4
2.2744988507478154E-4
2.2728351438976936E-4
2.271173805144938E-4
2.2695148294909687E-4
2.2678582119512716E-4
2.2662039475551942E-4
2.2645520313459598E-4
2.2629024583806128E-4
2.261255223729989E-4
2.2596103224787006E-4
2.2579677497249468E-4
2.2563275005806855E-4
2.2546895701713602E-4
2.2530539536360204E-4
2.2514206461271528E-4
2.2497896428107833E-4
2.2481609388662512E-4
2.2465345294862707E-4
2.2449104098769344E-4
2.243288575257512E-4
2.2416690208605904E-4
2.2400517419318022E-4
2.2384367337300006E-4
2.2368239915271148E-4
2.235213510608075E-4
2.2336052862708392E-4
2.2319993138262886E-4
2.230395588598258E-4
2.228794105923379E-4
2.2271948611511362E-4
2.2255978496437786E-4
2.2240030667762794E-4
2.2224105079363097E-4
2.2208201685242E-4
2.2192320439528256E-4
2.2176461296476645E-4
2.2160624210466802E-4
2.214480913600343E-4
2.2129016027714953E-4
2.2113244840354338E-4
2.2097495528797416E-4
2.2081768048043575E-4
2.2066062353214073E-4
2.205037839955299E-4
2.2034716142426707E-4
2.2019075537320937E-4
2.2003456539844784E-4
2.1987859105725946E-4
2.197228319081351E-4
2.1956728751075966E-4
2.1941195742601036E-4
2.192568412159523E-4
2.191019384438379E-4
2.1894724867409525E-4
2.1879277147234704E-4
2.1863850640536472E-4
2.1848445304110378E-4
2.1833061094868707E-4
2.1817697969838944E-4
2.180235588616547E-4
2.1787034801107192E-4
2.1771734672037797E-4
2.1756455456446489E-4
2.1741197111936261E-4
2.1725959596223464E-4
2.1710742867139089E-4
2.1695546882625734E-4
2.168037160073981E-4
2.166521697964977E-4
2.1650082977635307E-4
2.1634969553089496E-4
2.161987666451429E-4
2.160480427052423E-4
2.1589752329843404E-4
2.1574720801306822E-4
2.1559709643858551E-4
2.1544718816551855E-4
2.1529748278550088E-4
2.15147979891236E-4
2.1499867907653162E-4
2.1484957993624942E-4
2.1470068206635523E-4
2.145519850638598E-4
2.1440348852686195E-4
2.1425519205451655E-4
2.141070952470411E-4
2.1395919770571533E-4
2.1381149903286787E-4
2.136639988318832E-4
2.1351669670719082E-4
2.133695922642647E-4
2.1322268510962338E-4
2.1307597485081332E-4
2.1292946109642677E-4
2.1278314345607848E-4
2.126370215404146E-4
2.1249109496110455E-4
2.1234536333083838E-4
2.121998262633191E-4
2.1205448337326732E-4
2.1190933427641344E-4
2.117643785894993E-4
2.1161961593026328E-4
2.114750459174498E-4
2.1133066817079986E-4
2.1118648231104617E-4
2.110424879599138E-4
2.1089868474011845E-4
2.107550722753554E-4
2.1061165019030292E-4
2.104684181106209E-4
2.1032537566293964E-4
2.1018252247486326E-4
2.1003985817496672E-4
2.0989738239278455E-4
2.0975509475881787E-4
2.096129949045313E-4
2.0947108246233487E-4
2.0932935706559927E-4
2.0918781834864666E-4
2.0904646594673929E-4
2.0890529949609468E-4
2.0876431863385482E-4
2.086235229981116E-4
2.084829122278928E-4
2.083424859631493E-4
2.082022438447669E-4
2.08062185514558E-4
2.0792231061525236E-4
2.0778261879050587E-4
2.076431096848904E-4
2.0750378294388282E-4
2.0736463821388677E-4
2.072256751421986E-4
2.0708689337703532E-4
2.0694829256749973E-4
2.0680987236360688E-4
2.06671632416264E-4
2.0653357237727316E-4
2.0639569189932554E-4
2.0625799063600156E-4
2.0612046824176628E-4
2.059831243719712E-4
2.0584595868284087E-4
2.0570897083147782E-4
2.0557216047586697E-4
2.054355272748522E-4
2.0529907088815834E-4
2.0516279097636275E-4
2.0502668720092E-4
2.0489075922413544E-4
2.0475500670917346E-4
2.0461942932005475E-4
2.0448402672165544E-4
2.0434879857969182E-4
2.0421374456073898E-4
2.040788643322041E-4
2.0394415756234865E-4
2.038096239202589E-4
2.0367526307587042E-4
2.035410746999469E-4
2.0340705846407726E-4
2.032732140406876E-4
2.0313954110302582E-4
2.0300603932516675E-4
2.0287270838199783E-4
2.0273954794923184E-4
2.0260655770339473E-4
2.0247373732182515E-4
2.023410864826705E-4
2.0220860486489122E-4
2.0207629214824457E-4
2.019441480132975E-4
2.0181217214141847E-4
2.0168036421476556E-4
2.0154872391630157E-4
2.0141725092977502E-4
2.0128594493972488E-4
2.0115480563148724E-4
2.01023832691173E-4
2.0089302580568154E-4
2.0076238466268913E-4
2.0063190895065568E-4
2.0050159835880877E-4
2.0037145257715996E-4
2.0024147129648438E-4
2.001116542083263E-4
1.9998200100499594E-4
1.9985251137957222E-4
1.997231850258892E-4
1.99594021638543E-4
1.9946502091288768E-4
1.9933618254502954E-4
1.9920750623182856E-4
1.9907899167089226E-4
1.989506385605776E-4
1.9882244659998914E-4
1.98694415488968E-4
1.9856654492810235E-4
1.9843883461871298E-4
1.9831128426286003E-4
1.9818389356333668E-4
1.9805666222367472E-4
1.9792958994811812E-4
1.9780267644165547E-4
1.9767592140998989E-4
1.9754932455954926E-4
1.9742288559748732E-4
1.9729660423167068E-4
1.9717048017068195E-4
1.9704451312381655E-4
1.9691870280108895E-4
1.9679304891321133E-4
1.9666755117161774E-4
1.9654220928843371E-4
1.9641702297649478E-4
1.9629199194934045E-4
1.9616711592119798E-4
1.9604239460700292E-4
1.9591782772238254E-4
1.9579341498364905E-4
1.9566915610781638E-4
1.9554505081257782E-4
1.9542109881631305E-4
1.9529729983809688E-4
1.951736535976722E-4
1.9505015981547143E-4
1.9492681821259747E-4
1.9480362851083605E-4
1.9468059043264201E-4
1.945577037011468E-4
1.9443496804014438E-4
1.9431238317410345E-4
1.9418994882815485E-4
1.9406766472809247E-4
1.939455306003764E-4
1.9382354617212262E-4
1.937017111711045E-4
1.9358002532575476E-4
1.9345848836515556E-4
1.9333710001904607E-4
1.9321586001781206E-4
1.9309476809248436E-4
1.9297382397474787E-4
1.9285302739692554E-4
1.927323780919842E-4
1.9261187579352657E-4
1.9249152023580648E-4
1.92371311153699E-4
1.9225124828272392E-4
1.9213133135903053E-4
1.9201156011939722E-4
1.918919343012322E-4
1.917724536425723E-4
1.9165311788208104E-4
1.9153392675904003E-4
1.9141488001335626E-4
1.912959773855563E-4
1.91177218616781E-4
1.9105860344879188E-4
1.9094013162396115E-4
1.908218028852763E-4
1.9070361697633343E-4
1.9058557364133642E-4
1.9046767262509998E-4
1.9034991367303532E-4
1.9023229653116963E-4
1.9011482094612135E-4
1.8999748666511507E-4
1.8988029343596923E-4
1.8976324100709754E-4
1.896463291275145E-4
1.8952955754682356E-4
1.8941292601521676E-4
1.892964342834769E-4
1.8918008210297942E-4
1.8906386922567915E-4
1.8894779540411615E-4
1.8883186039141467E-4
1.8871606394127926E-4
1.8860040580799507E-4
1.8848488574641983E-4
1.8836950351199224E-4
1.8825425886071764E-4
1.8813915154918827E-4
1.8802418133454603E-4
1.879093479745166E-4
1.8779465122739221E-4
1.8768009085202641E-4
1.8756566660783346E-4
1.8745137825479946E-4
1.8733722555346567E-4
1.872232082649284E-4
1.8710932615084968E-4
1.8699557897344373E-4
1.8688196649547996E-4
1.8676848848027476E-4
1.866551446917006E-4
1.8654193489417767E-4
1.864288588526811E-4
1.8631591633272071E-4
1.8620310710035787E-4
1.8609043092219588E-4
1.859778875653767E-4
1.858654767975859E-4
1.857531983870472E-4
1.856410521025158E-4
1.8552903771329313E-4
1.8541715498920274E-4
1.8530540370060528E-4
1.8519378361839446E-4
1.850822945139899E-4
1.849709361593366E-4
1.8485970832691218E-4
1.847486107897135E-4
1.846376433212651E-4
1.8452680569560476E-4
1.8441609768730035E-4
1.8430551907143097E-4
1.8419506962359883E-4
1.8408474911991396E-4
1.839745573370122E-4
1.8386449405202856E-4
1.8375455904262E-4
1.8364475208694644E-4
1.8353507296368145E-4
1.8342552145199625E-4
1.8331609733158384E-4
1.8320680038262264E-4
1.8309763038580645E-4
1.8298858712232708E-4
1.828796703738695E-4
1.8277087992262626E-4
1.826622155512848E-4
1.8255367704301888E-4
1.8244526418151043E-4
1.823369767509255E-4
1.8222881453592245E-4
1.8212077732164875E-4
1.820128648937386E-4
1.8190507703832526E-4
1.817974135420083E-4
1.816898741918907E-4
1.8158245877554502E-4
1.8147516708102751E-4
1.81367998896884E-4
1.812609540121267E-4
1.8115403221625136E-4
1.8104723329923235E-4
1.8094055705151208E-4
1.8083400326401598E-4
1.8072757172813155E-4
1.8062126223572538E-4
1.8051507457912596E-4
1.8040900855113446E-4
1.8030306394501832E-4
1.8019724055451532E-4
1.80091538173816E-4
1.7998595659758545E-4
1.7988049562094228E-4
1.7977515503947317E-4
1.7966993464921694E-4
1.79564834246673E-4
1.7945985362879808E-4
1.7935499259300237E-4
1.7925025093715142E-4
1.7914562845956048E-4
1.7904112495900526E-4
1.7893674023469758E-4
1.7883247408631106E-4
1.7872832631395946E-4
1.786242967182063E-4
1.7852038510006216E-4
1.7841659126097335E-4
1.7831291500283746E-4
1.7820935612799103E-4
1.7810591443920962E-4
1.7800258973970918E-4
1.7789938183314114E-4
1.7779629052359504E-4
1.776933156156031E-4
1.7759045691411558E-4
1.77487714224532E-4
1.7738508735266862E-4
1.7728257610479258E-4
1.7718018028757736E-4
1.7707789970814272E-4
1.7697573417402632E-4
1.7687368349319298E-4
1.767717474740332E-4
1.7666992592536168E-4
1.765682186564154E-4
1.76466625476855E-4
1.763651461967517E-4
1.762637806266073E-4
1.7616252857733167E-4
1.7606138986026184E-4
1.7596036428713858E-4
1.758594516701268E-4
1.7575865182180203E-4
1.7565796455514603E-4
1.7555738968355974E-4
1.75456927020845E-4
1.7535657638122649E-4
1.7525633757931933E-4
1.7515621043015663E-4
1.750561947491723E-4
1.749562903522088E-4
1.7485649705550551E-4
1.7475681467570827E-4
1.7465724302986234E-4
1.7455778193541577E-4
1.7445843121021123E-4
1.743591906724908E-4
1.7426006014089061E-4
1.7416103943444886E-4
1.7406212837259213E-4
1.739633267751407E-4
1.738646344623125E-4
1.7376605125471358E-4
1.736675769733373E-4
1.735692114395705E-4
1.7347095447518333E-4
1.7337280590234126E-4
1.7327476554358296E-4
1.731768332218479E-4
1.7307900876044568E-4
1.7298129198307634E-4
1.728836827138205E-4
1.7278618077713637E-4
1.726887859978679E-4
1.7259149820123085E-4
1.7249431721282218E-4
1.7239724285861952E-4
1.7230027496497113E-4
1.7220341335859765E-4
1.721066578666017E-4
1.7201000831645137E-4
1.7191346453598652E-4
1.7181702635342722E-4
1.7172069359735106E-4
1.7162446609670875E-4
1.7152834368082458E-4
1.714323261793799E-4
1.713364134224277E-4
1.7124060524038656E-4
1.7114490146403325E-4
1.7104930192451512E-4
1.70953806453332E-4
1.708584148823555E-4
1.707631270438105E-4
1.7066794277028062E-4
1.7057286189470726E-4
1.7047788425039425E-4
1.703830096709956E-4
1.702882379905211E-4
1.701935690433403E-4
1.7009900266417406E-4
1.7000453868808778E-4
1.6991017695050376E-4
1.698159172872036E-4
1.6972175953430154E-4
1.6962770352827347E-4
1.6953374910593885E-4
1.6943989610446013E-4
1.6934614436135473E-4
1.6925249371447468E-4
1.6915894400202345E-4
1.6906549506254557E-4
1.6897214673492392E-4
1.6887889885839203E-4
1.6878575127251318E-4
1.686927038171974E-4
1.6859975633268866E-4
1.6850690865957314E-4
1.684141606387697E-4
1.683215121115388E-4
1.6822896291947037E-4
1.6813651290449125E-4
1.6804416190885964E-4
1.6795190977516802E-4
1.67859756346343E-4
1.6776770146563477E-4
1.6767574497663013E-4
1.6758388672323971E-4
1.6749212654970923E-4
1.6740046430060217E-4
1.6730889982081748E-4
1.6721743295557438E-4
1.6712606355041737E-4
1.6703479145121827E-4
1.6694361650416444E-4
1.6685253855577435E-4
1.667615574528839E-4
1.6667067304264655E-4
1.6657988517254077E-4
1.6648919369035913E-4
1.663985984442141E-4
1.6630809928253924E-4
1.6621769605407657E-4
1.661273886078891E-4
1.6603717679335563E-4
1.6594706046016406E-4
1.658570394583157E-4
1.657671136381327E-4
1.6567728285023632E-4
1.6558754694556805E-4
1.6549790577537E-4
1.6540835919120776E-4
1.6531890704493866E-4
1.652295491887378E-4
1.6514028547508477E-4
1.650511157567623E-4
1.6496203988686356E-4
1.6487305771878134E-4
1.6478416910621234E-4
1.646953739031575E-4
1.6460667196392087E-4
1.6451806314310424E-4
1.6442954729561153E-4
1.6434112427664912E-4
1.6425279394171536E-4
1.6416455614661418E-4
1.6407641074743962E-4
1.6398835760059088E-4
1.6390039656275326E-4
1.6381252749091656E-4
1.6372475024235735E-4
1.636370646746489E-4
1.6354947064565627E-4
1.6346196801353803E-4
1.6337455663674677E-4
1.632872363740136E-4
1.6320000708437699E-4
1.6311286862714876E-4
1.6302582086193812E-4
1.629388636486415E-4
1.6285199684743613E-4
1.6276522031879098E-4
1.62678533923461E-4
1.6259193752247826E-4
1.6250543097716624E-4
1.6241901414913203E-4
1.6233268690025955E-4
1.6224644909271717E-4
1.6216030058895627E-4
1.6207424125170588E-4
1.6198827094397668E-4
1.619023895290563E-4
1.6181659687051003E-4
1.6173089283218577E-4
1.6164527727820292E-4
1.6155975007295647E-4
1.6147431108112401E-4
1.613889601676462E-4
1.6130369719775145E-4
1.6121852203692926E-4
1.6113343455094735E-4
1.6104843460584795E-4
1.6096352206793968E-4
1.6087869680380393E-4
1.6079395868029322E-4
1.607093075645236E-4
1.6062474332388663E-4
1.6054026582603632E-4
1.6045587493890152E-4
1.6037157053066964E-4
1.6028735246979253E-4
1.6020322062500043E-4
1.6011917486527327E-4
1.6003521505985994E-4
1.599513410782758E-4
1.5986755279029347E-4
1.597838500659582E-4
1.5970023277555705E-4
1.5961670078965407E-4
1.595332539790713E-4
1.5944989221488497E-4
1.593666153684292E-4
1.5928342331130062E-4
1.59200315915353E-4
1.591172930526939E-4
1.5903435459568564E-4
1.5895150041695226E-4
1.5886873038936517E-4
1.5878604438605704E-4
1.5870344228040753E-4
1.5862092394605462E-4
1.5853848925688786E-4
1.584561380870397E-4
1.5837387031090373E-4
1.582916858031232E-4
1.5820958443858496E-4
1.5812756609243265E-4
1.5804563064005127E-4
1.5796377795707946E-4
1.5788200791939558E-4
1.5780032040313248E-4
1.5771871528466735E-4
1.576371924406219E-4
1.575557517478589E-4
1.5747439308349095E-4
1.5739311632487234E-4
1.5731192134960114E-4
1.5723080803551533E-4
1.5714977626069774E-4
1.5706882590346818E-4
1.5698795684239216E-4
1.56907168956275E-4
1.568264621241576E-4
1.5674583622531785E-4
1.5666529113928242E-4
1.565848267458036E-4
1.565044429248837E-4
1.5642413955674453E-4
1.5634391652185722E-4
1.562637737009273E-4
1.5618371097488748E-4
1.5610372822491377E-4
1.5602382533240776E-4
1.5594400217900961E-4
1.558642586465943E-4
1.5578459461725735E-4
1.5570500997333516E-4
1.556255045973974E-4
1.5554607837223243E-4
1.5546673118087167E-4
1.5538746290656513E-4
1.5530827343279588E-4
1.5522916264327523E-4
1.5515013042194023E-4
1.5507117665295746E-4
1.5499230122071868E-4
1.5491350400983895E-4
1.5483478490516188E-4
1.5475614379175537E-4
1.5467758055490716E-4
1.5459909508013433E-4
1.5452068725317587E-4
1.5444235695999043E-4
1.5436410408676022E-4
1.5428592851989258E-4
1.5420783014600812E-4
1.5412980885195417E-4
1.540518645247925E-4
1.5397399705181146E-4
1.538962063205113E-4
1.5381849221861532E-4
1.537408546340605E-4
1.5366329345500374E-4
1.5358580856981988E-4
1.5350839986709452E-4
1.534310672356344E-4
1.533538105644593E-4
1.5327662974280233E-4
1.531995246601129E-4
1.531224952060525E-4
1.5304554127049819E-4
1.529686627435324E-4
1.528918595154616E-4
1.5281513147679174E-4
1.5273847851824806E-4
1.5266190053076046E-4
1.5258539740547176E-4
1.525089690337347E-4
1.5243261530711297E-4
1.523563361173725E-4
1.522801313564906E-4
1.5220400091665593E-4
1.5212794469026013E-4
1.5205196256989583E-4
1.5197605444837488E-4
1.519002202187035E-4
1.5182445977409692E-4
1.5174877300797582E-4
1.5167315981396424E-4
1.5159762008588854E-4
1.5152215371778044E-4
1.5144676060386994E-4
1.513714406385934E-4
1.5129619371658816E-4
1.5122101973269312E-4
1.5114591858194612E-4
1.5107089015958138E-4
1.5099593436104504E-4
1.5092105108196812E-4
1.508462402181908E-4
1.5077150166574774E-4
1.506968353208685E-4
1.5062224107998605E-4
1.5054771883972657E-4
1.504732684969137E-4
1.5039888994856297E-4
1.5032458309189407E-4
1.502503478243137E-4
1.50176184043429E-4
1.5010209164703487E-4
1.5002807053312624E-4
1.4995412059988977E-4
1.498802417456969E-4
1.4980643386912492E-4
1.4973269686893427E-4
1.4965903064407502E-4
1.4958543509369635E-4
1.4951191011713258E-4
1.494384556139064E-4
1.493650714837347E-4
1.4929175762652143E-4
1.492185139423554E-4
1.4914534033152175E-4
1.4907223669449003E-4
1.489992029319118E-4
1.4892623894463173E-4
1.4885334463368203E-4
1.4878051990027428E-4
1.4870776464581188E-4
1.4863507877187893E-4
1.4856246218024994E-4
1.4848991477287908E-4
1.484174364519044E-4
1.4834502711964936E-4
1.4827268667862338E-4
1.482004150315085E-4
1.4812821208117928E-4
1.4805607773068962E-4
1.479840118832696E-4
1.4791201444233921E-4
1.4784008531148752E-4
1.4776822439449192E-4
1.4769643159531223E-4
1.4762470681807402E-4
1.475530499670984E-4
1.4748146094687136E-4
1.4740993966206526E-4
1.4733848601752427E-4
1.4726709991827745E-4
1.4719578126952195E-4
1.471245299766376E-4
1.4705334594517557E-4
1.4698222908086385E-4
1.4691117928961175E-4
1.46840196477492E-4
1.467692805507589E-4
1.466984314158414E-4
1.466276489793379E-4
1.4655693314802502E-4
1.4648628382884517E-4
1.4641570092892016E-4
1.4634518435553765E-4
1.4627473401616342E-4
1.4620434981842765E-4
1.461340316701342E-4
1.4606377947926137E-4
1.4599359315394666E-4
1.4592347260250702E-4
1.458534177334291E-4
1.4578342845535973E-4
1.45713504677119E-4
1.4564364630769962E-4
1.455738532562533E-4
1.4550412543210304E-4
1.454344627447427E-4
1.4536486510382485E-4
1.452953324191719E-4
1.4522586460077313E-4
1.4515646155878334E-4
1.4508712320351677E-4
1.450178494454602E-4
1.449486401952618E-4
1.4487949536372917E-4
1.4481041486183788E-4
1.447413986007255E-4
1.4467244649169208E-4
1.446035584462023E-4
1.4453473437587788E-4
1.4446597419250952E-4
1.4439727780804007E-4
1.4432864513457634E-4
1.4426007608439262E-4
1.4419157056991556E-4
1.4412312850373138E-4
1.4405474979859288E-4
1.4398643436740313E-4
1.4391818212322773E-4
1.4384999297929578E-4
1.437818668489843E-4
1.4371380364583706E-4
1.436458032835444E-4
1.435778656759665E-4
1.4350999073711143E-4
1.4344217838114823E-4
1.4337442852239496E-4
1.4330674107532963E-4
1.432391159545907E-4
1.431715530749589E-4
1.4310405235138448E-4
1.4303661369895632E-4
1.429692370329275E-4
1.429019222687041E-4
1.4283466932183555E-4
1.427674781080366E-4
1.427003485431678E-4
1.4263328054324418E-4
1.425662740244273E-4
1.4249932890303478E-4
1.424324450955335E-4
1.423656225185411E-4
1.4229886108883206E-4
1.4223216072331796E-4
1.4216552133906906E-4
1.4209894285330347E-4
1.42032425183385E-4
1.4196596824683267E-4
1.4189957196130668E-4
1.4183323624461681E-4
1.4176696101472744E-4
1.417007461897384E-4
1.4163459168790686E-4
1.4156849742762986E-4
1.415024633274551E-4
1.4143648930607547E-4
1.4137057528232732E-4
1.413047211751935E-4
1.412389269038027E-4
1.4117319238742757E-4
1.4110751754548397E-4
1.410419022975359E-4
1.4097634656328538E-4
1.4091085026258278E-4
1.408454133154179E-4
1.4078003564192834E-4
1.4071471716238672E-4
1.40649457797212E-4
1.405842574669664E-4
1.4051911609235258E-4
1.4045403359421525E-4
1.403890098935325E-4
1.4032404491143402E-4
1.4025913856918488E-4
1.4019429078818596E-4
1.4012950148998746E-4
1.400647705962707E-4
1.4000009802885965E-4
1.3993548370971334E-4
1.3987092756093334E-4
1.3980642950475684E-4
1.397419894635632E-4
1.396776073598611E-4
1.3961328311630746E-4
1.3954901665568238E-4
1.3948480790091747E-4
1.3942065677506529E-4
1.3935656320133077E-4
1.3929252710303798E-4
1.3922854840366027E-4
1.3916462702679523E-4
1.391007628961833E-4
1.3903695593569688E-4
1.3897320606934377E-4
1.3890951322125954E-4
1.3884587731571743E-4
1.3878229827712942E-4
1.3871877603003008E-4
1.386553104990944E-4
1.3859190160912823E-4
1.385285492850686E-4
1.3846525345198463E-4
1.3840201403507422E-4
1.383388309596729E-4
1.3827570415124433E-4
1.3821263353537748E-4
1.381496190377998E-4
1.3808666058436663E-4
1.3802375810105725E-4
1.3796091151399142E-4
1.3789812074941013E-4
1.3783538573368455E-4
1.3777270639331587E-4
1.3771008265493342E-4
1.3764751444529105E-4
1.3758500169128174E-4
1.3752254431991147E-4
1.3746014225832556E-4
1.3739779543378642E-4
1.3733550377369164E-4
1.372732672055578E-4
1.372110856570374E-4
1.3714895905590402E-4
1.3708688733004933E-4
1.3702487040750214E-4
1.3696290821640743E-4
1.3690100068504608E-4
1.368391477418073E-4
1.3677734931522503E-4
1.3671560533393766E-4
1.3665391572671915E-4
1.3659228042246278E-4
1.3653069935018727E-4
1.3646917243903344E-4
1.3640769961826275E-4
1.3634628081726319E-4
1.3628491596554153E-4
1.3622360499272574E-4
1.3616234782857248E-4
1.3610114440295074E-4
1.3603999464585598E-4
1.3597889848740243E-4
1.3591785585782823E-4
1.3585686668748673E-4
1.3579593090685287E-4
1.357350484465272E-4
1.3567421923722328E-4
1.3561344320977615E-4
1.355527202951397E-4
1.354920504243865E-4
1.3543143352870917E-4
1.3537086953941747E-4
1.3531035838793752E-4
1.352499000058166E-4
1.3518949432471896E-4
1.3512914127642296E-4
1.350688407928264E-4
1.35008592805947E-4
1.3494839724791167E-4
1.348882540509707E-4
1.348281631474846E-4
1.3476812446993795E-4
1.3470813795091936E-4
1.3464820352314426E-4
1.345883211194345E-4
1.3452849067272795E-4
1.3446871211608756E-4
1.3440898538267628E-4
1.343493104057781E-4
1.3428968711879025E-4
1.3423011545522087E-4
1.3417059534870016E-4
1.341111267329612E-4
1.3405170954185184E-4
1.3399234370934076E-4
1.3393302916949772E-4
1.338737658565128E-4
1.338145537046832E-4
1.3375539264842375E-4
1.3369628262225328E-4
1.3363722356080592E-4
1.3357821539882763E-4
1.335192580711723E-4
1.3346035151280518E-4
1.3340149565880865E-4
1.3334269044436146E-4
1.3328393580476334E-4
1.3322523167542206E-4
1.3316657799184787E-4
1.3310797468966718E-4
1.3304942170461553E-4
1.329909189725308E-4
1.3293246642936458E-4
1.328740640111781E-4
1.3281571165413395E-4
1.327574092945098E-4
1.3269915686868483E-4
1.3264095431314893E-4
1.325828015645006E-4
1.3252469855944032E-4
1.3246664523477924E-4
1.324086415274318E-4
1.3235068737442034E-4
1.322927827128761E-4
1.322349274800305E-4
1.3217712161322484E-4
1.3211936504990208E-4
1.3206165772761447E-4
1.3200399958401637E-4
1.3194639055686533E-4
1.318888305840261E-4
1.3183131960346872E-4
1.3177385755326333E-4
1.317164443715864E-4
1.316590799967188E-4
1.316017643670386E-4
1.315444974210371E-4
1.3148727909730176E-4
1.3143010933452479E-4
1.3137298807149703E-4
1.313159152471157E-4
1.312588908003826E-4
1.3120191467039526E-4
1.311449867963549E-4
1.3108810711756668E-4
1.3103127557343447E-4
1.309744921034623E-4
1.3091775664725658E-4
1.3086106914452712E-4
1.3080442953507964E-4
1.3074783775881936E-4
1.306912937557574E-4
1.3063479746599902E-4
1.3057834882974922E-4
1.3052194778731565E-4
1.3046559427910435E-4
1.3040928824561656E-4
1.303530296274611E-4
1.3029681836533032E-4
1.302406544000324E-4
1.3018453767245662E-4
1.301284681236094E-4
1.300724456945737E-4
1.300164703265469E-4
1.2996054196081177E-4
1.299046605387609E-4
1.298488260018722E-4
1.2979303829172115E-4
1.2973729734998835E-4
1.2968160311844712E-4
1.2962595553895806E-4
1.295703545534898E-4
1.2951480010410272E-4
1.2945929213294892E-4
1.294038305822794E-4
1.2934841539444147E-4
1.292930465118722E-4
1.2923772387710996E-4
1.2918244743278203E-4
1.291272171216159E-4
1.2907203288642415E-4
1.2901689467012398E-4
1.2896180241571843E-4
1.2890675606630803E-4
1.2885175556508657E-4
1.2879680085533689E-4
1.2874189188044193E-4
1.2868702858387132E-4
1.2863221090919064E-4
1.2857743880005548E-4
1.2852271220021872E-4
1.2846803105351492E-4
1.2841339530388296E-4
1.2835880489534666E-4
1.28304259772021E-4
1.2824975987811566E-4
1.2819530515792524E-4
1.28140895555846E-4
1.280865310163491E-4
1.2803221148401667E-4
1.2797793690350203E-4
1.2792370721956048E-4
1.2786952237703347E-4
1.2781538232085085E-4
1.2776128699603365E-4
1.2770723634769734E-4
1.2765323032103582E-4
1.2759926886134112E-4
1.275453519139899E-4
1.274914794244522E-4
1.274376513382812E-4
1.2738386760111932E-4
1.2733012815869946E-4
1.272764329568433E-4
1.2722278194145532E-4
1.271691750585348E-4
1.2711561225416159E-4
1.270620934745095E-4
1.270086186658327E-4
1.2695518777447551E-4
1.2690180074687482E-4
1.2684845752954362E-4
1.267951580690856E-4
1.267419023121952E-4
1.2668869020564634E-4
1.266355216963034E-4
1.2658239673111313E-4
1.265293152571112E-4
1.2647627722141752E-4
1.264232825712347E-4
1.263703312538552E-4
1.2631742321665175E-4
1.262645584070834E-4
1.2621173677269563E-4
1.261589582611167E-4
1.2610622282006E-4
1.2605353039731807E-4
1.2600088094077736E-4
1.2594827439839912E-4
1.2589571071823115E-4
1.2584318984840349E-4
1.2579071173713462E-4
1.257382763327184E-4
1.2568588358353582E-4
1.256335334380497E-4
1.2558122584480834E-4
1.2552896075243732E-4
1.2547673810964772E-4
1.2542455786523145E-4
1.2537241996806613E-4
1.253203243671011E-4
1.2526827101137788E-4
1.2521625985001598E-4
1.2516429083221406E-4
1.2511236390725435E-4
1.2506047902449832E-4
1.2500863613339175E-4
1.2495683518345312E-4
1.24905076124291E-4
1.2485335890558726E-4
1.248016834771085E-4
1.2475004978869476E-4
1.246984577902762E-4
1.246469074318533E-4
1.245953986635085E-4
1.2454393143540725E-4
1.2449250569779018E-4
1.2444112140097842E-4
1.2438977849537142E-4
1.243384769314468E-4
1.242872166597631E-4
1.24235997630957E-4
1.2418481979573632E-4
1.2413368310490005E-4
1.240825875093154E-4
1.2403153295992875E-4
1.2398051940776315E-4
1.2392954680392722E-4
1.238786150995951E-4
1.2382772424602786E-4
1.2377687419455832E-4
1.2372606489659388E-4
1.236752963036305E-4
1.2362456836722448E-4
1.2357388103901993E-4
1.235232342707335E-4
1.2347262801415816E-4
1.2342206222116261E-4
1.2337153684369195E-4
1.2332105183376582E-4
1.232706071434818E-4
1.2322020272501018E-4
1.2316983853059857E-4
1.2311951451256966E-4
1.2306923062331578E-4
1.2301898681531324E-4
1.2296878304110447E-4
1.2291861925331168E-4
1.2286849540463048E-4
1.2281841144782767E-4
1.2276836733574802E-4
1.2271836302130945E-4
1.2266839845750097E-4
1.2261847359738457E-4
1.225685883941045E-4
1.2251874280086865E-4
1.2246893677096053E-4
1.2241917025773927E-4
1.2236944321463412E-4
1.223197555951497E-4
1.2227010735286106E-4
1.222204984414143E-4
1.2217092881453205E-4
1.221213984260089E-4
1.2207190722970764E-4
1.2202245517956343E-4
1.2197304222958876E-4
1.2192366833385898E-4
1.2187433344653115E-4
1.2182503752182654E-4
1.217757805140383E-4
1.2172656237752951E-4
1.2167738306674157E-4
1.2162824253617834E-4
1.2157914074041926E-4
1.215300776341106E-4
1.2148105317197463E-4
1.2143206730879901E-4
1.2138311999944044E-4
1.2133421119882981E-4
1.2128534086196851E-4
1.2123650894391876E-4
1.211877153998276E-4
1.2113896018489568E-4
1.2109024325440468E-4
1.2104156456369829E-4
1.209929240681923E-4
1.2094432172337147E-4
1.2089575748478972E-4
1.2084723130806734E-4
1.207987431488946E-4
1.2075029296303107E-4
1.2070188070630217E-4
1.20653506334605E-4
1.2060516980390253E-4
1.205568710702246E-4
1.2050861008966953E-4
1.2046038681840329E-4
1.2041220121266277E-4
1.203640532287439E-4
1.2031594282302139E-4
1.2026786995192343E-4
1.2021983457195866E-4
1.2017183663969443E-4
1.2012387611176297E-4
1.2007595294487247E-4
1.2002806709578705E-4
1.199802185213456E-4
1.1993240717844739E-4
1.1988463302406115E-4
1.198368960152211E-4
1.1978919610902477E-4
1.1974153326263741E-4
1.1969390743329095E-4
1.1964631857827921E-4
1.1959876665496689E-4
1.1955125162077597E-4
1.1950377343320299E-4
1.1945633204980202E-4
1.1940892742819314E-4
1.1936155952606243E-4
1.1931422830116506E-4
1.1926693371131366E-4
1.1921967571438585E-4
1.191724542683252E-4
1.1912526933114291E-4
1.1907812086090791E-4
1.1903100881575754E-4
1.1898393315388927E-4
1.1893689383356723E-4
1.1888989081311706E-4
1.1884292405092993E-4
1.1879599350545696E-4
1.1874909913521457E-4
1.1870224089878504E-4
1.1865541875480596E-4
1.1860863266198559E-4
1.1856188257908656E-4
1.1851516846494395E-4
1.1846849027844862E-4
1.1842184797855296E-4
1.1837524152427622E-4
1.1832867087469641E-4
1.1828213598895572E-4
1.182356368262552E-4
1.1818917334585955E-4
1.1814274550709481E-4
1.1809635326935028E-4
1.1804999659207149E-4
1.1800367543476884E-4
1.179573897570159E-4
1.1791113951844442E-4
1.178649246787446E-4
1.1781874519767294E-4
1.1777260103504526E-4
1.1772649215073212E-4
1.1768041850467391E-4
1.1763438005686305E-4
1.1758837676735705E-4
1.1754240859627253E-4
1.1749647550378578E-4
1.1745057745012875E-4
1.1740471439560318E-4
1.173588863005611E-4
1.1731309312541799E-4
1.1726733483065238E-4
1.172216113767912E-4
1.1717592272442949E-4
1.1713026883422312E-4
1.1708464966688076E-4
1.1703906518317165E-4
1.1699351534392606E-4
1.1694800011003022E-4
1.1690251944242985E-4
1.1685707330212877E-4
1.1681166165019063E-4
1.1676628444773812E-4
1.1672094165594722E-4
1.1667563323605633E-4
1.166303591493618E-4
1.1658511935721443E-4
1.1653991382102584E-4
1.1649474250226166E-4
1.1644960536245001E-4
1.1640450236317552E-4
1.1635943346607292E-4
1.1631439863284151E-4
1.162693978252367E-4
1.1622443100506926E-4
1.1617949813420926E-4
1.1613459917457828E-4
1.1608973408816076E-4
1.1604490283698883E-4
1.1600010538316449E-4
1.1595534168883414E-4
1.1591061171620375E-4
1.1586591542753758E-4
1.1582125278515738E-4
1.1577662375143302E-4
1.1573202828879894E-4
1.1568746635973987E-4
1.156429379267984E-4
1.1559844295256928E-4
1.1555398139971082E-4
1.1550955323092524E-4
1.1546515840897801E-4
1.1542079689669078E-4
1.1537646865693054E-4
1.1533217365262972E-4
1.1528791184676853E-4
1.1524368320238867E-4
1.1519948768257712E-4
1.1515532525048424E-4
1.151111958693098E-4
1.1506709950231133E-4
1.1502303611279243E-4
1.1497900566412242E-4
1.1493500811971525E-4
1.1489104344304325E-4
1.1484711159763214E-4
1.1480321254706266E-4
1.1475934625496211E-4
1.1471551268502036E-4
1.1467171180097408E-4
1.1462794356661746E-4
1.1458420794579491E-4
1.1454050490240901E-4
1.1449683440040604E-4
1.144531964037925E-4
1.1440959087662768E-4
1.1436601778302083E-4
1.1432247708713309E-4
1.1427896875317983E-4
1.1423549274543378E-4
1.1419204902820773E-4
1.1414863756587725E-4
1.1410525832286748E-4
1.1406191126365399E-4
1.1401859635276293E-4
1.1397531355477808E-4
1.1393206283432782E-4
1.1388884415609747E-4
1.1384565748482379E-4
1.138025027852913E-4
1.1375938002233811E-4
1.1371628916085415E-4
1.1367323016577718E-4
1.1363020300210129E-4
1.1358720763486833E-4
1.1354424402917176E-4
1.135013121501551E-4
1.1345841196301607E-4
1.1341554343299482E-4
1.1337270652539431E-4
1.133299012055541E-4
1.1328712743887545E-4
1.1324438519080585E-4
1.1320167442683722E-4
1.1315899511252355E-4
1.1311634721345881E-4
1.1307373069529287E-4
1.1303114552371929E-4
1.1298859166448818E-4
1.1294606908339237E-4
1.1290357774628187E-4
1.1286111761905108E-4
1.128186886676413E-4
1.1277629085804908E-4
1.1273392415632114E-4
1.1269158852854415E-4
1.1264928394086387E-4
1.1260701035946775E-4
1.125647677505955E-4
1.1252255608053717E-4
1.1248037531562681E-4
1.1243822542225033E-4
1.1239610636684126E-4
1.1235401811588153E-4
1.1231196063590095E-4
1.1226993389347945E-4
1.1222793785524291E-4
1.1218597248786573E-4
1.1214403775807182E-4
1.1210213363263162E-4
1.1206026007836177E-4
1.1201841706212774E-4
1.1197660455084592E-4
1.1193482251147617E-4
1.1189307091103007E-4
1.1185134971655889E-4
1.1180965889516586E-4
1.1176799841400507E-4
1.1172636824027369E-4
1.1168476834121443E-4
1.1164319868411903E-4
1.1160165923632718E-4
1.1156014996522437E-4
1.1151867083824037E-4
1.1147722182285603E-4
1.114358028865945E-4
1.1139441399702778E-4
1.1135305512177581E-4
1.1131172622850026E-4
1.1127042728491152E-4
1.1122915825876688E-4
1.1118791911787047E-4
1.1114670983006564E-4
1.111055303632503E-4
1.1106438068536694E-4
1.1102326076439513E-4
1.1098217056837307E-4
1.1094111006537188E-4
1.1090007922351463E-4
1.1085907801097583E-4
1.1081810639595895E-4
1.1077716434672877E-4
1.1073625183158708E-4
1.106953688188806E-4
1.1065451527700539E-4
1.1061369117439909E-4
1.1057289647954603E-4
1.1053213116096956E-4
1.1049139518724852E-4
1.1045068852699519E-4
1.1041001114887321E-4
1.1036936302159046E-4
1.1032874411389505E-4
1.1028815439458403E-4
1.10247593832491E-4
1.1020706239650354E-4
1.1016656005555003E-4
1.1012608677859861E-4
1.1008564253466435E-4
1.1004522729280722E-4
1.1000484102212905E-4
1.0996448369177521E-4
1.0992415527093772E-4
1.0988385572884872E-4
1.0984358503478177E-4
1.0980334315806406E-4
1.097631300680517E-4
1.0972294573415351E-4
1.0968279012581907E-4
1.096426632125396E-4
1.0960256496385457E-4
1.0956249534933844E-4
1.095224543386131E-4
1.0948244190134605E-4
1.0944245800723839E-4
1.0940250262604443E-4
1.0936257572755325E-4
1.0932267728159955E-4
1.0928280725805842E-4
1.0924296562685343E-4
1.0920315235794088E-4
1.0916336742132267E-4
1.0912361078705058E-4
1.0908388242520616E-4
1.090441823059204E-4
1.090045103993665E-4
1.089648666757537E-4
1.0892525110533821E-4
1.0888566365841585E-4
1.0884610430532579E-4
1.088065730164456E-4
1.0876706976219836E-4
1.0872759451304256E-4
1.0868814723948123E-4
1.0864872791206384E-4
1.0860933650137003E-4
1.085699729780303E-4
1.0853063731271387E-4
1.0849132947612184E-4
1.0845204943901012E-4
1.0841279717216635E-4
1.0837357264642479E-4
1.0833437583265014E-4
1.0829520670176174E-4
1.0825606522470684E-4
1.082169513724792E-4
1.0817786511611597E-4
1.0813880642668724E-4
1.0809977527530696E-4
1.0806077163312859E-4
1.0802179547134963E-4
1.0798284676119915E-4
1.079439254739545E-4
1.0790503158092686E-4
1.0786616505347447E-4
1.0782732586298607E-4
1.0778851398089533E-4
1.0774972937867404E-4
1.0771097202784016E-4
1.0767224189993808E-4
1.0763353896655914E-4
1.0759486319933856E-4
1.0755621456994311E-4
1.0751759305008205E-4
1.074789986115007E-4
1.0744043122598656E-4
1.0740189086536891E-4
1.0736337750150785E-4
1.0732489110631048E-4
1.0728643165171679E-4
1.0724799910970995E-4
1.0720959345230742E-4
1.07171214651567E-4
1.0713286267958843E-4
1.0709453750850326E-4
1.0705623911048932E-4
1.0701796745775613E-4
1.0697972252255195E-4
1.0694150427716905E-4
1.0690331269392973E-4
1.0686514774520346E-4
1.0682700940338832E-4
1.067888976409257E-4
1.0675081243029412E-4
1.0671275374401048E-4
1.066747215546271E-4
1.0663671583473678E-4
1.0659873655696958E-4
1.0656078369398783E-4
1.0652285721850088E-4
1.0648495710324505E-4
1.0644708332100094E-4
1.0640923584458868E-4
1.0637141464685594E-4
1.0633361970069626E-4
1.0629585097903562E-4
1.062581084548372E-4
1.0622039210110649E-4
1.0618270189087991E-4
1.0614503779723269E-4
1.0610739979327582E-4
1.0606978785215892E-4
1.0603220194706635E-4
1.0599464205122381E-4
1.0595710813788468E-4
1.0591960018034622E-4
1.0588211815193966E-4
1.058446620260344E-4
1.0580723177603094E-4
1.0576982737537317E-4
1.0573244879753433E-4
1.0569509601602725E-4
1.056577690044008E-4
1.0562046773624045E-4
1.0558319218516625E-4
1.0554594232483469E-4
1.0550871812893515E-4
1.0547151957119688E-4
1.0543434662538422E-4
1.0539719926529484E-4
1.0536007746476437E-4
1.0532298119766165E-4
1.0528591043789254E-4
1.052488651593974E-4
1.0521184533615152E-4
1.0517485094216982E-4
1.0513788195149532E-4
1.0510093833821019E-4
1.0506402007643171E-4
1.050271271403129E-4
1.049902595040386E-4
1.0495341714182994E-4
1.0491660002794477E-4
1.0487980813667471E-4
1.04843041442343E-4
1.0480629991931279E-4
1.0476958354197907E-4
1.0473289228476891E-4
1.046962261221491E-4
1.046595850286173E-4
1.0462296897870617E-4
1.0458637794698518E-4
1.0454981190805383E-4
1.0451327083654619E-4
1.044767547071335E-4
1.0444026349452364E-4
1.0440379717344903E-4
1.043673557186839E-4
1.0433093910503558E-4
1.0429454730734092E-4
1.0425818030047144E-4
1.0422183805934228E-4
1.0418552055888728E-4
1.0414922777408237E-4
1.0411295967993722E-4
1.0407671625149285E-4
1.0404049746382609E-4
1.040043032920386E-4
1.0396813371128245E-4
1.0393198869672332E-4
1.0389586822357575E-4
1.0385977226707945E-4
1.0382370080250847E-4
1.0378765380517134E-4
1.0375163125040586E-4
1.0371563311358922E-4
1.0367965937012882E-4
1.0364370999546113E-4
1.0360778496505853E-4
1.0357188425442825E-4
1.0353600783910672E-4
1.0350015569466324E-4
1.034643277967022E-4
1.0342852412085837E-4
1.0339274464280076E-4
1.0335698933822674E-4
1.0332125818287317E-4
1.0328555115249976E-4
1.0324986822290863E-4
1.0321420936992608E-4
1.0317857456941445E-4
1.0314296379726905E-4
1.0310737702941466E-4
1.0307181424180927E-4
1.0303627541043947E-4
1.0300076051132846E-4
1.0296526952053202E-4
1.0292980241413452E-4
1.0289435916824906E-4
1.0285893975902706E-4
1.02823544162651E-4
1.027881723553291E-4
1.0275282431330477E-4
1.0271750001285176E-4
1.0268219943028045E-4
1.0264692254192284E-4
1.0261166932415312E-4
1.0257643975336797E-4
1.0254123380599791E-4
1.0250605145850888E-4
1.0247089268738969E-4
1.0243575746916654E-4
1.0240064578039877E-4
1.0236555759766844E-4
1.0233049289759448E-4
1.0229545165682614E-4
1.0226043385203722E-4
1.0222543945994519E-4
1.0219046845728372E-4
1.0215552082083005E-4
1.0212059652738129E-4
1.0208569555377148E-4
1.02050817876861E-4
1.0201596347354767E-4
1.0198113232075252E-4
1.0194632439542792E-4
1.0191153967455954E-4
1.0187677813516254E-4
1.0184203975428098E-4
1.0180732450898923E-4
1.0177263237639252E-4
1.0173796333362619E-4
1.0170331735785431E-4
1.0166869442627342E-4
1.0163409451610491E-4
1.0159951760460741E-4
1.0156496366906344E-4
1.0153043268678809E-4
1.014959246351237E-4
1.0146143949144517E-4
1.0142697723315535E-4
1.0139253783768683E-4
1.0135812128250131E-4
1.0132372754509197E-4
1.0128935660297867E-4
1.0125500843371254E-4
1.0122068301487272E-4
1.0118638032407115E-4
1.0115210033894242E-4
1.0111784303715433E-4
1.0108360839640804E-4
1.0104939639442208E-4
1.0101520700895702E-4
1.0098104021779496E-4
1.0094689599874612E-4
1.0091277432965672E-4
1.0087867518839415E-4
1.0084459855285874E-4
1.0081054440097599E-4
1.007765127107069E-4
1.0074250346003307E-4
1.0070851662697007E-4
1.0067455218956155E-4
1.006406101258764E-4
1.0060669041401532E-4
1.0057279303210717E-4
1.0053891795830563E-4
1.0050506517079752E-4
1.004712346477951E-4
1.0043742636753987E-4
1.0040364030830301E-4
1.0036987644837877E-4
1.0033613476609415E-4
1.0030241523980515E-4
1.0026871784789E-4
1.002350425687609E-4
1.0020138938085515E-4
1.0016775826263728E-4
1.0013414919260236E-4
1.0010056214926966E-4
1.0006699711119026E-4
1.0003345405693743E-4
9.99999329651212E-5
The correct rate for BP: 100.00% 
