4755.374208093784
2484.7016220184537
2035.381858967272
1703.8843876528558
1471.0137136618441
1318.0783686921438
1198.853575202018
1159.4804137647736
1064.1261316255216
950.7234175319705
925.8838868090659
841.5153029449654
768.0307924926857
723.4797957734518
706.7864923224106
645.2951270560526
586.7319022764563
597.7443687901816
551.2057083505744
524.0180067247783
503.72974764318707
464.6518420701855
475.7312354116356
404.8654731056985
397.9726997957226
396.54031425046827
392.26443174555607
340.53959609351875
350.0310866810345
386.7287009687258
336.1243935051952
342.41739145231315
306.90542119769833
298.7753624829388
295.720388584618
246.7895058583688
251.1152955473862
256.5002244972575
253.0210635788108
238.50846518738413
201.30450777897133
198.6806342222864
172.87911279290074
216.02564715381763
182.89152217827512
160.24775715348503
176.23302254137056
195.6778852204613
185.23257122100813
193.6477344988419
156.4938690952631
156.2792266192549
144.54704146950712
126.51813121261368
139.10884946425895
130.1118094860256
119.24624167122903
113.87876809836301
111.25330555060984
109.42718006620686
106.83230339344146
105.88787121369205
105.13887531151516
103.7663497495535
102.24227885265742
101.60110071144811
101.61853974875052
101.35372723761492
100.4000004186853
99.90136784245732
99.81201337433045
99.56348164578782
99.32898757667238
98.90066549311767
98.79107334630578
98.57237107743826
98.27232003073601
97.91663853791617
97.80864635441762
97.78621267752509
97.91654062300728
97.94932362103411
97.64216544653458
97.33973438972508
97.21268222098938
97.08206157584549
96.88136186998183
96.79482545231161
96.7553118717857
96.72117808282799
96.67057704818035
96.51829435778737
96.26258649609612
96.21882410973744
101.63596873069821
110.76868803574548
108.5396382953883
103.78807582292417
108.305812221771
106.38096069644811
101.91517382899465
98.10874916131209
101.19011244694539
95.39099094656908
94.83665195083064
94.28506770638072
94.19387151786479
93.99161697344935
93.60636593064264
93.3249464928465
92.5309347349564
92.00516595181236
91.82522917083254
91.3270089131544
91.2658688704394
91.23451750801986
91.20622662338558
91.17122430192616
91.09581543174433
90.60534893654037
89.86799791530231
89.67762573140945
89.37377061292227
88.87462316150263
88.77864501023748
88.73682420473695
88.71872648596128
88.70471014688762
88.69135563980173
88.67086553712588
88.77331583836458
87.86353606129735
87.7317591546405
87.70409800914717
87.68862028757351
87.67736880377821
87.66845603636767
87.66095395668847
87.65431434550887
87.64814412081478
87.64208194410097
87.63567984556444
87.62819531637005
87.61806557264974
87.60130865801432
87.56611702445589
87.46433607227398
87.25614655110402
87.16378434038589
87.05053689154327
86.71785406932801
86.69325750442603
86.67917722076946
86.66855667004344
86.65979716878107
86.65205037143082
86.6446729884013
86.63692009969334
86.62743112217389
86.61253484678411
86.59143430123142
87.5137014363873
85.84766049210953
85.70709948054952
85.65469184344478
85.61826584340412
85.47244234001971
85.23735946740427
85.1802887162782
85.17012498573432
85.16255831479826
85.15639022691126
85.15113738036034
85.146544702678
85.1424565865047
85.13876913468708
85.13540857354062
85.13232012600434
85.12946171182382
85.12680011779442
85.12430853452268
85.12196489646034
85.11975071724311
85.11765024176601
85.11564980565349
85.11373733149031
85.11190191291287
85.11013344964552
85.10842230168006
85.10675893060055
85.10513348966408
85.10353530975253
85.10195219996622
85.10036942872378
85.09876815032001
85.09712284307564
85.09539691407412
85.09353472456483
85.09144617527387
85.08897460224887
85.08582360423627
85.0813708060054
85.07412662018739
85.05992731413488
85.0255463594212
84.8852528574523
84.63511153255537
84.62683854062098
84.6208588205204
84.616473624846
84.61298829952621
84.61006371809025
84.60751751665877
84.60524111295653
84.60316374977323
84.6012350848121
84.59941559065504
84.59767015114646
84.59596226370788
84.59424634448398
84.59245362068519
84.59045975537344
84.58799522338617
84.58433776125298
84.57689174594643
84.55145878163417
84.36538096150828
84.14136247652944
84.11209184869631
84.10522997645266
84.10101239822762
84.09790490701155
84.09542956234144
84.0933640966753
84.09158465917736
84.09001500259521
84.08860504188809
84.08732029517242
84.08613613869484
84.08503445208468
84.0840015521453
84.08302686579373
84.08210204809716
84.08122037884706
84.0803763387535
84.07956530421687
84.07878332156876
84.07802693489141
84.07729304954124
84.0765788184052
84.07588154073896
84.07519856461266
84.07452718402529
84.07386452007816
84.0732073721485
84.07255201837675
84.07189393298121
84.07122736669213
84.07054469734544
84.06983538259641
84.0690841957064
84.06826810463158
84.06735042325715
84.06626904577602
84.06491051641821
84.06304525230178
84.0601319826248
84.0544940222832
84.03632335308455
83.91145926285203
83.51633130623625
83.12176956711714
83.09491777562698
83.0877558750427
83.08379484516185
83.08095109147654
83.07872394576813
83.0768939646679
83.07534117687285
83.0739924558146
83.0727999952297
83.07173087943096
83.07076150384155
83.06987437430462
83.0690561683193
83.06829650718886
83.0675871487846
83.06692143957281
83.06629393217972
83.06570011192618
83.06513619703965
83.06459898990283
83.0640857643909
83.06359417922562
83.06312221041354
83.06266809789176
83.06223030291717
83.06180747366408
83.06139841719559
83.06100207641998
83.06061751100967
83.06024388146311
83.05988043573396
83.05952649792695
83.05918145871064
83.05884476711933
83.0585159235476
83.05819447370789
83.05788000343391
83.0575721341477
83.05727051895573
83.05697483921868
83.05668480157634
83.05640013531773
83.05612059008597
83.05584593385342
83.05557595113534
83.05531044139843
83.0550492176612
83.05479210524618
83.05453894065622
83.05428957059306
83.05404385105085
83.05380164652769
83.05356282929661
83.05332727875745
83.05309488085246
83.0528655275275
83.05263911625465
83.05241554957983
83.05219473473299
83.05197658324558
83.05176101061866
83.05154793600227
83.0513372819127
83.05112897395242
83.05092294057013
83.0507191128115
83.05051742410232
83.05031781003956
83.05012020818508
83.04992455787217
83.04973080001963
