7570.323392322754
5395.373858451491
5037.890816242142
4947.163046879287
4691.51189796792
4546.737559657331
4510.016569790001
4345.072955224852
4294.230323796452
4306.692126601733
4191.7264457528
4126.4605969931135
4100.116578923965
4038.36564399078
4102.026463708384
4048.4160405559355
4023.5310408220175
3864.4898197365883
3929.102171775409
3882.5758518803973
3883.2940063166407
3962.532235046411
3862.224431649586
3790.2734042303905
3730.563935637993
3837.4257122684667
3810.597642227108
3775.1371912926593
3767.7737814253956
3814.9358317457027
3669.7214394816187
3671.0214040347614
3765.795120896255
3613.5984471504044
3603.6586926557375
3651.059162364503
3601.3996235162704
3704.957790109247
3705.774016577596
3650.245928023356
3669.5931870515797
3682.160524092303
3708.861198611037
3578.3613086140767
3648.957145113492
3624.6258973521963
3584.2908806426613
3603.344657602375
3501.130514381935
3539.389616910265
3537.7114625893464
3524.7829776867766
3539.552915246281
3478.8906118027853
3470.567267157006
3494.7758167809075
3424.1512809985966
3379.5102716321335
3442.2093750813838
3442.5020809161965
3461.3645964603597
3469.999816873681
3581.2328376571677
3429.3189608291455
3422.016791725067
3398.220310390708
3440.0869460119707
3369.3035964625656
3323.4060314753683
3360.561882108713
3372.4521280059
3370.01066660325
3332.7227730246027
3318.618816662651
3389.9010439688072
3331.545653518175
3259.5538557602385
3286.872771144172
3345.016210312502
3347.888787124578
3352.7360940712388
3341.64422128773
3357.986578660759
3300.822759361188
3339.860118537711
3315.563987531597
3295.0808330846
3353.2994853481173
3285.007101343364
3274.3205701899005
3302.7271202903344
3295.3579280140893
3270.7698258005357
3329.6223119038455
3237.944291817009
3233.6040015209455
3241.363200840828
3237.0547042342646
3263.251549406433
3276.0885824739166
The correct rate for BP: 91.75% 
