4767.07374841493
2696.03497052828
2195.133531479946
1915.155338954177
1703.9908326890716
1473.4383977231128
1392.1373766703623
1289.6573029553738
1170.7183183742732
1103.915504438112
1048.3394657468875
998.7005759788537
937.5075494332795
849.6276116889666
868.6845574569197
844.4446712926081
857.9161286028019
773.5930685859106
742.4095325600957
694.9854421440176
669.2290223069284
631.9351024417796
580.9466238975378
594.4589795353397
537.5998420418252
501.47422013389655
550.8997228663102
484.0281353789091
419.8526956746383
407.2808283730664
440.89928322090617
388.54725127834797
346.0316976287647
397.75650506635054
387.7857087422851
342.8209565608185
314.25731132918224
307.54450439708455
303.826983538214
342.98002876359783
336.94208243214143
338.48766845789584
280.078879115412
268.0560978955598
245.85331826044523
235.06577254766515
244.33304028397941
233.34529732091326
238.38431395927415
219.6144191880364
243.96512051543942
226.52813526352665
255.0558523439792
237.02565245091233
225.71080592067685
232.43727607340406
199.8389580203146
207.1437586549258
203.84343149311698
196.35547782671233
181.61380976753966
176.56784344210843
163.93173033711398
165.4834418252863
182.34178938828654
184.71374383279675
178.89381212302746
172.07050768933937
191.58340678471444
169.79892733623686
162.7351427091162
165.8659868970222
164.34280921092753
144.65761393174932
138.2440740421807
135.59300243793507
133.53591909984044
131.1953580129835
130.02864632035968
129.62269740709482
128.36373040271084
127.98179498236551
127.57748697741445
126.95448863715396
126.5244626577302
126.2630808368658
126.16580570368654
126.08630730405007
125.93567459740109
125.56262601332129
124.91963348117085
124.7515073677662
124.68782664996942
124.26948064700869
124.13640784716732
123.76278983421133
123.71614088352068
125.1483643462659
133.59073268661456
124.98771619601042
121.59381346499325
120.83081023965477
120.6974625039206
120.61604851970671
120.81771635664204
119.81433518957017
118.83249566070947
118.5246866729484
117.83080079132841
117.70066842566078
117.35611071360977
117.48940029508734
116.65126328190154
116.38957283467579
116.18406275237261
116.20454255972163
115.75188231801778
115.58762214385291
115.36353661520886
114.43521140134429
114.17257854865434
113.70504191975466
113.49699465080475
115.52095878966328
115.2851915038782
112.59517497604205
112.29668959107828
112.24778616843075
112.21957139604046
112.19860478106942
112.18122851806912
112.1654307775206
112.14929706674053
112.12938326188652
112.09886694661526
112.01392470136136
111.75842397956583
111.62443534964552
111.55962484550268
111.20245159454568
111.17736691459339
113.5053503338018
116.47762568353062
115.77559640837691
111.6488370417306
110.66623621092828
110.33502716137176
110.19436424749871
110.16356884649126
110.14450953188611
110.12637973116335
110.10318262334799
110.05495482238001
109.75822010355559
110.29165761323205
109.81840109367973
109.6626920515057
109.64339479235775
109.63317943005086
109.62585493204949
109.62008384868102
109.61530132967248
109.61120858352086
109.60762586975764
109.60443520862898
109.60155398982393
109.59892138695287
109.59649074345819
109.59422498147306
109.59209363561587
109.59007079597971
109.58813356408625
109.58626077872421
109.58443183667929
109.58262544893135
109.58081814295643
109.57898223042483
109.57708275664163
109.57507250593686
109.57288312592271
109.5704079297368
109.56746505445386
109.56370799781013
109.5583689141701
109.54932507947362
109.52826905773841
109.44506853159434
109.16700953560039
109.4344003498064
109.18455868852499
108.93527416802687
108.631995081057
108.61579123356948
108.60621541818853
108.5987970593512
108.59211096536761
108.58513233494698
108.57626995893878
108.5606926967108
108.51543536564733
108.18517534593958
108.01904304255625
107.89273742703911
107.62371519767926
107.59674631669787
107.57209101813604
107.52934315858941
107.15579072137189
107.09591534656447
107.06921031815185
107.01614008220056
106.910482710295
106.6690941741172
106.61957709296261
106.59513095098363
105.62534068226914
105.61491406214968
105.60929586703803
105.60510079746724
105.60165020692759
105.59867463054248
105.59604213720891
105.59367480144805
105.5915204857509
105.58954170143781
105.58771021153956
105.58600400271986
105.58440542441916
105.58289996957562
105.58147543162485
105.58012129030719
105.57882823707956
105.57758778075963
105.57639188785521
105.57523261530518
105.57410168660307
105.57298994219886
105.57188655254222
105.5707777955553
105.569645019941
105.56846102012543
105.56718311763633
105.5657388525867
105.56399333618228
105.56166474969741
105.55806543735254
105.5511006405248
105.53214588675338
105.5291441885386
105.15941477196614
105.09996266606254
105.08855488848772
105.08353996781327
105.07997719155713
105.07716283472618
105.07483506728921
105.07285455636035
105.07113441532479
105.0696161310428
105.06825838098577
105.06703095119717
105.06591113332313
105.06488146881017
105.06392827673828
105.0630406600314
105.062209815279
105.06142854142425
105.06069088258295
105.05999186344803
105.05932729008771
105.05869359777057
105.05808773321303
105.05750706238531
105.05694929757198
105.05641243908926
105.05589472826647
105.05539460921074
105.05491069739244
105.05444175366388
105.05398666250501
105.05354441367591
105.05311408651701
105.05269483635693
105.05228588251956
105.05188649752031
105.0514959970878
105.05111373058651
105.05073907153135
105.05037140768871
105.05001013028
105.04965462156258
105.04930423988445
105.04895830083204
105.04861605251088
105.04827664188836
105.0479390674003
105.04760211001958
105.04726422960563
105.04692340355763
105.04657686589192
105.04622066673359
105.04584889022536
105.04545218052768
105.04501475309881
105.04450775345475
105.04387264183667
105.04297241527298
105.04141175253922
105.03759684192909
105.02078789053104
104.71610547469197
104.58185554852332
104.55571612708015
104.55369319627691
104.55239207014155
104.55143017599372
104.55065437656583
104.54999071401764
104.54940031510559
104.54886162998697
104.54836199611533
104.54789343666931
104.54745055695525
104.5470294765798
104.54662726593037
104.54624163066161
104.54587072289979
104.54551302118642
104.54516725010586
104.54483232436488
104.54450730861406
104.54419138784586
104.54388384512164
104.54358404447633
104.54329141758872
104.54300545319028
104.54272568857594
104.54245170263648
104.54218311013483
104.54191955690267
104.54166071577134
104.54140628310856
104.54115597580771
104.5409095286659
104.5406666920653
104.5404272298971
104.54019091769675
104.5399575409223
104.53972689336787
104.53949877565177
104.53927299378599
104.53904935775977
104.53882768013523
104.53860777462701
104.53838945461531
104.53817253156551
104.53795681334111
104.53774210231332
104.53752819325362
104.5373148709018
104.5371019071662
104.5368890577875
104.53667605835255
104.53646261947614
104.53624842084199
104.53603310380312
104.5358162620641
104.53559742976286
104.53537606606413
104.53515153495987
104.53492307838961
104.53468977990032
104.53445051470098
104.53420387971825
104.53394809360974
104.53368085054167
104.5333991008136
104.53309871206304
104.53277392836237
104.53241647296139
104.53201399143903
104.53154720223263
104.53098433252627
104.53026934647202
104.5292943629441
104.52782570211468
104.52526491039673
104.51963124962467
104.50085687168298
104.37394888272227
104.04802915676511
104.04327003008925
104.04070429568941
104.03897211716243
104.03765333666476
104.0365636032414
104.03560469969271
104.03471558201754
104.03385161602459
104.03297336939397
104.03203821247637
104.03099083715756
104.02974820065243
104.02816999426616
104.02599187526022
104.022653449111
104.01678625269786
104.00445812009318
103.97382329559605
103.87293654844109
103.61817242003241
103.58337923260403
103.5709010252492
103.56505540559822
103.56108058858473
103.55810403718509
103.55572930017189
103.55374610112818
103.55203082332062
103.55050449553853
103.54911251403212
103.54781361829181
103.54657290420899
103.54535612318242
103.54412296806974
103.54281570110523
103.54133406048086
103.53946738494142
103.53666738095782
103.5310422862635
103.51282533368419
103.40865056783267
103.09741262566885
103.06804438969185
103.05998101264024
103.05488930335014
103.05091548627148
103.04727140116826
103.04335458890947
103.03828525190595
103.02989240738465
103.00984727589109
102.92761619051132
102.70709387258945
102.09996454361116
102.085526196122
102.07886706088229
102.07432303328217
102.07089356401454
102.06814861056418
102.06586301912455
102.06390516498611
102.06219208228472
102.06066844895373
102.05929570089478
102.05804596006602
102.0568984485673
102.05583727143888
102.05484999262559
102.05392669012318
102.05305931102892
102.0522412200023
102.051466875874
102.05073159517191
102.0500313758824
102.049362763738
102.04872274907744
102.04810868598884
102.04751822787324
102.0469492752472
102.04639993267737
102.04586847248831
102.04535330343197
102.04485294277404
102.04436599050248
102.04389110439269
102.04342697460926
102.04297229631254
102.04252573837367
102.04208590555673
102.04165129043398
102.04122020937749
102.04079071383262
102.0403604625993
102.0399265312182
102.03948511682566
102.03903106270653
102.03855705798473
102.03805222026698
102.03749942942217
102.03686992914804
102.03611133933033
102.03511764940234
102.03364089193953
102.03096329227866
102.02416382682692
101.99495475108644
101.6031662213127
101.55246651836237
101.54956306819683
101.54797446334968
101.54670319043387
101.54559830203128
101.54461739933359
101.54373492740356
101.54293129980951
101.54219118167416
101.54150254217178
101.5408558412043
101.54024337169609
101.5396587544926
101.53909655475108
101.5385519850256
101.5380206650482
101.53749841348923
101.53698105027574
101.53646418828112
101.53594299003562
101.53541185678382
101.53486400103384
101.53429082351256
101.5336809588326
101.53301874426231
101.53228164348273
101.53143567852226
101.53042681958755
101.52916351096341
101.52747777446875
101.52502767690483
101.52101110105427
101.51314019577491
101.49398088386174
101.46087774184605
101.07992684680612
101.05686091413286
101.0525395130626
101.04965082199668
101.04748744771469
101.04575802826723
101.04431451667057
101.043071535635
101.04197532905346
101.04098973962601
101.04008911905726
101.03925441851764
101.0384708726346
101.03772653536862
101.03701129026061
101.03631612601697
101.03563254902994
101.03495204078492
101.03426547733012
101.03356241391245
101.03283009396088
101.0320519458241
101.03120513056918
101.03025627268988
101.02915351738055
101.0278106069909
101.02607194875924
101.02362671888974
101.01976317329851
101.01250185763585
100.99447826992132
100.92646399414915
100.5671112980341
100.55201076030963
100.54628037413657
100.54197939406879
100.5381524391617
100.5342363546188
100.52966805555046
100.52357674392822
100.51417757988507
100.4970197002635
100.45929158706365
100.36612943754643
100.19784983797604
100.12726003075156
100.10195843149997
100.0906730619814
100.08359468231998
100.07849991910486
100.07453322527344
100.07128269599657
100.06852123847334
100.06611132179086
100.06396347775102
100.06201596122213
100.06022385627101
100.05855279722948
100.0569750904254
100.05546712700838
100.0540074780096
100.05257529379237
100.05114872273936
100.04970306543437
100.04820829151691
100.0466253217795
100.04489999539977
100.0429526021571
100.04065851082558
100.03780975144079
100.03403253369453
100.02859280629431
100.01988487102453
100.0039119337084
99.96904236363426
99.87286071920693
99.66308414617042
99.5956837480202
99.58335554517747
99.5766203631204
99.57215117077729
99.5688329853661
99.56619785766587
99.56401264368245
99.56214612075345
99.56051747545555
99.55907343084777
99.55777696713078
99.55660127479476
99.55552628525598
99.55453656581827
99.55361998157682
99.55276681086704
99.55196914079674
99.55122044225371
99.55051526369913
99.54984900577222
99.54921775225269
99.5486181411705
99.54804726508188
99.54750259287299
99.54698190773883
99.54648325743926
99.54600491403872
99.54554534099992
99.54510316611369
99.54467715900887
99.54426621239061
99.54386932625391
99.54348559454982
99.54311419383113
99.54275437355578
99.54240544776862
99.54206678791486
99.54173781661804
99.54141800226579
99.54110685429099
99.54080391903553
99.54050877610175
99.54022103514778
99.53994033304548
99.53966633135904
99.53939871409798
99.5391371857136
99.53888146930585
99.53863130500676
99.53838644853282
99.53814666987469
99.53791175210864
99.5376814903221
99.53745569062214
99.53723416925224
99.5370167517611
99.53680327224593
99.53659357265492
99.53638750213935
99.5361849164422
99.53598567733756
99.53578965209786
99.53559671297442
99.53540673672059
99.53521960413215
99.53503519957259
99.53485341053404
99.5346741272024
99.53449724199139
99.53432264910134
99.53415024404137
99.53397992314244
99.53381158302973
99.53364512006989
99.53348042975553
99.53331740603402
99.53315594056085
99.53299592184308
99.5328372342783
99.53267975702612
99.53252336271866
99.532367915912
99.53221327126407
99.53205927135602
99.53190574403911
99.53175249921931
99.53159932488214
99.53144598216507
99.5312921991836
99.53113766319768
99.53098201061535
99.53082481403591
99.53066556530729
99.53050365304513
99.53033833241123
99.53016868383322
99.5299935556773
99.52981148309527
99.52962057069792
99.52941831889073
99.5292013597392
99.52896504260876
99.52870276043785
99.52840480718294
99.52805634086867
99.5276335255723
99.52709565751422
99.52636749958292
99.52529441495332
99.5235073112367
99.51990187015966
99.50967949631612
99.46127562094209
99.04094175129568
99.03677035452142
99.03503298336756
99.03404354203109
99.03336362801575
99.03283311160145
99.03238565093348
99.03199107130317
99.03163404245635
99.03130573057233
99.0310004154836
99.03071404765056
99.03044358146572
99.03018663376342
99.02994128863487
99.0297059745229
99.02947938081576
99.02926039824251
99.02904807470856
99.02884158172405
99.0286401883377
99.0284432405499
99.02825014473704
99.02806035401595
99.02787335679935
99.02768866687177
99.02750581454066
99.02732433843698
99.02714377760014
99.02696366351526
99.02678351176645
99.02660281293204
99.02642102228272
99.02623754781922
99.02605173590901
99.02586285374392
99.02567006741711
99.02547241403423
99.02526876561673
99.02505778165141
99.02483784553563
99.02460697805616
99.02436271731332
99.02410194862067
99.02382065801699
99.0235135659414
99.02317356683047
99.0227908429432
99.02235140805264
99.02183460293107
99.02120854755631
99.02042131698055
99.01938234499049
99.01791885902809
99.01565846232135
99.01164506291337
99.0026811063288
98.9731628430847
98.72696008195956
98.54436636676705
98.53737203082935
98.53480395714017
98.53330814430618
98.53229929759149
98.53155435800349
98.5309670038391
98.53047988397783
98.5300596113522
98.529685748986
98.52934532196393
98.52902983453207
98.52873355162308
98.52845247155545
98.52818369753578
98.52792504675557
98.52767480365736
98.527431561381
98.52719411737286
98.52696140214731
98.52673242808588
98.52650624989265
98.52628193112982
98.52605851270987
98.52583498000523
98.52561022518529
98.52538300086576
98.52515185972868
98.5249150723994
98.52467051155801
98.52441548281651
98.5241464696572
98.5238587350012
98.52354567430976
98.52319771763139
98.52280036656451
98.52233045783368
98.52174848167498
98.52098117149725
98.51987667277074
98.51806713097788
98.51442729762417
98.50398108541394
98.46668475968804
98.05733351822093
98.0397066937908
98.03668918174168
98.03455458681333
98.03299114829822
98.03178336825835
98.03080751171252
98.02999011664544
98.02928504638687
98.02866178497275
98.02809921170223
98.02758209952351
98.02709903802918
98.02664113951965
98.02620119367923
98.02577308668766
98.0253513775165
98.02493096476373
98.02450679860675
98.02407360246923
98.02362557141801
98.02315600978052
98.0226568577762
98.0221180319257
98.02152645732362
98.02086458300657
98.02010800422694
98.01922147827617
98.01815190266905
98.01681519132595
98.01506996641133
98.01266014201369
98.00907590164188
98.0031725478752
97.99198236475709
97.96699313597365
97.90665861958372
97.75272456237873
97.60563169251462
97.53622300306829
97.5312227414052
97.09135734200687
96.94994776807786
96.78715194627947
96.65965915005869
96.61740526154895
96.60074874637479
96.59059422997325
96.58307273583264
96.57652507403301
96.5686631600609
96.545733675636
96.44096606315937
96.16988211900465
96.08371082477225
96.07648667617605
96.07153251662884
96.06770945360056
96.06457572358545
96.06189480883631
96.059518798618
96.057341258115
96.05527054831141
96.05320630447407
96.05100313014302
96.04838383878428
96.04465988605172
96.03755715826217
96.02343455543374
96.62614633665721
100.48484470673174
109.6574317518225
122.16169185500003
163.54404946044014
258.16201637537574
190.02399832958187
155.0456063046109
275.2375180314647
240.89524827251293
184.59161205062708
216.78738093067315
179.90402245119546
240.28160460936522
263.47029501335635
277.53868318044846
255.10694746838405
197.66027422102695
260.10493954682016
219.69360797616082
241.4794093422459
197.26952736934518
187.95023070237244
142.32135941622641
151.87201368496386
153.62488643699666
151.5510974896155
114.89748802115955
116.8309727657727
139.17821313636728
120.71796395713277
114.25847173015777
99.91902844577949
97.49485986889258
109.60907433447628
106.58917735396564
106.22823195220347
95.61553642311257
90.80186592737962
88.7776033955914
87.90329763997434
88.08117857173741
87.65026837689439
87.61835392013879
87.60402448218738
87.59348298347489
87.58345485617963
87.56667370488681
87.84164591637597
87.31416699023045
87.09894050867727
87.08505593753299
87.07726610548735
87.07101055918031
87.06502786577948
87.05756927318566
87.04175691400881
86.96291024670387
86.64969699302011
86.59102462926474
86.57469757197812
86.56877905010138
86.56434692989075
86.56041366490906
86.55649916042267
86.55207083577136
86.54610619526746
86.53575244538581
86.50971215998985
86.41489771908816
85.85963241563242
85.6273059334791
85.52426199497431
85.11965420822362
84.59898772941092
84.57275270985205
84.56228886694359
84.53929655206652
84.3872034605378
84.13301729566581
84.07788747305551
84.07174251221511
84.06750139376815
84.06422593011467
84.06154699276391
84.05927669962965
84.05730519514115
84.05556227470095
84.05400016872439
84.05258480702805
84.05129097845597
84.05009946405228
84.04899524736942
84.04796634826317
84.04700303518794
84.04609727652378
84.0452423479553
84.04443254458583
84.04366296494759
84.04292934529806
84.04222792939092
84.04155536339917
84.0409086083232
84.04028486395953
84.03968149941403
The correct rate for BP: 96.96% 
