   5.1415580e+03
   2.6453295e+03
   2.1328711e+03
   1.8410779e+03
   1.5903180e+03
   1.4229225e+03
   1.3535676e+03
   1.2270786e+03
   1.1594540e+03
   1.0833514e+03
   9.9420050e+02
   9.6795684e+02
   9.1081632e+02
   8.8843163e+02
   8.1918803e+02
   7.6765868e+02
   7.1994725e+02
   6.8665864e+02
   6.3866767e+02
   6.3180261e+02
   5.7237668e+02
   6.1799163e+02
   5.9347012e+02
   5.4788612e+02
   5.4545586e+02
   5.2651139e+02
   4.4748947e+02
   4.5572297e+02
   4.2152133e+02
   4.4220383e+02
   4.0944081e+02
   3.5668324e+02
   3.6674302e+02
   3.8197703e+02
   3.8369564e+02
   3.7221951e+02
   3.4057531e+02
   3.0548047e+02
   3.1106762e+02
   3.1054876e+02
   3.3699472e+02
   2.8854806e+02
   2.7621239e+02
   2.5484940e+02
   2.3640223e+02
   2.6295496e+02
   2.3248540e+02
   2.7315215e+02
   2.1940655e+02
   2.5425851e+02
   2.2255547e+02
   2.4898876e+02
   2.2997728e+02
   1.8819424e+02
   2.0742512e+02
   1.9071773e+02
   1.8833881e+02
   1.7192012e+02
   1.5629341e+02
   1.4580854e+02
   1.7540658e+02
   1.5112123e+02
   1.4872329e+02
   1.4858264e+02
   1.4635514e+02
   1.3976274e+02
   1.2339096e+02
   1.1613142e+02
   1.1415391e+02
   1.1049808e+02
   1.0809892e+02
   1.0717809e+02
   1.0576656e+02
   1.0471594e+02
   1.0381824e+02
   1.0356556e+02
   1.0283418e+02
   1.0299569e+02
   1.0196642e+02
   1.0181072e+02
   1.0153973e+02
   1.0097504e+02
   1.0034587e+02
   9.9751467e+01
   9.9643597e+01
   9.9394778e+01
   9.9243170e+01
   9.9207316e+01
   9.9174581e+01
   9.9110971e+01
   9.8843112e+01
   9.8539920e+01
   9.8261221e+01
   9.8216697e+01
   9.8196687e+01
   9.8180351e+01
   9.8165000e+01
   9.8148080e+01
   9.8124171e+01
   9.8071728e+01
