1.5831657152548593
1.193599219829687
0.013610759399525475
0.006445799051853543
0.004909321678596094
0.004090942280927181
0.0035396330694262073
0.0031296311174481657
0.0028081289991265124
0.0025474938614081684
0.00233121150318184
0.0021485370976770664
0.0019920650605336054
0.0018564758069328534
0.0017378268873250427
0.0016331235826450507
0.0015400448761793135
0.0014567613256605914
0.0013818100075160078
0.0013140063206915765
0.0012523803731398614
0.001196130209314749
0.0011445868415376043
0.0010971877195103256
0.0010534563370066012
0.0010129863709925934
9.754292141218586E-4
9.404840793278214E-4
9.078900759607146E-4
8.774198126819937E-4
8.488741938425467E-4
8.220781569515878E-4
7.968771582097044E-4
7.731342571351236E-4
7.507276843388433E-4
7.295488014961308E-4
7.095003816406762E-4
6.90495152590758E-4
6.724545577051972E-4
6.553076970621433E-4
6.389904191500903E-4
6.234445386977495E-4
6.086171606789204E-4
5.94460094059727E-4
5.809293416990885E-4
5.679846551148693E-4
5.555891446999701E-4
5.437089375026046E-4
5.323128759404976E-4
5.213722518539509E-4
5.108605711597069E-4
5.007533450792858E-4
4.91027904509553E-4
4.816632346003732E-4
4.7263982702170834E-4
4.6393954775459403E-4
4.555455185379564E-4
4.474420103555065E-4
4.3961434756176757E-4
4.3204882142928346E-4
4.247326120557606E-4
4.176537177042213E-4
4.1080089076473504E-4
4.041635796259807E-4
3.9773187583075353E-4
3.9149646596432737E-4
3.854485877889551E-4
3.7957999019438374E-4
3.738828965831038E-4
3.6834997135201853E-4
3.629742891697104E-4
3.5774930678146035E-4
3.5266883710292077E-4
3.477270253889928E-4
3.429183272867838E-4
3.382374886013888E-4
3.336795266207761E-4
3.2923971286157863E-4
3.249135571114948E-4
3.206967926561439E-4
3.1658536258923206E-4
3.1257540711462104E-4
3.0866325175756514E-4
3.048453964101939E-4
3.0111850514325986E-4
2.9747939672246447E-4
2.939250357731994E-4
2.90452524542696E-4
2.8705909521302035E-4
2.8374210272249156E-4
2.8049901805679865E-4
2.773274219743446E-4
2.742249991335193E-4
2.7118953259214646E-4
2.682188986519579E-4
2.653110620231363E-4
2.624640712860443E-4
2.596760546290232E-4
2.569452158429577E-4
2.54269830554701E-4
2.5164824268303874E-4
2.490788611018751E-4
2.465601564968123E-4
2.440906584020898E-4
2.416689524059974E-4
2.3929367751368287E-4
2.3696352365713634E-4
2.346772293428724E-4
2.3243357942850874E-4
2.3023140302012081E-4
2.2806957148273913E-4
2.2594699655703398E-4
2.2386262857559697E-4
2.218154547727363E-4
2.1980449768215472E-4
2.1782881361720978E-4
2.158874912288427E-4
2.1397965013661408E-4
2.121044396285051E-4
2.1026103742561133E-4
2.084486485078176E-4
2.0666650399716146E-4
2.049138600954537E-4
2.0318999707322398E-4
2.014942183070442E-4
1.9982584936261861E-4
1.981842371210751E-4
1.965687489461435E-4
1.9497877188998607E-4
1.9341371193561208E-4
1.9187299327394283E-4
1.903560576136536E-4
1.8886236352215702E-4
1.8739138579598337E-4
1.8594261485915779E-4
1.8451555618807406E-4
1.831097297615096E-4
1.8172466953454404E-4
1.803599229351735E-4
1.7901505038244632E-4
1.7768962482511943E-4
1.763832312997727E-4
1.7509546650748133E-4
1.7382593840807353E-4
1.7257426583121592E-4
1.71340078103438E-4
1.7012301469040267E-4
1.689227248536583E-4
1.677388673212257E-4
1.6657110997134628E-4
1.654191295288125E-4
1.6428261127326922E-4
1.6316124875897435E-4
1.6205474354546157E-4
1.6096280493864805E-4
1.5988514974191008E-4
1.5882150201662772E-4
1.5777159285191452E-4
1.5673516014294244E-4
1.5571194837766752E-4
1.547017084314629E-4
1.537041973693753E-4
1.527191782556691E-4
1.5174641997035991E-4
1.5078569703238902E-4
1.4983678942922602E-4
1.488994824525944E-4
1.4797356654007747E-4
1.4705883712232376E-4
1.461550944756937E-4
1.4526214358005852E-4
1.443797939815723E-4
1.4350785966020846E-4
1.426461589018804E-4
1.4179451417493878E-4
1.4095275201090254E-4
1.4012070288922288E-4
1.3929820112594808E-4
1.3848508476613306E-4
1.376811954798325E-4
1.3688637846153725E-4
1.3610048233296277E-4
1.3532335904901032E-4
1.345548638067985E-4
1.3379485495766512E-4
1.3304319392199682E-4
1.322997451068258E-4
1.3156437582601804E-4
1.3083695622305381E-4
1.3011735919620906E-4
1.2940546032610853E-4
1.287011378055624E-4
1.2800427237156218E-4
1.2731474723940976E-4
1.2663244803886255E-4
1.2595726275224534E-4
1.2528908165445422E-4
1.2462779725477637E-4
1.2397330424047725E-4
1.233254994220728E-4
1.2268428168025434E-4
1.2204955191439057E-4
1.2142121299254128E-4
1.2079916970297648E-4
1.2018332870707901E-4
1.195735984936559E-4
1.1896988933457151E-4
1.1837211324164642E-4
1.1778018392481879E-4
1.1719401675149515E-4
1.1661352870706346E-4
1.1603863835651937E-4
1.1546926580719628E-4
1.1490533267252161E-4
1.1434676203680347E-4
1.1379347842098385E-4
1.1324540774936797E-4
1.1270247731723818E-4
1.1216461575938972E-4
1.1163175301950766E-4
1.1110382032038242E-4
1.1058075013494253E-4
1.1006247615805456E-4
1.0954893327909366E-4
1.0904005755524566E-4
1.085357861855121E-4
1.0803605748542203E-4
1.0754081086238405E-4
1.0704998679172444E-4
1.0656352679331753E-4
1.0608137340884406E-4
1.0560347017964115E-4
1.0512976162511382E-4
1.046601932217088E-4
1.0419471138243347E-4
1.0373326343688104E-4
1.0327579761178457E-4
1.0282226301204054E-4
1.0237260960223335E-4
1.0192678818860253E-4
1.0148475040148426E-4
1.0104644867816066E-4
1.0061183624616596E-4
1.0018086710697595E-4
9.975349602012339E-5
The correct rate for BP: 100.00% 
