2.740218739669128
2.4974381987474525
2.4967683544864454
2.4956581778863884
2.49350284434954
2.4878013741798584
2.4496167628847134
0.7974175673171321
1.4329748647772595
0.012503556163871695
0.002374617998149777
0.0018651346268783282
0.0015956490197056067
0.0014157358042167533
0.0012820115241068168
0.0011761770844597103
0.0010890266156372988
0.0010153188282508376
9.517822217751658E-4
8.962273556210568E-4
8.471086081820147E-4
8.032888964091541E-4
7.639042562847564E-4
7.282812156274125E-4
6.958838391926921E-4
6.662783549419881E-4
6.391086837337547E-4
6.140790035734521E-4
5.909410103178901E-4
5.694844081931195E-4
5.495296793655493E-4
5.309224980621141E-4
5.135293547878148E-4
4.97234086340422E-4
4.819350941565342E-4
4.67543092779762E-4
4.5397927150666E-4
4.4117378152923065E-4
4.290644819882713E-4
4.1759589378513996E-4
4.067183214432E-4
3.963871118989492E-4
3.8656202562064543E-4
3.77206700449092E-4
3.682881924215732E-4
3.597765808572864E-4
3.516446273561376E-4
3.438674802435325E-4
3.364224174944679E-4
3.2928862237499053E-4
3.2244698701230803E-4
3.1587993989540025E-4
3.095712939533141E-4
3.0350611238816365E-4
2.9767058987652175E-4
2.920519471144108E-4
2.8663833698212474E-4
2.81418760855991E-4
2.763829938048758E-4
2.7152151758617416E-4
2.668254605056314E-4
2.622865433318168E-4
2.578970305638099E-4
2.536496864421593E-4
2.4953773517174E-4
2.455548248921949E-4
2.416949949893804E-4
2.379526463911349E-4
2.3432251453350835E-4
2.3079964472099153E-4
2.27379369636465E-4
2.2405728878480775E-4
2.208292496786332E-4
2.17691330595956E-4
2.1463982475843606E-4
2.116712257953421E-4
2.0878221437272272E-4
2.059696458801308E-4
2.0323053907845984E-4
2.005620656223609E-4
1.9796154037954165E-4
1.9542641247705523E-4
1.92954257011548E-4
1.9054276736674744E-4
1.8818974808678394E-4
1.8589310825900546E-4
1.8365085536419307E-4
1.814610895561333E-4
1.7932199833591307E-4
1.7723185158947702E-4
1.7518899695989358E-4
1.731918555282123E-4
1.712389177792007E-4
1.6932873983020486E-4
1.674599399033715E-4
1.6563119502306547E-4
1.6384123792184075E-4
1.6208885413986277E-4
1.6037287930364226E-4
1.5869219657145572E-4
1.5704573423350364E-4
1.5543246345606454E-4
1.5385139615962386E-4
1.5230158302180082E-4
1.507821115965669E-4
1.4929210454194797E-4
1.4783071794897281E-4
1.46397139765173E-4
1.4499058830645114E-4
1.436103108516083E-4
1.422555823141888E-4
1.4092570398675327E-4
1.396200023530031E-4
1.383378279635006E-4
1.3707855437108008E-4
1.3584157712223804E-4
1.3462631280115872E-4
1.3343219812313233E-4
1.3225868907445617E-4
1.311052600960613E-4
1.2997140330825373E-4
1.2885662777422583E-4
1.277604588000627E-4
1.2668243726915378E-4
1.2562211900905935E-4
1.245790741890033E-4
1.2355288674626653E-4
1.2254315383988812E-4
1.2154948533015032E-4
1.2057150328247717E-4
1.1960884149437026E-4
1.1866114504418797E-4
1.1772806986056793E-4
1.1680928231142403E-4
1.1590445881147611E-4
1.1501328544732785E-4
1.1413545761923552E-4
1.1327067969863965E-4
1.1241866470071027E-4
1.1157913397111615E-4
1.1075181688631224E-4
1.0993645056667553E-4
1.0913277960181847E-4
1.083405557875317E-4
1.0755953787375335E-4
1.0678949132302595E-4
1.060301880789582E-4
1.0528140634418796E-4
1.0454293036742228E-4
1.0381455023908375E-4
1.0309606169520686E-4
1.0238726592917009E-4
1.0168796941089415E-4
1.0099798371319709E-4
1.0031712534493842E-4
9.964521559067984E-5
The correct rate for BP: 100.00% 
