2.637860354747218
1.4687751624707457
1.897429347935067
1.018469353128786
0.08426540703561963
0.006184070199690328
0.004713220966785754
0.00402938314931807
0.0035697624479877326
0.0032179057793261193
0.002932871111073007
0.002694996409237409
0.002492712776927965
0.002318333846516261
0.0021663776821174595
0.0020327616164189082
0.0019143564702171281
0.00180871337764467
0.0017138844302109241
0.0016282992449602907
0.001550677142831606
0.0014799630931744488
0.0014152800725202247
0.0013558930582394677
0.0013011814406718187
0.0012506176305960477
0.0012037502923244376
0.0011601910743431892
0.0011196040145119652
0.001081697011461348
0.0010462149071749376
0.0010129338368045579
9.816565831837951E-4
9.522087338451577E-4
9.244354835172775E-4
8.981989592065457E-4
8.733759709760421E-4
8.498561115138699E-4
8.275401430475487E-4
8.063386222156289E-4
7.861707229678199E-4
7.669632250357243E-4
7.486496414517567E-4
7.311694633366677E-4
7.144675039862731E-4
6.984933273649597E-4
6.832007486106117E-4
6.685473961916866E-4
6.54494327024781E-4
6.410056872327872E-4
6.280484123568604E-4
6.155919617750397E-4
6.03608082862457E-4
5.920706010816621E-4
5.80955232739344E-4
5.702394176067077E-4
5.599021689896879E-4
5.499239391644985E-4
5.402864983736345E-4
5.309728258157188E-4
5.219670112657501E-4
5.132541661366984E-4
5.048203429428172E-4
4.96652462253823E-4
4.887382463401144E-4
4.8106615880530706E-4
4.73625349585698E-4
4.6640560476849297E-4
4.5939730074385734E-4
4.525913622605356E-4
4.459792240031874E-4
4.3955279535146764E-4
4.33304428017855E-4
4.2722688629389754E-4
4.2131331966297283E-4
4.1555723756309755E-4
4.0995248610550486E-4
4.044932265746873E-4
3.9917391555288314E-4
3.9398928652784987E-4
3.8893433285637773E-4
3.8400429196856626E-4
3.791946307087182E-4
3.7450103171871E-4
3.6991938077840904E-4
3.6544575502568357E-4
3.610764119855031E-4
3.5680777934420256E-4
3.5263644541051373E-4
3.4855915021018177E-4
3.445727771657375E-4
3.406743453169891E-4
3.368610020418266E-4
3.331300162401569E-4
3.2947877194700883E-4
3.2590476234364786E-4
3.224055841381008E-4
3.18978932288779E-4
3.1562259504705405E-4
3.1233444929651806E-4
3.091124561684485E-4
3.0595465691462376E-4
3.0285916901998604E-4
2.998241825391047E-4
2.9684795664159465E-4
2.9392881635265496E-4
2.91065149476074E-4
2.882554036878789E-4
2.854980837896902E-4
2.827917491116751E-4
2.801350110556598E-4
2.7752653076969024E-4
2.749650169459019E-4
2.724492237341474E-4
2.6997794876434434E-4
2.675500312710461E-4
2.651643503140429E-4
2.628198230893949E-4
2.605154033255351E-4
2.582500797595317E-4
2.5602287468882295E-4
2.5383284259415743E-4
2.5167906882967925E-4
2.495606683763512E-4
2.47476784655194E-4
2.454265883970386E-4
2.4340927656562672E-4
2.4142407133123818E-4
2.3947021909198905E-4
2.3754698954034847E-4
2.356536747723912E-4
2.3378958843753807E-4
2.319540649266751E-4
2.3014645859662327E-4
2.2836614302909397E-4
2.266125103223406E-4
2.2488497041384716E-4
2.2318295043249385E-4
2.2150589407867764E-4
2.1985326103104161E-4
2.1822452637843454E-4
2.1661918007592594E-4
2.1503672642363285E-4
2.1347668356729312E-4
2.1193858301953413E-4
2.1042196920080771E-4
2.0892639899909286E-4
2.0745144134748887E-4
2.059966768187962E-4
2.045616972363714E-4
2.0314610530043072E-4
2.0174951422914595E-4
2.0037154741383358E-4
1.9901183808757305E-4
1.9767002900670345E-4
1.9634577214456246E-4
1.9503872839695598E-4
1.9374856729883195E-4
1.9247496675166544E-4
1.9121761276107385E-4
1.8997619918423737E-4
1.8875042748668026E-4
1.875400065080313E-4
1.8634465223636576E-4
1.8516408759076562E-4
1.8399804221175188E-4
1.8284625225928E-4
1.8170846021793146E-4
1.805844147090753E-4
1.794738703096246E-4
1.783765873772231E-4
1.7729233188149436E-4
1.7622087524118876E-4
1.7516199416692723E-4
1.7411547050939135E-4
1.7308109111266503E-4
1.720586476725663E-4
1.7104793659978614E-4
1.700487588875999E-4
1.6906091998401753E-4
1.6808422966817173E-4
1.6711850193080362E-4
1.6616355485866082E-4
1.6521921052269165E-4
1.6428529486986305E-4
1.6336163761848107E-4
1.62448072156887E-4
1.615444354453874E-4
1.6065056792130647E-4
1.597663134070414E-4
1.588915190210333E-4
1.5802603509150665E-4
1.571697150729045E-4
1.5632241546492708E-4
1.554839957340589E-4
1.5465431823749124E-4
1.5383324814941175E-4
1.5302065338948878E-4
1.5221640455353585E-4
1.5142037484627756E-4
1.5063244001611034E-4
1.4985247829180722E-4
1.490803703211152E-4
1.4831599911114776E-4
1.4755924997053693E-4
1.468100104532716E-4
1.4606817030417908E-4
1.4533362140596988E-4
1.4460625772781276E-4
1.4388597527539672E-4
1.4317267204240301E-4
1.4246624796335444E-4
1.4176660486781503E-4
1.4107364643585723E-4
1.4038727815479389E-4
1.397074072771068E-4
1.390339427795383E-4
1.3836679532332994E-4
1.377058772155375E-4
1.3705110237141824E-4
1.364023862778266E-4
1.3575964595762333E-4
1.3512279993502707E-4
1.344917682019185E-4
1.3386647218502308E-4
1.332468347139792E-4
1.326327799902688E-4
1.3202423355693883E-4
1.314211222691344E-4
1.308233742654253E-4
1.302309189398331E-4
1.2964368691461783E-4
1.2906161001377886E-4
1.2848462123719347E-4
1.2791265473546495E-4
1.273456457853876E-4
1.267835307660306E-4
1.2622624713546084E-4
1.256737334080053E-4
1.251259291321262E-4
1.2458277486881864E-4
1.2404421217056938E-4
1.2351018356082758E-4
1.2298063251397E-4
1.2245550343578483E-4
1.2193474164441217E-4
1.2141829335175978E-4
1.2090610564537356E-4
1.2039812647072637E-4
1.1989430461397266E-4
1.1939458968506686E-4
1.1889893210133074E-4
1.1840728307138195E-4
1.1791959457947167E-4
1.1743581937015754E-4
1.1695591093336473E-4
1.1647982348979286E-4
1.1600751197665544E-4
1.1553893203375216E-4
1.1507403998987776E-4
1.146127928495275E-4
1.141551482799138E-4
1.1370106459829041E-4
1.1325050075955142E-4
1.1280341634412297E-4
1.1235977154612327E-4
1.1191952716179163E-4
1.1148264457818064E-4
1.1104908576210388E-4
1.1061881324931176E-4
1.1019179013393522E-4
1.09767980058152E-4
1.093473472020663E-4
1.0892985627384321E-4
1.0851547250002476E-4
1.0810416161608357E-4
1.0769588985716471E-4
1.0729062394904559E-4
1.068883310992737E-4
1.0648897898850833E-4
1.0609253576203829E-4
1.0569897002148793E-4
1.0530825081670127E-4
1.0492034763778846E-4
1.0453523040734865E-4
1.0415286947286009E-4
1.0377323559922127E-4
1.0339629996145093E-4
1.0302203413753964E-4
1.0265041010146566E-4
1.0228140021631996E-4
1.019149772276188E-4
1.0155111425671209E-4
1.0118978479435524E-4
1.0083096269439907E-4
1.004746221676104E-4
1.0012073777562667E-4
9.976928442501605E-5
The correct rate for BP: 100.00% 
