2.4306960851861352
0.1952132866692551
0.033518476477459064
0.0035527780368044657
0.0030182424885387108
0.0026317019108332107
0.0023315782367903724
0.002092020063105416
0.0018964910977549649
0.0017339329188989859
0.0015966865207378363
0.0014792866256520866
0.0013777319408650086
0.0012890271396551651
0.0012108860588567394
0.0011415338529492639
0.001079571759996654
0.0010238825746821797
9.735632405698739E-4
9.278759102840392E-4
8.862118338422653E-4
8.480643190158732E-4
8.130082128993401E-4
7.806841413460654E-4
7.507862673164711E-4
7.230526845435719E-4
6.972578076421927E-4
6.732062908398202E-4
6.507281287191659E-4
6.296746793586344E-4
6.099154134386344E-4
5.913352392771937E-4
5.738322881798801E-4
5.573160702744075E-4
5.417059304912537E-4
5.26929749210625E-4
5.129228435143616E-4
4.996270338222756E-4
4.86989847586413E-4
4.749638371287292E-4
4.6350599298369745E-4
4.525772375061293E-4
4.421419862213207E-4
4.3216776657884875E-4
4.226248855358226E-4
4.134861388282418E-4
4.0472655595821707E-4
3.96323175882796E-4
3.8825484917868076E-4
3.8050206310896094E-4
3.7304678655867565E-4
3.658723322565556E-4
3.5896323407691845E-4
3.5230513753142177E-4
3.4588470182657225E-4
3.396895120872026E-4
3.337080005365574E-4
3.279293755851483E-4
3.223435579183201E-4
3.169411227901975E-4
3.117132478325227E-4
3.0665166577344057E-4
3.01748621536124E-4
2.969968332512533E-4
2.9238945677346947E-4
2.8792005333990893E-4
2.835825600512707E-4
2.79371262892304E-4
2.752807720406364E-4
2.7130599924082334E-4
2.674421370450302E-4
2.6368463974322495E-4
2.6002920582472646E-4
2.564717618296854E-4
2.5300844746372085E-4
2.4963560186202E-4
2.463497509007704E-4
2.4314759546395035E-4
2.400260005827264E-4
2.369819853726607E-4
2.340127137013312E-4
2.3111548552519042E-4
2.2828772884048355E-4
2.2552699219800573E-4
2.2283093773623307E-4
2.201973346914579E-4
2.1762405334723164E-4
2.1510905938894247E-4
2.1265040863214325E-4
2.1024624209619027E-4
2.078947813970675E-4
2.0559432443554768E-4
2.0334324135888593E-4
2.0113997077600063E-4
1.9898301620780147E-4
1.9687094275580648E-4
1.9480237397356644E-4
1.9277598892664168E-4
1.907905194280151E-4
1.8884474743689062E-4
1.8693750260966746E-4
1.850676599928955E-4
1.832341378486369E-4
1.814358956035141E-4
1.79671931913278E-4
1.7794128283542534E-4
1.7624302010286287E-4
1.7457624949218932E-4
1.7294010928059164E-4
1.7133376878580788E-4
1.6975642698398663E-4
1.6820731120063123E-4
1.666856758701821E-4
1.6519080136006377E-4
1.637219928553514E-4
1.6227857930039424E-4
1.6085991239409272E-4
1.5946536563564737E-4
1.580943334178713E-4
1.567462301653034E-4
1.5542048951457766E-4
1.5411656353466987E-4
1.5283392198473227E-4
1.5157205160747157E-4
1.503304554560674E-4
1.4910865225282058E-4
1.4790617577774772E-4
1.4672257428558603E-4
1.4555740994960968E-4
1.444102583308543E-4
1.4328070787143153E-4
1.4216835941063659E-4
1.4107282572267573E-4
1.399937310748933E-4
1.3893071080545833E-4
1.3788341091949615E-4
1.3685148770275338E-4
1.3583460735191538E-4
1.3483244562071626E-4
1.3384468748111516E-4
1.328710267987269E-4
1.319111660218798E-4
1.3096481588360353E-4
1.300316951159135E-4
1.2911153017584241E-4
1.2820405498262675E-4
1.273090106655348E-4
1.2642614532183617E-4
1.2555521378446164E-4
1.2469597739883957E-4
1.2384820380858744E-4
1.2301166674955354E-4
1.221861458518965E-4
1.2137142644982802E-4
1.2056729939864651E-4
1.1977356089876612E-4
1.1899001232643128E-4
1.1821646007080716E-4
1.1745271537716854E-4
1.1669859419595004E-4
1.1595391703736604E-4
1.1521850883138183E-4
1.1449219879281873E-4
1.1377482029134623E-4
1.1306621072618107E-4
1.1236621140527939E-4
1.1167466742885985E-4
1.1099142757704238E-4
1.1031634420145646E-4
1.0964927312066033E-4
1.0899007351920248E-4
1.0833860785018252E-4
1.0769474174117914E-4
1.0705834390338551E-4
1.0642928604388237E-4
1.0580744278082637E-4
1.0519269156156122E-4
1.045849125834239E-4
1.0398398871722148E-4
1.0338980543323444E-4
1.0280225072965704E-4
1.0222121506340243E-4
1.0164659128313439E-4
1.0107827456451047E-4
1.0051616234747384E-4
9.99601542756003E-5
The correct rate for BP: 100.00% 
