2.2137487313890376
1.3295916019335279
0.18422177711912271
0.00526281306306081
0.0039161398510186955
0.0032849258653909396
0.0028764288098348722
0.0025736692167943023
0.0023340326330234936
0.0021373162045199992
0.001972041627842348
0.0018308663559728259
0.001708723241022615
0.0016019375482152866
0.0015077516760562345
0.0014240437763283836
0.0013491491390714633
0.0012817408986534743
0.0012207472952257298
0.0011652926069559834
0.0011146540025988234
0.0010682294244250194
0.0010255132982675435
9.860779085047358E-4
9.49558942395867E-4
9.156441479542624E-4
8.840643469237534E-4
8.545862497446645E-4
8.270066637046745E-4
8.01147788487859E-4
7.768533678973941E-4
7.539855211650748E-4
7.32422117750265E-4
7.120545898447141E-4
6.927860997115687E-4
6.745299964559387E-4
6.572085102539594E-4
6.407516424695481E-4
6.250962182045264E-4
6.101850742030354E-4
5.959663600711972E-4
5.823929347813814E-4
5.694218436368889E-4
5.570138634515317E-4
5.451331057835038E-4
5.337466697567369E-4
5.228243373853108E-4
5.123383054505429E-4
5.022629489136051E-4
4.925746116185521E-4
4.8325142068174316E-4
4.742731214971667E-4
4.6562093073430633E-4
4.572774050796018E-4
4.4922632378851515E-4
4.4145258338151535E-4
4.339421030436702E-4
4.2668173947922014E-4
4.196592101364891E-4
4.128630238582998E-4
4.062824181331757E-4
3.999073022254849E-4
3.9372820555174477E-4
3.8773623074679446E-4
3.8192301093010594E-4
3.7628067074000834E-4
3.7080179075377976E-4
3.654793749551155E-4
3.603068209487392E-4
3.5527789265518255E-4
3.5038669524800105E-4
3.456276521214727E-4
3.409954836993461E-4
3.3648518791514663E-4
3.320920222122207E-4
3.2781148692716657E-4
3.2363930993418283E-4
3.195714324400446E-4
3.156039958303771E-4
3.1173332947749874E-4
3.079559394288216E-4
3.0426849790246465E-4
3.0066783352366715E-4
2.9715092224173625E-4
2.9371487887279777E-4
2.9035694921866956E-4
2.8707450271646943E-4
2.8386502557782947E-4
2.8072611438001313E-4
2.7765547007457656E-4
2.746508923822139E-4
2.7171027454499957E-4
2.6883159840977136E-4
2.6601292981847096E-4
2.6325241428334006E-4
2.6054827292665246E-4
2.578987986662522E-4
2.553023526297612E-4
2.5275736078155187E-4
2.502623107479864E-4
2.4781574882736E-4
2.454162771721945E-4
2.4306255113239485E-4
2.4075327674861742E-4
2.3848720838609065E-4
2.3626314649970878E-4
2.3407993552209213E-4
2.319364618666529E-4
2.2983165203857196E-4
2.2776447084681063E-4
2.257339197110076E-4
2.2373903505738287E-4
2.2177888679824354E-4
2.198525768900742E-4
2.17959237965488E-4
2.160980320346876E-4
2.1426814925230324E-4
2.124688067458639E-4
2.1069924750228872E-4
2.0895873930908997E-4
2.0724657374716847E-4
2.0556206523231693E-4
2.039045501026614E-4
2.022733857495479E-4
2.0066794978941836E-4
1.9908763927449003E-4
1.9753186994012209E-4
1.9600007548683902E-4
1.9449170689527846E-4
1.9300623177219225E-4
1.9154313372594245E-4
1.9010191176994682E-4
1.8868207975259992E-4
1.87283165812328E-4
1.8590471185647996E-4
1.845462730628721E-4
1.8320741740281154E-4
1.8188772518455898E-4
1.8058678861619123E-4
1.793042113869246E-4
1.780396082659817E-4
1.7679260471817302E-4
1.7556283653535275E-4
1.7434994948302746E-4
1.731535989613542E-4
1.719734496798988E-4
1.7080917534545087E-4
1.69660458362338E-4
1.6852698954462545E-4
1.6740846783967948E-4
1.6630460006254345E-4
1.65215100640677E-4
1.6413969136855382E-4
1.6307810117169292E-4
1.6203006587970517E-4
1.6099532800794826E-4
1.599736365474198E-4
1.5896474676251016E-4
1.579684199963021E-4
1.569844234830738E-4
1.5601253016768484E-4
1.5505251853158768E-4
1.5410417242513256E-4
1.5316728090596595E-4
1.5224163808319238E-4
1.5132704296712404E-4
1.5042329932435996E-4
1.4953021553795265E-4
1.4864760447251218E-4
1.477752833439864E-4
1.4691307359396277E-4
1.4606080076831184E-4
1.452182943999647E-4
1.4438538789570527E-4
1.4356191842680214E-4
1.4274772682329668E-4
1.4194265747185573E-4
1.4114655821702244E-4
1.4035928026573545E-4
1.395806780949968E-4
1.3881060936255478E-4
1.3804893482052008E-4
1.3729551823175537E-4
1.3655022628898217E-4
1.3581292853646434E-4
1.350834972942113E-4
1.3436180758455478E-4
1.336477370610723E-4
1.329411659397329E-4
1.3224197693217978E-4
1.3155005518111177E-4
1.3086528819763755E-4
1.30187565800563E-4
1.2951678005755578E-4
1.2885282522806703E-4
1.2819559770801644E-4
1.2754499597611253E-4
1.2690092054180516E-4
1.2626327389478553E-4
1.2563196045597405E-4
1.250068865299769E-4
1.24387960258919E-4
1.237750915776439E-4
1.2316819217020433E-4
1.2256717542763292E-4
1.2197195640689903E-4
1.213824517910767E-4
1.2079857985063423E-4
1.2022026040582045E-4
1.1964741479011862E-4
1.190799658147399E-4
1.1851783773409569E-4
1.179609562122412E-4
1.1740924829025117E-4
1.1686264235449423E-4
1.1632106810578184E-4
1.1578445652936738E-4
1.152527398657523E-4
1.1472585158228758E-4
1.1420372634555948E-4
1.1368629999447842E-4
1.1317350951414051E-4
1.1266529301034264E-4
1.1216158968479477E-4
1.1166233981097827E-4
1.1116748471065195E-4
1.1067696673096512E-4
1.1019072922215407E-4
1.0970871651584544E-4
1.0923087390390101E-4
1.0875714761781188E-4
1.0828748480862729E-4
1.0782183352737592E-4
1.0736014270601502E-4
1.0690236213883704E-4
1.0644844246435238E-4
1.0599833514762754E-4
1.0555199246307592E-4
1.051093674776466E-4
1.0467041403446281E-4
1.0423508673685226E-4
1.0380334093275506E-4
1.0337513269954443E-4
1.0295041882918274E-4
1.0252915681376876E-4
1.0211130483141285E-4
1.0169682173245974E-4
1.0128566702605313E-4
1.0087780086699798E-4
1.0047318404295713E-4
1.000717779619389E-4
9.967354464008476E-5
The correct rate for BP: 100.00% 
