1.6074586609664496
0.4579934757186265
0.009591044375659547
0.002201784093587039
0.0017973413806065498
0.0015810453307025085
0.0014371035740605984
0.0013298889407825608
0.0012442720374069521
0.0011727493173982139
0.0011111682185458674
0.001057026450549903
0.0010087077654051064
9.651060972729546E-4
9.254270396249471E-4
8.890765974095095E-4
8.55595590923448E-4
8.246192001188864E-4
7.958509873105478E-4
7.69045596733542E-4
7.4399684500163E-4
7.205292733600499E-4
6.984919916573503E-4
6.777540827191803E-4
6.582010971251559E-4
6.397323283765881E-4
6.222586589374157E-4
6.057008322908754E-4
5.899880487108371E-4
5.750568110593943E-4
5.608499665511761E-4
5.473159041494892E-4
5.344078770280882E-4
5.220834266034528E-4
5.103038898414071E-4
4.990339754210311E-4
4.8824139727220546E-4
4.778965562499871E-4
4.679722624495624E-4
4.5844349202893675E-4
4.492871734844224E-4
4.404819991846192E-4
4.320082586609714E-4
4.2384769071448255E-4
4.1598335185686085E-4
4.083994989813309E-4
4.010814844701387E-4
3.940156622049609E-4
3.8718930316325754E-4
3.805905194655478E-4
3.742081958921146E-4
3.6803192801783E-4
3.6205196622429703E-4
3.56259164943067E-4
3.506449365644389E-4
3.452012095159385E-4
3.3992039007447593E-4
3.347953275279045E-4
3.2981928234660543E-4
3.249858970648697E-4
3.2028916960553667E-4
3.1572342881135184E-4
3.112833119723309E-4
3.0696374416115327E-4
3.0275991920879734E-4
2.9866728217018627E-4
2.946815131451624E-4
2.907985123339792E-4
2.8701438621860727E-4
2.8332543477204754E-4
2.797281396073891E-4
2.7621915298699516E-4
2.727952876198131E-4
2.694535071815633E-4
2.661909174988022E-4
2.630047583431238E-4
2.5989239578689307E-4
2.5685131507609715E-4
2.538791139800045E-4
2.5097349658077735E-4
2.4813226746952556E-4
2.453533263180361E-4
2.4263466279818047E-4
2.399743518232512E-4
2.373705490877099E-4
2.3482148688376927E-4
2.323254701749301E-4
2.2988087290830766E-4
2.2748613454893026E-4
2.251397568206444E-4
2.2284030063936616E-4
2.2058638322556667E-4
2.1837667538395308E-4
2.1620989893909683E-4
2.1408482431672747E-4
2.120002682611456E-4
2.0995509167984582E-4
2.0794819760726557E-4
2.0597852927993637E-4
2.0404506831609646E-4
2.0214683299316533E-4
2.002828766170089E-4
1.9845228597735495E-4
1.966541798840816E-4
1.948877077795253E-4
1.931520484222012E-4
1.914464086377009E-4
1.8977002213283955E-4
1.8812214836930936E-4
1.8650207149338395E-4
1.8490909931851357E-4
1.8334256235770638E-4
1.818018129029387E-4
1.8028622414892996E-4
1.7879518935879656E-4
1.7732812106932116E-4
1.7588445033358882E-4
1.7446362599902264E-4
1.7306511401887247E-4
1.7168839679538236E-4
1.7033297255291739E-4
1.6899835473953192E-4
1.6768407145539843E-4
1.6638966490680574E-4
1.651146908843031E-4
1.6385871826384672E-4
1.6262132852968325E-4
1.6140211531796763E-4
1.6020068397999625E-4
1.5901665116412812E-4
1.5784964441544676E-4
1.5669930179229113E-4
1.555652714988564E-4
1.5444721153305314E-4
1.5334478934891452E-4
1.5225768153282802E-4
1.5118557349300704E-4
1.501281591614607E-4
1.4908514070798503E-4
1.480562282655739E-4
1.4704113966669815E-4
1.4603960018999809E-4
1.4505134231688918E-4
1.440761054976301E-4
1.4311363592644139E-4
1.4216368632524973E-4
1.4122601573570993E-4
1.4030038931908147E-4
1.393865781636829E-4
1.3848435909952716E-4
1.375935145198735E-4
1.3671383220939672E-4
1.3584510517864308E-4
1.3498713150455723E-4
1.341397141768058E-4
1.3330266094964264E-4
1.324757841990968E-4
1.316589007852588E-4
1.3085183191944547E-4
1.300544030360675E-4
1.2926644366897488E-4
1.28487787332111E-4
1.2771827140433545E-4
1.2695773701816915E-4
1.262060289524022E-4
1.254629955283195E-4
1.2472848850948306E-4
1.2400236300484928E-4
1.2328447737518068E-4
1.2257469314253233E-4
1.2187287490278232E-4
1.2117889024099928E-4
1.2049260964962811E-4
1.1981390644932542E-4
1.1914265671234847E-4
1.1847873918845196E-4
1.1782203523312967E-4
1.1717242873816023E-4
1.1652980606437266E-4
1.1589405597650613E-4
1.15265069580141E-4
1.1464274026060313E-4
1.1402696362374023E-4
1.1341763743857545E-4
1.128146615816805E-4
1.1221793798329161E-4
1.1162737057504265E-4
1.1104286523928869E-4
1.1046432975998309E-4
1.0989167377497881E-4
1.0932480872981075E-4
1.087636478328074E-4
1.082081060115733E-4
1.0765809987069933E-4
1.0711354765077156E-4
1.0657436918852783E-4
1.0604048587818966E-4
1.0551182063392523E-4
1.0498829785336107E-4
1.0446984338215503E-4
1.0395638447958668E-4
1.0344784978510203E-4
1.0294416928581678E-4
1.0244527428492116E-4
1.0195109737098836E-4
1.0146157238810472E-4
1.0097663440686428E-4
1.0049621969612367E-4
1.0002026569556973E-4
9.954871098900841E-5
The correct rate for BP: 100.00% 
