1.6310533752865979
1.5998096683372893
1.1942778771667648
0.3114149074485483
0.06789326450636071
0.034515276649975876
0.024830763274074383
0.019353942671016304
0.0158139983733721
0.013340457714378074
0.011516555350617769
0.010117596154802858
0.009011664531524471
0.008116207085835924
0.007376927064545832
0.006756658325717249
0.006229112464375705
0.005775177459031113
0.005380630369151326
0.005034671633172923
0.0047289562215879185
0.004456935753804623
0.004213401126708203
0.003994157861206531
0.0037957913513186935
0.0036154942825794203
0.0034509378453088544
0.003300174319074401
0.0031615624725381945
0.003033709787416877
0.00291542724671332
0.002805693615846882
0.0027036269735592694
0.002608461834816074
0.002519530626978448
0.0024362485841450425
0.0023581013470196795
0.002284634720347755
0.0022154461630750715
0.0021501776792538004
0.002088509848380432
0.002030156788044683
0.001974861883650322
0.0019223941525669383
0.0018725451356165004
0.0018251262289446536
0.0017799663853113477
0.001736910126592042
0.0016958158195172364
0.0016565541749346264
0.0016190069375719538
0.0015830657387303712
0.001548631088799307
0.0015156114901494335
0.0014839226539857774
0.0014534868072490295
0.0014242320777378837
0.001396091947364915
0.0013690047649162133
0.0013429133109099417
0.0013177644081821768
0.0012935085727021718
0.0012700996998607612
0.0012474947821066091
0.0012256536543433887
0.0012045387639617832
0.0011841149627755964
0.0011643493184710838
0.0011452109434719417
0.001126670839375716
0.0011087017553369548
0.0010912780589628951
0.00107437561845349
0.001057971694861876
0.001042044843478183
0.001026574823449557
0.0010115425148468796
9.96929842473467E-4
9.827197057863907E-4
9.688959143668942E-4
9.554431284352436E-4
9.423468039567969E-4
9.295931419319912E-4
9.171690415037458E-4
9.050620565518567E-4
8.9326035547624E-4
8.817526838995984E-4
8.705283300458437E-4
8.595770925732446E-4
8.488892506623386E-4
8.384555361765085E-4
8.282671077300795E-4
8.183155265134983E-4
8.085927337384664E-4
7.990910295781507E-4
7.898030534883524E-4
7.807217658052656E-4
7.718404305246009E-4
7.631525991746069E-4
7.546520957030043E-4
7.463330023043714E-4
7.381896461205852E-4
7.302165867522977E-4
7.224086045245104E-4
7.147606894537129E-4
7.072680308683081E-4
6.999260076376122E-4
6.927301789684607E-4
6.856762757312623E-4
6.787601922804572E-4
6.719779787368284E-4
6.65325833701676E-4
6.588000973749E-4
6.523972450511873E-4
6.461138809703436E-4
6.399467324995755E-4
6.338926446269355E-4
6.279485747468269E-4
6.221115877196621E-4
6.163788511890046E-4
6.107476311407881E-4
6.052152876900781E-4
5.997792710820048E-4
5.944371178942009E-4
5.891864474291368E-4
5.840249582852772E-4
5.789504250969329E-4
5.739606954331275E-4
5.690536868466019E-4
5.642273840644893E-4
5.594798363128809E-4
5.548091547678591E-4
5.50213510126101E-4
5.456911302885911E-4
5.412402981513545E-4
5.368593494975005E-4
5.325466709851603E-4
5.283006982263882E-4
5.241199139521435E-4
5.200028462590062E-4
5.159480669333476E-4
5.119541898490366E-4
5.080198694349402E-4
5.041437992087127E-4
5.003247103735524E-4
4.965613704748034E-4
4.928525821134331E-4
4.891971817136464E-4
4.8559403834198155E-4
4.820420525753294E-4
4.785401554157053E-4
4.7508730724934154E-4
4.7168249684814516E-4
4.683247404114724E-4
4.65013080646373E-4
4.6174658588443083E-4
4.5852434923364903E-4
4.553454877636585E-4
4.5220914172278983E-4
4.4911447378556836E-4
4.4606066832921626E-4
4.4304693073796353E-4
4.400724867338001E-4
4.3713658173264054E-4
4.342384802246967E-4
4.313774651780273E-4
4.285528374642727E-4
4.2576391530561956E-4
4.230100337420599E-4
4.202905441181354E-4
4.1760481358828644E-4
4.149522246400467E-4
4.1233217463437294E-4
4.09744075362324E-4
4.071873526174771E-4
4.046614457834427E-4
4.0216580743576843E-4
3.9969990295778867E-4
3.972632101697271E-4
3.9485521897059816E-4
3.924754309923965E-4
3.90123359266027E-4
3.877985278985674E-4
3.8550047176142766E-4
3.832287361889127E-4
3.809828766868674E-4
3.7876245865096046E-4
3.7656705709424433E-4
3.743962563836755E-4
3.7224964998517826E-4
3.7012684021704516E-4
3.6802743801120895E-4
3.659510626822614E-4
3.6389734170376805E-4
3.618659104917611E-4
3.598564121950026E-4
3.5786849749188147E-4
3.5590182439365815E-4
3.5395605805381035E-4
3.5203087058330486E-4
3.5012594087152903E-4
3.482409544127369E-4
3.4637560313777817E-4
3.4452958525089586E-4
3.427026050715257E-4
3.4089437288076083E-4
3.391046047724773E-4
3.3733302250883355E-4
3.355793533800846E-4
3.338433300685096E-4
3.321246905163186E-4
3.3042317779742207E-4
3.2873853999293234E-4
3.2707053007025597E-4
3.254189057656457E-4
3.2378342947014306E-4
3.2216386811874555E-4
3.205599930827331E-4
3.189715800650352E-4
3.1739840899851115E-4
3.1584026394711434E-4
3.1429693300977674E-4
3.1276820822696497E-4
3.1125388548982453E-4
3.097537644518126E-4
3.082676484427335E-4
3.0679534438514123E-4
3.053366627129735E-4
3.038914172924229E-4
3.0245942534487606E-4
3.010405073719794E-4
2.996344870826437E-4
2.982411913220086E-4
2.968604500022974E-4
2.954920960354342E-4
2.941359652675066E-4
2.927918964148375E-4
2.9145973100182145E-4
2.9013931330026054E-4
2.88830490270349E-4
2.8753311150311693E-4
2.8624702916435653E-4
2.8497209793998206E-4
2.837081749827517E-4
2.8245511986035935E-4
2.8121279450479407E-4
2.799810631630045E-4
2.78759792348735E-4
2.77548850795633E-4
2.763481094114335E-4
2.7515744123332743E-4
2.7397672138438874E-4
2.7280582703108873E-4
2.716446373418183E-4
2.70493033446434E-4
2.693508983967546E-4
2.682181171280434E-4
2.6709457642137087E-4
2.659801648668991E-4
2.64874772828023E-4
2.63778292406371E-4
2.6269061740761895E-4
2.616116433081107E-4
2.6054126722226226E-4
2.5947938787070286E-4
2.584259055491924E-4
2.5738072209822196E-4
2.5634374087331584E-4
2.553148667160561E-4
2.5429400592570005E-4
2.532810662315076E-4
2.522759567656541E-4
2.512785880367683E-4
2.5028887190407096E-4
2.49306721552087E-4
2.4833205146592216E-4
2.473647774070864E-4
2.46404816389863E-4
2.4545208665818503E-4
2.445065076630425E-4
2.4356800004035612E-4
2.4263648558935894E-4
2.4171188725143487E-4
2.4079412908942146E-4
2.3988313626736326E-4
2.389788350306916E-4
2.380811526868348E-4
2.3719001758624498E-4
2.3630535910382615E-4
2.354271076207627E-4
2.3455519450671703E-4
2.3368955210242485E-4
2.3283011370263631E-4
2.3197681353942355E-4
2.3112958676584444E-4
2.302883694399203E-4
2.2945309850898148E-4
2.2862371179429756E-4
2.2780014797606522E-4
2.269823465786694E-4
2.2617024795625648E-4
2.2536379327862014E-4
2.2456292451733601E-4
2.2376758443222108E-4
2.229777165580262E-4
2.2219326519143162E-4
2.2141417537826697E-4
2.206403929010212E-4
2.1987186426657796E-4
2.1910853669420492E-4
2.1835035810376717E-4
2.1759727710421223E-4
2.1684924298221193E-4
2.1610620569110538E-4
2.1536811583999828E-4
2.1463492468309887E-4
2.1390658410927257E-4
2.13183046631764E-4
2.12464265378148E-4
2.1175019408047085E-4
2.110407870655554E-4
2.1033599924552793E-4
2.0963578610849618E-4
2.0894010370940588E-4
2.082489086610984E-4
2.075621581255092E-4
2.068798098050309E-4
2.0620182193406436E-4
2.0552815327069961E-4
2.048587630885693E-4
2.0419361116883708E-4
2.0353265779235545E-4
2.0287586373195915E-4
2.022231902448879E-4
2.0157459906536965E-4
2.009300523973149E-4
2.0028951290718106E-4
1.9965294371692056E-4
1.9902030839709522E-4
1.983915709600885E-4
1.9776669585347103E-4
1.9714564795344093E-4
1.9652839255842605E-4
1.9591489538277232E-4
1.9530512255055431E-4
1.9469904058949907E-4
1.940966164250035E-4
1.934978173742804E-4
1.929026111405903E-4
1.9231096580757037E-4
1.917228498336773E-4
1.911382320467286E-4
1.905570816385119E-4
1.8997936815952628E-4
1.8940506151378042E-4
1.8883413195371459E-4
1.8826655007516286E-4
1.8770228681246203E-4
1.8714131343358208E-4
1.8658360153539006E-4
1.860291230389655E-4
1.8547785018501101E-4
1.8492975552932296E-4
1.843848119383591E-4
1.8384299258486047E-4
1.8330427094357196E-4
1.8276862078700056E-4
1.8223601618128576E-4
1.8170643148209483E-4
1.8117984133062621E-4
1.8065622064964606E-4
1.8013554463961235E-4
1.7961778877485476E-4
1.7910292879982117E-4
1.785909407253705E-4
1.780818008251521E-4
1.7757548563201723E-4
1.7707197193451985E-4
1.765712367734305E-4
1.7607325743834913E-4
1.7557801146435517E-4
1.7508547662870082E-4
1.7459563094757673E-4
1.7410845267292567E-4
1.7362392028927952E-4
1.731420125106977E-4
1.7266270827770455E-4
1.7218598675430077E-4
1.7171182732502984E-4
1.712402095920567E-4
1.7077111337232906E-4
1.703045186947665E-4
1.698404057974906E-4
1.693787551250995E-4
1.689195473259945E-4
1.6846276324973943E-4
1.680083839444596E-4
1.6755639065429314E-4
1.6710676481684778E-4
1.6665948806076156E-4
1.6621454220322013E-4
1.6577190924757515E-4
1.6533157138097298E-4
1.6489351097202063E-4
1.64457710568483E-4
1.640241528950308E-4
1.6359282085101165E-4
1.6316369750824265E-4
1.6273676610886756E-4
1.6231201006321435E-4
1.618894129476999E-4
1.6146895850276916E-4
1.6105063063085804E-4
1.606344133943804E-4
1.6022029101376453E-4
1.5980824786549421E-4
1.5939826848020307E-4
1.5899033754077625E-4
1.5858443988049143E-4
1.5818056048117802E-4
1.5777868447142173E-4
1.5737879712477277E-4
1.5698088385798979E-4
1.5658493022931502E-4
1.5619092193676698E-4
1.557988448164498E-4
1.554086848409093E-4
1.5502042811749728E-4
1.546340608867539E-4
1.5424956952083053E-4
1.5386694052191088E-4
1.5348616052069506E-4
1.5310721627484957E-4
1.5273009466752646E-4
1.5235478270587578E-4
1.519812675196069E-4
1.5160953635952594E-4
1.5123957659613844E-4
1.5087137571824754E-4
1.5050492133157397E-4
1.501402011574004E-4
1.4977720303123337E-4
1.4941591490148546E-4
1.490563248281568E-4
1.4869842098158087E-4
1.483421916411239E-4
1.479876251939603E-4
1.476347101338284E-4
1.472834350598218E-4
1.469337886751794E-4
1.4658575978611767E-4
1.462393373006556E-4
1.4589451022745684E-4
1.455512676747153E-4
1.4520959884901225E-4
1.4486949305422825E-4
1.4453093969044202E-4
1.4419392825285878E-4
1.4385844833075606E-4
1.435244896064258E-4
1.4319204185414246E-4
1.4286109493915453E-4
1.4253163881666753E-4
1.4220366353085445E-4
1.4187715921387944E-4
1.415521160849232E-4
1.4122852444923954E-4
1.409063746972129E-4
1.4058565730341453E-4
1.4026636282570365E-4
1.3994848190431063E-4
1.3963200526095405E-4
1.3931692369794558E-4
1.3900322809732676E-4
1.3869090942002202E-4
1.3837995870496337E-4
1.3807036706827528E-4
1.3776212570243797E-4
1.3745522587547978E-4
1.3714965893016478E-4
1.368454162831966E-4
1.365424894244358E-4
1.362408699161357E-4
1.3594054939214826E-4
1.3564151955720042E-4
1.3534377218613142E-4
1.3504729912315567E-4
1.3475209228114198E-4
1.3445814364088633E-4
1.3416544525041233E-4
1.3387398922426203E-4
1.3358376774281455E-4
1.332947730515894E-4
1.3300699746058282E-4
1.3272043334359163E-4
1.3243507313756675E-4
1.3215090934195518E-4
1.318679345180576E-4
1.3158614128839493E-4
1.3130552233608925E-4
1.31026070404234E-4
1.3074777829528812E-4
1.304706388704734E-4
1.3019464504917337E-4
1.2991978980834946E-4
1.2964606618195797E-4
1.2937346726037206E-4
1.2910198618981453E-4
1.288316161717945E-4
1.2856235046256387E-4
1.2829418237255306E-4
1.2802710526584244E-4
1.277611125596174E-4
1.274961977236514E-4
1.272323542797748E-4
1.2696957580136083E-4
1.267078559128168E-4
1.264471882890791E-4
1.2618756665511708E-4
1.259289847854415E-4
1.2567143650361125E-4
1.2541491568176253E-4
1.2515941624012823E-4
1.2490493214656855E-4
1.2465145741610617E-4
1.243989861104813E-4
1.241475123376677E-4
1.2389703025145958E-4
1.2364753405100785E-4
1.233990179803841E-4
1.2315147632815728E-4
1.2290490342695847E-4
1.2265929365305874E-4
1.2241464142594998E-4
1.2217094120794308E-4
1.2192818750374092E-4
1.2168637486005139E-4
1.2144549786517775E-4
1.2120555114862976E-4
1.2096652938072852E-4
1.2072842727222898E-4
1.2049123957392656E-4
1.2025496107628922E-4
1.2001958660909029E-4
1.1978511104101894E-4
1.195515292793334E-4
1.1931883626950155E-4
1.1908702699482634E-4
1.1885609647612008E-4
1.1862603977133104E-4
1.1839685197521338E-4
1.1816852821898012E-4
1.1794106366996988E-4
1.1771445353131216E-4
1.1748869304159583E-4
1.172637774745476E-4
1.1703970213870429E-4
1.1681646237709404E-4
1.1659405356692907E-4
1.1637247111928551E-4
1.1615171047879451E-4
1.1593176712334202E-4
1.1571263656376571E-4
1.1549431434355157E-4
1.1527679603855E-4
1.1506007725666393E-4
1.1484415363758426E-4
1.1462902085248066E-4
1.1441467460374002E-4
1.1420111062466753E-4
1.13988324679221E-4
1.137763125617401E-4
1.1356507009665683E-4
1.133545931382586E-4
1.1314487757038733E-4
1.129359193062061E-4
1.1272771428792611E-4
1.1252025848654854E-4
1.1231354790161498E-4
1.121075785609596E-4
1.119023465204493E-4
1.116978478637459E-4
1.1149407870206476E-4
1.1129103517392182E-4
1.1108871344491074E-4
1.1088710970745187E-4
1.1068622018056945E-4
1.1048604110965766E-4
1.1028656876624883E-4
1.1008779944779257E-4
1.0988972947742121E-4
1.0969235520374182E-4
1.0949567300061049E-4
1.0929967926690891E-4
1.0910437042634119E-4
1.0890974292721002E-4
1.0871579324222282E-4
1.0852251786825701E-4
1.0832991332617871E-4
1.0813797616062524E-4
1.0794670293980802E-4
1.077560902553081E-4
1.0756613472188184E-4
1.073768329772673E-4
1.0718818168198513E-4
1.0700017751914681E-4
1.0681281719426658E-4
1.0662609743507682E-4
1.0644001499133093E-4
1.0625456663462835E-4
1.0606974915823376E-4
1.0588555937688617E-4
1.057019941266245E-4
1.0551905026461943E-4
1.0533672466898062E-4
1.0515501423859853E-4
1.0497391589296214E-4
1.0479342657199853E-4
1.0461354323589016E-4
1.044342628649256E-4
1.042555824593195E-4
1.0407749903905357E-4
1.0390000964371622E-4
1.0372311133234851E-4
1.0354680118326729E-4
1.0337107629392358E-4
1.031959337807442E-4
1.0302137077896809E-4
1.0284738444250895E-4
1.0267397194378993E-4
1.0250113047360146E-4
1.0232885724094923E-4
1.021571494729076E-4
1.0198600441448173E-4
1.0181541932845117E-4
1.0164539149523333E-4
1.0147591821274291E-4
1.0130699679624977E-4
1.0113862457824263E-4
1.0097079890828735E-4
1.0080351715289661E-4
1.0063677669539205E-4
1.0047057493577022E-4
1.003049092905672E-4
1.0013977719273835E-4
9.997517609151937E-5
The correct rate for BP: 100.00% 
