1.4054788252481591
1.8443000321662038
0.13469673152664263
0.010321651119395096
0.008337566405032719
0.006950703263634283
0.005929752224680472
0.0051561512531929
0.0045536572062437235
0.0040727198203949575
0.003680621547746444
0.003355185469708629
0.0030809499788309576
0.0028468450946875883
0.002644753012316865
0.002468592982731135
0.0023137237925411305
0.0021765435861967547
0.002054215510221775
0.001944475571888127
0.0018454954554498232
0.0017557828512958073
0.0016741078842394618
0.0015994480192666894
0.0015309462588916772
0.0014678790422299314
0.0014096313209441581
0.0013556770101335969
0.0013055635106925048
0.0012588993483879786
0.0012153442221926227
0.0011746009319745306
0.0011364087846486308
0.0011005381726396733
0.0010667860888069094
0.0010349723946406848
0.0010049366983437135
9.765357297476844E-4
9.496411223238719E-4
9.241375305881474E-4
8.999210252649158E-4
8.768977196115949E-4
8.549825890218779E-4
8.340984529516367E-4
8.141750937452634E-4
7.951484913863777E-4
7.769601567877117E-4
7.595565491491216E-4
7.428885652890114E-4
7.269110908009768E-4
7.11582604488846E-4
6.968648288559526E-4
6.827224205215642E-4
6.691226953505297E-4
6.56035383845379E-4
6.434324129897114E-4
6.312877112700126E-4
6.195770340573306E-4
6.082778069147492E-4
5.97368984723241E-4
5.868309247966574E-4
5.766452723941504E-4
5.667948572416826E-4
5.572635998490976E-4
5.480364265594639E-4
5.390991923970908E-4
5.304386108930146E-4
5.220421901638339E-4
5.138981746043114E-4
5.059954916279235E-4
4.98323702953474E-4
4.908729599922086E-4
4.836339629390164E-4
4.765979232143517E-4
4.697565289415881E-4
4.6310191317785684E-4
4.566266246459688E-4
4.5032360074101686E-4
4.441861426084831E-4
4.3820789211092515E-4
4.323828105187677E-4
4.267051587766537E-4
4.211694792113661E-4
4.157705785601801E-4
4.1050351220989613E-4
4.0536356954720725E-4
4.0034626033015966E-4
3.954473019988045E-4
3.906626078504792E-4
3.859882760119337E-4
3.814205791463942E-4
3.769559548392025E-4
3.725909966104555E-4
3.6832244550757644E-4
3.64147182234683E-4
3.6006221977923357E-4
3.5606469649980223E-4
3.5215186964165836E-4
3.4832110924974414E-4
3.4456989245084817E-4
3.408957980792624E-4
3.372965016220583E-4
3.3376977046211716E-4
3.3031345939865274E-4
3.2692550642656566E-4
3.236039287573746E-4
3.203468190657903E-4
3.1715234194715214E-4
3.140187305720797E-4
3.1094428352562996E-4
3.0792736181928574E-4
3.04966386064801E-4
3.020598337998095E-4
2.992062369558284E-4
2.964041794598343E-4
2.9365229496133627E-4
2.9094926467732317E-4
2.882938153480628E-4
2.856847172971598E-4
2.831207825896954E-4
2.806008632827838E-4
2.7812384976313813E-4
2.75688669166686E-4
2.7329428387550545E-4
2.7093969008780156E-4
2.686239164567148E-4
2.6634602279420797E-4
2.641050988364224E-4
2.6190026306711456E-4
2.5973066159604423E-4
2.57595467089317E-4
2.5549387774893064E-4
2.5342511633889825E-4
2.513884292554669E-4
2.493830856391774E-4
2.4740837652653945E-4
2.454636140393088E-4
2.4354813060938868E-4
2.416612782376677E-4
2.3980242778490438E-4
2.3797096829320213E-4
2.361663063364792E-4
2.3438786539851437E-4
2.3263508527720942E-4
2.3090742151379325E-4
2.2920434484579574E-4
2.2752534068256139E-4
2.2586990860232496E-4
2.2423756186975346E-4
2.226278269730395E-4
2.2104024317958594E-4
2.1947436210945643E-4
2.179297473257383E-4
2.1640597394107517E-4
2.149026282395981E-4
2.1341930731358746E-4
2.119556187141634E-4
2.1051118011542976E-4
2.0908561899142468E-4
2.076785723053416E-4
2.0628968621046005E-4
2.049186157623096E-4
2.0356502464152987E-4
2.0222858488700993E-4
2.009089766388487E-4
1.9960588789071182E-4
1.983190142511931E-4
1.9704805871381293E-4
1.9579273143526817E-4
1.9455274952162225E-4
1.933278368220591E-4
1.9211772372995173E-4
1.909221469908956E-4
1.8974084951743896E-4
1.8857358021027028E-4
1.874200937855292E-4
1.8628015060808304E-4
1.851535165304965E-4
1.840399627374098E-4
1.829392655952344E-4
1.8185120650685612E-4
1.8077557177118822E-4
1.7971215244740296E-4
1.7866074422361283E-4
1.7762114728991132E-4
1.7659316621551247E-4
1.7557660982990883E-4
1.7457129110785515E-4
1.7357702705805866E-4
1.7259363861542993E-4
1.7162095053673015E-4
1.7065879129957127E-4
1.6970699300454363E-4
1.6876539128044666E-4
1.6783382519245765E-4
1.6691213715311557E-4
1.6600017283611857E-4
1.6509778109270073E-4
1.6420481387059731E-4
1.633211261354524E-4
1.6244657579461819E-4
1.6158102362323542E-4
1.6072433319251947E-4
1.5987637080020826E-4
1.5903700540303674E-4
1.5820610855122618E-4
1.5738355432488282E-4
1.5656921927227494E-4
1.5576298234987212E-4
1.5496472486414131E-4
1.5417433041502618E-4
1.5339168484100547E-4
1.5261667616577637E-4
1.518491945464006E-4
1.510891322229455E-4
1.5033638346953148E-4
1.4959084454674367E-4
1.488524136553857E-4
1.481209908915006E-4
1.4739647820264333E-4
1.4667877934535482E-4
1.4596779984379316E-4
1.4526344694949675E-4
1.4456562960224066E-4
1.4387425839194315E-4
1.4318924552161178E-4
1.425105047712447E-4
1.4183795146274802E-4
1.4117150242574155E-4
1.405110759642772E-4
1.3985659182443746E-4
1.392079711627995E-4
1.385651365156716E-4
1.3792801176918946E-4
1.3729652213014014E-4
1.3667059409756282E-4
1.36050155435057E-4
1.3543513514382175E-4
1.3482546343635744E-4
1.342210717108515E-4
1.3362189252618824E-4
1.3302785957761942E-4
1.324389076730063E-4
1.3185497270967725E-4
1.3127599165184973E-4
1.3070190250861617E-4
1.3013264431246417E-4
1.2956815709832902E-4
1.2900838188315363E-4
1.2845326064593861E-4
1.2790273630829916E-4
1.2735675271546292E-4
1.268152546177401E-4
1.2627818765242738E-4
1.257454983261562E-4
1.2521713399764385E-4
1.2469304286086958E-4
1.2417317392863142E-4
1.23657477016495E-4
1.2314590272712012E-4
1.2263840243495556E-4
1.2213492827126393E-4
1.2163543310954187E-4
1.2113987055121286E-4
1.2064819491170269E-4
1.201603612068122E-4
1.1967632513938084E-4
1.1919604308628912E-4
1.1871947208572366E-4
1.1824656982475417E-4
1.1777729462716547E-4
1.1731160544157578E-4
1.1684946182982322E-4
1.1639082395558447E-4
1.1593565257328867E-4
1.1548390901722677E-4
1.1503555519093328E-4
1.145905535567916E-4
1.141488671258562E-4
1.1371045944791306E-4
1.1327529460173813E-4
1.1284333718557306E-4
1.1241455230780634E-4
1.1198890557785729E-4
1.1156636309724335E-4
1.1114689145084275E-4
1.1073045769835824E-4
1.1031702936592088E-4
1.0990657443791477E-4
1.094990613489506E-4
1.0909445897599806E-4
1.0869273663071242E-4
1.0829386405188461E-4
1.0789781139807311E-4
1.0750454924038063E-4
1.0711404855536366E-4
1.0672628071812635E-4
1.0634121749549755E-4
1.0595883103940978E-4
1.0557909388035741E-4
1.0520197892101716E-4
1.0482745943000588E-4
1.0445550903571943E-4
1.0408610172035158E-4
1.0371921181398522E-4
1.0335481398882487E-4
1.0299288325354164E-4
1.0263339494772632E-4
1.0227632473644087E-4
1.0192164860489859E-4
1.0156934285323384E-4
1.0121938409138121E-4
1.0087174923403425E-4
1.005264154957307E-4
1.0018336038602178E-4
9.984256170471792E-5
The correct rate for BP: 100.00% 
