1.2164117400122028
0.9234282314489984
0.8334354154200286
0.6822013601615161
0.5403281461594326
0.42501801790465105
0.3359684453550169
0.26889505842465516
0.21872920394832612
0.18100755357905027
0.15228948532749792
0.13008314527380022
0.11262815402721339
0.09868665686866658
0.08738298158792093
0.07809059089597098
0.0703549800401063
0.06384159128443445
0.058300549606631724
0.0535425881920408
0.049422425450709066
0.04582713990898803
0.04266793216122177
0.03987420973089148
0.037389285124527515
0.035167208439025474
0.03317040786172422
0.03136791240998193
0.02973399915044239
0.028247153305898776
0.02688926141740227
0.025644979827236545
0.024501236294549287
0.0234468336094614
0.02247213201219638
0.02156879298416247
0.020729571195928567
0.01994814451333938
0.019218974285066328
0.018537189879215
0.01789849275713389
0.017299076379659824
0.016735559014516257
0.01620492711164419
0.015704487378649906
0.015231826052953437
0.014784774154209488
0.014361377727868208
0.013959872271726901
0.013578660682176252
0.013216294173350627
0.012871455716541708
0.012542945623665614
0.012229668960888649
0.011930624529537883
0.01164489519336511
0.011371639365843608
0.011110083499848218
0.010859515445901496
0.010619278565051004
0.010388766499082148
0.010167418514744486
0.00995471535043733
0.009750175503744542
0.009553351906631416
0.009363828942276175
0.009181219763606132
0.009005163878818879
0.008835324973630432
0.008671388943823
0.008513062114961186
0.008360069628989924
0.008212153979885258
0.008069073682659168
0.007930602061870516
0.007796526147401343
0.007666645666663108
0.007540772123621499
0.0074187279561015885
0.007300345763776065
0.007185467600064844
0.007073944321901353
0.006965634991962283
0.006860406328522228
0.006758132198595779
0.006658693150472637
0.006561975982143619
0.006467873342466028
0.006376283362226259
0.006287109312535077
0.006200259288237896
0.006115645914242716
0.006033186072866654
0.005952800650477605
0.005874414301867588
0.005797955230935514
0.005723354986386491
0.005650548271268708
0.005579472765274161
0.005510068958822373
0.0054422799980313845
0.005376051539756837
0.005311331615949052
0.005248070506641266
0.005186220620938937
0.005125736385431577
0.0050665741394962755
0.005008692037003956
0.004952049953979364
0.004896609401800453
0.004842333445555712
0.004789186627207765
0.0047371348932376866
0.004686145526470752
0.004636187081805219
0.004587229325588011
0.004539243178399264
0.004492200661025571
0.004446074843417673
0.004400839796443103
0.004356470546257922
0.004312943031133969
0.004270234060589849
0.004228321276684243
0.004187183117339929
0.004146798781576119
0.004107148196534691
0.0040682119861941935
0.004029971441671804
0.003992408493020933
0.003955505682437463
0.0039192461387939125
0.0038836135534257004
0.0038485921570985335
0.0038141666980908515
0.0037803224213289366
0.003747045048516717
0.0037143207592054564
0.003682136172752314
0.003650478331119614
0.0036193346824697353
0.003588693065513266
0.0035585416945705622
0.0035288691453092555
0.0034996643411224887
0.003470916540114686
0.0034426153226637707
0.00341475057953011
0.003387312500485007
0.0033602915634319266
0.003333678523996437
0.0033074644055613002
0.0032816404897247596
0.0032561983071614457
0.0032311296288662127
0.003206426457762446
0.003182081020657367
0.0031580857605277373
0.003134433329120417
0.003111116579852779
0.0030881285609992365
0.0030654625091502993
0.00304311184293182
0.003021070156972277
0.0029993312161071227
0.0029778889498089604
0.00295673744683393
0.0029358709500742616
0.0029152838516078995
0.0028949706879366917
0.002874926135404585
0.002855145005788078
0.0028356222420516226
0.002816352914260558
0.0027973322156450453
0.0027785554588085175
0.0027600180720744306
0.0027417155959656965
0.0027236436798109475
0.00270579807847262
0.002688174649191727
0.0026707693485443318
0.0026535782295055805
0.0026365974386163434
0.0026198232132489054
0.002603251878967235
0.002586879846978322
0.002570703611670898
0.0025547197482379993
0.0025389249103802084
0.0025233158280862983
0.00250788930548832
0.0024926422187882286
0.002477571514253352
0.002462674206277947
0.0024479473755084085
0.0024333881670297723
0.002418993788610983
0.002404761509007036
0.002390688656315555
0.0023767726163859988
0.002363010831279529
0.0023494007977774814
0.0023359400659369724
0.00232262623769167
0.0023094569654962226
0.0022964299510127096
0.0022835429438376994
0.002270793740268284
0.002258180182106009
0.002245700155496971
0.0022333515898071503
0.0022211324565316265
0.0022090407682363545
0.0021970745775316573
0.00218523197607607
0.002173511093609685
0.0021619100970158888
0.002150427189410543
0.0021390606092577015
0.0021278086295109765
0.0021166695567796587
0.002105641730518799
0.0020947235222424357
0.0020839133347591776
0.002073209601429506
0.0020626107854439745
0.0020521153791216427
0.00204172190322819
0.002031428906312885
0.0020212349640640484
0.002011138678682141
0.0020011386782701926
0.0019912336162407622
0.0019814221707391277
0.001971703044082059
0.001962074962211691
0.001952536674164129
0.0019430869515522137
0.001933724588062048
0.0019244483989628903
0.001915257220629993
0.0019061499100799363
0.0018971253445181598
0.0018881824208982342
0.0018793200554926522
0.0018705371834746316
0.0018618327585107149
0.0018532057523637882
0.0018446551545062374
0.0018361799717429587
0.0018277792278438981
0.0018194519631858186
0.0018111972344030905
0.0018030141140472017
0.0017949016902548153
0.001786859066423893
0.0017788853608980098
0.001770979706658333
0.0017631412510231016
0.0017553691553546023
0.0017476625947730848
0.0017400207578777576
0.0017324428464744015
0.0017249280753095916
0.001717475671811267
0.0017100848758354837
0.0017027549394191851
0.0016954851265387773
0.001688274712874515
0.0016811229855802571
0.0016740292430587164
0.001666992794741969
0.001660012960876937
0.001653089072315961
0.0016462204703121125
0.001639406506319228
0.001632646541796601
0.0016259399480178954
0.0016192861058847065
0.0016126844057441018
0.0016061342472103485
0.0015996350389906784
0.001593186198714905
0.0015867871527688424
0.0015804373361314854
0.0015741361922156547
0.0015678831727123578
0.0015616777374383394
0.0015555193541871963
0.0015494074985835655
0.0015433416539405536
0.0015373213111202649
0.0015313459683973566
0.0015254151313254252
0.0015195283126063777
0.0015136850319625661
0.0015078848160115846
0.00150212719814377
0.0014964117184023127
0.0014907379233658304
0.0014851053660334822
0.001479513605712423
0.0014739622079076174
0.0014684507442140344
0.0014629787922108952
0.0014575459353582845
0.0014521517628957863
0.0014467958697432371
0.0014414778564034736
0.001436197328867107
0.0014309538985192343
0.0014257471820479403
0.0014205768013548013
0.001415442383467052
0.0014103435604515804
0.0014052799693306318
0.001400251251999205
0.001395257055144026
0.0013902970301642116
0.0013853708330934117
0.0013804781245235897
0.001375618569530158
0.001370791837598719
0.0013659976025531006
0.001361235542484906
0.0013565053396843562
0.0013518066805724529
0.0013471392556345262
0.0013425027593549615
0.0013378968901532596
0.0013333213503212353
0.0013287758459614813
0.0013242600869269295
0.001319773786761627
0.0013153166626425382
0.0013108884353225405
0.0013064888290743775
0.00130211757163576
0.0012977743941554034
0.0012934590311401474
0.0012891712204029452
0.0012849107030119314
0.001280677223240318
0.001276470528517322
0.001272290369379826
0.0012681364994251382
0.0012640086752643755
0.001259906656476881
0.001255830205565342
0.0012517790879117987
0.0012477530717343566
0.0012437519280447617
0.001239775430606673
0.0012358233558946944
0.0012318954830541334
0.0012279915938614887
0.001224111472685568
0.0012202549064494097
0.0012164216845927556
0.001212611599035211
0.001208824444140116
0.001205060016678933
0.001201318115796352
0.0011975985429759249
0.0011939011020063424
0.001190225598948259
0.0011865718421016924
0.0011829396419740215
0.0011793288112484403
0.001175739164753043
0.0011721705194303869
0.001168622694307564
0.0011650955104667792
0.0011615887910164644
0.0011581023610628116
0.0011546360476818445
0.001151189679891886
0.00114776308862658
0.0011443561067082425
0.0011409685688217805
0.0011376003114889138
0.001134251173042919
0.001130920993603757
0.0011276096150535703
0.0011243168810126597
0.0011210426368157573
0.0011177867294887506
0.0011145490077257804
0.0011113293218666816
0.0011081275238747717
0.0011049434673150922
0.0011017770073328522
0.0010986280006323502
0.0010954963054561372
0.0010923817815645725
0.0010892842902156922
0.0010862036941453512
0.0010831398575477293
0.0010800926460561371
0.0010770619267240922
0.0010740475680067279
0.0010710494397424722
0.0010680674131349985
0.0010651013607355293
0.0010621511564252875
0.0010592166753983414
0.0010562977941446401
0.001053394390433348
0.0010505063432964168
0.0010476335330124012
0.0010447758410905526
0.0010419331502551116
0.0010391053444298998
0.00103629230872306
0.001033493929412104
0.001030710093929175
0.0010279406908464707
0.001025185609861967
0.0010224447417852885
0.0010197179785238356
0.0010170052130690987
0.0010143063394831597
0.0010116212528854514
0.0010089498494396162
0.0010062920263406911
0.0010036476818023248
0.0010010167150443085
9.983990262802543E-4
9.957945167054136E-4
9.932030884847154E-4
9.906246447409731E-4
9.880590895432419E-4
9.855063278953718E-4
9.829662657247008E-4
9.804388098709404E-4
9.779238680751785E-4
9.754213489690786E-4
9.729311620642246E-4
9.704532177415969E-4
9.679874272412267E-4
9.655337026519884E-4
9.630919569015164E-4
9.606621037462925E-4
9.582440577618571E-4
9.558377343331648E-4
9.534430496450765E-4
9.510599206729725E-4
9.48688265173517E-4
9.46328001675523E-4
9.439790494709911E-4
9.416413286062142E-4
9.39314759873045E-4
9.369992648002686E-4
9.346947656451143E-4
9.324011853848591E-4
9.301184477085476E-4
9.278464770088471E-4
9.255851983739909E-4
9.233345375798648E-4
9.210944210821444E-4
9.188647760085866E-4
9.166455301514217E-4
9.144366119598371E-4
9.122379505325381E-4
9.100494756104701E-4
9.078711175695802E-4
9.05702807413693E-4
9.035444767675272E-4
9.013960578697026E-4
8.992574835659582E-4
8.971286873023735E-4
8.950096031187251E-4
8.929001656419118E-4
8.908003100794608E-4
8.887099722131714E-4
8.866290883927401E-4
8.845575955295818E-4
8.824954310906539E-4
8.804425330923957E-4
8.783988400947395E-4
8.763642911951922E-4
8.743388260230205E-4
8.723223847334603E-4
8.703149080020436E-4
8.683163370190074E-4
8.663266134837259E-4
8.643456795992552E-4
8.623734780669316E-4
8.604099520810399E-4
8.584550453235639E-4
8.565087019589848E-4
8.545708666291229E-4
8.526414844481431E-4
8.507205009974824E-4
8.488078623209648E-4
8.469035149198994E-4
8.450074057482701E-4
8.431194822080145E-4
8.412396921442659E-4
8.393679838408024E-4
8.375043060153887E-4
8.356486078153177E-4
8.338008388129234E-4
8.319609490011698E-4
8.301288887893021E-4
8.283046089985234E-4
8.26488060857821E-4
8.246791959996782E-4
8.2287796645599E-4
8.210843246539591E-4
8.192982234120435E-4
8.17519615935973E-4
8.157484558148038E-4
8.13984697017015E-4
8.122282938866702E-4
8.104792011395977E-4
8.087373738596645E-4
8.07002767495028E-4
8.052753378545042E-4
8.035550411039043E-4
8.018418337625006E-4
8.001356726994566E-4
7.984365151303538E-4
7.96744318613714E-4
7.950590410476256E-4
7.93380640666333E-4
7.917090760369261E-4
7.900443060560497E-4
7.883862899466453E-4
7.867349872547368E-4
7.850903578462407E-4
7.834523619038729E-4
7.818209599239819E-4
7.801961127135218E-4
7.785777813870216E-4
7.769659273635707E-4
7.753605123638766E-4
7.737614984073256E-4
7.721688478091E-4
7.705825231773164E-4
7.690024874101787E-4
7.67428703693231E-4
7.658611354965544E-4
7.642997465720518E-4
7.627445009507596E-4
7.611953629401419E-4
7.596522971215188E-4
7.581152683473921E-4
7.565842417389245E-4
7.550591826833175E-4
7.535400568313969E-4
7.520268300950184E-4
7.505194686446724E-4
7.490179389070065E-4
7.475222075624599E-4
7.460322415428361E-4
7.445480080289883E-4
7.430694744484784E-4
7.415966084732444E-4
7.401293780173822E-4
7.386677512348504E-4
7.372116965172449E-4
7.357611824916464E-4
7.343161780183698E-4
7.328766521888555E-4
7.314425743235619E-4
7.300139139697912E-4
7.285906408996776E-4
7.27172725108073E-4
7.257601368105419E-4
7.243528464413449E-4
7.229508246514249E-4
7.215540423064497E-4
7.201624704848667E-4
7.187760804759596E-4
7.173948437779554E-4
7.160187320961267E-4
7.146477173409153E-4
7.132817716261191E-4
7.119208672670157E-4
7.105649767786145E-4
7.092140728738113E-4
7.078681284616459E-4
7.06527116645559E-4
7.051910107216413E-4
7.038597841769373E-4
7.025334106877372E-4
7.0121186411791E-4
6.998951185172315E-4
6.985831481197706E-4
6.972759273422169E-4
6.959734307823155E-4
6.94675633217261E-4
6.933825096021302E-4
6.920940350683054E-4
6.908101849219571E-4
6.895309346425071E-4
6.882562598811168E-4
6.869861364591986E-4
6.857205403669435E-4
6.84459447761849E-4
6.832028349672655E-4
6.819506784709844E-4
6.807029549238089E-4
6.79459641138134E-4
6.782207140866016E-4
6.769861509006737E-4
6.757559288693103E-4
6.745300254375987E-4
6.733084182054469E-4
6.720910849262358E-4
6.708780035055311E-4
6.696691519997871E-4
6.684645086150605E-4
6.672640517057549E-4
6.660677597733536E-4
6.648756114652057E-4
6.636875855732555E-4
6.62503661032853E-4
6.613238169215694E-4
6.601480324579445E-4
6.589762870003826E-4
6.578085600459098E-4
6.566448312290793E-4
6.554850803207876E-4
6.543292872271629E-4
6.531774319884207E-4
6.520294947777751E-4
6.508854559003211E-4
6.497452957919651E-4
6.486089950183096E-4
6.474765342736449E-4
6.463478943798182E-4
6.452230562852471E-4
6.441020010638578E-4
6.42984709914053E-4
6.418711641577046E-4
6.407613452391465E-4
6.396552347241682E-4
6.385528142990399E-4
6.37454065769547E-4
6.363589710599686E-4
6.352675122121743E-4
6.341796713846569E-4
6.330954308515951E-4
6.320147730018934E-4
6.309376803383003E-4
6.29864135476474E-4
6.287941211440776E-4
6.277276201798891E-4
6.26664615532907E-4
6.256050902614745E-4
6.245490275324094E-4
6.234964106201447E-4
6.224472229058658E-4
6.214014478766632E-4
6.203590691247184E-4
6.193200703464343E-4
6.182844353416347E-4
6.172521480127685E-4
6.162231923640644E-4
6.151975525007469E-4
6.141752126282575E-4
6.13156157051455E-4
6.121403701738364E-4
6.111278364967853E-4
6.101185406187867E-4
6.091124672346751E-4
6.081096011349126E-4
6.071099272048125E-4
6.06113430423816E-4
6.051200958647741E-4
6.041299086932118E-4
6.031428541666267E-4
6.021589176337656E-4
6.011780845339439E-4
6.00200340396323E-4
5.992256708392447E-4
5.982540615695416E-4
5.97285498381866E-4
5.96319967157998E-4
5.953574538661966E-4
5.943979445605661E-4
5.934414253803541E-4
5.924878825493449E-4
5.915373023751976E-4
5.905896712488321E-4
5.896449756437767E-4
5.887032021155549E-4
5.87764337301086E-4
5.868283679180391E-4
5.858952807642533E-4
5.849650627171262E-4
5.840377007330252E-4
5.831131818466773E-4
5.821914931706217E-4
5.812726218945819E-4
5.803565552849407E-4
5.794432806841331E-4
5.785327855100852E-4
5.776250572556883E-4
5.767200834882138E-4
5.758178518487572E-4
5.749183500517251E-4
5.740215658842664E-4
5.731274872057465E-4
5.722361019472287E-4
5.713473981109278E-4
5.704613637697077E-4
5.695779870665384E-4
5.686972562140277E-4
5.678191594938659E-4
5.669436852563506E-4
5.660708219198897E-4
5.652005579704863E-4
5.643328819612621E-4
5.634677825119757E-4
5.62605248308528E-4
5.617452681024941E-4
5.608878307106524E-4
5.600329250145025E-4
5.591805399598032E-4
5.583306645561315E-4
5.574832878763934E-4
5.566383990563829E-4
5.557959872943458E-4
5.549560418505191E-4
5.541185520466912E-4
5.532835072657692E-4
5.524508969513387E-4
5.516207106072212E-4
5.50792937797083E-4
5.49967568143976E-4
5.49144591329932E-4
5.483239970955486E-4
5.475057752395613E-4
5.466899156184634E-4
5.458764081460599E-4
5.450652427931085E-4
5.442564095868862E-4
5.434498986108052E-4
5.426457000040273E-4
5.418438039610665E-4
5.41044200731398E-4
5.402468806190928E-4
5.394518339824216E-4
5.38659051233477E-4
5.378685228378239E-4
5.370802393140996E-4
5.362941912336586E-4
5.355103692202181E-4
5.347287639494859E-4
5.339493661487926E-4
5.331721665967645E-4
5.323971561229502E-4
5.31624325607472E-4
5.308536659806725E-4
5.300851682228018E-4
5.293188233636499E-4
5.2855462248221E-4
5.277925567063447E-4
5.27032617212467E-4
5.262747952251943E-4
5.255190820170289E-4
5.24765468908022E-4
5.240139472654768E-4
5.232645085035991E-4
5.225171440831962E-4
5.217718455113803E-4
5.210286043411998E-4
5.202874121714117E-4
5.19548260646092E-4
5.188111414543941E-4
5.180760463302196E-4
5.173429670519117E-4
5.166118954419783E-4
5.158828233667877E-4
5.151557427362747E-4
5.144306455036509E-4
5.137075236651203E-4
5.129863692595879E-4
5.122671743683868E-4
5.115499311149993E-4
5.108346316647463E-4
5.101212682245539E-4
5.094098330426582E-4
5.087003184083228E-4
5.079927166515935E-4
5.072870201430214E-4
5.065832212933752E-4
5.058813125534151E-4
5.051812864135985E-4
5.04483135403838E-4
5.037868520932501E-4
5.030924290898751E-4
5.023998590404401E-4
5.017091346301143E-4
5.010202485822435E-4
5.003331936581056E-4
4.996479626566715E-4
4.989645484143675E-4
4.982829438048112E-4
4.976031417385912E-4
4.969251351630137E-4
4.962489170618915E-4
4.955744804552666E-4
4.949018183992292E-4
4.942309239856376E-4
4.935617903419296E-4
4.928944106308655E-4
4.922287780503227E-4
4.915648858330532E-4
4.909027272464735E-4
4.902422955924584E-4
4.895835842070766E-4
4.88926586460423E-4
4.882712957563711E-4
4.8761770553238266E-4
4.8696580925925765E-4
4.863156004409778E-4
4.856670726144504E-4
4.850202193493245E-4
4.8437503424777844E-4
4.8373151094430314E-4
4.8308964310553364E-4
4.8244942443000734E-4
4.8181084864798896E-4
4.8117390952126895E-4
4.8053860084295755E-4
4.7990491643729245E-4
4.7927285015945156E-4
4.786423958953614E-4
4.780135475614877E-4
4.773862991046642E-4
4.7676064450190384E-4
4.7613657776019596E-4
4.755140929163397E-4
4.7489318403675263E-4
4.742738452172754E-4
4.736560705830085E-4
4.7303985428813163E-4
4.724251905157081E-4
4.718120734775189E-4
4.712004974138974E-4
4.7059045659352845E-4
4.6998194531329033E-4
4.6937495789808545E-4
4.6876948870066713E-4
4.681655321014588E-4
4.675630825083955E-4
4.669621343567627E-4
4.663626821090137E-4
4.6576472025461574E-4
4.651682433098877E-4
4.6457324581782944E-4
4.639797223479639E-4
4.6338766749617487E-4
4.6279707588455584E-4
4.6220794216124894E-4
4.6162026100027927E-4
4.6103402710140964E-4
4.6044923518997756E-4
4.5986588001675565E-4
4.592839563577791E-4
4.587034590142163E-4
4.5812438281220155E-4
4.575467226026964E-4
4.569704732613288E-4
4.5639562968826487E-4
4.558221868080454E-4
4.5525013956945667E-4
4.546794829453693E-4
4.541102119326116E-4
4.5354232155181624E-4
4.529758068472877E-4
4.5241066288685656E-4
4.5184688476174206E-4
4.5128446758641407E-4
4.5072340649846086E-4
4.5016369665844855E-4
4.496053332497819E-4
4.490483114785774E-4
4.484926265735345E-4
4.4793827378578695E-4
4.4738524838878785E-4
4.468335456781767E-4
4.462831609716296E-4
4.4573408960877443E-4
4.4518632695100997E-4
4.4463986838142594E-4
4.4409470930464217E-4
4.4355084514670454E-4
4.430082713549521E-4
4.424669833979033E-4
4.419269767651174E-4
4.413882469670909E-4
4.408507895351145E-4
4.403146000211853E-4
4.397796739978521E-4
4.392460070581251E-4
4.387135948153498E-4
4.3818243290306877E-4
4.376525169749566E-4
4.371238427046388E-4
4.36596405785644E-4
4.3607020193124326E-4
4.35545226874341E-4
4.350214763674064E-4
4.344989461823011E-4
4.339776321102179E-4
4.334575299615401E-4
4.3293863556574967E-4
4.3242094477131065E-4
4.319044534455748E-4
4.313891574746509E-4
4.308750527633179E-4
4.3036213523491614E-4
4.298504008312473E-4
4.293398455124521E-4
4.2883046525692354E-4
4.2832225606120503E-4
4.278152139398782E-4
4.2730933492547235E-4
4.2680461506836134E-4
4.2630105043664983E-4
4.257986371160955E-4
4.252973712100033E-4
4.2479724883911807E-4
4.2429826614153365E-4
4.238004192726143E-4
4.2330370440486087E-4
4.2280811772784917E-4
4.223136554481252E-4
4.218203137890975E-4
4.213280889909688E-4
4.2083697731061986E-4
4.203469750215348E-4
4.198580784137011E-4
4.193702837935123E-4
4.188835874837035E-4
4.183979858232189E-4
4.179134751671696E-4
4.17430051886715E-4
4.169477123689742E-4
4.1646645301696226E-4
4.1598627024947967E-4
4.155071605010357E-4
4.1502912022175906E-4
4.145521458773278E-4
4.140762339488578E-4
4.136013809328461E-4
4.131275833410641E-4
4.126548377004968E-4
4.121831405532343E-4
4.117124884564209E-4
4.11242877982147E-4
4.107743057173847E-4
4.1030676826390284E-4
4.098402622381758E-4
4.093747842713278E-4
4.08910331009036E-4
4.084468991114546E-4
4.0798448525314367E-4
4.075230861229881E-4
4.070626984241222E-4
4.066033188738476E-4
4.0614494420356266E-4
4.056875711586917E-4
4.0523119649860405E-4
4.047758169965396E-4
4.04321429439532E-4
4.038680306283538E-4
4.0341561737740903E-4
4.0296418651470154E-4
4.025137348817277E-4
4.0206425933342674E-4
4.016157567381006E-4
4.011682239773467E-4
4.007216579459821E-4
4.0027605555199104E-4
3.998314137164367E-4
3.993877293733812E-4
3.9894499946986417E-4
3.985032209657818E-4
3.980623908338556E-4
3.9762250605954706E-4
3.9718356364100204E-4
3.9674556058896544E-4
3.963084939267432E-4
3.958723606901098E-4
3.954371579272659E-4
3.950028826987587E-4
3.94569532077424E-4
3.9413710314831815E-4
3.937055930086495E-4
3.932749987677463E-4
3.928453175469397E-4
3.9241654647956134E-4
3.9198868271083477E-4
3.915617233978384E-4
3.911356657094274E-4
3.907105068262014E-4
3.902862439404114E-4
3.8986287425591667E-4
3.894403949881238E-4
3.890188033639391E-4
3.885980966216708E-4
3.8817827201101954E-4
3.8775932679297517E-4
3.8734125823980706E-4
3.8692406363496494E-4
3.865077402730346E-4
3.8609228545969217E-4
3.856776965116344E-4
3.852639707565285E-4
3.8485110553295734E-4
3.844390981903648E-4
3.8402794608898195E-4
3.836176465998091E-4
3.8320819710453127E-4
3.827995949954665E-4
3.8239183767553505E-4
3.819849225581708E-4
3.815788470673044E-4
3.811736086372858E-4
3.8076920471283467E-4
3.8036563274900003E-4
3.7996289021110163E-4
3.795609745746724E-4
3.7915988332541385E-4
3.787596139591472E-4
3.7836016398176415E-4
3.779615309091578E-4
3.775637122672012E-4
3.7716670559167115E-4
3.767705084282251E-4
3.763751183323273E-4
3.7598053286921044E-4
3.7558674961383896E-4
3.751937661508317E-4
3.7480158007444325E-4
3.7441018898850035E-4
3.7401959050636365E-4
3.7362978225086955E-4
3.732407618542828E-4
3.728525269582784E-4
3.724650752138526E-4
3.7207840428130437E-4
3.7169251183018605E-4
3.713073955392446E-4
3.7092305309640585E-4
3.705394821986856E-4
3.7015668055218883E-4
3.6977464587203566E-4
3.6939337588233457E-4
3.690128683161276E-4
3.6863312091534804E-4
3.682541314307836E-4
3.678758976220311E-4
3.6749841725743906E-4
3.671216881140967E-4
3.667457079777626E-4
3.663704746428308E-4
3.6599598591229303E-4
3.656222395976939E-4
3.652492335190919E-4
3.6487696550501484E-4
3.6450543339242437E-4
3.641346350266639E-4
3.637645682614334E-4
3.633952309587409E-4
3.630266209888587E-4
3.6265873623029263E-4
3.622915745697316E-4
3.6192513390202475E-4
3.615594121301139E-4
3.6119440716504366E-4
3.608301169258616E-4
3.604665393396285E-4
3.6010367234134885E-4
3.5974151387396574E-4
3.5938006188828537E-4
3.5901931434295794E-4
3.586592692044518E-4
3.5829992444699776E-4
3.5794127805255805E-4
3.5758332801079585E-4
3.572260723190241E-4
3.568695089821778E-4
3.565136360128004E-4
3.561584514309623E-4
3.5580395326425597E-4
3.554501395477537E-4
3.55097008323976E-4
3.5474455764285143E-4
3.543927855616758E-4
3.540416901450967E-4
3.536912694650581E-4
3.533415216007724E-4
3.5299244463870427E-4
3.5264403667249923E-4
3.5229629580299504E-4
3.5194922013814274E-4
3.516028077930174E-4
3.5125705688974834E-4
3.509119655575042E-4
3.505675319324633E-4
3.5022375415776503E-4
3.498806303834939E-4
3.4953815876664023E-4
3.491963374710643E-4
3.488551646674777E-4
3.485146385333906E-4
3.481747572531043E-4
3.4783551901765406E-4
3.474969220248011E-4
3.471589644789944E-4
3.4682164459132994E-4
3.4648496057953246E-4
3.4614891066791543E-4
3.458134930873621E-4
3.454787060752815E-4
3.4514454787559437E-4
3.448110167386885E-4
3.444781109213867E-4
3.4414582868694986E-4
3.4381416830499615E-4
3.4348312805152127E-4
3.431527062088259E-4
3.428229010655291E-4
3.4249371091650793E-4
3.42165134062879E-4
3.4183716881197514E-4
3.4150981347730335E-4
3.4118306637854155E-4
3.4085692584148356E-4
3.405313901980236E-4
3.402064577861352E-4
3.3988212694982816E-4
3.395583960391337E-4
3.3923526341007426E-4
3.3891272742462956E-4
3.38590786450724E-4
3.3826943886218366E-4
3.379486830387185E-4
3.376285173659036E-4
3.3730894023512937E-4
3.3698995004360097E-4
3.366715451942973E-4
3.3635372409595036E-4
3.3603648516302353E-4
3.357198268156582E-4
3.3540374747971117E-4
3.350882455866398E-4
3.3477331957356836E-4
3.344589678831957E-4
3.341451889638018E-4
3.3383198126921615E-4
3.335193432587989E-4
3.332072733974028E-4
3.3289577015535257E-4
3.3258483200844106E-4
3.322744574378737E-4
3.3196464493025733E-4
3.3165539297759186E-4
3.313467000772269E-4
3.310385647318385E-4
3.3073098544941527E-4
3.3042396074322975E-4
3.3011748913182586E-4
3.298115691389685E-4
3.2950619929365344E-4
3.292013781300656E-4
3.288971041875489E-4
3.285933760106077E-4
3.282901921488681E-4
3.2798755115705057E-4
3.2768545159496913E-4
3.273838920274832E-4
3.270828710244935E-4
3.267823871609172E-4
3.2648243901664905E-4
3.261830251765714E-4
3.258841442305103E-4
3.255857947732089E-4
3.252879754043251E-4
3.249906847284013E-4
3.2469392135483344E-4
3.243976838978762E-4
3.241019709765876E-4
3.238067812148341E-4
3.235121132412568E-4
3.2321796568926715E-4
3.229243371970027E-4
3.2263122640731914E-4
3.2233863196777865E-4
3.220465525306116E-4
3.2175498675270797E-4
3.2146393329559307E-4
3.2117339082542065E-4
3.208833580129214E-4
3.2059383353341973E-4
3.203048160667917E-4
3.200163042974549E-4
3.197282969143391E-4
3.1944079261088816E-4
3.191537900850065E-4
3.188672880390776E-4
3.18581285179918E-4
3.1829578021876884E-4
3.1801077187127336E-4
3.177262588574737E-4
3.1744223990176406E-4
3.1715871373289034E-4
3.1687567908393664E-4
3.1659313469229616E-4
3.163110792996477E-4
3.160295116519546E-4
3.1574843049943203E-4
3.154678345965393E-4
3.1518772270195674E-4
3.149080935785679E-4
3.146289459934335E-4
3.143502787178011E-4
3.140720905270558E-4
3.1379438020071433E-4
3.1351714652241885E-4
3.1324038827990823E-4
3.129641042649949E-4
3.126882932735738E-4
3.124129541055612E-4
3.121380855649283E-4
3.118636864596468E-4
3.115897556016843E-4
3.113162918070066E-4
3.110432938955188E-4
3.107707606910918E-4
3.1049869102151966E-4
3.10227083718504E-4
3.099559376176631E-4
3.09685251558479E-4
3.094150243843138E-4
3.091452549423719E-4
3.088759420836849E-4
3.08607084663124E-4
3.08338681539342E-4
3.080707315747833E-4
3.078032336356729E-4
3.0753618659198315E-4
3.072695893174293E-4
3.0700344068944384E-4
3.0673773958918077E-4
3.0647248490147636E-4
3.0620767551485815E-4
3.0594331032150876E-4
3.0567938821725874E-4
3.054159081015738E-4
3.0515286887754705E-4
3.04890269451867E-4
3.046281087348098E-4
3.0436638564023386E-4
3.0410509908555036E-4
3.038442479917237E-4
3.0358383128324017E-4
3.03323847888116E-4
3.0306429673785924E-4
3.028051767674676E-4
3.025464869154133E-4
3.022882261236374E-4
3.020303933375089E-4
3.0177298750584875E-4
3.01516007580883E-4
3.01259452518244E-4
3.0100332127695994E-4
3.00747612819429E-4
3.0049232611142256E-4
3.0023746012204736E-4
2.9998301382375977E-4
2.9972898619232927E-4
2.994753762068405E-4
2.9922218284967743E-4
2.9896940510649214E-4
2.9871704196622514E-4
2.984650924210574E-4
2.9821355546642554E-4
2.979624301009933E-4
2.9771171532663536E-4
2.974614101484377E-4
2.972115135746772E-4
2.9696202461681266E-4
2.9671294228946485E-4
2.964642656104051E-4
2.9621599360055937E-4
2.959681252839693E-4
2.957206596877948E-4
2.9547359584230993E-4
2.952269327808699E-4
2.949806695399101E-4
2.947348051589401E-4
2.9448933868051754E-4
2.942442691502469E-4
2.93999595616768E-4
2.9375531713172364E-4
2.935114327497798E-4
2.9326794152859846E-4
2.9302484252880743E-4
2.927821348140218E-4
2.9253981745082066E-4
2.922978895087107E-4
2.9205635006015964E-4
2.9181519818053926E-4
2.915744329481495E-4
2.91334053444185E-4
2.9109405875273655E-4
2.908544479607737E-4
2.90615220158123E-4
2.903763744374928E-4
2.901379098944143E-4
2.898998256272578E-4
2.8966212073722934E-4
2.8942479432833747E-4
2.8918784550739256E-4
2.889512733840018E-4
2.88715077070549E-4
2.884792556821871E-4
2.882438083368289E-4
2.880087341551335E-4
2.8777403226049975E-4
2.8753970177904683E-4
2.8730574183962154E-4
2.8707215157376524E-4
2.8683893011571766E-4
2.8660607660240884E-4
2.863735901734333E-4
2.8614146997105985E-4
2.8590971514020556E-4
2.8567832482843E-4
2.854472981859282E-4
2.8521663436551756E-4
2.8498633252263035E-4
2.8475639181530177E-4
2.8452681140415806E-4
2.842975904524131E-4
2.8406872812584695E-4
2.83840223592812E-4
2.8361207602420693E-4
2.8338428459347614E-4
2.83156848476604E-4
2.8292976685209605E-4
2.827030389009661E-4
2.824766638067406E-4
2.822506407554445E-4
2.820249689355806E-4
2.817996475381365E-4
2.815746757565636E-4
2.8135005278676675E-4
2.8112577782711274E-4
2.809018500783895E-4
2.806782687438387E-4
2.804550330290975E-4
2.8023214214224014E-4
2.800095952937183E-4
2.797873916963998E-4
2.7956553056552414E-4
2.793440111187108E-4
2.791228325759456E-4
2.789019941595754E-4
2.7868149509428276E-4
2.784613346071159E-4
2.7824151192742627E-4
2.7802202628690804E-4
2.7780287691955965E-4
2.7758406306168764E-4
2.773655839518989E-4
2.7714743883107916E-4
2.769296269424064E-4
2.7671214753131315E-4
2.764949998455071E-4
2.762781831349532E-4
2.76061696651848E-4
2.758455396506356E-4
2.756297113879825E-4
2.754142111227836E-4
2.751990381161498E-4
2.7498419163137866E-4
2.7476967093397327E-4
2.7455547529163147E-4
2.743416039742212E-4
2.7412805625379107E-4
2.7391483140454183E-4
2.737019287028389E-4
2.734893474271913E-4
2.732770868582535E-4
2.730651462788037E-4
2.7285352497375195E-4
2.726422222301127E-4
2.724312373370247E-4
2.722205695857183E-4
2.720102182695155E-4
2.7180018268382975E-4
2.7159046212614474E-4
2.713810558960171E-4
2.7117196329506775E-4
2.7096318362697315E-4
2.707547161974536E-4
2.7054656031427044E-4
2.703387152872207E-4
2.701311804281194E-4
2.699239550508028E-4
2.697170384711211E-4
2.6951043000692074E-4
2.693041289780481E-4
2.690981347063373E-4
2.688924465155989E-4
2.686870637316278E-4
2.6848198568217487E-4
2.682772116969569E-4
2.680727411076382E-4
2.678685732478323E-4
2.6766470745308996E-4
2.674611430608964E-4
2.6725787941065326E-4
2.670549158436857E-4
2.6685225170322937E-4
2.6664988633442473E-4
2.6644781908429974E-4
2.662460493017836E-4
2.660445763376844E-4
2.658433995446828E-4
2.656425182773322E-4
2.654419318920509E-4
2.6524163974711205E-4
2.650416412026314E-4
2.648419356205789E-4
2.6464252236475496E-4
2.644434008007876E-4
2.642445702961308E-4
2.640460302200596E-4
2.638477799436469E-4
2.636498188397824E-4
2.6345214628314446E-4
2.6325476165020383E-4
2.6305766431921804E-4
2.6286085367021987E-4
2.6266432908502173E-4
2.6246808994718763E-4
2.6227213564204894E-4
2.6207646555669804E-4
2.61881079079954E-4
2.616859756023938E-4
2.6149115451631953E-4
2.6129661521576315E-4
2.6110235709648377E-4
2.609083795559547E-4
2.6071468199335035E-4
2.60521263809561E-4
2.6032812440717054E-4
2.6013526319044566E-4
2.599426795653555E-4
2.59750372939539E-4
2.5955834272230806E-4
2.5936658832465204E-4
2.591751091592093E-4
2.5898390464028224E-4
2.587929741838288E-4
2.5860231720744274E-4
2.584119331303624E-4
2.5822182137345535E-4
2.580319813592201E-4
2.5784241251177326E-4
2.5765311425685695E-4
2.5746408602181527E-4
2.5727532723559903E-4
2.570868373287567E-4
2.5689861573343584E-4
2.567106618833738E-4
2.5652297521387924E-4
2.563355551618477E-4
2.5614840116574715E-4
2.559615126656041E-4
2.557748891030168E-4
2.5558852992112874E-4
2.5540243456463813E-4
2.552166024797895E-4
2.5503103311436305E-4
2.548457259176806E-4
2.5466068034057585E-4
2.5447589583542444E-4
2.542913718561136E-4
2.541071078580402E-4
2.539231032981146E-4
2.5373935763473926E-4
2.5355587032783046E-4
2.533726408387836E-4
2.5318966863048547E-4
2.5300695316730627E-4
2.5282449391508897E-4
2.5264229034115387E-4
2.5246034191428283E-4
2.522786481047195E-4
2.5209720838417104E-4
2.5191602222579307E-4
2.51735089104182E-4
2.515544084953854E-4
2.5137397987688205E-4
2.5119380272758214E-4
2.510138765278286E-4
2.5083420075937984E-4
2.506547749054167E-4
2.5047559845053284E-4
2.5029667088072446E-4
2.5011799168339675E-4
2.4993956034734884E-4
2.497613763627761E-4
2.495834392212666E-4
2.494057484157795E-4
2.492283034406684E-4
2.4905110379164766E-4
2.488741489658153E-4
2.486974384616295E-4
2.4852097177890096E-4
2.4834474841880876E-4
2.481687678838823E-4
2.4799302967799184E-4
2.47817533306348E-4
2.47642278275509E-4
2.474672640933617E-4
2.472924902691244E-4
2.4711795631333504E-4
2.469436617378557E-4
2.467696060558641E-4
2.465957887818443E-4
2.4642220943159624E-4
2.462488675222157E-4
2.4607576257209965E-4
2.459028941009356E-4
2.4573026162970466E-4
2.455578646806692E-4
2.453857027773765E-4
2.4521377544464576E-4
2.450420822085719E-4
2.448706225965225E-4
2.446993961371153E-4
2.4452840236024244E-4
2.4435764079704233E-4
2.4418711097991296E-4
2.4401681244249165E-4
2.4384674471965412E-4
2.4367690734753138E-4
2.4350729986348025E-4
2.433379218060848E-4
2.4316877271515972E-4
2.4299985213174509E-4
2.428311595980924E-4
2.4266269465767214E-4
2.4249445685516985E-4
2.4232644573646514E-4
2.4215866084865357E-4
2.419911017400189E-4
2.418237679600489E-4
2.4165665905941707E-4
2.4148977458997558E-4
2.4132311410477773E-4
2.4115667715803567E-4
2.409904633051582E-4
2.4082447210270914E-4
2.4065870310841918E-4
2.4049315588119992E-4
2.4032782998109766E-4
2.4016272496933815E-4
2.3999784040828543E-4
2.3983317586145355E-4
2.396687308935034E-4
2.3950450507024407E-4
2.3934049795860978E-4
2.391767091266726E-4
2.3901313814363997E-4
2.3884978457982962E-4
2.3868664800670474E-4
2.3852372799683033E-4
2.3836102412389722E-4
2.3819853596269215E-4
2.3803626308912954E-4
2.3787420508021557E-4
2.3771236151405798E-4
2.3755073196986992E-4
2.3738931602794853E-4
2.372281132696906E-4
2.3706712327756785E-4
2.369063456351468E-4
2.36745779927063E-4
2.3658542573903917E-4
2.364252826578611E-4
2.362653502713924E-4
2.3610562816855126E-4
2.3594611593932987E-4
2.3578681317477403E-4
2.3562771946698764E-4
2.354688344091172E-4
2.353101575953766E-4
2.351516886210007E-4
2.3499342708229256E-4
2.3483537257657373E-4
2.3467752470221113E-4
2.3451988305859712E-4
2.3436244724616141E-4
2.34205216866355E-4
2.340481915216478E-4
2.3389137081553416E-4
2.3373475435251902E-4
2.3357834173812515E-4
2.3342213257887903E-4
2.3326612648232032E-4
2.3311032305698283E-4
2.3295472191240752E-4
2.3279932265912677E-4
2.3264412490867195E-4
2.3248912827355319E-4
2.323343323672817E-4
2.3217973680434781E-4
2.3202534120021352E-4
2.3187114517132977E-4
2.3171714833511908E-4
2.3156335030997363E-4
2.3140975071525279E-4
2.3125634917129027E-4
2.311031452993668E-4
2.3095013872173408E-4
2.3079732906160216E-4
2.306447159431211E-4
2.304922989914036E-4
2.3034007783249923E-4
2.301880520934174E-4
2.300362214020939E-4
2.29884585387406E-4
2.2973314367917273E-4
2.2958189590813622E-4
2.2943084170597868E-4
2.292799807053022E-4
2.2912931253963033E-4
2.2897883684341405E-4
2.2882855325201613E-4
2.286784614017238E-4
2.285285609297223E-4
2.2837885147412165E-4
2.2822933267392756E-4
2.2808000416905255E-4
2.2793086560031115E-4
2.2778191660941487E-4
2.2763315683897001E-4
2.274845859324798E-4
2.2733620353432654E-4
2.2718800928979758E-4
2.2704000284504323E-4
2.268921838471117E-4
2.2674455194391985E-4
2.2659710678426902E-4
2.264498480178271E-4
2.2630277529513387E-4
2.261558882675988E-4
2.260091865874966E-4
2.258626699079624E-4
2.25716337883E-4
2.25570190167449E-4
2.2542422641703318E-4
2.252784462883058E-4
2.2513284943867146E-4
2.2498743552639496E-4
2.248422042105722E-4
2.2469715515114776E-4
2.2455228800890163E-4
2.2440760244545142E-4
2.2426309812324465E-4
2.2411877470557138E-4
2.2397463185653735E-4
2.2383066924108283E-4
2.2368688652496765E-4
2.2354328337477214E-4
2.233998594579004E-4
2.2325661444256743E-4
2.231135479978027E-4
2.2297065979345003E-4
2.228279495001582E-4
2.2268541678938466E-4
2.225430613333883E-4
2.2240088280523217E-4
2.2225888087877267E-4
2.2211705522867407E-4
2.219754055303816E-4
2.2183393146013965E-4
2.2169263269498015E-4
2.2155150891271555E-4
2.214105597919584E-4
2.2126978501208207E-4
2.2112918425326337E-4
2.2098875719643764E-4
2.2084850352332096E-4
2.207084229164025E-4
2.2056851505894204E-4
2.2042877963496997E-4
2.202892163292787E-4
2.2014982482741969E-4
2.2001060481571626E-4
2.1987155598124434E-4
2.1973267801183192E-4
2.1959397059606955E-4
2.1945543342329808E-4
2.1931706618359925E-4
2.1917886856781605E-4
2.1904084026752582E-4
2.1890298097505324E-4
2.1876529038346E-4
2.1862776818654993E-4
2.1849041407887043E-4
2.183532277556851E-4
2.1821620891300208E-4
2.180793572475568E-4
2.1794267245680733E-4
2.1780615423895174E-4
2.1766980229289077E-4
2.1753361631825964E-4
2.173975960154105E-4
2.172617410854099E-4
2.1712605123003881E-4
2.1699052615179143E-4
2.1685516555387623E-4
2.1671996914020026E-4
2.165849366153835E-4
2.164500676847577E-4
2.1631536205433575E-4
2.161808194308505E-4
2.160464395217185E-4
2.1591222203506537E-4
2.1577816667969795E-4
2.156442731651227E-4
2.1551054120152972E-4
2.1537697049980097E-4
2.152435607715057E-4
2.1511031172888863E-4
2.1497722308488643E-4
2.148442945531023E-4
2.147115258478265E-4
2.1457891668402683E-4
2.1444646677733938E-4
2.143141758440694E-4
2.1418204360119513E-4
2.1405006976636234E-4
2.139182540578848E-4
2.1378659619473157E-4
2.1365509589654723E-4
2.1352375288361753E-4
2.133925668769055E-4
2.13261537598012E-4
2.1313066476920983E-4
2.1299994811340692E-4
2.1286938735417377E-4
2.127389822157254E-4
2.126087324229162E-4
2.1247863770125806E-4
2.12348697776896E-4
2.1221891237661693E-4
2.120892812278481E-4
2.1195980405865582E-4
2.118304805977359E-4
2.1170131057442394E-4
2.1157229371868635E-4
2.1144342976110877E-4
2.1131471843292143E-4
2.1118615946596342E-4
2.1105775259271014E-4
2.109294975462588E-4
2.108013940603198E-4
2.1067344186922874E-4
2.105456407079303E-4
2.104179903119963E-4
2.1029049041760455E-4
2.101631407615416E-4
2.1003594108121208E-4
2.0990889111462152E-4
2.0978199060038365E-4
2.0965523927772366E-4
2.0952863688646108E-4
2.094021831670113E-4
2.092758778604101E-4
2.091497207082669E-4
2.0902371145280563E-4
2.08897849836832E-4
2.0877213560375297E-4
2.0864656849755916E-4
2.0852114826283826E-4
2.0839587464475544E-4
2.082707473890744E-4
2.081457662421238E-4
2.0802093095084184E-4
2.0789624126272028E-4
2.0777169692584786E-4
2.0764729768888218E-4
2.0752304330106278E-4
2.0739893351219633E-4
2.0727496807266676E-4
2.0715114673342932E-4
2.0702746924600914E-4
2.069039353624916E-4
2.0678054483553866E-4
2.06657297418365E-4
2.0653419286476287E-4
2.0641123092906823E-4
2.0628841136619577E-4
2.06165733931603E-4
2.060431983813098E-4
2.0592080447189286E-4
2.0579855196047595E-4
2.0567644060474373E-4
2.0555447016292106E-4
2.054326403937929E-4
2.0531095105667707E-4
2.0518940191145054E-4
2.0506799271852215E-4
2.0494672323885646E-4
2.0482559323394616E-4
2.0470460246583164E-4
2.0458375069709337E-4
2.0446303769083417E-4
2.0434246321071058E-4
2.0422202702089415E-4
2.041017288861024E-4
2.0398156857157963E-4
2.0386154584309585E-4
2.037416604669488E-4
2.0362191220996378E-4
2.035023008394918E-4
2.0338282612340487E-4
2.0326348783009635E-4
2.031442857284807E-4
2.0302521958799098E-4
2.0290628917857948E-4
2.0278749427070868E-4
2.0266883463536078E-4
2.0255031004402666E-4
2.0243192026871148E-4
2.0231366508192885E-4
2.0219554425670525E-4
2.0207755756656716E-4
2.0195970478555412E-4
2.0184198568819905E-4
2.0172440004955148E-4
2.016069476451548E-4
2.0148962825105473E-4
2.013724416437925E-4
2.0125538760040857E-4
2.0113846589844638E-4
2.0102167631593204E-4
2.0090501863139114E-4
2.0078849262383994E-4
2.0067209807278708E-4
2.005558347582351E-4
2.0043970246065666E-4
2.0032370096103507E-4
2.0020783004081583E-4
2.000920894819452E-4
1.9997647906684466E-4
1.9986099857841443E-4
1.9974564780004216E-4
1.9963042651559152E-4
1.9951533450939505E-4
1.9940037156627666E-4
1.99285537471517E-4
1.9917083201088527E-4
1.990562549706119E-4
1.9894180613740656E-4
1.9882748529844328E-4
1.9871329224136348E-4
1.9859922675427536E-4
1.9848528862575923E-4
1.983714776448532E-4
1.9825779360106068E-4
1.9814423628433984E-4
1.9803080548512226E-4
1.9791750099429342E-4
1.9780432260319174E-4
1.9769127010361789E-4
1.975783432878255E-4
1.974655419485218E-4
1.9735286587887224E-4
1.9724031487248415E-4
1.9712788872342668E-4
1.9701558722621154E-4
1.9690341017580107E-4
1.967913573676016E-4
1.9667942859746696E-4
1.9656762366169898E-4
1.9645594235703442E-4
1.9634438448065948E-4
1.9623294983019853E-4
1.9612163820371975E-4
1.9601044939971895E-4
1.9589938321713706E-4
1.9578843945535624E-4
1.956776179141778E-4
1.9556691839385886E-4
1.9545634069506376E-4
1.9534588461891112E-4
1.9523554996693385E-4
1.9512533654110617E-4
1.950152441438185E-4
1.9490527257789438E-4
1.947954216465861E-4
1.946856911535635E-4
1.9457608090292186E-4
1.9446659069918362E-4
1.9435722034728782E-4
1.9424796965259364E-4
1.9413883842087762E-4
1.9402982645833872E-4
1.939209335715851E-4
1.9381215956765078E-4
1.9370350425397496E-4
1.9359496743841535E-4
1.9348654892924246E-4
1.9337824853513064E-4
1.932700660651691E-4
1.9316200132886237E-4
1.9305405413610672E-4
1.9294622429722266E-4
1.9283851162292474E-4
1.927309159243359E-4
1.926234370129832E-4
1.9251607470079663E-4
1.9240882880009906E-4
1.9230169912362778E-4
1.921946854845121E-4
1.9208778769627712E-4
1.919810055728449E-4
1.918743389285387E-4
1.917677875780754E-4
1.916613513365603E-4
1.9155503001949805E-4
1.9144882344278348E-4
1.9134273142270105E-4
1.9123675377592512E-4
1.9113089031951906E-4
1.91025140870932E-4
1.90919505248007E-4
1.9081398326895846E-4
1.907085747524074E-4
1.9060327951733307E-4
1.9049809738311879E-4
1.903930281695161E-4
1.9028807169666395E-4
1.901832277850754E-4
1.9007849625565004E-4
1.899738769296556E-4
1.8986936962874372E-4
1.8976497417494217E-4
1.8966069039064656E-4
1.8955651809863077E-4
1.8945245712204012E-4
1.893485072843971E-4
1.8924466840958065E-4
1.891409403218572E-4
1.890373228458548E-4
1.8893381580656143E-4
1.8883041902934228E-4
1.8872713233992512E-4
1.886239555644046E-4
1.8852088852923195E-4
1.8841793106123692E-4
1.8831508298758926E-4
1.8821234413584237E-4
1.8810971433389385E-4
1.8800719341000862E-4
1.8790478119280572E-4
1.878024775112678E-4
1.8770028219472793E-4
1.8759819507287455E-4
1.874962159757583E-4
1.8739434473377106E-4
1.872925811776723E-4
1.871909251385612E-4
1.8708937644789595E-4
1.8698793493747998E-4
1.8688660043946726E-4
1.867853727863608E-4
1.8668425181101367E-4
1.8658323734661392E-4
1.8648232922671368E-4
1.863815272851958E-4
1.8628083135628797E-4
1.8618024127456853E-4
1.860797568749521E-4
1.859793779926948E-4
1.85879104463392E-4
1.857789361229857E-4
1.8567887280774274E-4
1.8557891435428428E-4
1.8547906059955617E-4
1.8537931138084418E-4
1.8527966653576901E-4
1.8518012590228872E-4
1.850806893186865E-4
1.8498135662358713E-4
1.8488212765594366E-4
1.8478300225503556E-4
1.8468398026047999E-4
1.8458506151221686E-4
1.8448624585052156E-4
1.843875331159829E-4
1.8428892314953954E-4
1.8419041579242836E-4
1.840920108862362E-4
1.8399370827285475E-4
1.8389550779451176E-4
1.837974092937559E-4
1.836994126134405E-4
1.8360151759677008E-4
1.8350372408724444E-4
1.8340603192869173E-4
1.8330844096526016E-4
1.8321095104141015E-4
1.8311356200192112E-4
1.8301627369189533E-4
1.8291908595673514E-4
1.8282199864217563E-4
1.8272501159425177E-4
1.8262812465931347E-4
1.8253133768402296E-4
1.8243465051536335E-4
1.8233806300061526E-4
1.8224157498737743E-4
1.8214518632355087E-4
1.8204889685734967E-4
1.81952706437291E-4
1.8185661491220315E-4
1.817606221312193E-4
1.816647279437733E-4
1.8156893219960986E-4
1.8147323474877215E-4
1.8137763544160874E-4
1.8128213412876298E-4
1.8118673066119378E-4
1.8109142489014808E-4
1.8099621666717322E-4
1.8090110584412667E-4
1.8080609227314753E-4
1.8071117580668687E-4
1.806163562974828E-4
1.8052163359857595E-4
1.8042700756329736E-4
1.8033247804527327E-4
1.8023804489842947E-4
1.8014370797697496E-4
1.8004946713542132E-4
1.799553222285588E-4
1.7986127311148267E-4
1.7976731963956834E-4
1.7967346166848793E-4
1.7957969905419268E-4
1.794860316529302E-4
1.793924593212292E-4
1.7929898191591554E-4
1.7920559929408586E-4
1.7911231131313162E-4
1.7901911783072504E-4
1.7892601870482503E-4
1.7883301379367127E-4
1.7874010295578684E-4
1.7864728604997387E-4
1.7855456293531968E-4
1.784619334711857E-4
1.783693975172185E-4
1.7827695493334057E-4
1.7818460557975045E-4
1.780923493169305E-4
1.7800018600563528E-4
1.7790811550689455E-4
1.7781613768201804E-4
1.7772425239258227E-4
1.7763245950044266E-4
1.775407588677319E-4
1.77449150356849E-4
1.7735763383046796E-4
1.7726620915153014E-4
1.771748761832538E-4
1.770836347891233E-4
1.7699248483289286E-4
1.7690142617858313E-4
1.7681045869048518E-4
1.767195822331617E-4
1.7662879667143427E-4
1.765381018703912E-4
1.764474976953958E-4
1.7635698401206328E-4
1.7626656068627875E-4
1.7617622758419506E-4
1.760859845722167E-4
1.7599583151702304E-4
1.7590576828554517E-4
1.758157947449801E-4
1.7572591076278732E-4
1.7563611620667326E-4
1.7554641094462073E-4
1.754567948448578E-4
1.7536726777587884E-4
1.752778296064248E-4
1.7518848020550595E-4
1.7509921944238013E-4
1.7501004718656227E-4
1.749209633078191E-4
1.7483196767617876E-4
1.747430601619119E-4
1.746542406355533E-4
1.7456550896788087E-4
1.744768650299346E-4
1.743883086929879E-4
1.742998398285802E-4
1.7421145830849783E-4
1.7412316400476857E-4
1.740349567896759E-4
1.7394683653575103E-4
1.738588031157686E-4
1.737708564027533E-4
1.7368299626997075E-4
1.7359522259094147E-4
1.735075352394181E-4
1.734199340894092E-4
1.733324190151632E-4
1.7324498989116648E-4
1.731576465921557E-4
1.730703889931063E-4
1.7298321696922946E-4
1.7289613039599396E-4
1.7280912914908363E-4
1.7272221310444497E-4
1.7263538213825125E-4
1.725486361269165E-4
1.724619749470967E-4
1.723753984756778E-4
1.7228890658978928E-4
1.7220249916679342E-4
1.721161760842867E-4
1.7202993722010732E-4
1.7194378245231833E-4
1.7185771165922613E-4
1.7177172471936574E-4
1.7168582151150138E-4
1.7160000191464243E-4
1.715142658080118E-4
1.7142861307107722E-4
1.7134304358353453E-4
1.7125755722530674E-4
1.7117215387654574E-4
1.710868334176363E-4
1.7100159572919124E-4
1.7091644069204502E-4
1.7083136818727134E-4
1.7074637809615965E-4
1.7066147030022667E-4
1.705766446812216E-4
1.7049190112111234E-4
1.7040723950209697E-4
1.7032265970659283E-4
1.7023816161724616E-4
1.701537451169157E-4
1.7006941008869893E-4
1.6998515641589897E-4
1.6990098398205397E-4
1.6981689267091496E-4
1.6973288236645336E-4
1.69648952952867E-4
1.695651043145615E-4
1.6948133633617758E-4
1.693976489025577E-4
1.6931404189877525E-4
1.692305152101125E-4
1.6914706872207255E-4
1.6906370232037612E-4
1.689804158909547E-4
1.6889720931995947E-4
1.6881408249375335E-4
1.6873103529891565E-4
1.6864806762224114E-4
1.6856517935073348E-4
1.684823703716134E-4
1.683996405723107E-4
1.6831698984046454E-4
1.6823441806393478E-4
1.6815192513078286E-4
1.6806951092928718E-4
1.6798717534793046E-4
1.6790491827540555E-4
1.6782273960061684E-4
1.6774063921267996E-4
1.676586170009097E-4
1.6757667285483365E-4
1.674948066641867E-4
1.674130183189087E-4
1.6733130770914582E-4
1.672496747252471E-4
1.6716811925777324E-4
1.670866411974837E-4
1.6700524043534009E-4
1.6692391686251763E-4
1.6684267037038344E-4
1.6676150085051321E-4
1.6668040819468137E-4
1.6659939229486865E-4
1.665184530432514E-4
1.6643759033221485E-4
1.663568040543385E-4
1.662760941023948E-4
1.6619546036937E-4
1.6611490274844092E-4
1.660344211329874E-4
1.6595401541657717E-4
1.6587368549298776E-4
1.657934312561878E-4
1.6571325260034172E-4
1.6563314941981527E-4
1.6555312160915878E-4
1.6547316906313181E-4
1.653932916766767E-4
1.6531348934494387E-4
1.6523376196326062E-4
1.6515410942715954E-4
1.650745316323637E-4
1.6499502847478883E-4
1.649155998505382E-4
1.648362456559162E-4
1.6475696578740706E-4
1.6467776014169187E-4
1.6459862861564777E-4
1.6451957110632934E-4
1.6444058751099227E-4
1.64361677727071E-4
1.6428284165219715E-4
1.6420407918418383E-4
1.6412539022103777E-4
1.6404677466095032E-4
1.6396823240229794E-4
1.638897633436486E-4
1.6381136738374878E-4
1.6373304442153687E-4
1.6365479435613662E-4
1.6357661708685142E-4
1.6349851251317297E-4
1.6342048053477745E-4
1.63342521051517E-4
1.6326463396344051E-4
1.6318681917076638E-4
1.631090765739049E-4
1.630314060734404E-4
1.6295380757014774E-4
1.628762809649686E-4
1.6279882615904167E-4
1.6272144305367494E-4
1.626441315503583E-4
1.6256689155076708E-4
1.6248972295674385E-4
1.6241262567032237E-4
1.6233559959370633E-4
1.622586446292799E-4
1.6218176067960485E-4
1.621049476474142E-4
1.620282054356312E-4
1.6195153394734212E-4
1.6187493308581201E-4
1.6179840275448642E-4
1.6172194285698127E-4
1.616455532970864E-4
1.6156923397876984E-4
1.6149298480617032E-4
1.6141680568359943E-4
1.6134069651554568E-4
1.6126465720666433E-4
1.6118868766178831E-4
1.611127877859183E-4
1.610369574842315E-4
1.6096119666207236E-4
1.6088550522495393E-4
1.608098830785631E-4
1.607343301287577E-4
1.606588462815615E-4
1.6058343144316982E-4
1.6050808551994623E-4
1.6043280841842336E-4
1.603576000452981E-4
1.6028246030744167E-4
1.602073891118873E-4
1.6013238636583516E-4
1.600574519766557E-4
1.599825858518833E-4
1.5990778789921683E-4
1.5983305802652349E-4
1.5975839614183193E-4
1.596838021533362E-4
1.5960927596940012E-4
1.5953481749854333E-4
1.5946042664945483E-4
1.5938610333098564E-4
1.593118474521479E-4
1.59237658922112E-4
1.591635376502278E-4
1.5908948354598364E-4
1.5901549651904542E-4
1.589415764792331E-4
1.5886772333653225E-4
1.5879393700108388E-4
1.5872021738319264E-4
1.586465643933176E-4
1.5857297794208186E-4
1.5849945794026862E-4
1.5842600429881464E-4
1.5835261692881945E-4
1.582792957415356E-4
1.5820604064837877E-4
1.5813285156091833E-4
1.580597283908795E-4
1.579866710501457E-4
1.5791367945076033E-4
1.5784075350491316E-4
1.5776789312496166E-4
1.576950982234028E-4
1.576223687129065E-4
1.5754970450627758E-4
1.574771055164961E-4
1.5740457165667606E-4
1.5733210284009925E-4
1.5725969898019228E-4
1.5718735999053539E-4
1.5711508578486664E-4
1.5704287627707025E-4
1.5697073138118395E-4
1.5689865101139766E-4
1.568266350820539E-4
1.5675468350764214E-4
1.5668279620280334E-4
1.5661097308233087E-4
1.5653921406116877E-4
1.5646751905440078E-4
1.5639588797727045E-4
1.5632432074516754E-4
1.5625281727363102E-4
1.5618137747834174E-4
1.561100012751321E-4
1.560386885799863E-4
1.559674393090313E-4
1.5589625337854464E-4
1.5582513070493644E-4
1.5575407120478428E-4
1.5568307479479654E-4
1.5561214139183424E-4
1.5554127091290055E-4
1.554704632751426E-4
1.5539971839585284E-4
1.553290361924719E-4
1.5525841658257992E-4
1.551878594838986E-4
1.551173648143028E-4
1.5504693249180122E-4
1.549765624345476E-4
1.5490625456084003E-4
1.548360087891145E-4
1.5476582503795092E-4
1.5469570322607708E-4
1.5462564327235027E-4
1.5455564509577613E-4
1.5448570861550305E-4
1.5441583375081096E-4
1.543460204211295E-4
1.5427626854601806E-4
1.542065780451845E-4
1.5413694883847112E-4
1.540673808458577E-4
1.539978739874662E-4
1.539284281835552E-4
1.5385904335452058E-4
1.5378971942089538E-4
1.5372045630334985E-4
1.536512539226972E-4
1.5358211219987676E-4
1.535130310559702E-4
1.5344401041219655E-4
1.5337505018991107E-4
1.5330615031059473E-4
1.5323731069588015E-4
1.531685312675231E-4
1.530998119474157E-4
1.5303115265758244E-4
1.5296255332019156E-4
1.528940138575356E-4
1.5282553419204256E-4
1.5275711424627707E-4
1.5268875394293066E-4
1.5262045320483625E-4
1.5255221195495408E-4
1.5248403011637097E-4
1.5241590761231596E-4
1.5234784436614037E-4
1.522798403013355E-4
1.522118953415146E-4
1.521440094104308E-4
1.5207618243195934E-4
1.5200841433011056E-4
1.519407050290227E-4
1.5187305445296602E-4
1.5180546252633345E-4
1.5173792917365806E-4
1.516704543195902E-4
1.516030378889174E-4
1.5153567980654868E-4
1.5146837999752475E-4
1.5140113838701274E-4
1.513339549003099E-4
1.5126682946283942E-4
1.5119976200014194E-4
1.5113275243790536E-4
1.5106580070191913E-4
1.5099890671812051E-4
1.5093207041256046E-4
1.508652917114126E-4
1.5079857054099114E-4
1.5073190682771725E-4
1.50665300498148E-4
1.5059875147896363E-4
1.5053225969696287E-4
1.5046582507907713E-4
1.503994475523503E-4
1.5033312704396262E-4
1.5026686348120483E-4
1.502006567915009E-4
1.5013450690239317E-4
1.5006841374154404E-4
1.5000237723673986E-4
1.4993639731589365E-4
1.4987047390702888E-4
1.4980460693830288E-4
1.4973879633798542E-4
1.4967304203447005E-4
1.4960734395627476E-4
1.4954170203202528E-4
1.4947611619048627E-4
1.4941058636052456E-4
1.493451124711353E-4
1.492796944514362E-4
1.4921433223065515E-4
1.4914902573814404E-4
1.4908377490336884E-4
1.4901857965592656E-4
1.4895343992551307E-4
1.4888835564195777E-4
1.4882332673520196E-4
1.4875835313530493E-4
1.4869343477243968E-4
1.486285715768998E-4
1.4856376347909634E-4
1.484990104095542E-4
1.4843431229891356E-4
1.4836966907793363E-4
1.4830508067748796E-4
1.4824054702856394E-4
1.4817606806226435E-4
1.4811164370981422E-4
1.4804727390253894E-4
1.479829585718922E-4
1.479186976494322E-4
1.4785449106683704E-4
1.4779033875589532E-4
1.4772624064850992E-4
1.4766219667670163E-4
1.475982067725963E-4
1.4753427086843605E-4
1.4747038889657913E-4
1.4740656078948803E-4
1.4734278647974462E-4
1.4727906590003952E-4
1.4721539898317857E-4
1.4715178566207017E-4
1.4708822586974709E-4
1.4702471953933875E-4
1.4696126660409593E-4
1.4689786699737577E-4
1.4683452065264354E-4
1.4677122750348404E-4
1.4670798748357434E-4
1.4664480052672103E-4
1.4658166656682605E-4
1.4651858553790708E-4
1.4645555737408583E-4
1.4639258200959928E-4
1.4632965937878744E-4
1.462667894160998E-4
1.462039720560931E-4
1.4614120723343898E-4
1.4607849488290262E-4
1.4601583493936883E-4
1.4595322733782382E-4
1.4589067201336585E-4
1.4582816890119376E-4
1.4576571793661536E-4
1.4570331905504411E-4
1.4564097219200373E-4
1.455786772831164E-4
1.4551643426411406E-4
1.4545424307083434E-4
1.4539210363922228E-4
1.4533001590531813E-4
1.4526797980528032E-4
1.4520599527536232E-4
1.4514406225192542E-4
1.4508218067143383E-4
1.4502035047045758E-4
1.4495857158566613E-4
1.4489684395383904E-4
1.4483516751185162E-4
1.447735421966865E-4
1.447119679454321E-4
1.4465044469527376E-4
1.4458897238350265E-4
1.4452755094750618E-4
1.444661803247844E-4
1.4440486045293302E-4
1.4434359126964382E-4
1.4428237271272098E-4
1.4422120472006573E-4
1.4416008722967552E-4
1.4409902017965403E-4
1.4403800350820385E-4
1.43977037153627E-4
1.4391612105432732E-4
1.4385525514880649E-4
1.4379443937566778E-4
1.4373367367361516E-4
1.436729579814491E-4
1.4361229223806789E-4
1.4355167638247597E-4
1.4349111035376875E-4
1.4343059409114537E-4
1.4337012753389775E-4
1.4330971062142197E-4
1.4324934329321026E-4
1.4318902548884934E-4
1.4312875714803046E-4
1.4306853821053077E-4
1.4300836861623885E-4
1.4294824830513158E-4
1.4288817721727734E-4
1.4282815529285768E-4
1.4276818247213656E-4
1.4270825869547695E-4
1.4264838390334034E-4
1.4258855803628184E-4
1.4252878103495717E-4
1.4246905284010642E-4
1.424093733925792E-4
1.4234974263330864E-4
1.422901605033314E-4
1.4223062694376985E-4
1.4217114189584806E-4
1.421117053008806E-4
1.4205231710028097E-4
1.419929772355489E-4
1.4193368564828352E-4
1.418744422801723E-4
1.4181524707301E-4
1.4175609996866279E-4
1.416970009091066E-4
1.4163794983640494E-4
1.4157894669271454E-4
1.4151999142028126E-4
1.414610839614488E-4
1.414022242586487E-4
1.4134341225440321E-4
1.412846478913342E-4
1.4122593111214345E-4
1.4116726185963558E-4
1.4110864007669667E-4
1.4105006570631527E-4
1.4099153869155253E-4
1.4093305897557742E-4
1.408746265016468E-4
1.4081624121309492E-4
1.407579030533628E-4
1.4069961196597154E-4
1.406413678945332E-4
1.405831707827517E-4
1.4052502057441927E-4
1.4046691721341737E-4
1.4040886064371663E-4
1.4035085080937355E-4
1.4029288765453774E-4
1.4023497112344553E-4
1.4017710116042168E-4
1.4011927770987492E-4
1.4006150071631422E-4
1.400037701243198E-4
1.3994608587857092E-4
1.3988844792382917E-4
1.3983085620494984E-4
1.3977331066686787E-4
1.3971581125460768E-4
1.3965835791328267E-4
1.39600950588088E-4
1.3954358922431005E-4
1.394862737673201E-4
1.3942900416257311E-4
1.3937178035561412E-4
1.3931460229207144E-4
1.3925746991765578E-4
1.3920038317817004E-4
1.3914334201949716E-4
1.3908634638760926E-4
1.3902939622855616E-4
1.3897249148848615E-4
1.3891563211361238E-4
1.388588180502486E-4
1.3880204924479142E-4
1.387453256437125E-4
1.3868864719357107E-4
1.3863201384101538E-4
1.3857542553277324E-4
1.3851888221565358E-4
1.3846238383655326E-4
1.384059303424457E-4
1.3834952168039822E-4
1.382931577975498E-4
1.382368386411265E-4
1.3818056415844E-4
1.3812433429687685E-4
1.3806814900391395E-4
1.3801200822710502E-4
1.379559119140822E-4
1.3789986001257065E-4
1.3784385247037005E-4
1.377878892353567E-4
1.377319702554947E-4
1.3767609547882915E-4
1.376202648534813E-4
1.3756447832766089E-4
1.3750873584965004E-4
1.3745303736781246E-4
1.3739738283060013E-4
1.373417721865338E-4
1.3728620538422642E-4
1.3723068237235568E-4
1.3717520309969148E-4
1.371197675150787E-4
1.3706437556744544E-4
1.3700902720578705E-4
1.3695372237919066E-4
1.368984610368186E-4
1.368432431279083E-4
1.367880686017817E-4
1.3673293740783124E-4
1.366778494955368E-4
1.3662280481444822E-4
1.3656780331420076E-4
1.3651284494449917E-4
1.3645792965513164E-4
1.3640305739596507E-4
1.363482281169378E-4
1.3629344176806937E-4
1.3623869829945722E-4
1.3618399766127218E-4
1.3612933980376387E-4
1.3607472467726207E-4
1.360201522321651E-4
1.3596562241895163E-4
1.3591113518818043E-4
1.3585669049048245E-4
1.3580228827655912E-4
1.3574792849719753E-4
1.356936111032574E-4
1.356393360456694E-4
1.355851032754424E-4
1.355309127436633E-4
1.354767644014908E-4
1.354226582001561E-4
1.3536859409097088E-4
1.353145720253189E-4
1.3526059195465487E-4
1.352066538305159E-4
1.3515275760450532E-4
1.3509890322829963E-4
1.3504509065366077E-4
1.3499131983240955E-4
1.3493759071645471E-4
1.3488390325776343E-4
1.3483025740839097E-4
1.3477665312045488E-4
1.347230903461489E-4
1.346695690377445E-4
1.3461608914757853E-4
1.3456265062806397E-4
1.3450925343168896E-4
1.3445589751100658E-4
1.3440258281865065E-4
1.3434930930732083E-4
1.3429607692979077E-4
1.3424288563890918E-4
1.3418973538759186E-4
1.3413662612882354E-4
1.3408355781566905E-4
1.3403053040126204E-4
1.339775438387979E-4
1.3392459808155534E-4
1.3387169308287812E-4
1.3381882879617826E-4
1.3376600517494736E-4
1.337132221727387E-4
1.3366047974317806E-4
1.3360777783996314E-4
1.3355511641685865E-4
1.3350249542770529E-4
1.3344991482640208E-4
1.333973745669344E-4
1.3334487460334176E-4
1.3329241488974327E-4
1.332399953803215E-4
1.3318761602932976E-4
1.331352767910889E-4
1.3308297761999353E-4
1.33030718470499E-4
1.3297849929713994E-4
1.3292632005451138E-4
1.328741806972761E-4
1.3282208118017244E-4
1.3277002145800033E-4
1.3271800148562706E-4
1.3266602121799343E-4
1.3261408061010534E-4
1.3256217961703717E-4
1.3251031819392514E-4
1.324584962959767E-4
1.3240671387847294E-4
1.3235497089675186E-4
1.3230326730622233E-4
1.3225160306236215E-4
1.3219997812071328E-4
1.321483924368858E-4
1.3209684596655696E-4
1.3204533866546353E-4
1.3199387048941932E-4
1.3194244139429814E-4
1.3189105133603574E-4
1.3183970027064466E-4
1.3178838815419464E-4
1.3173711494281993E-4
1.316858805927301E-4
1.316346850601864E-4
1.315835283015303E-4
1.3153241027315455E-4
1.3148133093152667E-4
1.3143029023317338E-4
1.3137928813468827E-4
1.3132832459273092E-4
1.3127739956402088E-4
1.3122651300535157E-4
1.3117566487356666E-4
1.3112485512558513E-4
1.3107408371839041E-4
1.310233506090178E-4
1.309726557545816E-4
1.309219991122504E-4
1.3087138063925846E-4
1.3082080029290405E-4
1.307702580305498E-4
1.3071975380961562E-4
1.3066928758759613E-4
1.3061885932203482E-4
1.3056846897055026E-4
1.305181164908174E-4
1.3046780184057313E-4
1.3041752497762333E-4
1.3036728585982766E-4
1.30317084445114E-4
1.302669206914695E-4
1.302167945569479E-4
1.3016670599965576E-4
1.3011665497777322E-4
1.3006664144953335E-4
1.300166653732336E-4
1.2996672670723255E-4
1.299168254099507E-4
1.2986696143986955E-4
1.2981713475553448E-4
1.2976734531554307E-4
1.2971759307856963E-4
1.2966787800333137E-4
1.2961820004861774E-4
1.2956855917327573E-4
1.2951895533621177E-4
1.294693884963959E-4
1.294198586128525E-4
1.2937036564467276E-4
1.293209095510034E-4
1.2927149029105496E-4
1.2922210782409017E-4
1.2917276210944488E-4
1.2912345310649897E-4
1.2907418077470097E-4
1.2902494507355933E-4
1.2897574596263777E-4
1.2892658340156243E-4
1.2887745735001477E-4
1.2882836776773922E-4
1.2877931461453647E-4
1.2873029785026704E-4
1.2868131743485104E-4
1.2863237332826237E-4
1.2858346549054277E-4
1.2853459388178015E-4
1.284857584621312E-4
1.284369591918058E-4
1.2838819603106825E-4
1.283394689402498E-4
1.2829077787973424E-4
1.28242122809961E-4
1.2819350369143318E-4
1.2814492048470242E-4
1.2809637315038772E-4
1.280478616491594E-4
1.279993859417442E-4
1.279509459889313E-4
1.2790254175155987E-4
1.2785417319053364E-4
1.2780584026680626E-4
1.277575429413892E-4
1.2770928117535507E-4
1.276610549298294E-4
1.2761286416599162E-4
1.2756470884508556E-4
1.275165889284004E-4
1.2746850437729207E-4
1.2742045515316336E-4
1.273724412174795E-4
1.2732446253175704E-4
1.2727651905756985E-4
1.2722861075654818E-4
1.2718073759037459E-4
1.2713289952079345E-4
1.2708509650959912E-4
1.2703732851864074E-4
1.2698959550982427E-4
1.2694189744511046E-4
1.268942342865146E-4
1.26846605996108E-4
1.2679901253601124E-4
1.2675145386841053E-4
1.267039299555332E-4
1.2665644075967225E-4
1.2660898624316846E-4
1.2656156636841703E-4
1.2651418109787057E-4
1.2646683039403326E-4
1.2641951421946194E-4
1.2637223253676876E-4
1.263249853086241E-4
1.262777724977401E-4
1.262305940668953E-4
1.2618344997891509E-4
1.2613634019667804E-4
1.2608926468311816E-4
1.2604222340121795E-4
1.259952163140223E-4
1.259482433846183E-4
1.2590130457615137E-4
1.25854399851823E-4
1.258075291748746E-4
1.2576069250862037E-4
1.2571388981640215E-4
1.2566712106163816E-4
1.2562038620778088E-4
1.2557368521834693E-4
1.255270180568979E-4
1.2548038468704998E-4
1.2543378507246867E-4
1.2538721917687784E-4
1.2534068696404778E-4
1.252941883977961E-4
1.2524772344200388E-4
1.252012920605917E-4
1.251548942175393E-4
1.2510852987687574E-4
1.2506219900267765E-4
1.2501590155907874E-4
1.2496963751025775E-4
1.249234068204478E-4
1.2487720945393127E-4
1.2483104537504432E-4
1.2478491454817183E-4
1.2473881693774594E-4
1.2469275250825317E-4
1.2464672122422925E-4
1.2460072305025952E-4
1.24554757950983E-4
1.2450882589108318E-4
1.2446292683529866E-4
1.244170607484131E-4
1.243712275952627E-4
1.2432542734073482E-4
1.2427965994976512E-4
1.2423392538733576E-4
1.2418822361848369E-4
1.2414255460828998E-4
1.2409691832189268E-4
1.240513147244675E-4
1.2400574378125238E-4
1.239602054575215E-4
1.239146997186078E-4
1.238692265298912E-4
1.2382378585679423E-4
1.2377837766479284E-4
1.2373300191941493E-4
1.2368765858623132E-4
1.2364234763086228E-4
1.2359706901897974E-4
1.235518227162991E-4
1.2350660868858788E-4
1.234614269016596E-4
1.2341627732137555E-4
1.2337115991364656E-4
1.2332607464442944E-4
1.2328102147973337E-4
1.232360003856071E-4
1.2319101132815449E-4
1.2314605427352293E-4
1.231011291879076E-4
1.2305623603755245E-4
1.2301137478874877E-4
1.2296654540783293E-4
1.2292174786118678E-4
1.2287698211524932E-4
1.2283224813649257E-4
1.227875458914444E-4
1.2274287534667845E-4
1.2269823646881086E-4
1.2265362922450845E-4
1.2260905358048305E-4
1.225645095034951E-4
1.2251999696034734E-4
1.224755159178902E-4
1.22431066343025E-4
1.2238664820268992E-4
1.2234226146387665E-4
1.2229790609362385E-4
1.22253582059007E-4
1.2220928932715717E-4
1.2216502786524774E-4
1.2212079764049681E-4
1.2207659862016607E-4
1.2203243077156898E-4
1.2198829406205627E-4
1.219441884590293E-4
1.2190011392993676E-4
1.2185607044226544E-4
1.2181205796355306E-4
1.2176807646138099E-4
1.2172412590337562E-4
1.2168020625720524E-4
1.2163631749058723E-4
1.2159245957127871E-4
1.215486324670886E-4
1.2150483614586241E-4
1.214610705755005E-4
1.2141733572393032E-4
1.213736315591442E-4
1.2132995804916422E-4
1.2128631516206393E-4
1.212427028659551E-4
1.2119912112899925E-4
1.2115556991939832E-4
1.2111204920540006E-4
1.2106855895529356E-4
1.2102509913741494E-4
1.2098166972014013E-4
1.2093827067189173E-4
1.2089490196113409E-4
1.208515635563813E-4
1.2080825542617769E-4
1.2076497753912198E-4
1.2072172986385091E-4
1.206785123690456E-4
1.2063532502343242E-4
1.2059216779577945E-4
1.2054904065489267E-4
1.2050594356963033E-4
1.204628765088859E-4
1.2041983944159752E-4
1.2037683233674866E-4
1.203338551633588E-4
1.2029090789049935E-4
1.2024799048727575E-4
1.2020510292283667E-4
1.2016224516638001E-4
1.2011941718714172E-4
1.2007661895439168E-4
1.2003385043745817E-4
1.1999111160569563E-4
1.1994840242851393E-4
1.1990572287535086E-4
1.1986307291569976E-4
1.1982045251908514E-4
1.1977786165507928E-4
1.197353002932919E-4
1.1969276840337892E-4
1.1965026595502938E-4
1.1960779291798505E-4
1.1956534926201908E-4
1.1952293495695302E-4
1.1948054997264155E-4
1.1943819427899386E-4
1.193958678459409E-4
1.1935357064346909E-4
1.1931130264160425E-4
1.1926906381040532E-4
1.1922685411998212E-4
1.1918467354047318E-4
1.1914252204207104E-4
1.1910039959500068E-4
1.190583061695213E-4
1.1901624173594775E-4
1.189742062646281E-4
1.189321997259434E-4
1.1889022209032497E-4
1.1884827332824143E-4
1.1880635341020098E-4
1.1876446230674515E-4
1.1872259998846864E-4
1.1868076642599454E-4
1.1863896158999202E-4
1.1859718545116749E-4
1.1855543798026716E-4
1.1851371914807392E-4
1.1847202892541857E-4
1.1843036728316185E-4
1.183887341922086E-4
1.1834712962350497E-4
1.183055535480287E-4
1.182640059368039E-4
1.1822248676089462E-4
1.1818099599139638E-4
1.181395335994488E-4
1.180980995562298E-4
1.1805669383295695E-4
1.1801531640088565E-4
1.1797396723130608E-4
1.1793264629555499E-4
1.1789135356500141E-4
1.1785008901105384E-4
1.1780885260516183E-4
1.1776764431881232E-4
1.177264641235304E-4
1.1768531199087708E-4
1.1764418789245244E-4
1.1760309179990125E-4
1.1756202368489249E-4
1.17520983519149E-4
1.1747997127441928E-4
1.1743898692249509E-4
1.1739803043520571E-4
1.1735710178441871E-4
1.1731620094203597E-4
1.1727532788000063E-4
1.1723448257029191E-4
1.1719366498492394E-4
1.1715287509595468E-4
1.1711211287547419E-4
1.1707137829561219E-4
1.1703067132853337E-4
1.1698999194644202E-4
1.1694934012157586E-4
1.1690871582621264E-4
1.1686811903267015E-4
1.1682754971329833E-4
1.1678700784048368E-4
1.1674649338665175E-4
1.1670600632426391E-4
1.1666554662582014E-4
1.166251142638526E-4
1.1658470921093475E-4
1.1654433143967508E-4
1.1650398092271222E-4
1.1646365763273569E-4
1.1642336154245722E-4
1.1638309262463088E-4
1.1634285085204604E-4
1.163026361975284E-4
1.1626244863394334E-4
1.1622228813418146E-4
1.161821546711812E-4
1.1614204821791164E-4
1.1610196874737906E-4
1.1606191623261952E-4
1.1602189064671745E-4
1.1598189196277888E-4
1.159419201539572E-4
1.159019751934309E-4
1.1586205705442279E-4
1.1582216571018412E-4
1.1578230113400891E-4
1.1574246329922158E-4
1.1570265217917793E-4
1.1566286774728004E-4
1.1562310997695484E-4
1.1558337884166734E-4
1.1554367431492203E-4
1.1550399637025427E-4
1.15464344981231E-4
1.1542472012146116E-4
1.1538512176458433E-4
1.153455498842781E-4
1.1530600445424426E-4
1.1526648544823618E-4
1.1522699284002766E-4
1.1518752660343307E-4
1.1514808671230149E-4
1.1510867314051622E-4
1.1506928586199188E-4
1.1502992485067747E-4
1.1499059008056312E-4
1.1495128152566117E-4
1.1491199916003246E-4
1.1487274295775992E-4
1.1483351289296584E-4
1.1479430893980501E-4
1.1475513107246894E-4
1.1471597926518007E-4
1.1467685349219226E-4
1.1463775372779802E-4
1.1459867994632453E-4
1.1455963212212485E-4
1.1452061022959397E-4
1.1448161424315168E-4
1.1444264413726219E-4
1.1440369988641631E-4
1.1436478146513314E-4
1.14325888847979E-4
1.1428702200954113E-4
1.1424818092444603E-4
1.1420936556735096E-4
1.1417057591294438E-4
1.141318119359552E-4
1.1409307361113659E-4
1.1405436091327868E-4
1.1401567381720619E-4
1.1397701229777145E-4
1.1393837632986609E-4
1.1389976588840877E-4
1.138611809483531E-4
1.1382262148468633E-4
1.1378408747242803E-4
1.1374557888662641E-4
1.1370709570236552E-4
1.1366863789476301E-4
1.1363020543896698E-4
1.1359179831015841E-4
1.1355341648354766E-4
1.1351505993438275E-4
1.1347672863793687E-4
1.1343842256952258E-4
1.1340014170448074E-4
1.1336188601817985E-4
1.1332365548603318E-4
1.1328545008347071E-4
1.1324726978596288E-4
1.13209114569011E-4
1.131709844081459E-4
1.131328792789346E-4
1.130947991569677E-4
1.1305674401787679E-4
1.1301871383731525E-4
1.1298070859097731E-4
1.1294272825458053E-4
1.1290477280388161E-4
1.1286684221466213E-4
1.1282893646273589E-4
1.1279105552395113E-4
1.1275319937418617E-4
1.1271536798934824E-4
1.1267756134537699E-4
1.1263977941824154E-4
1.1260202218394927E-4
1.1256428961852315E-4
1.125265816980356E-4
1.1248889839857654E-4
1.1245123969627051E-4
1.124136055672743E-4
1.123759959877721E-4
1.1233841093398514E-4
1.1230085038215496E-4
1.1226331430856292E-4
1.122258026895203E-4
1.1218831550135791E-4
1.1215085272045184E-4
1.1211341432319826E-4
1.1207600028602652E-4
1.1203861058539723E-4
1.120012451978027E-4
1.1196390409976147E-4
1.1192658726782252E-4
1.118892946785655E-4
1.1185202630860193E-4
1.1181478213457343E-4
1.1177756213314942E-4
1.1174036628102747E-4
1.1170319455493824E-4
1.1166604693164077E-4
1.1162892338792675E-4
1.1159182390061304E-4
1.1155474844654657E-4
1.1151769700260614E-4
1.114806695457013E-4
1.114436660527664E-4
1.1140668650076414E-4
1.1136973086669725E-4
1.1133279912758745E-4
1.1129589126048756E-4
1.112590072424823E-4
1.1122214705068292E-4
1.1118531066223185E-4
1.1114849805430151E-4
1.111117092040896E-4
1.1107494408882417E-4
1.1103820268576527E-4
1.1100148497219495E-4
1.1096479092543486E-4
1.1092812052282493E-4
1.1089147374173804E-4
1.108548505595799E-4
1.1081825095377539E-4
1.1078167490178728E-4
1.107451223811026E-4
1.1070859336923707E-4
1.1067208784373442E-4
1.1063560578216517E-4
1.1059914716213826E-4
1.1056271196127791E-4
1.105263001572395E-4
1.1048991172771736E-4
1.1045354665041983E-4
1.1041720490309252E-4
1.1038088646350466E-4
1.103445913094555E-4
1.1030831941877176E-4
1.1027207076931157E-4
1.1023584533895298E-4
1.1019964310560878E-4
1.1016346404721893E-4
1.1012730814174991E-4
1.1009117536719651E-4
1.100550657015758E-4
1.1001897912294473E-4
1.0998291560937485E-4
1.0994687513897215E-4
1.0991085768987238E-4
1.0987486324023136E-4
1.0983889176824193E-4
1.0980294325211374E-4
1.0976701767009136E-4
1.0973111500044716E-4
1.0969523522147295E-4
1.0965937831149688E-4
1.0962354424886777E-4
1.095877330119658E-4
1.0955194457919692E-4
1.0951617892899494E-4
1.0948043603981697E-4
1.0944471589014875E-4
1.0940901845851095E-4
1.0937334372343877E-4
1.0933769166350006E-4
1.0930206225729261E-4
1.0926645548343579E-4
1.0923087132057623E-4
1.0919530974739073E-4
1.0915977074258139E-4
1.0912425428487166E-4
1.0908876035302336E-4
1.0905328892581119E-4
1.0901783998204794E-4
1.0898241350056355E-4
1.0894700946022176E-4
1.0891162783990767E-4
1.0887626861853607E-4
1.0884093177504562E-4
1.0880561728840382E-4
1.0877032513759978E-4
1.0873505530165191E-4
1.0869980775960601E-4
1.0866458249053606E-4
1.0862937947353344E-4
1.0859419868772331E-4
1.0855904011225179E-4
1.0852390372629674E-4
1.0848878950905447E-4
1.0845369743975401E-4
1.084186274976487E-4
1.0838357966201207E-4
1.0834855391215155E-4
1.0831355022739792E-4
1.0827856858709945E-4
1.0824360897064129E-4
1.0820867135742737E-4
1.0817375572689306E-4
1.0813886205849139E-4
1.0810399033170844E-4
1.0806914052604907E-4
1.0803431262104793E-4
1.0799950659626242E-4
1.0796472243127937E-4
1.0792996010570788E-4
1.0789521959917933E-4
1.0786050089135654E-4
1.0782580396191941E-4
1.0779112879058514E-4
1.0775647535708323E-4
1.0772184364117879E-4
1.0768723362264903E-4
1.0765264528131141E-4
1.0761807859699739E-4
1.0758353354956541E-4
1.0754901011890343E-4
1.0751450828492037E-4
1.0748002802754758E-4
1.0744556932674715E-4
1.0741113216250042E-4
1.0737671651481345E-4
1.0734232236372877E-4
1.0730794968929238E-4
1.072735984715899E-4
1.0723926869073062E-4
1.0720496032684322E-4
1.0717067336008491E-4
1.0713640777063018E-4
1.0710216353868913E-4
1.0706794064448538E-4
1.0703373906827411E-4
1.0699955879033255E-4
1.0696539979096135E-4
1.0693126205048398E-4
1.0689714554925145E-4
1.0686305026763785E-4
1.068289761860388E-4
1.0679492328487663E-4
1.0676089154459613E-4
1.0672688094566821E-4
1.0669289146858481E-4
1.0665892309386297E-4
1.0662497580204365E-4
1.0659104957369505E-4
1.0655714438939885E-4
1.0652326022977604E-4
1.064893970754551E-4
1.0645555490709945E-4
1.064217337053906E-4
1.0638793345103441E-4
1.0635415412476656E-4
1.0632039570733566E-4
1.0628665817951881E-4
1.0625294152211983E-4
1.0621924571596264E-4
1.0618557074189213E-4
1.0615191658078079E-4
1.0611828321352304E-4
1.0608467062103795E-4
1.0605107878426078E-4
1.0601750768415844E-4
1.0598395730172108E-4
1.0595042761795372E-4
1.0591691861389285E-4
1.0588343027059293E-4
1.0584996256913294E-4
1.0581651549061756E-4
1.0578308901616973E-4
1.0574968312693511E-4
1.0571629780409012E-4
1.056829330288244E-4
1.0564958878235729E-4
1.0561626504592659E-4
1.055829618007932E-4
1.055496790282443E-4
1.055164167095857E-4
1.0548317482614926E-4
1.0544995335928653E-4
1.054167522903716E-4
1.0538357160080329E-4
1.0535041127200273E-4
1.053172712854103E-4
1.0528415162249378E-4
1.052510522647408E-4
1.0521797319365708E-4
1.0518491439078007E-4
1.0515187583766252E-4
1.0511885751587891E-4
1.0508585940703058E-4
1.0505288149273904E-4
1.0501992375464344E-4
1.0498698617441755E-4
1.0495406873374345E-4
1.0492117141432785E-4
1.0488829419790885E-4
1.0485543706623773E-4
1.0482260000108889E-4
1.0478978298426044E-4
1.047569859975719E-4
1.0472420902286589E-4
1.046914520420043E-4
1.0465871503687362E-4
1.046259979893747E-4
1.0459330088144437E-4
1.0456062369502679E-4
1.0452796641209885E-4
1.0449532901464857E-4
1.0446271148469481E-4
1.0443011380427202E-4
1.0439753595544064E-4
1.0436497792027768E-4
1.0433243968088738E-4
1.0429992121938826E-4
1.0426742251792888E-4
1.0423494355867139E-4
1.0420248432380146E-4
1.0417004479553119E-4
1.0413762495608852E-4
1.0410522478772199E-4
1.0407284427270615E-4
1.0404048339333091E-4
1.0400814213191172E-4
1.0397582047078628E-4
1.0394351839230707E-4
1.0391123587885303E-4
1.0387897291282417E-4
1.038467294766378E-4
1.0381450555273598E-4
1.0378230112357944E-4
1.037501161716478E-4
1.0371795067945001E-4
1.0368580462950542E-4
1.0365367800435904E-4
1.036215707865775E-4
1.0358948295874846E-4
1.0355741450347456E-4
1.0352536540338899E-4
1.0349333564113731E-4
1.0346132519938994E-4
1.0342933406083267E-4
1.0339736220818039E-4
1.0336540962416213E-4
1.0333347629152779E-4
1.0330156219305043E-4
1.0326966731152292E-4
1.0323779162975486E-4
1.0320593513058173E-4
1.0317409779685513E-4
1.0314227961145339E-4
1.0311048055726447E-4
1.0307870061720305E-4
1.0304693977420892E-4
1.03015198011231E-4
1.029834753112485E-4
1.0295177165725097E-4
1.0292008703225945E-4
1.0288842141930618E-4
1.028567748014447E-4
1.0282514716175318E-4
1.0279353848332526E-4
1.027619487492759E-4
1.0273037794274245E-4
1.0269882604687977E-4
1.0266729304485975E-4
1.0263577891987713E-4
1.0260428365515181E-4
1.0257280723391355E-4
1.0254134963941514E-4
1.0250991085493524E-4
1.0247849086376504E-4
1.0244708964921805E-4
1.02415707194627E-4
1.0238434348334465E-4
1.0235299849874479E-4
1.0232167222421437E-4
1.0229036464316888E-4
1.0225907573903924E-4
1.022278054952728E-4
1.0219655389533966E-4
1.0216532092273195E-4
1.0213410656095634E-4
1.0210291079354057E-4
1.0207173360402882E-4
1.0204057497599655E-4
1.0200943489301759E-4
1.0197831333870389E-4
1.019472102966802E-4
1.0191612575058774E-4
1.0188505968409002E-4
1.0185401208086728E-4
1.0182298292462176E-4
1.0179197219907511E-4
1.0176097988796256E-4
1.0173000597504417E-4
1.016990504440962E-4
1.0166811327891487E-4
1.0163719446331693E-4
1.0160629398113462E-4
1.0157541181621786E-4
1.0154454795244256E-4
1.015137023736983E-4
1.0148287506389248E-4
1.0145206600695479E-4
1.0142127518682944E-4
1.0139050258748543E-4
1.0135974819290497E-4
1.0132901198709111E-4
1.0129829395406556E-4
1.0126759407786537E-4
1.0123691234255597E-4
1.0120624873220801E-4
1.0117560323092168E-4
1.0114497582280725E-4
1.0111436649200129E-4
1.010837752226524E-4
1.0105320199893036E-4
1.0102264680502693E-4
1.0099210962514238E-4
1.0096159044350598E-4
1.0093108924436053E-4
1.0090060601196596E-4
1.0087014073060252E-4
1.0083969338456717E-4
1.0080926395817753E-4
1.0077885243576376E-4
1.0074845880168648E-4
1.0071808304030851E-4
1.0068772513602026E-4
1.0065738507323267E-4
1.006270628363665E-4
1.0059675840986572E-4
1.0056647177819114E-4
1.0053620292582072E-4
1.0050595183725237E-4
1.0047571849699984E-4
1.004455028896001E-4
1.0041530499959603E-4
1.0038512481156275E-4
1.0035496231008251E-4
1.0032481747975961E-4
1.0029469030521742E-4
1.002645807710953E-4
1.0023448886204818E-4
1.0020441456275457E-4
1.0017435785790465E-4
1.0014431873220752E-4
1.0011429717039563E-4
1.0008429315720934E-4
1.0005430667741347E-4
1.0002433771579048E-4
9.999438625713545E-5
The correct rate for BP: 100.00% 
