1.1368327956758233
1.9264920205359766
0.6106527036375453
0.010958398326127144
0.0033190285372026174
0.0026601386356800015
0.002273884039423193
0.002001597734496319
0.0017938787894218756
0.0016281303257138944
0.0014919199901000197
0.0013775851864020452
0.00128003738844865
0.0011957172509207848
0.0011220381961461186
0.0010570645504095256
9.993133786073889E-4
9.476264577275684E-4
9.010843470487479E-4
8.589468987276595E-4
8.206110008471798E-4
7.855799013509104E-4
7.53440518670694E-4
7.238463837127861E-4
6.965046296092629E-4
6.711659405850205E-4
6.476166968185934E-4
6.25672771054493E-4
6.051745827953559E-4
5.859831206010328E-4
5.679767172175606E-4
5.510484155874448E-4
5.351038026204451E-4
5.20059216209209E-4
5.058402522781946E-4
4.923805146811538E-4
4.796205629318621E-4
4.675070220735431E-4
4.5599182618995905E-4
4.450315726606185E-4
4.345869686508537E-4
4.2462235478894783E-4
4.1510529373076354E-4
4.0600621350714316E-4
3.972980973121461E-4
3.8895621281386634E-4
3.809578752249362E-4
3.7328223931226516E-4
3.6591011629771874E-4
3.588238122370287E-4
3.5200698498949435E-4
3.4544451732692287E-4
3.3912240409345154E-4
3.330276516314283E-4
3.271481879435088E-4
3.214727822754624E-4
3.1599097298559367E-4
3.106930027201582E-4
3.055697600447738E-4
3.006127267930965E-4
2.9581393048919277E-4
2.911659012816041E-4
2.8666163289718254E-4
2.822945471832846E-4
2.7805846185892087E-4
2.7394756114080946E-4
2.6995636894940983E-4
2.660797244341364E-4
2.623127595866169E-4
2.586508787370109E-4
2.5508973975084376E-4
2.5162523676405097E-4
2.4825348431117204E-4
2.4497080271723714E-4
2.4177370463737696E-4
2.3865888264024251E-4
2.3562319774192179E-4
2.3266366880645244E-4
2.2977746273746653E-4
2.2696188539280762E-4
2.242143731606844E-4
2.2153248514181724E-4
2.1891389588722998E-4
2.1635638864619922E-4
2.1385784908290947E-4
2.1141625942435978E-4
2.0902969300528343E-4
2.066963091790261E-4
2.0441434856603504E-4
2.0218212861408355E-4
1.9999803944662235E-4
1.978605399776674E-4
1.957681542734471E-4
1.9371946814272537E-4
1.9171312593915807E-4
1.897478275604901E-4
1.8782232563058205E-4
1.859354228513578E-4
1.8408596951288107E-4
1.8227286115062304E-4
1.804950363398603E-4
1.787514746179253E-4
1.7704119452575435E-4
1.7536325176078975E-4
1.7371673743394144E-4
1.7210077642381203E-4
1.7051452582189669E-4
1.6895717346297517E-4
1.674279365352777E-4
1.6592606026539575E-4
1.644508166733247E-4
1.6300150339329582E-4
1.6157744255634873E-4
1.60177979730957E-4
1.5880248291817186E-4
1.574503415980475E-4
1.5612096582433806E-4
1.548137853646189E-4
1.5352824888318893E-4
1.5226382316430923E-4
1.5101999237346727E-4
1.4979625735450527E-4
1.4859213496057764E-4
1.47407157417121E-4
1.462408717149684E-4
1.4509283903202738E-4
1.4396263418194264E-4
1.4284984508827306E-4
1.417540722828313E-4
1.4067492842689757E-4
1.3961203785408944E-4
1.3856503613376582E-4
1.375335696538918E-4
1.3651729522234788E-4
1.3551587968576277E-4
1.3452899956495535E-4
1.3355634070616029E-4
1.325975979472352E-4
1.3165247479811348E-4
1.3072068313479566E-4
1.2980194290620938E-4
1.2889598185330677E-4
1.2800253523983636E-4
1.2712134559418362E-4
1.2625216246178145E-4
1.253947421675903E-4
1.245488475881504E-4
1.2371424793278466E-4
1.2289071853350322E-4
1.2207804064324535E-4
1.2127600124200973E-4
1.2048439285060028E-4
1.1970301335155405E-4
1.1893166581700661E-4
1.1817015834313113E-4
1.1741830389087903E-4
1.1667592013274661E-4
1.1594282930529225E-4
1.1521885806717701E-4
1.145038373624541E-4
1.1379760228890941E-4
1.1309999197122625E-4
1.1241084943878151E-4
1.117300215078357E-4
1.110573586680131E-4
1.1039271497279281E-4
1.0973594793392555E-4
1.0908691841957527E-4
1.0844549055604214E-4
1.0781153163291015E-4
1.0718491201150967E-4
1.0656550503651866E-4
1.0595318695061972E-4
1.0534783681205581E-4
1.0474933641499511E-4
1.0415757021258449E-4
1.0357242524257156E-4
1.0299379105543902E-4
1.0242155964488653E-4
1.01855625380644E-4
1.012958849434707E-4
1.0074223726227586E-4
1.0019458345329436E-4
9.965282676121818E-5
The correct rate for BP: 100.00% 
