1.031243517543864
1.1469144487030596
0.0036570809735958646
0.0032439401324209937
0.0028432310334645444
0.002555369583509276
0.0023315807575992518
0.00214916421479493
0.0019959129001738034
0.0018644746003356318
0.001750034466252069
0.0016492370221760626
0.0015596324286645655
0.0014793678144029657
0.0014070031157725734
0.0013413948156821127
0.0012816190293013113
0.0012269186103845984
0.0011766655901938269
0.001130333782710417
0.0010874783525402592
0.0010477202849496021
0.0010107343897407207
9.762399048056109E-4
9.439930459843245E-4
9.137810365021661E-4
8.854172763698838E-4
8.587374005713424E-4
8.335960375790087E-4
8.098641249707777E-4
7.874266720415069E-4
7.661808838839932E-4
7.460345798820854E-4
7.269048535871541E-4
7.08716931713447E-4
6.914031983229307E-4
6.749023567795269E-4
6.591587071747651E-4
6.441215209875886E-4
6.297444979809469E-4
6.159852929393706E-4
6.028051019530293E-4
5.901682996600089E-4
5.78042120251315E-4
5.663963761857509E-4
5.55203209502966E-4
5.444368714024907E-4
5.34073526403728E-4
5.240910779424809E-4
5.144690127118361E-4
5.051882614357767E-4
4.962310740844312E-4
4.875809078114954E-4
4.7922232612468066E-4
4.71140907996264E-4
4.633231657882614E-4
4.5575647101036003E-4
4.4842898705174525E-4
4.4132960813412673E-4
4.344479038246968E-4
4.2777406852700277E-4
4.212988754362999E-4
4.150136345056589E-4
4.089101540210543E-4
4.029807054290443E-4
3.972179911003295E-4
3.916151147471806E-4
3.861655542434085E-4
3.8086313662224276E-4
3.7570201505128894E-4
3.7067664760457653E-4
3.6578177767015513E-4
3.6101241584820355E-4
3.563638232090351E-4
3.5183149579325046E-4
3.4741115024802127E-4
3.4309871050337083E-4
3.3889029540189116E-4
3.3478220720304877E-4
3.307709208910083E-4
3.2685307422110224E-4
3.230254584461908E-4
3.192850096693122E-4
3.1562880077392285E-4
3.120540338871449E-4
3.085580333355028E-4
3.0513823905600274E-4
3.017922004285272E-4
2.9851757049861E-4
2.9531210056192895E-4
2.921736350845006E-4
2.891001069344703E-4
2.860895329035157E-4
2.831400094974906E-4
2.802497089777029E-4
2.774168756354828E-4
2.7463982228430534E-4
2.7191692695469044E-4
2.692466297783983E-4
2.666274300493724E-4
2.6405788344987337E-4
2.6153659943106456E-4
2.5906223873811235E-4
2.566335110706057E-4
2.542491728697348E-4
2.519080252242773E-4
2.4960891188808453E-4
2.4735071740211387E-4
2.451323653147022E-4
2.4295281649414562E-4
2.408110675279952E-4
2.3870614920395503E-4
2.366371250676048E-4
2.3460309005237582E-4
2.3260316917766413E-4
2.3063651631114615E-4
2.2870231299159142E-4
2.2679976730884295E-4
2.249281128376517E-4
2.2308660762245232E-4
2.2127453321021606E-4
2.194911937287809E-4
2.177359150081443E-4
2.160080437424524E-4
2.143069466904558E-4
2.1263200991243216E-4
2.1098263804161357E-4
2.0935825358836166E-4
2.0775829627530117E-4
2.0618222240194288E-4
2.046295042371592E-4
2.0309962943817963E-4
2.015921004947333E-4
2.001064341970913E-4
1.9864216112679952E-4
1.9719882516901812E-4
1.9577598304535988E-4
1.943732038662719E-4
1.929900687019984E-4
1.9162617017121148E-4
1.902811120465022E-4
1.8895450887591235E-4
1.8764598561975745E-4
1.8635517730200806E-4
1.850817286755812E-4
1.83825293900904E-4
1.825855362370788E-4
1.8136212774515797E-4
1.8015474900293847E-4
1.7896308883073736E-4
1.777868440277113E-4
1.766257191182082E-4
1.7547942610771943E-4
1.743476842480296E-4
1.7323021981113115E-4
1.7212676587154512E-4
1.710370620967017E-4
1.6996085454497526E-4
1.688978954711439E-4
1.6784794313884455E-4
1.6681076163983663E-4
1.657861207197258E-4
1.6477379560989435E-4
1.6377356686538062E-4
1.6278522020848728E-4
1.6180854637783896E-4
1.6084334098271256E-4
1.5988940436240117E-4
1.5894654145041158E-4
1.5801456164331968E-4
1.5709327867408248E-4
1.5618251048963146E-4
1.5528207913259443E-4
1.5439181062696042E-4
1.535115348675604E-4
1.5264108551320087E-4
1.517802998833189E-4
1.509290188580044E-4
1.5008708678129805E-4
1.4925435136760337E-4
1.484306636111214E-4
1.4761587769818838E-4
1.4680985092239713E-4
1.4601244360242015E-4
1.4522351900241666E-4
1.4444294325494255E-4
1.4367058528625169E-4
1.4290631674394123E-4
1.4215001192681288E-4
1.414015477168858E-4
1.406608035135115E-4
1.399276611694611E-4
1.3920200492898235E-4
1.3848372136769188E-4
1.377726993342825E-4
1.3706882989397882E-4
1.3637200627363748E-4
1.3568212380851453E-4
1.3499907989055382E-4
1.3432277391821625E-4
1.3365310724775778E-4
1.3298998314592155E-4
1.3233330674398497E-4
1.3168298499314108E-4
1.3103892662113484E-4
1.3040104209015882E-4
1.2976924355590123E-4
1.291434448277834E-4
1.2852356133028812E-4
1.279095100653788E-4
1.2730120957596115E-4
1.2669857991034415E-4
1.2610154258768365E-4
1.2551002056438625E-4
1.249239382014115E-4
1.243432212324601E-4
1.2376779673304192E-4
1.2319759309035154E-4
1.2263253997396925E-4
1.2207256830733344E-4
1.2151761023997098E-4
1.2096759912046354E-4
1.2042246947012295E-4
1.1988215695736573E-4
1.1934659837273922E-4
1.1881573160460916E-4
1.1828949561546766E-4
1.177678304188617E-4
1.1725067705690817E-4
1.1673797757837059E-4
1.1622967501732033E-4
1.1572571337230636E-4
1.152260375860843E-4
1.1473059352581456E-4
1.1423932796379971E-4
1.1375218855866146E-4
1.1326912383701191E-4
1.1279008317556227E-4
1.1231501678367868E-4
1.1184387568637119E-4
1.113766117076765E-4
1.1091317745446937E-4
1.1045352630064503E-4
1.0999761237170122E-4
1.0954539052967943E-4
1.0909681635846537E-4
1.0865184614944715E-4
1.0821043688750306E-4
1.0777254623733318E-4
1.0733813253010112E-4
1.0690715475040402E-4
1.0647957252352149E-4
1.0605534610298755E-4
1.0563443635844075E-4
1.052168047637467E-4
1.048024133854096E-4
1.0439122487123427E-4
1.0398320243925616E-4
1.0357830986692341E-4
1.0317651148051414E-4
1.0277777214480787E-4
1.023820572529751E-4
1.0198933271670163E-4
1.0159956495653225E-4
1.0121272089242734E-4
1.0082876793452473E-4
1.0044767397412065E-4
1.0006940737482649E-4
9.969393696393811E-5
The correct rate for BP: 100.00% 
