1.3824257772457142
1.014654764534571
0.39251553392840943
0.1299234107973939
0.06831931651795828
0.04757639347092531
0.03607306314234265
0.028852073303978557
0.02392136180152453
0.02035409559189138
0.017661835216881354
0.015563147190238418
0.013884730042811641
0.012514211882752523
0.011375647552294654
0.010415934234701996
0.0095968683071543
0.008890291333026008
0.008275011396955958
0.007734787298190728
0.00725697176445158
0.00683157592484861
0.006450610351305638
0.006107612018985665
0.005797298910348533
0.005515313927235008
0.005258032365149035
0.005022415332545348
0.00480589685343104
0.004606295985559544
0.004421747739243446
0.0042506482817600616
0.004091611107393413
0.003943431704409711
0.0038050588640492723
0.0036755712242245745
0.003554157970499255
0.0034401028624611897
0.003332770938057506
0.0032315973882365377
0.003136078201029144
0.003045762256418525
0.0029602446171068733
0.002879160810074109
0.002802181932954779
0.00272901045020392
0.0026593765686391472
0.002593035101636527
0.002529762747093174
0.002469355717067357
0.002411627667402506
0.002356407884121766
0.0023035396903311597
0.002252879043089689
0.002204293294431559
0.002157660094647599
0.0021128664191978563
0.002069807703356061
0.002028387070974702
0.0019885146456844307
0.0019501069344662434
0.001913086274910253
0.00187738033864303
0.0018429216843999922
0.0018096473550685383
0.0017774985137550578
0.0017464201145528716
0.0017163606042256802
0.0016872716514840756
0.0016591079009338932
0.0016318267491218879
0.001605388140406235
0.0015797543806416283
0.0015548899668978763
0.001530761431630646
0.0015073371998989443
0.0014845874583766015
0.001462484035041159
0.0014410002885418623
0.0014201110063535517
0.001399792310916148
0.0013800215730411223
0.0013607773319394341
0.001342039221289649
0.001323787900822639
0.0013060049929501606
0.0012886730240103494
0.0012717753697437711
0.0012552962046501793
0.0012392204549086013
0.0012235337545727306
0.0012082224047797502
0.0011932733357342899
0.0011786740712506176
0.0011644126956550163
0.0011504778228678245
0.0011368585675000337
0.0011235445178134624
0.0011105257104063833
0.0010977926064978417
0.00108533606969461
0.0010731473451340988
0.0010612180399051858
0.0010495401046569611
0.0010381058163123121
0.0010269077618100752
0.0010159388228052043
0.0010051921612619643
9.946612058802495E-4
9.843396392993844E-4
9.742213860282463E-4
9.64300601054154E-4
9.545716590866136E-4
9.45029144395103E-4
9.356678412031317E-4
9.264827246035326E-4
9.174689519622808E-4
9.086218547807228E-4
8.999369309878741E-4
8.914098376367524E-4
8.830363839802231E-4
8.748125249036635E-4
8.667343546932357E-4
8.587981011200514E-4
8.510001198216455E-4
8.433368889636805E-4
8.358050041656303E-4
8.284011736754797E-4
8.211222137793065E-4
8.139650444325549E-4
8.069266851006563E-4
8.000042507974718E-4
7.931949483106059E-4
7.86496072603491E-4
7.799050033847245E-4
7.734192018355712E-4
7.670362074873006E-4
7.607536352404879E-4
7.545691725186716E-4
7.484805765495475E-4
7.424856717670186E-4
7.365823473278528E-4
7.307685547372839E-4
7.250423055778048E-4
7.19401669336194E-4
7.138447713237099E-4
7.083697906849151E-4
7.029749584907933E-4
6.976585559119755E-4
6.924189124681858E-4
6.872544043503393E-4
6.821634528116621E-4
6.771445226246713E-4
6.72196120600838E-4
6.673167941700245E-4
6.625051300168918E-4
6.577597527716014E-4
6.530793237524274E-4
6.484625397577742E-4
6.439081319053904E-4
6.394148645167408E-4
6.349815340443679E-4
6.306069680404149E-4
6.262900241644726E-4
6.220295892289852E-4
6.178245782806421E-4
6.136739337160694E-4
6.095766244304944E-4
6.055316449978159E-4
6.015380148808309E-4
5.975947776703273E-4
5.937010003517684E-4
5.898557725984887E-4
5.860582060902136E-4
5.823074338559455E-4
5.786026096401158E-4
5.749429072911102E-4
5.713275201712351E-4
5.67755660587268E-4
5.642265592407235E-4
5.607394646971219E-4
5.572936428733825E-4
5.538883765427801E-4
5.505229648566028E-4
5.471967228820011E-4
5.43908981155297E-4
5.406590852502322E-4
5.374463953604757E-4
5.34270285895977E-4
5.311301450925106E-4
5.280253746340081E-4
5.249553892871259E-4
5.219196165476079E-4
5.189174962980619E-4
5.159484804766124E-4
5.130120327561331E-4
5.101076282335987E-4
5.072347531292381E-4
5.043929044950835E-4
5.015815899326293E-4
4.988003273191828E-4
4.960486445427409E-4
4.933260792449239E-4
4.906321785718054E-4
4.879664989322751E-4
4.853286057637518E-4
4.8271807330490363E-4
4.8013448437518895E-4
4.775774301609809E-4
4.7504651000797765E-4
4.7254133121980705E-4
4.7006150886251465E-4
4.6760666557473326E-4
4.6517643138343937E-4
4.627704435249711E-4
4.6038834627126643E-4
4.58029790761045E-4
4.5569443483580894E-4
4.533819428805342E-4
4.510919856688231E-4
4.488242402124565E-4
4.4657838961514846E-4
4.4435412293033724E-4
4.4215113502301377E-4
4.3996912643527606E-4
4.378078032556562E-4
4.3566687699197717E-4
4.335460644477003E-4
4.314450876016387E-4
4.293636734908834E-4
4.273015540969455E-4
4.252584662348636E-4
4.232341514453565E-4
4.2122835588978E-4
4.192408302478853E-4
4.1727132961827016E-4
4.153196134214402E-4
4.133854453053916E-4
4.114685930536519E-4
4.095688284957236E-4
4.076859274197964E-4
4.0581966948774256E-4
4.039698381522472E-4
4.0213622057607736E-4
4.003186075533825E-4
3.985167934329847E-4
3.967305760436158E-4
3.949597566209787E-4
3.9320413973669056E-4
3.9146353322894965E-4
3.8973774813491646E-4
3.880265986247964E-4
3.863299019374906E-4
3.846474783178707E-4
3.829791509555324E-4
3.813247459250711E-4
3.7968409212778937E-4
3.780570212347915E-4
3.7644336763145866E-4
3.7484296836325364E-4
3.732556630828E-4
3.716812939982157E-4
3.701197058226782E-4
3.6857074572515847E-4
3.6703426328233584E-4
3.6551011043159723E-4
3.6399814142515266E-4
3.6249821278522005E-4
3.610101832602107E-4
3.595339137819662E-4
3.5806926742392765E-4
3.566161093602973E-4
3.5517430682611154E-4
3.537437290782065E-4
3.5232424735708696E-4
3.5091573484963734E-4
3.4951806665267253E-4
3.481311197373011E-4
3.4675477291407525E-4
3.453889067989295E-4
3.4403340377983557E-4
3.426881479842444E-4
3.413530252471841E-4
3.4002792308009263E-4
3.387127306403162E-4
3.3740733870127424E-4
3.3611163962324103E-4
3.348255273248142E-4
3.33548897254929E-4
3.3228164636551675E-4
3.310236730847291E-4
3.297748772907223E-4
3.285351602860221E-4
3.273044247723944E-4
3.2608257482627995E-4
3.248695158747063E-4
3.236651546717317E-4
3.2246939927537115E-4
3.2128215902498187E-4
3.2010334451916024E-4
3.189328675940196E-4
3.1777064130201414E-4
3.1661657989109324E-4
3.154705987843507E-4
3.1433261456006344E-4
3.1320254493212324E-4
3.120803087308936E-4
3.109658258844119E-4
3.098590174000023E-4
3.087598053462501E-4
3.076681128353059E-4
3.065838640055841E-4
3.055069840047662E-4
3.044373989731664E-4
3.033750360274163E-4
3.023198232444479E-4
3.012716896458338E-4
3.002305651823834E-4
2.991963807190676E-4
2.9816906802024713E-4
2.9714855973513737E-4
2.961347893835932E-4
2.951276913421701E-4
2.9412720083041717E-4
2.9313325389746143E-4
2.921457874088335E-4
2.911647390335383E-4
2.901900472313951E-4
2.8922165124057643E-4
2.882594910654128E-4
2.8730350746441325E-4
2.8635364193851074E-4
2.854098367195133E-4
2.8447203475880924E-4
2.835401797162165E-4
2.826142159490959E-4
2.81694088501651E-4
2.807797430943786E-4
2.798711261137955E-4
2.789681846022548E-4
2.780708662480412E-4
2.7717911937557253E-4
2.7629289293581446E-4
2.754121364968653E-4
2.745368002346963E-4
2.736668349240664E-4
2.728021919295992E-4
2.719428231970097E-4
2.710886812445158E-4
2.702397191543419E-4
2.69395890564449E-4
2.685571496603446E-4
2.677234511670624E-4
2.668947503413047E-4
2.6607100296367314E-4
2.652521653310702E-4
2.644381942492262E-4
2.6362904702535115E-4
2.628246814608883E-4
2.620250558444593E-4
2.6123012894485863E-4
2.6043986000420414E-4
2.5965420873120116E-4
2.5887313529449795E-4
2.5809660031621214E-4
2.5732456486547706E-4
2.565569904521903E-4
2.557938390207952E-4
2.550350729442089E-4
2.5428065501783116E-4
2.5353054845366233E-4
2.527847168745155E-4
2.5204312430832646E-4
2.513057351825539E-4
2.5057251431867376E-4
2.4984342692678036E-4
2.491184386002284E-4
2.483975153104227E-4
2.4768062340165605E-4
2.469677295860383E-4
2.462588009385096E-4
2.455538048919306E-4
2.4485270923226205E-4
2.4415548209381167E-4
2.4346209195455176E-4
2.4277250763154543E-4
2.4208669827638121E-4
2.4140463337076485E-4
2.4072628272210012E-4
2.4005161645919613E-4
2.393806050280145E-4
2.38713219187485E-4
2.3804943000541785E-4
2.3738920885441996E-4
2.3673252740793817E-4
2.3607935763632335E-4
2.3542967180297244E-4
2.3478344246052554E-4
2.3414064244712564E-4
2.3350124488273003E-4
2.3286522316548082E-4
2.3223255096813634E-4
2.3160320223455683E-4
2.309771511762233E-4
2.3035437226884818E-4
2.2973484024900188E-4
2.2911853011080242E-4
2.2850541710267027E-4
2.2789547672410866E-4
2.2728868472254082E-4
2.2668501709020356E-4
2.2608445006107468E-4
2.2548696010786195E-4
2.2489252393901216E-4
2.243011184957926E-4
2.2371272094938728E-4
2.231273086980734E-4
2.2254485936439925E-4
2.219653507924312E-4
2.2138876104502747E-4
2.2081506840115827E-4
2.202442513532695E-4
2.1967628860466325E-4
2.191111590669493E-4
2.18548841857504E-4
2.1798931629698673E-4
2.1743256190687242E-4
2.168785584070471E-4
2.163272857134071E-4
2.157787239355183E-4
2.1523285337428513E-4
2.1468965451968116E-4
2.1414910804848383E-4
2.1361119482206676E-4
2.1307589588419296E-4
2.1254319245887925E-4
2.1201306594824948E-4
2.1148549793044712E-4
2.1096047015756566E-4
2.104379645536103E-4
2.0991796321248186E-4
2.094004483960054E-4
2.0888540253196044E-4
2.083728082121727E-4
2.078626481905927E-4
2.0735490538143422E-4
2.0684956285732243E-4
2.063466038474713E-4
2.0584601173587747E-4
2.053477700595625E-4
2.0485186250680958E-4
2.0435827291544277E-4
2.0386698527112508E-4
2.033779837056799E-4
2.0289125249543493E-4
2.02406776059588E-4
2.0192453895859368E-4
2.0144452589257754E-4
2.009667216997608E-4
2.0049111135491887E-4
2.0001767996785704E-4
1.9954641278189134E-4
1.9907729517237589E-4
1.9861031264522538E-4
1.98145450835478E-4
1.9768269550585622E-4
1.9722203254536684E-4
1.9676344796790932E-4
1.9630692791089587E-4
1.9585245863390128E-4
1.954000265173297E-4
1.9494961806109385E-4
1.9450121988330506E-4
1.940548187190042E-4
1.936104014188781E-4
1.9316795494800986E-4
1.927274663846539E-4
1.922889229190009E-4
1.918523118519876E-4
1.9141762059409628E-4
1.9098483666418897E-4
1.905539476883494E-4
1.901249413987282E-4
1.8969780563243003E-4
1.8927252833038656E-4
1.8884909753626178E-4
1.8842750139536196E-4
1.8800772815356204E-4
1.8758976615625074E-4
1.8717360384728178E-4
1.8675922976794183E-4
1.8634663255592265E-4
1.8593580094432695E-4
1.8552672376066678E-4
1.851193899258758E-4
1.8471378845335296E-4
1.8430990844798346E-4
1.8390773910521805E-4
1.8350726971011553E-4
1.831084896364385E-4
1.827113883457208E-4
1.8231595538638915E-4
1.8192218039285134E-4
1.8153005308464194E-4
1.8113956326553266E-4
1.8075070082268813E-4
1.8036345572580657E-4
1.7997781802630325E-4
1.7959377785646595E-4
1.7921132542863722E-4
1.788304510344242E-4
1.7845114504388444E-4
1.7807339790475868E-4
1.7769720014165964E-4
1.7732254235533888E-4
1.7694941522190688E-4
1.7657780949208992E-4
1.7620771599047907E-4
1.7583912561481264E-4
1.754720293352364E-4
1.7510641819360611E-4
1.7474228330275636E-4
1.743796158458231E-4
1.7401840707554378E-4
1.7365864831357514E-4
1.7330033094981674E-4
1.729434464417578E-4
1.725879863137951E-4
1.7223394215660137E-4
1.7188130562647481E-4
1.7153006844470003E-4
1.7118022239692466E-4
1.7083175933253246E-4
1.704846711640371E-4
1.701389498664672E-4
1.6979458747676463E-4
1.6945157609320066E-4
1.6910990787477888E-4
1.6876957504066955E-4
1.684305698696125E-4
1.68092884699373E-4
1.67756511926177E-4
1.6742144400414273E-4
1.6708767344474995E-4
1.6675519281628988E-4
1.6642399474333646E-4
1.660940719062029E-4
1.6576541704043656E-4
1.6543802293628832E-4
1.6511188243820314E-4
1.647869884443175E-4
1.6446333390596123E-4
1.6414091182714586E-4
1.6381971526410025E-4
1.6349973732477486E-4
1.6318097116834918E-4
1.6286341000478475E-4
1.6254704709433933E-4
1.6223187574710673E-4
1.6191788932256652E-4
1.6160508122912E-4
1.612934449236504E-4
1.6098297391107695E-4
1.6067366174391624E-4
1.6036550202185392E-4
1.6005848839131042E-4
1.5975261454501268E-4
1.5944787422158928E-4
1.5914426120513834E-4
1.58841769324838E-4
1.5854039245451264E-4
1.582401245122579E-4
1.5794095946002778E-4
1.5764289130325136E-4
1.573459140904296E-4
1.5705002191276812E-4
1.5675520890378288E-4
1.5646146923893386E-4
1.5616879713524403E-4
1.5587718685093334E-4
1.555866326850612E-4
1.5529712897715403E-4
1.5500867010685715E-4
1.5472125049357613E-4
1.5443486459613119E-4
1.5414950691240836E-4
1.5386517197902067E-4
1.5358185437096443E-4
1.5329954870129065E-4
1.5301824962076592E-4
1.527379518175448E-4
1.5245865001686508E-4
1.5218033898068946E-4
1.5190301350741727E-4
1.516266684315583E-4
1.5135129862343016E-4
1.5107689898883163E-4
1.5080346446875588E-4
1.5053099003907683E-4
1.5025947071026054E-4
1.499889015270586E-4
1.497192775682256E-4
1.494505939462182E-4
1.4918284580691798E-4
1.4891602832933995E-4
1.4865013672535864E-4
1.4838516623942444E-4
1.481211121482939E-4
1.4785796976074454E-4
1.4759573441732135E-4
1.4733440149006008E-4
1.4707396638221945E-4
1.4681442452803265E-4
1.4655577139243513E-4
1.4629800247081002E-4
1.460411132887449E-4
1.457850994017598E-4
1.4552995639508504E-4
1.4527567988338624E-4
1.450222655105442E-4
1.447697089493963E-4
1.4451800590150677E-4
1.44267152096928E-4
1.440171432939619E-4
1.4376797527893283E-4
1.4351964386595168E-4
1.432721448966961E-4
1.430254742401825E-4
1.4277962779252833E-4
1.4253460147675657E-4
1.422903912425606E-4
1.420469930660845E-4
1.4180440294971736E-4
1.4156261692187787E-4
1.4132163103680484E-4
1.4108144137434147E-4
1.408420440397377E-4
1.4060343516344328E-4
1.4036561090089816E-4
1.4012856743234492E-4
1.3989230096261962E-4
1.3965680772095636E-4
1.394220839607945E-4
1.3918812595958737E-4
1.389549300186042E-4
1.3872249246275095E-4
1.384908096403737E-4
1.3825987792307132E-4
1.3802969370552557E-4
1.3780025340530424E-4
1.3757155346268542E-4
1.3734359034048022E-4
1.3711636052384706E-4
1.3688986052013297E-4
1.3666408685868498E-4
1.3643903609067775E-4
1.362147047889585E-4
1.3599108954785757E-4
1.3576818698303374E-4
1.3554599373130578E-4
1.3532450645048347E-4
1.3510372181921234E-4
1.3488363653680626E-4
1.3466424732309023E-4
1.3444555091824125E-4
1.3422754408263005E-4
1.340102235966691E-4
1.3379358626065558E-4
1.3357762889461614E-4
1.3336234833816434E-4
1.3314774145034312E-4
1.3293380510947828E-4
1.3272053621303309E-4
1.3250793167745916E-4
1.3229598843805213E-4
1.3208470344881705E-4
1.3187407368231565E-4
1.3166409612952505E-4
1.3145476779971167E-4
1.312460857202801E-4
1.3103804693663932E-4
1.3083064851207428E-4
1.306238875276004E-4
1.3041776108183934E-4
1.3021226629088213E-4
1.300074002881594E-4
1.298031602243163E-4
1.295995432670786E-4
1.2939654660112013E-4
1.2919416742795264E-4
1.2899240296578864E-4
1.2879125044941626E-4
1.285907071300862E-4
1.2839077027538033E-4
1.281914371690974E-4
1.2799270511112973E-4
1.277945714173484E-4
1.2759703341947632E-4
1.274000884649853E-4
1.2720373391697415E-4
1.2700796715405262E-4
1.2681278557022767E-4
1.2661818657479243E-4
1.264241675922166E-4
1.2623072606203603E-4
1.2603785943874027E-4
1.2584556519166433E-4
1.256538408048841E-4
1.2546268377710323E-4
1.2527209162155998E-4
1.250820618659018E-4
1.248925920521044E-4
1.247036797363516E-4
1.245153224889473E-4
1.243275178941949E-4
1.2414026355031573E-4
1.239535570693398E-4
1.2376739607700954E-4
1.2358177821268285E-4
1.2339670112923647E-4
1.232121624929602E-4
1.2302815998347548E-4
1.228446912936361E-4
1.2266175412943062E-4
1.2247934620989123E-4
1.222974652670013E-4
1.2211610904561043E-4
1.2193527530332783E-4
1.2175496181045557E-4
1.2157516634987187E-4
1.2139588671697612E-4
1.2121712071956197E-4
1.2103886617776454E-4
1.2086112092395594E-4
1.2068388280266751E-4
1.2050714967049868E-4
1.203309193960349E-4
1.2015518985977302E-4
1.199799589540233E-4
1.1980522458284113E-4
1.1963098466193404E-4
1.1945723711859497E-4
1.192839798916085E-4
1.1911121093117931E-4
1.1893892819885054E-4
1.1876712966742817E-4
1.185958133209048E-4
1.1842497715437532E-4
1.182546191739732E-4
1.1808473739677624E-4
1.1791532985075726E-4
1.1774639457468667E-4
1.1757792961807351E-4
1.1740993304108164E-4
1.1724240291446767E-4
1.1707533731950315E-4
1.1690873434790018E-4
1.1674259210175393E-4
1.1657690869345227E-4
1.1641168224562273E-4
1.1624691089106326E-4
1.1608259277265943E-4
1.1591872604333287E-4
1.1575530886596352E-4
1.155923394133258E-4
1.1542981586802617E-4
1.1526773642242812E-4
1.1510609927860023E-4
1.149449026482376E-4
1.1478414475260952E-4
1.1462382382248333E-4
1.1446393809807676E-4
1.1430448582898127E-4
1.1414546527410856E-4
1.139868747016222E-4
1.1382871238888417E-4
1.1367097662238877E-4
1.1351366569770107E-4
1.1335677791940168E-4
1.1320031160102893E-4
1.1304426506501023E-4
1.1288863664262029E-4
1.127334246738979E-4
1.1257862750761842E-4
1.12424243501215E-4
1.1227027102073093E-4
1.1211670844076179E-4
1.1196355414439712E-4
1.1181080652317283E-4
1.116584639770106E-4
1.1150652491415935E-4
1.1135498775115091E-4
1.1120385091274199E-4
1.1105311283185949E-4
1.1090277194954846E-4
1.1075282671492038E-4
1.106032755851064E-4
1.1045411702519494E-4
1.1030534950818947E-4
1.1015697151495036E-4
1.1000898153415912E-4
1.0986137806225193E-4
1.097141596033723E-4
1.0956732466933053E-4
1.0942087177955734E-4
1.0927479946103283E-4
1.091291062482707E-4
1.0898379068324384E-4
1.0883885131535158E-4
1.0869428670136244E-4
1.0855009540538237E-4
1.0840627599879347E-4
1.0826282706021486E-4
1.0811974717545488E-4
1.079770349374708E-4
1.0783468894632069E-4
1.0769270780911348E-4
1.0755109013997582E-4
1.074098345599971E-4
1.0726893969719583E-4
1.0712840418646683E-4
1.0698822666954654E-4
1.0684840579496664E-4
1.0670894021800813E-4
1.0656982860066793E-4
1.0643106961161339E-4
1.062926619261325E-4
1.06154604226109E-4
1.0601689519996968E-4
1.0587953354264809E-4
1.0574251795554093E-4
1.0560584714647462E-4
1.0546951982966062E-4
1.0533353472565769E-4
1.0519789056133395E-4
1.0506258606982508E-4
1.0492761999049986E-4
1.0479299106891958E-4
1.0465869805679996E-4
1.0452473971197664E-4
1.0439111479836478E-4
1.0425782208591997E-4
1.0412486035060897E-4
1.0399222837436836E-4
1.0385992494506643E-4
1.0372794885646853E-4
1.035962989082036E-4
1.0346497390573306E-4
1.0333397266029845E-4
1.0320329398891155E-4
1.0307293671429774E-4
1.0294289966486565E-4
1.0281318167469118E-4
1.0268378158346184E-4
1.0255469823644722E-4
1.0242593048447804E-4
1.0229747718389796E-4
1.021693371965401E-4
1.0204150938968979E-4
1.0191399263605442E-4
1.0178678581372909E-4
1.0165988780616701E-4
1.0153329750214284E-4
1.0140701379573322E-4
1.0128103558626495E-4
1.011553617783039E-4
1.0102999128161544E-4
1.0090492301113087E-4
1.0078015588692363E-4
1.0065568883417215E-4
1.0053152078313466E-4
1.0040765066912125E-4
1.0028407743245662E-4
1.0016080001845666E-4
1.0003781737740082E-4
9.991512846449014E-5
The correct rate for BP: 100.00% 
