0.7125403029617574
1.4484166339546525
0.008271896823303163
0.004039023295127772
0.0030681582924949853
0.0025634945714441922
0.0022246915820088786
0.001973002939844332
0.001775714438748722
0.001615748240537152
0.0014829189486711665
0.001370616901251549
0.0012742994796999408
0.0011907123371435572
0.0011174491628323695
0.0010526855049503936
9.95009359813978E-4
9.433089126665873E-4
8.966956881129193E-4
8.544505054065214E-4
8.159845977385323E-4
7.808110895651131E-4
7.485237137688336E-4
7.187806911413155E-4
6.912923559091491E-4
6.658115421979429E-4
6.421260339356887E-4
6.200525764229665E-4
5.994320833972795E-4
5.801257688840523E-4
5.620120013196705E-4
5.449837267929506E-4
5.289463444170817E-4
5.138159436380417E-4
4.995178333432629E-4
4.8598530779249936E-4
4.731586059515813E-4
4.609840296968255E-4
4.4941319324463987E-4
4.384023815361931E-4
4.279119995323956E-4
4.1790609771641575E-4
4.0835196176174375E-4
3.992197564534039E-4
3.904822156646267E-4
3.8211437157882025E-4
3.7409331747506E-4
3.663979993173429E-4
3.5900903214487344E-4
3.5190853788441806E-4
3.450800017224503E-4
3.3850814460402353E-4
3.3217880978334317E-4
3.2607886165094004E-4
3.201960953142533E-4
3.145191556207257E-4
3.0903746449221137E-4
3.0374115559175384E-4
2.9862101547361707E-4
2.9366843047781287E-4
2.888753387253678E-4
2.842341866514911E-4
2.797378895838899E-4
2.753797959336315E-4
2.711536546180633E-4
2.67053585380473E-4
2.6307405171027714E-4
2.5920983610176697E-4
2.554560174190649E-4
2.518079501610637E-4
2.4826124544280703E-4
2.4481175352982886E-4
2.4145554777945568E-4
2.381889098586138E-4
2.3500831612132707E-4
2.3191042504111097E-4
2.2889206560417337E-4
2.259502265788473E-4
2.230820465849897E-4
2.2028480489469824E-4
2.1755591290219936E-4
2.1489290620689398E-4
2.1229343725867733E-4
2.0975526851954267E-4
2.0727626609969016E-4
2.0485439383009175E-4
2.0248770773713715E-4
2.001743508877384E-4
1.9791254857635872E-4
1.9570060382776151E-4
1.9353689319155293E-4
1.9141986280674957E-4
1.893480247162617E-4
1.8731995341307578E-4
1.8533428260123072E-4
1.8338970215625057E-4
1.8148495527078884E-4
1.7961883577248555E-4
1.7779018560204173E-4
1.7599789244043525E-4
1.7424088747512105E-4
1.7251814329578838E-4
1.7082867191102165E-4
1.6917152287779163E-4
1.6754578153643004E-4
1.659505673441536E-4
1.6438503230081517E-4
1.628483594609576E-4
1.6133976152673735E-4
1.5985847951660196E-4
1.584037815050238E-4
1.5697496142891878E-4
1.555713379566308E-4
1.5419225341574218E-4
1.5283707277614382E-4
1.5150518268504978E-4
1.5019599055095197E-4
1.4890892367357437E-4
1.4764342841720637E-4
1.4639896942488455E-4
1.4517502887110022E-4
1.4397110575085253E-4
1.4278671520299258E-4
1.4162138786592723E-4
1.4047466926396683E-4
1.3934611922250626E-4
1.382353113106126E-4
1.371418323093984E-4
1.360652817049204E-4
1.3500527120420566E-4
1.3396142427322895E-4
1.3293337569566334E-4
1.3192077115138008E-4
1.3092326681356098E-4
1.2994052896361986E-4
1.2897223362289372E-4
1.280180662003164E-4
1.2707772115528785E-4
1.2615090167493334E-4
1.2523731936507165E-4
1.2433669395422068E-4
1.2344875300998617E-4
1.225732316672322E-4
1.2170987236749508E-4
1.2085842460908235E-4
1.2001864470732854E-4
1.1919029556457493E-4
1.1837314644938218E-4
1.1756697278455948E-4
1.167715559435984E-4
1.159866830551288E-4
1.1521214681503904E-4
1.1444774530587498E-4
1.1369328182325048E-4
1.1294856470890541E-4
1.1221340719013311E-4
1.114876272252951E-4
1.1077104735517076E-4
1.1006349455984886E-4
1.0936480012095753E-4
1.0867479948899612E-4
1.0799333215552813E-4
1.0732024153004936E-4
1.0665537482132854E-4
1.0599858292303616E-4
1.0534972030345634E-4
1.0470864489916742E-4
1.0407521801245338E-4
1.0344930421236352E-4
1.028307712392124E-4
1.0221948991243322E-4
1.0161533404160683E-4
1.0101818034055426E-4
1.0042790834438351E-4
9.984440032935197E-5
The correct rate for BP: 100.00% 
