2.1149385464264747
1.4275987636334346
1.027753188471849
0.46389053903987115
0.18734704827004028
0.09961547195264685
0.0667254143598266
0.049191797538962044
0.03847309894775878
0.0313148955470929
0.026234972412374
0.022465234785401893
0.019570036361160538
0.017285039728011535
0.015441177231074058
0.013925630558193163
0.01266043926548335
0.011590127296941755
0.010674219591559168
0.009882542394156379
0.009192174841999258
0.008585415397920595
0.008048391512278442
0.007570088165822077
0.007141655818707835
0.006755908766471404
0.006406955773549019
0.006089924212923398
0.005800751356597481
0.005536024589759743
0.005292857742576476
0.005068794411233506
0.004861731674146241
0.004669859381002434
0.0044916114475666204
0.004325626489587091
0.0041707157824915
0.004025837012744434
0.0038900726417372073
0.003762611968556497
0.0036427361782698326
0.0035298058147372148
0.003423250233786119
0.003322558682827004
0.003227272723178077
0.0031369797663289714
0.0030513075386781473
0.0029699193236053093
0.0028925098571038733
0.0028188017751299543
0.002748542528493123
0.0026815016954188312
0.0026174686335476934
0.0025562504226439406
0.0024976700570871462
0.0024415648536492127
0.002387785045377399
0.0023361925368194075
0.002286659799507623
0.002239068889698027
0.0021933105729422062
0.0021492835422463772
0.0021068937184080027
0.0020660536226769933
0.0020266818132103548
0.001988702377916031
0.0019520444772435188
0.001916641931303717
0.0018824328464079922
0.0018493592767261703
0.0018173669172886606
0.0017864048250133895
0.0017564251648317312
0.0017273829783309102
0.001699235972628066
0.001671944327451459
0.0016454705186318482
0.0016197791564058527
0.001594836837108264
0.0015706120069835037
0.0015470748369819
0.0015241971075256777
0.0015019521023348671
0.0014803145104969329
0.0014592603360462518
0.001438766814393175
0.0014188123350077765
0.001399376369821313
0.0013804394068604412
0.001361982888675323
0.0013439891551644287
0.0013264413904356472
0.0013093235733766461
0.0012926204316372739
0.0012763173987536671
0.001260400574167552
0.0012448566859165821
0.001229673055790342
0.001214837566765146
0.0012003386325462814
0.0011861651690610081
0.0011723065677586948
0.0011587526705865306
0.0011454937465198503
0.0011325204695360731
0.0011198238979301992
0.0011073954548778834
0.0010952269101595165
0.001083310362965659
0.001071638225710121
0.0010602032087828177
0.0010489983061796816
0.0010380167819514289
0.0010272521574176759
0.0010166981990965334
0.0010063489073036305
9.96198505377897E-4
9.862414294943263E-4
9.7647231902698E-4
9.668860074280904E-4
9.574775135911902E-4
9.482420336690237E-4
9.391749333183617E-4
9.302717403462711E-4
9.215281377337828E-4
9.129399570147189E-4
9.045031719888114E-4
8.962138927496959E-4
8.880683600095403E-4
8.800629397034639E-4
8.721941178576978E-4
8.644584957067745E-4
8.568527850456584E-4
8.49373803803979E-4
8.420184718299455E-4
8.347838068726369E-4
8.276669207518057E-4
8.206650157051722E-4
8.137753809036984E-4
8.069953891259125E-4
8.003224935829805E-4
7.937542248865469E-4
7.872881881520288E-4
7.809220602303546E-4
7.746535870615523E-4
7.684805811440172E-4
7.624009191136659E-4
7.564125394273798E-4
7.505134401456898E-4
7.447016768096125E-4
7.389753604072202E-4
7.333326554254824E-4
7.277717779831418E-4
7.222909940409598E-4
7.168886176854676E-4
7.115630094827708E-4
7.063125748991301E-4
7.011357627852072E-4
6.960310639209435E-4
6.909970096183645E-4
6.860321703795578E-4
6.811351546073656E-4
6.763046073664028E-4
6.715392091921178E-4
6.668376749456866E-4
6.621987527128348E-4
6.57621222744541E-4
6.531038964377789E-4
6.486456153546184E-4
6.442452502779632E-4
6.399017003023597E-4
6.356138919583714E-4
6.313807783691007E-4
6.272013384374771E-4
6.230745760630134E-4
6.189995193868312E-4
6.149752200636908E-4
6.110007525600614E-4
6.070752134769835E-4
6.031977208967938E-4
5.993674137528096E-4
5.955834512208822E-4
5.918450121320815E-4
5.881512944055865E-4
5.845015145010386E-4
5.80894906889481E-4
5.773307235423047E-4
5.738082334373497E-4
5.703267220816039E-4
5.668854910497674E-4
5.634838575381481E-4
5.601211539332615E-4
5.567967273945412E-4
5.535099394507264E-4
5.502601656093047E-4
5.47046794978558E-4
5.438692299017984E-4
5.407268856032036E-4
5.376191898449974E-4
5.345455825954065E-4
5.31505515707114E-4
5.284984526057137E-4
5.255238679879354E-4
5.225812475291732E-4
5.196700876000357E-4
5.167898949916175E-4
5.139401866491308E-4
5.111204894136382E-4
5.083303397715808E-4
5.055692836118699E-4
5.028368759901949E-4
5.001326809004034E-4
4.974562710526455E-4
4.948072276580411E-4
4.921851402196809E-4
4.895896063297536E-4
4.8702023147254616E-4
4.8447662883315744E-4
4.8195841911172926E-4
4.794652303429894E-4
4.7699669772095787E-4
4.745524634286318E-4
4.7213217647247937E-4
4.697354925216141E-4
4.6736207375142514E-4
4.6501158869165313E-4
4.626837120785942E-4
4.603781247114685E-4
4.5809451331267083E-4
4.558325703919071E-4
4.535919941140204E-4
4.5137248817038634E-4
4.4917376165380684E-4
4.4699552893676705E-4
4.448375095529547E-4
4.4269942808194355E-4
4.405810140369229E-4
4.38482001755444E-4
4.364021302929784E-4
4.3434114331932595E-4
4.32298789017708E-4
4.302748199864632E-4
4.2826899314332885E-4
4.2628106963216845E-4
4.243108147320905E-4
4.2235799776891767E-4
4.2042239202886217E-4
4.185037746744543E-4
4.1660192666254396E-4
4.147166326643933E-4
4.128476809877442E-4
4.1099486350087207E-4
4.0915797555848875E-4
4.073368159294931E-4
4.055311867265129E-4
4.037408933371622E-4
4.01965744356987E-4
4.002055515240306E-4
3.98460129655035E-4
3.967292965831083E-4
3.950128730969548E-4
3.9331068288153015E-4
3.916225524601406E-4
3.8994831113789804E-4
3.882877909464996E-4
3.866408265903664E-4
3.850072553939988E-4
3.8338691725058835E-4
3.8177965457181115E-4
3.8018531223882486E-4
3.786037375543521E-4
3.770347801959063E-4
3.754782921700876E-4
3.739341277679141E-4
3.724021435211749E-4
3.708821981597837E-4
3.6937415257009437E-4
3.678778697541623E-4
3.663932147899027E-4
3.649200547921695E-4
3.634582588746895E-4
3.6200769811282657E-4
3.6056824550721175E-4
3.591397759481332E-4
3.5772216618074775E-4
3.563152947710231E-4
3.549190420724297E-4
3.535332901934044E-4
3.52157922965433E-4
3.507928259119049E-4
3.4943788621759613E-4
3.480929926988216E-4
3.4675803577420686E-4
3.454329074361074E-4
3.4411750122263497E-4
3.428117121902411E-4
3.4151543688692716E-4
3.402285733259958E-4
3.3895102096031984E-4
3.376826806572261E-4
3.3642345467382065E-4
3.351732466328734E-4
3.339319614992E-4
3.326995055564907E-4
3.3147578638467794E-4
3.3026071283771374E-4
3.2905419502182064E-4
3.278561442741887E-4
3.2666647314208685E-4
3.2548509536244584E-4
3.2431192584175697E-4
3.231468806364821E-4
3.2198987693378493E-4
3.2084083303266544E-4
3.1969966832547835E-4
3.185663032798048E-4
3.174406594206825E-4
3.163226593132088E-4
3.1521222654545074E-4
3.141092857117021E-4
3.1301376239607987E-4
3.1192558315643005E-4
3.108446755085404E-4
3.097709679106538E-4
3.0870438974830153E-4
3.07644871319413E-4
3.065923438197012E-4
3.0554673932834135E-4
3.0450799079392854E-4
3.034760320206649E-4
3.0245079765486296E-4
3.014322231716536E-4
3.004202448619645E-4
2.9941479981975775E-4
2.984158259294601E-4
2.974232618536864E-4
2.964370470211372E-4
2.9545712161476036E-4
2.9448342656009877E-4
2.935159035138861E-4
2.925544948528074E-4
2.915991436625186E-4
2.906497937268126E-4
2.897063895170235E-4
2.887688761816087E-4
2.87837199535907E-4
2.86911306052087E-4
2.8599114284930105E-4
2.8507665768397384E-4
2.841677989403004E-4
2.832645156208893E-4
2.823667573375734E-4
2.8147447430241563E-4
2.805876173188167E-4
2.797061377728331E-4
2.7882998762461547E-4
2.779591194000153E-4
2.7709348618230547E-4
2.762330416041012E-4
2.7537773983936847E-4
2.745275355955819E-4
2.736823841060546E-4
2.728422411223458E-4
2.7200706290683247E-4
2.711768062254105E-4
2.7035142834028533E-4
2.695308870029453E-4
2.6871514044718035E-4
2.679041473822813E-4
2.670978669863301E-4
2.6629625889958635E-4
2.65499283218014E-4
2.647069004869068E-4
2.639190716945939E-4
2.631357582662967E-4
2.623569220580544E-4
2.615825253507595E-4
2.608125308442931E-4
2.6004690165175E-4
2.592856012937729E-4
2.585285936929587E-4
2.5777584316837574E-4
2.5702731443016464E-4
2.5628297257421353E-4
2.5554278307694637E-4
2.5480671179015606E-4
2.5407472493597406E-4
2.53346789101862E-4
2.5262287123573344E-4
2.519029386411221E-4
2.511869589724425E-4
2.504749002303184E-4
2.497667307569931E-4
2.490624192317963E-4
2.483619346667083E-4
2.47665246401968E-4
2.469723241017707E-4
2.462831377500089E-4
2.4559765764611407E-4
2.44915854400932E-4
2.4423769893267314E-4
2.435631624629282E-4
2.4289221651274808E-4
2.4222483289877467E-4
2.415609837294364E-4
2.4090064140120933E-4
2.4024377859491677E-4
2.39590368272105E-4
2.389403836714629E-4
2.3829379830530445E-4
2.3765058595608753E-4
2.3701072067301113E-4
2.3637417676863952E-4
2.357409288155964E-4
2.3511095164327969E-4
2.344842203346832E-4
2.3386071022318686E-4
2.332403968894647E-4
2.32623256158395E-4
2.3200926409603463E-4
2.3139839700664675E-4
2.307906314297411E-4
2.3018594413718647E-4
2.2958431213036343E-4
2.2898571263734076E-4
2.283901231101063E-4
2.2779752122184182E-4
2.272078848642256E-4
2.2662119214478436E-4
2.260374213842733E-4
2.254565511141097E-4
2.2487856007382586E-4
2.2430342720856407E-4
2.2373113166662136E-4
2.2316165279701318E-4
2.2259497014707352E-4
2.2203106346009154E-4
2.2146991267298516E-4
2.2091149791400987E-4
2.2035579950049344E-4
2.1980279793659221E-4
2.192524739111065E-4
2.1870480829530724E-4
2.181597821407951E-4
2.1761737667738877E-4
2.170775733110495E-4
2.1654035362183514E-4
2.1600569936186493E-4
2.154735924533375E-4
2.1494401498656332E-4
2.144169492180145E-4
2.1389237756842976E-4
2.1337028262090563E-4
2.1285064711906113E-4
2.1233345396517623E-4
2.118186862184125E-4
2.1130632709299088E-4
2.107963599564651E-4
2.102887683279614E-4
2.0978353587647715E-4
2.092806464191792E-4
2.0878008391974435E-4
2.082818324867145E-4
2.0778587637186772E-4
2.0729219996861665E-4
2.0680078781043043E-4
2.0631162456927662E-4
2.0582469505407632E-4
2.0533998420919656E-4
2.0485747711293826E-4
2.0437715897606902E-4
2.0389901514035978E-4
2.0342303107713492E-4
2.0294919238588073E-4
2.0247748479280964E-4
2.0200789414948867E-4
2.0154040643148493E-4
2.0107500773699894E-4
2.0061168428554656E-4
2.0015042241663695E-4
1.9969120858848172E-4
1.9923402937671635E-4
1.9877887147312873E-4
1.9832572168442054E-4
1.978745669309661E-4
1.9742539424561214E-4
1.9697819077246344E-4
1.9653294376570477E-4
1.9608964058842577E-4
1.9564826871147704E-4
1.952088157123189E-4
1.947712692739039E-4
1.9433561718354978E-4
1.9390184733186747E-4
1.934699477116519E-4
1.9303990641683432E-4
1.926117116413979E-4
1.9218535167836058E-4
1.9176081491873104E-4
1.9133808985049344E-4
1.9091716505760216E-4
1.9049802921898302E-4
1.9008067110756332E-4
1.896650795892959E-4
1.8925124362220464E-4
1.8883915225544165E-4
1.8842879462834842E-4
1.8802015996953657E-4
1.8761323759598173E-4
1.8720801691211606E-4
1.8680448740894155E-4
1.8640263866316097E-4
1.8600246033629797E-4
1.8560394217384229E-4
1.8520707400441659E-4
1.8481184573892234E-4
1.8441824736972463E-4
1.8402626896983176E-4
1.8363590069208697E-4
1.832471327683817E-4
1.8285995550884997E-4
1.8247435930110578E-4
1.8209033460947404E-4
1.8170787197421554E-4
1.8132696201079385E-4
1.8094759540912452E-4
1.8056976293284429E-4
1.801934554185767E-4
1.7981866377523824E-4
1.794453789833069E-4
1.7907359209414362E-4
1.7870329422927484E-4
1.7833447657973937E-4
1.7796713040538927E-4
1.7760124703423876E-4
1.7723681786179253E-4
1.7687383435039506E-4
1.765122880286027E-4
1.7615217049051955E-4
1.757934733951857E-4
1.7543618846595422E-4
1.7508030748986312E-4
1.7472582231704213E-4
1.743727248601045E-4
1.7402100709354744E-4
1.7367066105317288E-4
1.7332167883549798E-4
1.7297405259719038E-4
1.726277745544899E-4
1.7228283698265194E-4
1.719392322153911E-4
1.7159695264433388E-4
1.7125599071847147E-4
1.709163389436222E-4
1.7057798988190937E-4
1.7024093615122934E-4
1.6990517042472555E-4
1.6957068543029175E-4
1.6923747395004927E-4
1.689055288198539E-4
1.6857484292879404E-4
1.682454092187019E-4
1.6791722068366667E-4
1.6759027036955597E-4
1.672645513735411E-4
1.669400568436228E-4
1.6661677997817302E-4
1.6629471402546364E-4
1.6597385228323097E-4
1.656541880982052E-4
1.6533571486568337E-4
1.650184260290736E-4
1.647023150794691E-4
1.6438737555522125E-4
1.6407360104150336E-4
1.637609851698905E-4
1.63449521617956E-4
1.6313920410884433E-4
1.6283002641086594E-4
1.625219823370955E-4
1.6221506574497924E-4
1.6190927053593275E-4
1.6160459065494515E-4
1.6130102009020135E-4
1.6099855287270043E-4
1.6069718307586863E-4
1.6039690481519243E-4
1.6009771224783774E-4
1.5979959957230372E-4
1.5950256102803333E-4
1.592065908950738E-4
1.589116834937171E-4
1.5861783318413941E-4
1.5832503436606594E-4
1.5803328147842436E-4
1.5774256899898597E-4
1.5745289144405972E-4
1.5716424336813123E-4
1.56876619363547E-4
1.5659001406018386E-4
1.5630442212512493E-4
1.560198382623382E-4
1.5573625721236617E-4
1.5545367375200493E-4
1.5517208269399426E-4
1.5489147888671933E-4
1.5461185721388907E-4
1.543332125942576E-4
1.540555399813064E-4
1.5377883436296167E-4
1.535030907613012E-4
1.5322830423225548E-4
1.5295446986533337E-4
1.5268158278333558E-4
1.5240963814206886E-4
1.521386311300814E-4
1.518685569683695E-4
1.515994109101204E-4
1.5133118824044249E-4
1.5106388427609064E-4
1.5079749436520046E-4
1.5053201388704997E-4
1.5026743825176573E-4
1.5000376290009654E-4
1.4974098330314216E-4
1.494790949621153E-4
1.4921809340807832E-4
1.4895797420171064E-4
1.4869873293306066E-4
1.4844036522129728E-4
1.481828667144802E-4
1.4792623308932493E-4
1.476704600509563E-4
1.4741554333268453E-4
1.471614786957798E-4
1.4690826192923797E-4
1.4665588884955379E-4
1.4640435530050426E-4
1.4615365715292582E-4
1.4590379030449265E-4
1.456547506795011E-4
1.4540653422865464E-4
1.4515913692885615E-4
1.4491255478299087E-4
1.4466678381971993E-4
1.4442182009327746E-4
1.4417765968326377E-4
1.439342986944358E-4
1.4369173325652108E-4
1.434499595240082E-4
1.4320897367595033E-4
1.4296877191577532E-4
1.4272935047108777E-4
1.4249070559348232E-4
1.42252833558354E-4
1.4201573066469826E-4
1.417793932349503E-4
1.415438176147719E-4
1.4130900017289214E-4
1.4107493730091284E-4
1.4084162541313326E-4
1.4060906094637822E-4
1.4037724035981396E-4
1.4014616013478207E-4
1.3991581677461764E-4
1.3968620680448332E-4
1.3945732677120548E-4
1.3922917324309933E-4
1.390017428098035E-4
1.3877503208211618E-4
1.3854903769183632E-4
1.3832375629159175E-4
1.3809918455469518E-4
1.3787531917496963E-4
1.3765215686659221E-4
1.3742969436395918E-4
1.3720792842150347E-4
1.3698685581355494E-4
1.3676647333419657E-4
1.3654677779710076E-4
1.363277660353854E-4
1.3610943490146665E-4
1.3589178126691953E-4
1.356748020223187E-4
1.3545849407710744E-4
1.3524285435945074E-4
1.3502787981609462E-4
1.3481356741222453E-4
1.3459991413133118E-4
1.3438691697507333E-4
1.341745729631398E-4
1.3396287913310524E-4
1.3375183254032052E-4
1.3354143025775536E-4
1.3333166937588565E-4
1.3312254700255038E-4
1.3291406026282894E-4
1.3270620629891687E-4
1.3249898226998992E-4
1.3229238535208927E-4
1.3208641273798751E-4
1.318810616370734E-4
1.3167632927521834E-4
1.314722128946739E-4
1.3126870975393664E-4
1.3106581712762883E-4
1.3086353230639262E-4
1.306618525967622E-4
1.3046077532105076E-4
1.3026029781723858E-4
1.3006041743885221E-4
1.2986113155486498E-4
1.2966243754956774E-4
1.294643328224732E-4
1.2926681478819485E-4
1.290698808763418E-4
1.2887352853142213E-4
1.286777552127054E-4
1.284825583941547E-4
1.2828793556429605E-4
1.28093884226117E-4
1.2790040189697178E-4
1.2770748610847085E-4
1.2751513440638156E-4
1.273233443505327E-4
1.2713211351470395E-4
1.269414394865323E-4
1.2675131986741468E-4
1.265617522724138E-4
1.2637273433015214E-4
1.2618426368271864E-4
1.259963379855817E-4
1.258089549074859E-4
1.256221121303644E-4
1.2543580734923949E-4
1.2525003827213954E-4
1.250648026200032E-4
1.2488009812658142E-4
1.2469592253836685E-4
1.245122736144848E-4
1.243291491266179E-4
1.2414654685891297E-4
1.239644646079031E-4
1.2378290018240322E-4
1.236018514034414E-4
1.234213161041764E-4
1.232412921297922E-4
1.2306177733744774E-4
1.2288276959616077E-4
1.22704266786746E-4
1.2252626680173592E-4
1.2234876754528443E-4
1.2217176693310472E-4
1.2199526289238005E-4
1.2181925336167674E-4
1.2164373629089487E-4
1.2146870964116607E-4
1.2129417138477354E-4
1.2112011950510115E-4
1.2094655199654167E-4
1.2077346686441188E-4
1.2060086212490623E-4
1.2042873580499683E-4
1.2025708594237642E-4
1.2008591058537727E-4
1.199152077929102E-4
1.1974497563438007E-4
1.195752121896215E-4
1.1940591554883161E-4
1.1923708381249881E-4
1.1906871509132827E-4
1.189008075061831E-4
1.1873335918800924E-4
1.1856636827777258E-4
1.183998329263883E-4
1.1823375129465181E-4
1.1806812155319146E-4
1.1790294188237514E-4
1.1773821047227373E-4
1.175739255225694E-4
1.174100852425188E-4
1.1724668785086991E-4
1.1708373157581183E-4
1.169212146549006E-4
1.1675913533500984E-4
1.1659749187226596E-4
1.1643628253198394E-4
1.1627550558860495E-4
1.1611515932564794E-4
1.1595524203564074E-4
1.1579575202005868E-4
1.1563668758927877E-4
1.1547804706251256E-4
1.1531982876774479E-4
1.1516203104169171E-4
1.1500465222972716E-4
1.1484769068583881E-4
1.1469114477256184E-4
1.1453501286093936E-4
1.1437929333045184E-4
1.1422398456896655E-4
1.1406908497269518E-4
1.1391459294612354E-4
1.1376050690196441E-4
1.1360682526111266E-4
1.1345354645258239E-4
1.1330066891346089E-4
1.1314819108885608E-4
1.1299611143183903E-4
1.1284442840340996E-4
1.1269314047242539E-4
1.125422461155658E-4
1.1239174381727752E-4
1.1224163206972705E-4
1.1209190937274995E-4
1.119425742338039E-4
1.1179362516791904E-4
1.1164506069765095E-4
1.1149687935303397E-4
1.1134907967153457E-4
1.1120166019800281E-4
1.1105461948462606E-4
1.1090795609088526E-4
1.1076166858350774E-4
1.1061575553641958E-4
1.1047021553070391E-4
1.1032504715455756E-4
1.1018024900324723E-4
1.1003581967905425E-4
1.0989175779124499E-4
1.097480619560229E-4
1.0960473079648141E-4
1.0946176294256977E-4
1.0931915703103907E-4
1.091769117054131E-4
1.090350256159321E-4
1.0889349741952697E-4
1.0875232577976844E-4
1.086115093668292E-4
1.0847104685743584E-4
1.083309369348418E-4
1.0819117828878473E-4
1.0805176961543064E-4
1.0791270961735502E-4
1.0777399700349779E-4
1.076356304891186E-4
1.0749760879576226E-4
1.0735993065122087E-4
1.0722259478949597E-4
1.0708559995075778E-4
1.0694894488131308E-4
1.0681262833357138E-4
1.0667664906598577E-4
1.0654100584304646E-4
1.0640569743522778E-4
1.0627072261895065E-4
1.061360801765575E-4
1.0600176889626586E-4
1.0586778757213412E-4
1.0573413500404008E-4
1.0560080999762767E-4
1.0546781136428198E-4
1.0533513792109733E-4
1.0520278849083469E-4
1.0507076190189702E-4
1.0493905698829087E-4
1.0480767258959051E-4
1.0467660755090856E-4
1.0454586072286503E-4
1.0441543096155412E-4
1.0428531712850341E-4
1.041555180906545E-4
1.040260327203239E-4
1.0389685989516448E-4
1.0376799849814933E-4
1.0363944741753649E-4
1.0351120554682512E-4
1.0338327178473841E-4
1.0325564503518904E-4
1.0312832420724711E-4
1.0300130821511166E-4
1.0287459597807893E-4
1.0274818642051425E-4
1.026220784718221E-4
1.024962710664189E-4
1.0237076314369942E-4
1.0224555364800837E-4
1.0212064152861652E-4
1.0199602573968831E-4
1.0187170524025079E-4
1.0174767899417495E-4
1.0162394597013786E-4
1.0150050514159843E-4
1.0137735548677194E-4
1.0125449598859807E-4
1.0113192563472287E-4
1.0100964341745643E-4
1.0088764833376463E-4
1.0076593938522308E-4
1.0064451557800673E-4
1.0052337592285726E-4
1.0040251943505735E-4
1.0028194513439739E-4
1.0016165204517163E-4
1.0004163919612E-4
9.992190562043744E-5
The correct rate for BP: 100.00% 
