2.6699898815116474
2.4983208689339422
2.498043725395736
2.4976661694840883
2.4971265171717123
2.496300516808618
2.494902990455971
2.4921257994550157
2.484645427895353
2.436390999399249
0.5890718181214329
0.9219363850543798
5.243655274280711E-4
5.372237001587121E-4
5.147378524615767E-4
4.939867086807141E-4
4.748462858677406E-4
4.571341577125477E-4
4.40694737466739E-4
4.2539455041979964E-4
4.1111837286132713E-4
3.977661689062505E-4
3.8525063522962423E-4
3.734952146763794E-4
3.6243247565097964E-4
3.520027797976903E-4
3.421531790136253E-4
3.328364964400414E-4
3.240105561914101E-4
3.156375341890617E-4
3.0768340824984615E-4
3.0011749001913315E-4
2.929120247756701E-4
2.860418478204508E-4
2.794840882741076E-4
2.732179127813378E-4
2.6722430295611363E-4
2.614858614732003E-4
2.5598664257678967E-4
2.5071200347929546E-4
2.4564847369654066E-4
2.4078363983527428E-4
2.3610604373610028E-4
2.3160509219499113E-4
2.2727097675250338E-4
2.2309460226183281E-4
2.1906752313235697E-4
2.1518188630154127E-4
2.1143038011961154E-4
2.0780618844265527E-4
2.0430294932439894E-4
2.0091471777720167E-4
1.976359321415382E-4
1.9446138366196227E-4
1.913861889180255E-4
1.8840576480209497E-4
1.855158057733694E-4
1.8271226314993955E-4
1.799913262287731E-4
1.7734940504792666E-4
1.7478311462657627E-4
1.7228926053707087E-4
1.6986482567929494E-4
1.6750695814206167E-4
1.6521296004859737E-4
1.6298027729422351E-4
1.608064900940413E-4
1.5868930426693584E-4
1.5662654318983725E-4
1.546161403627856E-4
1.5265613253141836E-4
1.5074465331863296E-4
1.4887992732202183E-4
1.470602646377636E-4
1.452840557754476E-4
1.4354976693163759E-4
1.4185593559301482E-4
1.402011664425278E-4
1.3858412754451125E-4
1.3700354678681156E-4
1.3545820855993782E-4
1.339469506550317E-4
1.324686613639886E-4
1.3102227676653792E-4
1.2960677819036457E-4
1.282211898315246E-4
1.268645765234707E-4
1.2553604164399038E-4
1.2423472515016054E-4
1.2295980173234678E-4
1.2171047907884051E-4
1.2048599624353614E-4
1.1928562210953612E-4
1.1810865394219877E-4
1.1695441602558608E-4
1.158222583767903E-4
1.1471155553294677E-4
1.1362170540624617E-4
1.1255212820248804E-4
1.1150226539912326E-4
1.1047157877900136E-4
1.0945954951630182E-4
1.0846567731139421E-4
1.0748947957162224E-4
1.065304906351398E-4
1.0558826103523189E-4
1.0466235680267125E-4
1.0375235880378737E-4
1.028578621122153E-4
1.0197847541226131E-4
1.0111382043209995E-4
1.0026353140505093E-4
9.942725455732882E-5
The correct rate for BP: 100.00% 
