2.6790083759955725
2.4979754188552428
2.4974051130135324
2.4964661055662702
2.4947017835281478
2.4905190292437065
2.4733897208062166
1.4054779486878737
0.3396865681986163
0.007369086645318262
0.004877676583065441
0.0038616731809773272
0.0032502443410668026
0.0028201460807952953
0.0024954361389136347
0.0022401078986809936
0.0020335598092312305
0.0018627887020736906
0.0017190924915360826
0.0015964040982241199
0.0014903570326272179
0.0013977257101964926
0.001316074185582452
0.001243527514864469
0.0011786183891436216
0.0011201815784826316
0.0010672796333237818
0.001019149539742483
9.751637352211468E-4
9.348011622785871E-4
8.976254640552825E-4
8.632683437118803E-4
8.314167123915133E-4
8.018026541702805E-4
7.741955114428154E-4
7.483955845696942E-4
7.242290733467578E-4
7.015439830781313E-4
6.802067866904954E-4
6.60099684408481E-4
6.411183394425283E-4
6.23169995652811E-4
6.061719038429617E-4
5.900499990363673E-4
5.74737783099851E-4
5.601753763431114E-4
5.463087089193096E-4
5.330888284836872E-4
5.204713050019831E-4
5.084157171159133E-4
4.968852072757861E-4
4.8584609509798006E-4
4.752675402167997E-4
4.651212473687782E-4
4.5538120764313964E-4
4.4602347081037716E-4
4.37025944445038E-4
4.283682162222395E-4
4.2003139631739927E-4
4.119979772961224E-4
4.042517092633708E-4
3.967774883611486E-4
3.8956125697332984E-4
3.825899142234999E-4
3.7585123554414193E-4
3.693338002587588E-4
3.630269262578686E-4
3.5692061096850186E-4
3.5100547791867874E-4
3.4527272828595095E-4
3.39714096894071E-4
3.3432181218719597E-4
3.290885597669415E-4
3.2400744912663987E-4
3.190719832593998E-4
3.1427603085351966E-4
3.09613800821156E-4
3.0507981893420884E-4
3.0066890636622337E-4
2.9637615996084074E-4
2.921969340663104E-4
2.8812682379257505E-4
2.8416164956227593E-4
2.8029744284010957E-4
2.7653043293670123E-4
2.7285703479360245E-4
2.6927383766498837E-4
2.6577759462004886E-4
2.623652127972629E-4
2.590337443483333E-4
2.557803780152904E-4
2.5260243128964884E-4
2.4949734310703145E-4
2.4646266703506247E-4
2.4349606491588698E-4
2.4059530092833306E-4
2.377582360375756E-4
2.3498282280314792E-4
2.3226710051840732E-4
2.2960919065706528E-4
2.2700729260432355E-4
2.2445967965194682E-4
2.219646952385029E-4
2.1952074941729074E-4
2.171263155360638E-4
2.1477992711381143E-4
2.1248017490108575E-4
2.1022570411133513E-4
2.080152118117901E-4
2.0584744446319075E-4
2.0372119559858312E-4
2.0163530363201819E-4
1.995886497887893E-4
1.9758015614935957E-4
1.956087837997659E-4
1.936735310817794E-4
1.9177343193659552E-4
1.8990755433624838E-4
1.8807499879738054E-4
1.8627489697234446E-4
1.8450641031299487E-4
1.827687288027935E-4
1.8106106975321077E-4
1.7938267666063552E-4
1.7773281812025283E-4
1.7611078679361582E-4
1.7451589842683394E-4
1.7294749091649404E-4
1.7140492342063385E-4
1.6988757551223164E-4
1.6839484637287588E-4
1.669261540244E-4
1.6548093459639213E-4
1.6405864162764608E-4
1.6265874539976588E-4
1.6128073230114233E-4
1.5992410421974252E-4
1.5858837796319843E-4
1.5727308470474578E-4
1.5597776945370368E-4
1.547019905491969E-4
1.5344531917601718E-4
1.522073389013814E-4
1.5098764523165746E-4
1.4978584518797323E-4
1.4860155689985433E-4
1.4743440921588896E-4
1.462840413307543E-4
1.4515010242763224E-4
1.440322513354131E-4
1.4293015619989933E-4
1.4184349416838574E-4
1.4077195108697346E-4
1.3971522121000222E-4
1.3867300692108246E-4
1.3764501846513672E-4
1.3663097369099415E-4
1.3563059780402425E-4
1.3464362312835427E-4
1.3366978887829325E-4
1.3270884093845298E-4
1.317605316522689E-4
1.308246196185245E-4
1.2990086949548555E-4
1.2898905181237533E-4
1.2808894278783443E-4
1.272003241550793E-4
1.263229829934584E-4
1.254567115661585E-4
1.2460130716376652E-4
1.237565719534853E-4
1.229223128337198E-4
1.2209834129384712E-4
1.2128447327894521E-4
1.2048052905925922E-4
1.1968633310424068E-4
1.1890171396097298E-4
1.1812650413675491E-4
1.1736053998576567E-4
1.1660366159955907E-4
1.1585571270129262E-4
1.1511654054352837E-4
1.1438599580945366E-4
1.1366393251740631E-4
1.1295020792856597E-4
1.1224468245768893E-4
1.1154721958678434E-4
1.1085768578159107E-4
1.1017595041078555E-4
1.0950188566778761E-4
1.0883536649507185E-4
1.081762705109185E-4
1.0752447793846919E-4
1.0687987153704211E-4
1.0624233653560118E-4
1.056117605682951E-4
1.0498803361203094E-4
1.0437104792595182E-4
1.0376069799279356E-4
1.0315688046202841E-4
1.0255949409476652E-4
1.0196843971028989E-4
1.013836201342361E-4
1.0080494014832054E-4
1.0023230644155586E-4
9.966562756294431E-5
The correct rate for BP: 100.00% 
