2.729663641108627
2.4957367779358153
2.4932829790838906
2.4863278900397794
2.4158686455418388
0.20602566230140082
0.11050607291415
0.0018437528222115765
0.0014093416847658722
0.001151823276898757
9.76973836873494E-4
8.505469212822046E-4
7.549804133969102E-4
6.803008976334041E-4
6.204132188760134E-4
5.713780222689773E-4
5.305342879947065E-4
4.960190146482797E-4
4.664887380647042E-4
4.409502734445364E-4
4.1865370026200735E-4
3.990223906652588E-4
3.816059152883248E-4
3.6604753676003886E-4
3.520612684734363E-4
3.3941536181980266E-4
3.279202095036056E-4
3.174193427027034E-4
3.077826344885364E-4
2.98901102058011E-4
2.9068288468386025E-4
2.830500979312067E-4
2.7593634905436577E-4
2.6928475697573725E-4
2.630463613913825E-4
2.571788348839793E-4
2.516454331054557E-4
2.4641413356589253E-4
2.4145692499434536E-4
2.3674921776647658E-4
2.3226935232023276E-4
2.2799818736749203E-4
2.2391875345768376E-4
2.2001596034708847E-4
2.1627634888564002E-4
2.126878799049254E-4
2.0923975399149457E-4
2.059222571431066E-4
2.0272662819653382E-4
1.9964494463270101E-4
1.9667002394491636E-4
1.937953382277392E-4
1.9101494002944451E-4
1.8832339782725785E-4
1.8571573974536873E-4
1.831874043511925E-4
1.8073419754464112E-4
1.7835225470437218E-4
1.7603800737968353E-4
1.7378815392159162E-4
1.7159963353441455E-4
1.6946960330373263E-4
1.6739541781904993E-4
1.6537461106311588E-4
1.6340488028469978E-4
1.6148407161049495E-4
1.5961016718445175E-4
1.577812736511554E-4
1.559956118238416E-4
1.5425150739842872E-4
1.5254738259265306E-4
1.508817486048876E-4
1.492531988003017E-4
1.4766040254356893E-4
1.4610209960723796E-4
1.4457709509348575E-4
1.4308425481439682E-4
1.4162250108250542E-4
1.40190808868941E-4
1.3878820229145828E-4
1.3741375139904736E-4
1.3606656922348633E-4
1.3474580907156758E-4
1.334506620347182E-4
1.321803546951089E-4
1.3093414700982142E-4
1.2971133035643298E-4
1.2851122572527397E-4
1.2733318204506618E-4
1.2617657463008248E-4
1.2504080373812974E-4
1.2392529322980173E-4
1.228294893203069E-4
1.2175285941615254E-4
1.2069489102959017E-4
1.1965509076451714E-4
1.1863298336805545E-4
1.1762811084261253E-4
1.166400316136948E-4
1.1566831974915356E-4
1.1471256422598615E-4
1.137723682411314E-4
1.1284734856296976E-4
1.1193713492062182E-4
1.110413694283054E-4
1.1015970604226636E-4
1.0929181004801588E-4
1.0843735757580677E-4
1.0759603514242004E-4
1.0676753921746853E-4
1.0595157581269247E-4
1.0514786009262112E-4
1.043561160053449E-4
1.0357607593205356E-4
1.0280748035417829E-4
1.0205007753708396E-4
1.0130362322925037E-4
1.0056788037604084E-4
9.984261884720048E-5
The correct rate for BP: 100.00% 
