2.531502560603949
0.8470172126445098
1.9555411306167028
1.5753710191330086
0.028478525704939993
0.0010748666561758748
8.543793765770732E-4
7.225401087328022E-4
6.322486792121944E-4
5.664327343592346E-4
5.162723291466903E-4
4.7673142023935047E-4
4.4472081019016285E-4
4.182393121240713E-4
3.9593359493971593E-4
3.768560127589356E-4
3.6032359363175444E-4
3.458320296899559E-4
3.3300114121988684E-4
3.215391405491595E-4
3.112185431433785E-4
3.018595256515997E-4
2.9331817803696916E-4
2.854780508151844E-4
2.782439689493482E-4
2.715374351105138E-4
2.652931667464651E-4
2.594564546558867E-4
2.5398112525097763E-4
2.488279521913374E-4
2.4396340648299953E-4
2.39358664282094E-4
2.349888128795177E-4
2.3083221050310409E-4
2.2686996652983283E-4
2.2308551670834021E-4
2.1946427390745997E-4
2.1599333931915458E-4
2.1266126236664954E-4
2.094578400914745E-4
2.0637394872453064E-4
2.0340140163620568E-4
2.0053282901810057E-4
1.977615755541469E-4
1.9508161305166268E-4
1.9248746556711253E-4
1.8997414501086135E-4
1.8753709557498487E-4
1.851721456179609E-4
1.8287546587418343E-4
1.8064353304672056E-4
1.7847309799696271E-4
1.76361157872178E-4
1.743049316167944E-4
1.7230183839971012E-4
1.703494785617333E-4
1.684456167469864E-4
1.6658816693190876E-4
1.6477517910732032E-4
1.6300482740404856E-4
1.6127539948222755E-4
1.5958528702936787E-4
1.5793297723350072E-4
1.563170451156856E-4
1.5473614662158474E-4
1.531890123848262E-4
1.516744420862222E-4
1.5019129934245413E-4
1.4873850706620918E-4
1.4731504324688423E-4
1.459199371071063E-4
1.445522655958014E-4
1.4321115018306585E-4
1.4189575392619652E-4
1.4060527877977517E-4
1.3933896312575664E-4
1.3809607950218374E-4
1.3687593251153772E-4
1.356778568918109E-4
1.3450121573517832E-4
1.3334539884073964E-4
1.3220982118928497E-4
1.310939215292057E-4
1.299971610638136E-4
1.2891902223132162E-4
1.2785900756960412E-4
1.2681663865859948E-4
1.2579145513395498E-4
1.2478301376609157E-4
1.2379088759942113E-4
1.2281466514695786E-4
1.2185394963598874E-4
1.2090835830084836E-4
1.1997752171924896E-4
1.190610831888574E-4
1.1815869814115238E-4
1.1727003358987553E-4
1.1639476761151982E-4
1.155325888556298E-4
1.1468319608279189E-4
1.1384629772841228E-4
1.1302161149052185E-4
1.1220886393997238E-4
1.1140779015154098E-4
1.1061813335458072E-4
1.0983964460192201E-4
1.0907208245587857E-4
1.0831521269026226E-4
1.0756880800741725E-4
1.0683264776931751E-4
1.0610651774191797E-4
1.0539020985190329E-4
1.0468352195514833E-4
1.0398625761616198E-4
1.0329822589789171E-4
1.0261924116129913E-4
1.0194912287413197E-4
1.012876954283896E-4
1.0063478796601057E-4
9.99902342122756E-5
The correct rate for BP: 100.00% 
