1.517394563081645
1.164890629239952
0.8262546236458175
0.5022178344455772
0.2941786917490529
0.17867010333479444
0.11961260516627885
0.08722083158596232
0.06745102462687778
0.05436662440490547
0.04517398946181349
0.03841680215374619
0.033271495620829615
0.02924141260814354
0.026011177244138164
0.023371887692796342
0.021180217523521627
0.01933486581338944
0.017762390732199703
0.01640836341002853
0.015231662856520025
0.014200691552609841
0.013290802118815774
0.012482508615343045
0.011760218595717893
0.011111318320807766
0.010525502175903041
0.009994273945351224
0.009510570981713875
0.009068477549451774
0.008663003747871352
0.008289913259458503
0.007945587866022714
0.007626919946122702
0.00733122647648458
0.007056179710872314
0.006799750903718875
0.0065601643186634995
0.006335859406799041
0.006125459520119155
0.0059277458872958105
0.0057416358532945515
0.005566164594164437
0.005400469680010784
0.005243777984614538
0.005095394538165766
0.004954692996631004
0.004821107462218815
0.004694125437891032
0.004573281737649429
0.0044581532055116115
0.004348354121290474
0.004243532191752724
0.0041433650424231175
0.0040475571389738075
0.00395583707838739
0.003867955199373179
0.0037836814692206516
0.0037028036106853623
0.0036251254378576307
0.0035504653744520384
0.0034786551317297805
0.0034095385264478278
0.003342970421923224
0.0032788157775849383
0.0032169487943313094
0.003157252144670437
0.003099616278040777
0.003043938792927829
0.00299012386843978
0.0029380817489085605
0.0028877282758628152
0.002838984462395267
0.0027917761055331228
0.002746033432731027
0.0027016907790498286
0.0026586862919735525
0.002616961661156252
0.0025764618706886505
0.002537134971735797
0.002498931873627457
0.0024618061516860235
0.0024257138702552493
0.002390613419552382
0.0023564653651060065
0.0023232323086668466
0.0022908787595890246
0.0022593710157782034
0.0022286770533902424
0.0021987664245429112
0.0021696101623725752
0.0021411806928308768
0.00211345175267219
0.002086398313133258
0.0020599965088514373
0.002034223571608755
0.002009057768525537
0.0019844783443604937
0.001960465467603963
0.0019370001800776847
0.0019140643497791896
0.0018916406267308933
0.001869712401613673
0.001848263766983242
0.0018272794808839882
0.0018067449326897894
0.0017866461110152634
0.0017669695735529785
0.0017477024187039017
0.0017288322588783094
0.0017103471953541045
0.001692235794588037
0.00167448706588325
0.0016570904403237056
0.0016400357508929906
0.0016233132137006706
0.0016069134102452913
0.0015908272706481258
0.0015750460577965445
0.0015595613523400943
0.0015443650384866139
0.0015294492905492303
0.0015148065601984346
0.001500429564376863
0.0014863112738369164
0.0014724449022643815
0.0014588238959535307
0.001445441924001352
0.0014322928689910778
0.00141937081813663
0.0014066700548618883
0.001394185050790127
0.0013819104581205338
0.001369841102370341
0.00135797197546232
0.0013462982291387073
0.001334815168683738
0.001323518246938242
0.0013124030585904916
0.0013014653347286854
0.0012907009376412488
0.0012801058558518986
0.0012696761993772991
0.0012594081951957312
0.0012492981829160565
0.0012393426106366797
0.0012295380309848584
0.001219881097327464
0.0012103685601444305
0.0012009972635569771
0.0011917641420029098
0.0011826662170518556
0.0011737005943535947
0.0011648644607131354
0.001156155081286333
0.0011475697968904705
0.0011391060214242556
0.0011307612393921616
0.0011225330035281823
0.0011144189325143908
0.0011064167087900608
0.0010985240764470252
0.0010907388392074418
0.001083058858480281
0.0010754820514928766
0.0010680063894943203
0.001060629896027459
0.0010533506452663876
0.0010461667604167563
0.001039076412175952
0.001032077817250712
0.0010251692369295877
0.0010183489757080446
0.0010116153799637933
0.001004966836680372
9.9840177221689E-4
9.919186511219544E-4
9.8551597499011E-4
9.791922813587978E-4
9.729461426443792E-4
9.667761651155403E-4
9.606809879025278E-4
9.546592820408357E-4
9.487097495479432E-4
9.428311225317222E-4
9.370221623293717E-4
9.312816586755645E-4
9.256084288987253E-4
9.200013171443042E-4
9.144591936240104E-4
9.089809538900635E-4
9.035655181333337E-4
8.982118305046718E-4
8.929188584583875E-4
8.876855921171005E-4
8.825110436571765E-4
8.773942467139022E-4
8.723342558057879E-4
8.673301457771565E-4
8.623810112584396E-4
8.57485966143488E-4
8.526441430832842E-4
8.478546929954573E-4
8.431167845890692E-4
8.384296039040361E-4
8.337923538647669E-4
8.292042538474407E-4
8.246645392604446E-4
8.201724611375587E-4
8.15727285743392E-4
8.1132829419067E-4
8.069747820689059E-4
8.026660590841713E-4
7.98401448709501E-4
7.941802878455508E-4
7.900019264912347E-4
7.85865727423957E-4
7.817710658891276E-4
7.777173292986348E-4
7.737039169379772E-4
7.6973023968179E-4
7.657957197175046E-4
7.618997902767556E-4
7.580418953744662E-4
7.542214895552083E-4
7.504380376466417E-4
7.466910145198803E-4
7.429799048564155E-4
7.393042029215587E-4
7.356634123440346E-4
7.320570459016299E-4
7.284846253126773E-4
7.24945681033193E-4
7.214397520594926E-4
7.179663857360733E-4
7.145251375686908E-4
7.111155710423565E-4
7.07737257444236E-4
7.043897756911243E-4
7.01072712161555E-4
6.977856605322397E-4
6.945282216188036E-4
6.913000032206355E-4
6.881006199697589E-4
6.849296931835887E-4
6.817868507214828E-4
6.786717268449149E-4
6.755839620812481E-4
6.725232030909094E-4
6.694891025379653E-4
6.664813189639011E-4
6.634995166645817E-4
6.605433655702824E-4
6.576125411286551E-4
6.547067241906639E-4
6.518256008992389E-4
6.489688625807052E-4
6.461362056388765E-4
6.433273314517015E-4
6.405419462703877E-4
6.377797611210226E-4
6.350404917085116E-4
6.323238583228254E-4
6.296295857474829E-4
6.269574031702242E-4
6.2430704409577E-4
6.216782462606638E-4
6.190707515500839E-4
6.164843059166291E-4
6.13918659300981E-4
6.113735655544325E-4
6.088487823631576E-4
6.063440711742762E-4
6.038591971235893E-4
6.013939289649842E-4
5.989480390014232E-4
5.965213030175299E-4
5.941135002136696E-4
5.917244131415331E-4
5.89353827641185E-4
5.870015327794537E-4
5.846673207897841E-4
5.823509870133542E-4
5.800523298415307E-4
5.777711506595733E-4
5.755072537916178E-4
5.732604464467991E-4
5.710305386665833E-4
5.688173432732653E-4
5.666206758195646E-4
5.644403545392648E-4
5.622762002990008E-4
5.601280365510052E-4
5.579956892868953E-4
5.558789869924664E-4
5.537777606033728E-4
5.516918434618296E-4
5.496210712741781E-4
5.475652820693382E-4
5.455243161581574E-4
5.434980160935911E-4
5.414862266317043E-4
5.394887946935133E-4
5.375055693275564E-4
5.355364016732928E-4
5.335811449252288E-4
5.31639654297765E-4
5.297117869907856E-4
5.277974021559103E-4
5.258963608634756E-4
5.240085260701364E-4
5.221337625871482E-4
5.202719370492809E-4
5.184229178843338E-4
5.165865752832869E-4
5.147627811710136E-4
5.12951409177605E-4
5.111523346102262E-4
5.093654344255589E-4
5.075905872027417E-4
5.058276731169013E-4
5.040765739131213E-4
5.023371728809795E-4
5.006093548295572E-4
4.98893006062907E-4
4.971880143560305E-4
4.954942689312889E-4
4.93811660435282E-4
4.92140080916143E-4
4.904794238013044E-4
4.888295838756288E-4
4.871904572600076E-4
4.85561941390335E-4
4.8394393499686674E-4
4.82336338083988E-4
4.807390519103476E-4
4.7915197896935825E-4
4.775750229700531E-4
4.7600808881832123E-4
4.7445108259846293E-4
4.7290391155506754E-4
4.713664840753014E-4
4.698387096714051E-4
4.6832049896362E-4
4.6681176366331615E-4
4.6531241655655244E-4
4.638223714878009E-4
4.623415433440539E-4
4.6086984803918226E-4
4.594072024985943E-4
4.5795352464413097E-4
4.5650873337924004E-4
4.550727485744788E-4
4.5364549105315487E-4
4.522268825773209E-4
4.508168458339673E-4
4.494153044214625E-4
4.48022182836251E-4
4.4663740645973886E-4
4.452609015454717E-4
4.4389259520645404E-4
4.4253241540277553E-4
4.411802909293769E-4
4.39836151404061E-4
4.384999272557213E-4
4.3717154971272166E-4
4.358509507915393E-4
4.345380632855377E-4
4.3323282075398623E-4
4.3193515751121836E-4
4.30645008615997E-4
4.2936230986106674E-4
4.280869977628547E-4
4.2681900955134707E-4
4.2555828316017427E-4
4.2430475721680393E-4
4.2305837103294056E-4
4.2181906459504864E-4
4.2058677855507027E-4
4.1936145422125646E-4
4.181430335491851E-4
4.16931459132883E-4
4.157266741961462E-4
4.145286225839586E-4
4.133372487540448E-4
4.121524977686275E-4
4.10974315286214E-4
4.098026475536084E-4
4.086374413979999E-4
4.074786442191867E-4
4.0632620398193745E-4
4.0518006920846176E-4
4.040401889710031E-4
4.02906512884546E-4
4.017789910996622E-4
4.006575742954116E-4
3.9954221367244255E-4
3.984328609461107E-4
3.973294683397542E-4
3.9623198857808634E-4
3.951403748806441E-4
3.940545809553657E-4
3.929745609922959E-4
3.919002696573193E-4
3.9083166208605694E-4
3.8976869387781135E-4
3.887113210896302E-4
3.876595002304696E-4
3.8661318825538514E-4
3.855723425599082E-4
3.8453692097441126E-4
3.835068817586365E-4
3.824821835962436E-4
3.8146278558949347E-4
3.804486472539705E-4
3.794397285134094E-4
3.784359896945831E-4
3.77437391522285E-4
3.7644389511436513E-4
3.7545546197686536E-4
3.744720539991835E-4
3.73493633449365E-4
3.725201629694254E-4
3.715516055707461E-4
3.705879246295563E-4
3.6962908388244955E-4
3.6867504742201147E-4
3.6772577969245454E-4
3.667812454853667E-4
3.658414099354915E-4
3.649062385165805E-4
3.6397569703731426E-4
3.63049751637245E-4
3.621283687828432E-4
3.6121151526359054E-4
3.6029915818809046E-4
3.5939126498028937E-4
3.584878033757206E-4
3.5758874141778203E-4
3.5669404745412885E-4
3.55803690133056E-4
3.5491763839995996E-4
3.5403586149383406E-4
3.5315832894385453E-4
3.522850105659488E-4
3.514158764594763E-4
3.5055089700389205E-4
3.49690042855532E-4
3.4883328494436715E-4
3.479805944708546E-4
3.4713194290280334E-4
3.462873019723148E-4
3.454466436727185E-4
3.4460994025559095E-4
3.4377716422780223E-4
3.4294828834859927E-4
3.421232856267146E-4
3.4130212931756293E-4
3.4048479292041027E-4
3.3967125017564213E-4
3.38861475062012E-4
3.380554417939958E-4
3.3725312481909904E-4
3.364544988152628E-4
3.3565953868829593E-4
3.348682195693107E-4
3.340805168122182E-4
3.3329640599125566E-4
3.3251586289854317E-4
3.317388635416554E-4
3.3096538414126953E-4
3.3019540112878484E-4
3.2942889114402293E-4
3.286658310329492E-4
3.279061978453888E-4
3.271499688328115E-4
3.263971214461559E-4
3.256476333336059E-4
3.2490148233850377E-4
3.2415864649720013E-4
3.2341910403698104E-4
3.2268283337400075E-4
3.219498131112584E-4
3.2122002203658365E-4
3.2049343912064315E-4
3.1977004351501677E-4
3.1904981455022205E-4
3.1833273173385255E-4
3.176187747486534E-4
3.1690792345070084E-4
3.1620015786753294E-4
3.1549545819636047E-4
3.1479380480227556E-4
3.1409517821646255E-4
3.13399559134494E-4
3.1270692841456614E-4
3.1201726707582217E-4
3.1133055629667275E-4
3.106467774131207E-4
3.0996591191713826E-4
3.092879414550499E-4
3.086128478259172E-4
3.079406129799759E-4
3.0727121901707777E-4
3.066046481851398E-4
3.059408828786316E-4
3.0527990563707823E-4
3.046216991435585E-4
3.0396624622326E-4
3.0331352984201763E-4
3.0266353310489264E-4
3.020162392547522E-4
3.013716316708812E-4
3.007296938675941E-4
3.0009040949287763E-4
2.994537623270496E-4
2.988197362814271E-4
2.98188315397007E-4
2.975594838431756E-4
2.969332259164162E-4
2.9630952603905604E-4
2.956883687580035E-4
2.9506973874351375E-4
2.9445362078797145E-4
2.938399998046675E-4
2.932288608266315E-4
2.9262018900541776E-4
2.9201396960997747E-4
2.914101880254703E-4
2.908088297521582E-4
2.9020988040424976E-4
2.8961332570881146E-4
2.890191515046622E-4
2.884273437412734E-4
2.8783788847771256E-4
2.87250771881582E-4
2.866659802279521E-4
2.860834998983417E-4
2.855033173796865E-4
2.849254192633225E-4
2.843497922439863E-4
2.8377642311883333E-4
2.8320529878645025E-4
2.826364062458817E-4
2.820697325956896E-4
2.81505265032995E-4
2.8094299085254103E-4
2.8038289744578715E-4
2.798249722999658E-4
2.792692029972095E-4
2.787155772136295E-4
2.7816408271845683E-4
2.7761470737314826E-4
2.770674391305363E-4
2.765222660339703E-4
2.7597917621646274E-4
2.7543815789987674E-4
2.7489919939407574E-4
2.7436228909612134E-4
2.7382741548946275E-4
2.732945671431361E-4
2.7276373271096723E-4
2.7223490093081324E-4
2.717080606237625E-4
2.711832006933879E-4
2.706603101249817E-4
2.7013937798482277E-4
2.6962039341941514E-4
2.691033456547695E-4
2.685882239956903E-4
2.680750178250339E-4
2.67563716603022E-4
2.670543098665359E-4
2.665467872284214E-4
2.6604113837680633E-4
2.655373530744246E-4
2.6503542115793584E-4
2.6453533253727407E-4
2.6403707719498994E-4
2.6354064518559385E-4
2.630460266349193E-4
2.6255321173948966E-4
2.62062190765888E-4
2.615729540501284E-4
2.610854919970534E-4
2.6059979507970935E-4
2.601158538387639E-4
2.5963365888188416E-4
2.591532008831884E-4
2.586744705826011E-4
2.581974587853364E-4
2.577221563612891E-4
2.572485542444874E-4
2.5677664343252195E-4
2.5630641498600176E-4
2.55837860027991E-4
2.553709697434897E-4
2.54905735378882E-4
2.544421482414025E-4
2.5398019969862385E-4
2.5351988117792187E-4
2.530611841659731E-4
2.5260410020823426E-4
2.5214862090845264E-4
2.516947379281517E-4
2.5124244298613995E-4
2.5079172785803626E-4
2.5034258437576265E-4
2.498950044270931E-4
2.4944897995514474E-4
2.490045029579442E-4
2.485615654879416E-4
2.4812015965155137E-4
2.4768027760870535E-4
2.47241911572397E-4
2.468050538082322E-4
2.463696966340024E-4
2.4593583241922017E-4
2.4550345358471357E-4
2.450725526021886E-4
2.446431219937973E-4
2.4421515433172204E-4
2.4378864223776673E-4
2.4336357838293624E-4
2.4293995548702713E-4
2.425177663182355E-4
2.4209700369274713E-4
2.4167766047434883E-4
2.4125972957402556E-4
2.408432039495884E-4
2.4042807660527637E-4
2.4001434059137686E-4
2.396019890038633E-4
2.3919101498401043E-4
2.3878141171802217E-4
2.3837317243667096E-4
2.3796629041494295E-4
2.3756075897165941E-4
2.3715657146914317E-4
2.3675372131285813E-4
2.363522019510477E-4
2.3595200687441938E-4
2.3555312961577376E-4
2.3515556374968273E-4
2.3475930289214398E-4
2.3436434070026624E-4
2.3397067087192088E-4
2.335782871454238E-4
2.3318718329921756E-4
2.3279735315154528E-4
2.3240879056014458E-4
2.3202148942191305E-4
2.316354436726215E-4
2.3125064728659323E-4
2.3086709427640222E-4
2.3048477869257322E-4
2.3010369462327752E-4
2.297238361940443E-4
2.2934519756746133E-4
2.2896777294289405E-4
2.2859155655617603E-4
2.2821654267935352E-4
2.2784272562037823E-4
2.2747009972283905E-4
2.2709865936568362E-4
2.2672839896294486E-4
2.2635931296346713E-4
2.2599139585062784E-4
2.2562464214208926E-4
2.2525904638952257E-4
2.2489460317833725E-4
2.2453130712744436E-4
2.24169152888971E-4
2.2380813514803248E-4
2.2344824862245892E-4
2.230894880625565E-4
2.227318482508566E-4
2.22375324001867E-4
2.2201991016183327E-4
2.2166560160848662E-4
2.2131239325082314E-4
2.2096028002884985E-4
2.2060925691336084E-4
2.2025931890569611E-4
2.1991046103751687E-4
2.1956267837057667E-4
2.1921596599648978E-4
2.188703190365142E-4
2.1852573264131707E-4
2.1818220199077776E-4
2.178397222937381E-4
2.1749828878781048E-4
2.171578967391548E-4
2.1681854144226263E-4
2.164802182197478E-4
2.1614292242214326E-4
2.158066494276895E-4
2.1547139464212978E-4
2.1513715349850512E-4
2.148039214569528E-4
2.1447169400451237E-4
2.141404666549173E-4
2.1381023494841363E-4
2.1348099445154034E-4
2.1315274075697606E-4
2.1282546948330107E-4
2.1249917627484872E-4
2.1217385680148557E-4
2.118495067584478E-4
2.1152612186614488E-4
2.1120369786998186E-4
2.108822305401742E-4
2.1056171567157333E-4
2.1024214908347763E-4
2.0992352661946767E-4
2.0960584414722572E-4
2.0928909755836244E-4
2.0897328276824265E-4
2.086583957158177E-4
2.083444323634562E-4
2.080313886967687E-4
2.0771926072445795E-4
2.074080444781363E-4
2.0709773601217322E-4
2.0678833140352378E-4
2.064798267515774E-4
2.061722181780001E-4
2.05865501826558E-4
2.05559673862981E-4
2.0525473047480392E-4
2.049506678712028E-4
2.0464748228284291E-4
2.0434516996174486E-4
2.0404372718111152E-4
2.0374315023519157E-4
2.034434354391248E-4
2.0314457912881334E-4
2.0284657766075174E-4
2.025494274118955E-4
2.0225312477952472E-4
2.0195766618108404E-4
2.0166304805406112E-4
2.0136926685583934E-4
2.0107631906355453E-4
2.0078420117396466E-4
2.00492909703318E-4
2.002024411872081E-4
1.9991279218044383E-4
1.9962395925692035E-4
1.9933593900949036E-4
1.990487280498169E-4
1.987623230082645E-4
1.9847672053376547E-4
1.9819191729367866E-4
1.9790790997368323E-4
1.9762469527764582E-4
1.9734226992748855E-4
1.9706063066307823E-4
1.967797742420983E-4
1.9649969743992522E-4
1.9622039704951508E-4
1.9594186988128003E-4
1.9566411276297394E-4
1.953871225395645E-4
1.951108960731367E-4
1.9483543024275286E-4
1.9456072194436297E-4
1.942867680906753E-4
1.9401356561104177E-4
1.9374111145136456E-4
1.9346940257396062E-4
1.931984359574731E-4
1.9292820859675514E-4
1.9265871750275172E-4
1.9238995970241322E-4
1.9212193223856666E-4
1.918546321698238E-4
1.9158805657047405E-4
1.9132220253038288E-4
1.9105706715488027E-4
1.907926475646674E-4
1.9052894089570453E-4
1.9026594429912976E-4
1.9000365494113803E-4
1.8974207000289393E-4
1.8948118668042857E-4
1.8922100218454405E-4
1.889615137407189E-4
1.8870271858901033E-4
1.8844461398395692E-4
1.8818719719447855E-4
1.8793046550380542E-4
1.8767441620936074E-4
1.8741904662267277E-4
1.8716435406929366E-4
1.8691033588869976E-4
1.8665698943420858E-4
1.8640431207287797E-4
1.8615230118543177E-4
1.8590095416615472E-4
1.8565026842282584E-4
1.8540024137661605E-4
1.8515087046199946E-4
1.849021531266835E-4
1.8465408683151366E-4
1.8440666905039356E-4
1.8415989727019224E-4
1.8391376899066792E-4
1.8366828172439965E-4
1.834234329966789E-4
1.8317922034544946E-4
1.8293564132121324E-4
1.8269269348696434E-4
1.824503744180925E-4
1.8220868170233038E-4
1.819676129396406E-4
1.817271657421742E-4
1.814873377341702E-4
1.812481265518856E-4
1.8100952984352242E-4
1.8077154526914847E-4
1.805341705006307E-4
1.8029740322155751E-4
1.8006124112715397E-4
1.7982568192422598E-4
1.795907233310817E-4
1.793563630774498E-4
1.7912259890443688E-4
1.788894285644149E-4
1.7865684982099078E-4
1.7842486044891245E-4
1.7819345823400344E-4
1.7796264097310582E-4
1.7773240647399907E-4
1.7750275255533856E-4
1.7727367704658756E-4
1.77045177787947E-4
1.7681725263030316E-4
1.7658989943514122E-4
1.7636311607449498E-4
1.761369004308749E-4
1.7591125039721512E-4
1.756861638767912E-4
1.754616387831763E-4
1.7523767304016038E-4
1.7501426458170298E-4
1.7479141135186895E-4
1.7456911130475108E-4
1.7434736240443325E-4
1.7412616262491086E-4
1.7390550995004267E-4
1.7368540237348683E-4
1.7346583789862994E-4
1.732468145385579E-4
1.7302833031595952E-4
1.7281038326310948E-4
1.725929714217712E-4
1.7237609284316476E-4
1.721597455879075E-4
1.7194392772594747E-4
1.71728637336515E-4
1.715138725080729E-4
1.712996313382454E-4
1.710859119337758E-4
1.7087271241046997E-4
1.706600308931373E-4
1.7044786551554723E-4
1.702362144203649E-4
1.700250757591092E-4
1.698144476920845E-4
1.6960432838835114E-4
1.6939471602565325E-4
1.6918560879037505E-4
1.6897700487749316E-4
1.6876890249052575E-4
1.6856129984147485E-4
1.6835419515078194E-4
1.6814758664727937E-4
1.6794147256814012E-4
1.677358511588275E-4
1.6753072067304657E-4
1.6732607937270275E-4
1.671219255278365E-4
1.6691825741660133E-4
1.6671507332519187E-4
1.6651237154781618E-4
1.6631015038663828E-4
1.6610840815173115E-4
1.659071431610378E-4
1.6570635374032675E-4
1.6550603822313537E-4
1.6530619495073242E-4
1.6510682227208293E-4
1.649079185437771E-4
1.6470948213002392E-4
1.645115114025702E-4
1.6431400474067873E-4
1.6411696053108567E-4
1.6392037716794706E-4
1.637242530528015E-4
1.6352858659452824E-4
1.6333337620931277E-4
1.6313862032058796E-4
1.6294431735900192E-4
1.6275046576238404E-4
1.6255706397569624E-4
1.6236411045099044E-4
1.6217160364737125E-4
1.619795420309595E-4
1.6178792407484717E-4
1.6159674825906253E-4
1.614060130705252E-4
1.6121571700301293E-4
1.6102585855712359E-4
1.6083643624022496E-4
1.6064744856643186E-4
1.604588940565621E-4
1.602707712381018E-4
1.600830786451519E-4
1.5989581481842233E-4
1.5970897830516195E-4
1.5952256765914652E-4
1.5933658144062708E-4
1.5915101821630106E-4
1.5896587655927445E-4
1.5878115504902606E-4
1.585968522713809E-4
1.5841296681845334E-4
1.582294972886322E-4
1.5804644228653906E-4
1.5786380042299972E-4
1.5768157031499075E-4
1.574997505856332E-4
1.573183398641357E-4
1.571373367857694E-4
1.56956739991845E-4
1.5677654812966215E-4
1.565967598524766E-4
1.5641737381949422E-4
1.562383886958006E-4
1.5605980315236E-4
1.5588161586596225E-4
1.557038255192034E-4
1.555264308004519E-4
1.5534943040381214E-4
1.5517282302909455E-4
1.549966073817968E-4
1.5482078217304515E-4
1.5464534611959514E-4
1.544702979437834E-4
1.5429563637350032E-4
1.5412136014216293E-4
1.5394746798867836E-4
1.5377395865742732E-4
1.5360083089821448E-4
1.5342808346626276E-4
1.532557151221673E-4
1.5308372463186914E-4
1.5291211076663117E-4
1.527408723030129E-4
1.5257000802282553E-4
1.5239951671312541E-4
1.5222939716617013E-4
1.5205964817939797E-4
1.518902685553972E-4
1.517212571018814E-4
1.515526126316621E-4
1.5138433396261707E-4
1.512164199176656E-4
1.5104886932474978E-4
1.508816810167931E-4
1.5071485383168844E-4
1.5054838661225566E-4
1.5038227820624202E-4
1.5021652746625896E-4
1.5005113324978973E-4
1.4988609441914764E-4
1.4972140984145622E-4
1.4955707838861768E-4
1.4939309893728683E-4
1.4922947036886809E-4
1.4906619156945051E-4
1.4890326142982894E-4
1.4874067884543618E-4
1.485784427163559E-4
1.484165519472725E-4
1.4825500544745777E-4
1.4809380213074558E-4
1.4793294091551147E-4
1.4777242072463973E-4
1.4761224048551034E-4
1.47452399129972E-4
1.4729289559431262E-4
1.4713372881925037E-4
1.4697489774989238E-4
1.4681640133573165E-4
1.4665823853060806E-4
1.4650040829269778E-4
1.4634290958447836E-4
1.4618574137272497E-4
1.4602890262846476E-4
1.4587239232697992E-4
1.4571620944776702E-4
1.4556035297452012E-4
1.4540482189511855E-4
1.4524961520158842E-4
1.4509473189010247E-4
1.449401709609365E-4
1.4478593141847038E-4
1.4463201227114572E-4
1.4447841253146187E-4
1.443251312159484E-4
1.4417216734514656E-4
1.4401951994358643E-4
1.4386718803976377E-4
1.4371517066613649E-4
1.4356346685907783E-4
1.434120756588791E-4
1.4326099610972198E-4
1.4311022725965958E-4
1.4295976816058962E-4
1.4280961786825093E-4
1.4265977544218708E-4
1.4251023994573712E-4
1.423610104460218E-4
1.4221208601390454E-4
1.4206346572399604E-4
1.41915148654618E-4
1.417671338877999E-4
1.4161942050923686E-4
1.4147200760830807E-4
1.4132489427801632E-4
1.4117807961500623E-4
1.4103156271951672E-4
1.408853426953889E-4
1.4073941865003017E-4
1.4059378969440416E-4
1.404484549430108E-4
1.4030341351386894E-4
1.4015866452850062E-4
1.400142071119144E-4
1.3987004039258324E-4
1.397261635024341E-4
1.3958257557681998E-4
1.3943927575452088E-4
1.3929626317771236E-4
1.3915353699194726E-4
1.390110963461546E-4
1.3886894039260553E-4
1.3872706828691202E-4
1.3858547918799637E-4
1.3844417225808848E-4
1.3830314666269587E-4
1.3816240157060218E-4
1.380219361538405E-4
1.3788174958767862E-4
1.377418410506147E-4
1.3760220972434134E-4
1.3746285479374797E-4
1.3732377544690088E-4
1.3718497087501858E-4
1.370464402724696E-4
1.3690818283674657E-4
1.3677019776846313E-4
1.366324842713227E-4
1.3649504155212024E-4
1.3635786882071064E-4
1.3622096529001507E-4
1.360843301759841E-4
1.359479626975963E-4
1.35811862076843E-4
1.3567602753870726E-4
1.355404583111566E-4
1.3540515362512378E-4
1.3527011271449634E-4
1.351353348161007E-4
1.350008191696883E-4
1.3486656501791834E-4
1.3473257160635346E-4
1.3459883818343364E-4
1.344653640004722E-4
1.34332148311635E-4
1.341991903739313E-4
1.3406648944720533E-4
1.339340447941099E-4
1.3380185568010106E-4
1.3366992137342333E-4
1.3353824114510065E-4
1.334068142689199E-4
1.3327564002141144E-4
1.331447176818491E-4
1.3301404653222597E-4
1.3288362585724465E-4
1.3275345494431737E-4
1.326235330835298E-4
1.324938595676428E-4
1.32364433692081E-4
1.3223525475491613E-4
1.3210632205685555E-4
1.3197763490123217E-4
1.3184919259398207E-4
1.3172099444364887E-4
1.3159303976135935E-4
1.3146532786081672E-4
1.3133785805828505E-4
1.3121062967258077E-4
1.3108364202505876E-4
1.309568944395995E-4
1.3083038624260067E-4
1.307041167629681E-4
1.3057808533209088E-4
1.3045229128384742E-4
1.3032673395457997E-4
1.302014126830931E-4
1.300763268106321E-4
1.2995147568088558E-4
1.298268586399584E-4
1.2970247503637453E-4
1.2957832422105507E-4
1.294544055473179E-4
1.2933071837085551E-4
1.2920726204973312E-4
1.2908403594436737E-4
1.289610394175355E-4
1.2883827183433913E-4
1.2871573256220976E-4
1.2859342097089514E-4
1.2847133643244935E-4
1.2834947832122132E-4
1.282278460138362E-4
1.2810643888920643E-4
1.2798525632849397E-4
1.2786429771512205E-4
1.2774356243475427E-4
1.276230498752898E-4
1.2750275942684293E-4
1.2738269048175084E-4
1.2726284243454373E-4
1.2714321468195036E-4
1.2702380662288226E-4
1.2690461765841926E-4
1.2678564719180888E-4
1.2666689462845026E-4
1.2654835937588735E-4
1.2643004084379473E-4
1.2631193844397595E-4
1.2619405159035017E-4
1.2607637969893847E-4
1.2595892218785677E-4
1.2584167847731322E-4
1.2572464798959096E-4
1.256078301490399E-4
1.2549122438207215E-4
1.253748301171449E-4
1.252586467847634E-4
1.2514267381745584E-4
1.2502691064978462E-4
1.249113567183098E-4
1.247960114616111E-4
1.2468087432025598E-4
1.2456594473680198E-4
1.2445122215578268E-4
1.243367060237066E-4
1.242223957890361E-4
1.2410829090218862E-4
1.239943908155269E-4
1.2388069498334498E-4
1.2376720286186936E-4
1.2365391390923832E-4
1.2354082758550284E-4
1.234279433526164E-4
1.233152606744222E-4
1.23202779016651E-4
1.2309049784690673E-4
1.229784166346676E-4
1.228665348512638E-4
1.2275485196988557E-4
1.226433674655587E-4
1.2253208081515346E-4
1.2242099149735862E-4
1.2231009899269345E-4
1.2219940278348191E-4
1.2208890235385067E-4
1.219785971897324E-4
1.2186848677883562E-4
1.2175857061065959E-4
1.2164884817647058E-4
1.2153931896930491E-4
1.2142998248395687E-4
1.2132083821696174E-4
1.2121188566660757E-4
1.2110312433291494E-4
1.2099455371763012E-4
1.2088617332422226E-4
1.2077798265787296E-4
1.2066998122546704E-4
1.2056216853559184E-4
1.2045454409851635E-4
1.2034710742620609E-4
1.2023985803229341E-4
1.201327954320825E-4
1.2002591914254347E-4
1.1991922868229564E-4
1.1981272357161239E-4
1.197064033324026E-4
1.1960026748821026E-4
1.1949431556420818E-4
1.193885470871916E-4
1.1928296158556648E-4
1.191775585893406E-4
1.1907233763012885E-4
1.18967298241135E-4
1.1886243995715079E-4
1.187577623145454E-4
1.1865326485126168E-4
1.185489471068099E-4
1.1844480862225568E-4
1.1834084894022397E-4
1.1823706760487925E-4
1.1813346416193063E-4
1.1803003815861972E-4
1.1792678914371318E-4
1.1782371666750107E-4
1.1772082028178399E-4
1.1761809953987371E-4
1.1751555399658112E-4
1.1741318320821669E-4
1.1731098673257217E-4
1.1720896412892954E-4
1.1710711495804279E-4
1.1700543878213894E-4
1.1690393516490667E-4
1.1680260367149408E-4
1.1670144386850328E-4
1.1660045532398166E-4
1.164996376074133E-4
1.1639899028971988E-4
1.1629851294324973E-4
1.1619820514177598E-4
1.1609806646048428E-4
1.1599809647597427E-4
1.1589829476624472E-4
1.1579866091070311E-4
1.1569919449014188E-4
1.1559989508674152E-4
1.155007622840656E-4
1.1540179566705553E-4
1.1530299482202081E-4
1.1520435933663533E-4
1.1510588879993358E-4
1.1500758280230225E-4
1.1490944093547701E-4
1.1481146279253437E-4
1.1471364796788865E-4
1.1461599605728693E-4
1.1451850665780056E-4
1.1442117936782313E-4
1.1432401378705986E-4
1.1422700951653219E-4
1.1413016615855917E-4
1.1403348331676425E-4
1.1393696059606108E-4
1.1384059760265503E-4
1.1374439394403142E-4
1.1364834922895965E-4
1.1355246306747339E-4
1.1345673507088358E-4
1.1336116485175824E-4
1.1326575202392471E-4
1.1317049620246226E-4
1.1307539700369577E-4
1.1298045404520139E-4
1.1288566694578032E-4
1.127910353254748E-4
1.1269655880555216E-4
1.1260223700849904E-4
1.1250806955802742E-4
1.1241405607905686E-4
1.1232019619771341E-4
1.1222648954132999E-4
1.1213293573843535E-4
1.1203953441875493E-4
1.1194628521319792E-4
1.1185318775386247E-4
1.1176024167402166E-4
1.1166744660812647E-4
1.1157480219179659E-4
1.1148230806181364E-4
1.11389963856128E-4
1.1129776921383583E-4
1.1120572377519228E-4
1.1111382718159861E-4
1.1102207907558946E-4
1.1093047910085079E-4
1.1083902690219124E-4
1.1074772212555574E-4
1.1065656441800661E-4
1.1056555342772803E-4
1.1047468880402459E-4
1.1038397019730196E-4
1.1029339725908143E-4
1.102029696419839E-4
1.1011268699972929E-4
1.1002254898712372E-4
1.0993255526007088E-4
1.0984270547556094E-4
1.0975299929165363E-4
1.0966343636749532E-4
1.0957401636330209E-4
1.0948473894035918E-4
1.0939560376101035E-4
1.0930661048866505E-4
1.0921775878778458E-4
1.0912904832388681E-4
1.0904047876352835E-4
1.0895204977431834E-4
1.0886376102489851E-4
1.0877561218494984E-4
1.0868760292518295E-4
1.0859973291733325E-4
1.0851200183416474E-4
1.0842440934945789E-4
1.083369551380042E-4
1.0824963887561548E-4
1.0816246023909994E-4
1.0807541890628013E-4
1.0798851455597127E-4
1.0790174686798702E-4
1.0781511552313039E-4
1.0772862020319895E-4
1.076422605909648E-4
1.0755603637018646E-4
1.074699472256027E-4
1.0738399284291514E-4
1.0729817290880659E-4
1.0721248711091798E-4
1.0712693513784817E-4
1.0704151667916617E-4
1.0695623142538565E-4
1.0687107906797225E-4
1.0678605929934226E-4
1.0670117181285678E-4
1.0661641630280886E-4
1.0653179246443781E-4
1.0644729999390892E-4
1.0636293858831622E-4
1.0627870794568565E-4
1.0619460776495916E-4
1.061106377460017E-4
1.0602679758959014E-4
1.0594308699741634E-4
1.0585950567207538E-4
1.057760533170742E-4
1.05692729636815E-4
1.0560953433659927E-4
1.055264671226263E-4
1.054435277019822E-4
1.0536071578264352E-4
1.0527803107347198E-4
1.0519547328420729E-4
1.0511304212547094E-4
1.0503073730875447E-4
1.0494855854642584E-4
1.0486650555171759E-4
1.0478457803872662E-4
1.0470277572241054E-4
1.0462109831859135E-4
1.045395455439381E-4
1.044581171159741E-4
1.043768127530779E-4
1.0429563217446148E-4
1.0421457510019048E-4
1.0413364125116225E-4
1.0405283034911203E-4
1.0397214211660951E-4
1.0389157627705288E-4
1.0381113255466668E-4
1.0373081067450254E-4
1.0365061036242701E-4
1.0357053134512778E-4
1.0349057335010585E-4
1.0341073610567547E-4
1.0333101934095495E-4
1.0325142278587307E-4
1.0317194617115856E-4
1.0309258922834123E-4
1.0301335168974528E-4
1.0293423328848844E-4
1.0285523375848147E-4
1.0277635283442007E-4
1.02697590251791E-4
1.0261894574685149E-4
1.0254041905664914E-4
1.0246200991900126E-4
1.0238371807250437E-4
1.0230554325651859E-4
1.022274852111719E-4
1.021495436773672E-4
1.0207171839675428E-4
1.0199400911175833E-4
1.019164155655492E-4
1.0183893750205279E-4
1.0176157466595228E-4
1.0168432680267154E-4
1.0160719365838134E-4
1.0153017497999933E-4
1.014532705151803E-4
1.0137648001231492E-4
1.0129980322053531E-4
1.0122323988969398E-4
1.0114678977038396E-4
1.0107045261391987E-4
1.0099422817234352E-4
1.0091811619841306E-4
1.0084211644560866E-4
1.00766228668128E-4
1.0069045262088096E-4
1.006147880594868E-4
1.0053923474027647E-4
1.0046379242028797E-4
1.0038846085725468E-4
1.003132398096196E-4
1.0023812903652284E-4
1.001631282977958E-4
1.00088237353967E-4
1.0001345596625357E-4
9.993878389656335E-5
The correct rate for BP: 100.00% 
