1.4261434623172642
1.0446006380624628
0.06760357196652063
0.02097634312626394
0.015398577510318775
0.012076262689139469
0.009896668747746957
0.008365099511977205
0.007232573015096424
0.006362386929190594
0.005673604337906497
0.0051153443257675405
0.0046540512138906675
0.004266716048535416
0.003937044422793088
0.0036531795041225908
0.003406291412902011
0.003189671714455367
0.0029981341089254585
0.0028276070913398088
0.0026748505542884553
0.002537254507855626
0.0024126934677398152
0.002299419362393446
0.002195981588186925
0.0021011665193700823
0.0020139511719960675
0.0019334673082520462
0.001858973339862441
0.0017898321255412379
0.001725493270805803
0.0016654789013685186
0.0016093721412054611
0.0015568077147463015
0.0015074642306545773
0.0014610578068710346
0.00141733677300852
0.0013760772438429255
0.001337079401518838
0.0013001643577447437
0.0012651714932655983
0.0012319561921511038
0.0012003879043086356
0.001170348482148318
0.0011417307472615821
0.001114437250903592
0.0010883791984330465
0.0010634755129963398
0.00103965201790496
0.0010168407205456778
9.949791834373662E-4
9.740099703287299E-4
9.538801571132661E-4
9.345408988971275E-4
9.159470458527692E-4
8.980568015740314E-4
8.808314185556685E-4
8.6423492618285E-4
8.482338872594076E-4
8.327971796478534E-4
8.178958000557677E-4
8.035026873963224E-4
7.89592563486155E-4
7.761417891306566E-4
7.631282338933418E-4
7.50531158057526E-4
7.383311054715912E-4
7.265098061267952E-4
7.150500874535355E-4
7.039357934409075E-4
6.931517107874886E-4
6.826835013818986E-4
6.725176404900632E-4
6.626413600953555E-4
6.530425968982185E-4
6.437099445350789E-4
6.346326096231533E-4
6.258003712791538E-4
6.172035437962604E-4
6.088329421961247E-4
6.006798504012729E-4
5.927359917986487E-4
5.849935019877516E-4
5.774449035267667E-4
5.700830825082952E-4
5.629012668119933E-4
5.558930058961612E-4
5.490521520027383E-4
5.423728426620868E-4
5.358494843939392E-4
5.294767375104315E-4
5.232495019353497E-4
5.171629039613773E-4
5.11212283873825E-4
5.053931843755812E-4
4.997013397534569E-4
4.941326657313023E-4
4.886832499596285E-4
4.8334934309577054E-4
4.7812735043232195E-4
4.730138240349851E-4
4.680054553540818E-4
4.630990682768682E-4
4.5829161259027846E-4
4.535801578261685E-4
4.4896188746324227E-4
4.444340934618225E-4
4.39994171109391E-4
4.3563961415656396E-4
4.3136801022459277E-4
4.271770364669066E-4
4.2306445546845E-4
4.190281113678565E-4
4.150659261883946E-4
4.11175896364726E-4
4.0735608945350954E-4
4.03604641016452E-4
3.9991975166552696E-4
3.962996842605335E-4
3.9274276124990997E-4
3.8924736214644565E-4
3.8581192112986624E-4
3.824349247690148E-4
3.791149098566997E-4
3.75850461350784E-4
3.7264021041549583E-4
3.6948283255730903E-4
3.663770458501166E-4
3.633216092448305E-4
3.6031532095862333E-4
3.5735701693959544E-4
3.544455694027829E-4
3.5157988543356233E-4
3.487589056550275E-4
3.459816029558053E-4
3.432469812752511E-4
3.405540744429494E-4
3.379019450697959E-4
3.352896834879087E-4
3.3271640673699987E-4
3.301812575947577E-4
3.276834036490503E-4
3.252220364099436E-4
3.227963704594257E-4
3.2040564263708803E-4
3.180491112599815E-4
3.1572605537495316E-4
3.134357740419387E-4
3.1117758564671737E-4
3.0895082724173724E-4
3.067548539136275E-4
3.045890381762587E-4
3.0245276938804013E-4
3.003454531924098E-4
2.982665109804248E-4
2.9621537937445395E-4
2.9419150973196135E-4
2.9219436766857355E-4
2.9022343259946346E-4
2.8827819729831527E-4
2.8635816747302065E-4
2.844628613574534E-4
2.825918093185194E-4
2.8074455347790704E-4
2.789206473478721E-4
2.771196554804109E-4
2.7534115312932906E-4
2.735847259246077E-4
2.7184996955854153E-4
2.7013648948320227E-4
2.6844390061870395E-4
2.667718270718647E-4
2.6511990186479673E-4
2.634877666730542E-4
2.6187507157294083E-4
2.6028147479757486E-4
2.587066425014117E-4
2.5715024853284696E-4
2.556119742145748E-4
2.5409150813144655E-4
2.5258854592546525E-4
2.5110279009767805E-4
2.496339498166974E-4
2.4818174073356985E-4
2.4674588480279834E-4
2.4532611010918894E-4
2.4392215070043514E-4
2.42533746425079E-4
2.4116064277576E-4
2.3980259073748134E-4
2.384593466407551E-4
2.3713067201940229E-4
2.3581633347287195E-4
2.3451610253289896E-4
2.332297555343285E-4
2.3195707348998916E-4
2.3069784196943114E-4
2.294518509814076E-4
2.2821889486000096E-4
2.2699877215416668E-4
2.257912855206953E-4
2.2459624162038072E-4
2.2341345101731906E-4
2.2224272808123405E-4
2.2108389089270491E-4
2.1993676115121105E-4
2.1880116408588162E-4
2.1767692836888346E-4
2.1656388603133453E-4
2.1546187238165128E-4
2.143707259262808E-4
2.1329028829270618E-4
2.1222040415465616E-4
2.111609211594709E-4
2.1011168985750217E-4
2.0907256363353644E-4
2.0804339864012724E-4
2.070240537328216E-4
2.060143904071627E-4
2.0501427273747066E-4
2.0402356731728894E-4
2.0304214320149665E-4
2.020698718499767E-4
2.011066270728538E-4
2.0015228497718114E-4
1.9920672391511297E-4
1.9826982443341416E-4
1.973414692243832E-4
1.9642154307804869E-4
1.955099328356287E-4
1.9460652734424908E-4
1.9371121741282985E-4
1.9282389576914309E-4
1.9194445701797868E-4
1.910727976004108E-4
1.9020881575409693E-4
1.8935241147463157E-4
1.8850348647786612E-4
1.8766194416319136E-4
1.8682768957777295E-4
1.860006293816766E-4
1.851806718138775E-4
1.8436772665912757E-4
1.835617052156448E-4
1.8276252026362E-4
1.819700860344832E-4
1.8118431818095297E-4
1.804051337478149E-4
1.7963245114340572E-4
1.7886619011181162E-4
1.7810627170572894E-4
1.7735261825999214E-4
1.766051533657274E-4
1.7586380184514433E-4
1.7512848972692078E-4
1.7439914422216575E-4
1.7367569370097978E-4
1.7295806766954273E-4
1.7224619674775148E-4
1.715400126473946E-4
1.7083944815081653E-4
1.701444370900862E-4
1.6945491432665915E-4
1.6877081573149795E-4
1.6809207816565695E-4
1.6741863946130312E-4
1.6675043840318947E-4
1.6608741471052608E-4
1.654295090192795E-4
1.6477666286486933E-4
1.6412881866525238E-4
1.634859197043789E-4
1.62847910116035E-4
1.6221473486803902E-4
1.6158633974676435E-4
1.6096267134204972E-4
1.6034367703240634E-4
1.597293049705686E-4
1.5911950406933184E-4
1.5851422398774944E-4
1.579134151175736E-4
1.5731702857004154E-4
1.567250161628975E-4
1.5613733040773114E-4
1.555539244975637E-4
1.5497475229472E-4
1.5439976831893457E-4
1.5382892773573153E-4
1.532621863450268E-4
1.52699500569995E-4
1.521408274461528E-4
1.5158612461067299E-4
1.5103535029193033E-4
1.5048846329924622E-4
1.4994542301286612E-4
1.4940618937413273E-4
1.4887072287585068E-4
1.4833898455287125E-4
1.4781093597286137E-4
1.472865392272421E-4
1.467657569223327E-4
1.4624855217067396E-4
1.457348885824941E-4
1.4522473025740067E-4
1.4471804177618319E-4
1.4421478819282433E-4
1.4371493502662256E-4
1.432184482545314E-4
1.4272529430358458E-4
1.4223544004351678E-4
1.4174885277951522E-4
1.4126550024510666E-4
1.4078535059518904E-4
1.4030837239919954E-4
1.3983453463440397E-4
1.3936380667933885E-4
1.388961583073507E-4
1.3843155968028172E-4
1.379699813422686E-4
1.3751139421365257E-4
1.3705576958501317E-4
1.3660307911132435E-4
1.3615329480618795E-4
1.3570638903622165E-4
1.3526233451550932E-4
1.3482110430018343E-4
1.3438267178309525E-4
1.3394701068858861E-4
1.3351409506737498E-4
1.330838992914905E-4
1.3265639804934927E-4
1.3223156634090767E-4
1.3180937947288816E-4
1.3138981305410412E-4
1.3097284299087392E-4
1.305584454825101E-4
1.3014659701689294E-4
1.2973727436611996E-4
1.293304545822542E-4
1.2892611499310436E-4
1.2852423319813529E-4
1.281247870644098E-4
1.2772775472261858E-4
1.2733311456318455E-4
1.2694084523242547E-4
1.2655092562878747E-4
1.261633348991507E-4
1.2577805243519592E-4
1.2539505786983036E-4
1.250143310736827E-4
1.2463585215165366E-4
1.2425960143952328E-4
1.238855595006427E-4
1.2351370712262744E-4
1.2314402531417618E-4
1.22776495301887E-4
1.2241109852716674E-4
1.2204781664315747E-4
1.2168663151176062E-4
1.213275252006593E-4
1.209704799804356E-4
1.2061547832171219E-4
1.2026250289234538E-4
1.1991153655466922E-4
1.1956256236278335E-4
1.192155635598921E-4
1.1887052357567172E-4
1.1852742602369982E-4
1.1818625469891751E-4
1.1784699357513591E-4
1.1750962680257256E-4
1.1717413870545805E-4
1.1684051377964189E-4
1.1650873669027118E-4
1.1617879226948469E-4
1.1585066551416159E-4
1.1552434158368662E-4
1.1519980579777531E-4
1.1487704363430722E-4
1.1455604072722474E-4
1.1423678286443338E-4
1.139192559857586E-4
1.1360344618092931E-4
1.1328933968758411E-4
1.1297692288933041E-4
1.126661823137984E-4
1.1235710463076744E-4
1.1204967665029696E-4
1.1174388532088937E-4
1.1143971772767914E-4
1.1113716109066583E-4
1.1083620276295448E-4
1.1053683022903998E-4
1.1023903110310215E-4
1.0994279312734583E-4
1.0964810417034493E-4
1.0935495222542854E-4
1.0906332540909378E-4
1.0877321195941895E-4
1.0848460023453261E-4
1.0819747871107822E-4
1.0791183598272676E-4
1.0762766075868715E-4
1.0734494186226359E-4
1.0706366822941129E-4
1.0678382890733251E-4
1.06505413053084E-4
1.0622840993220783E-4
1.0595280891737908E-4
1.0567859948708034E-4
1.0540577122429074E-4
1.0513431381519966E-4
1.0486421704792875E-4
1.0459547081127865E-4
1.0432806509350849E-4
1.0406198998110346E-4
1.0379723565758823E-4
1.0353379240234245E-4
1.0327165058942964E-4
1.0301080068646467E-4
1.027512332534749E-4
1.0249293894178579E-4
1.022359084929259E-4
1.0198013273754834E-4
1.0172560259435486E-4
1.0147230906905368E-4
1.0122024325331423E-4
1.0096939632375909E-4
1.0071975954094612E-4
1.0047132424837295E-4
1.0022408187150776E-4
9.99780239168227E-5
The correct rate for BP: 100.00% 
