1.692351058862614
0.48544647793398105
0.037820514796151616
0.01519276662546314
0.011681359642979044
0.009491102753042806
0.007992559562431724
0.006902837338712829
0.006074115002604613
0.00542227406759269
0.0048959476128958585
0.004461969553286911
0.004097950289507048
0.0037882173941081883
0.0035214659706671687
0.003289332739817032
0.003085495623753421
0.0029050856140007486
0.0027442912727128274
0.0026000859557837558
0.0024700354506134612
0.0023521596282408417
0.0022448311831842803
0.002146700343707952
0.002056638091572088
0.0019736927859273622
0.001897056635914493
0.0018260395059691303
0.0017600482471669128
0.0016985702397753445
0.0016411601782246343
0.0015874293764866522
0.0015370370500440936
0.001489683160799153
0.0014451025073841544
0.0014030598150219483
0.001363345633052595
0.001325772889234054
0.0012901739813156567
0.0012563983106111526
0.0012243101811341079
0.0011937870026051105
0.0011647177472600173
0.0011370016196025866
0.0011105469055933332
0.0010852699736606333
0.0010610944046726572
0.0010379502318603082
0.0010157732748178377
9.945045542739223E-4
9.740897764343341E-4
9.544788774375387E-4
9.356256199059116E-4
9.174872347744859E-4
9.000241025799452E-4
8.831994692314342E-4
8.669791919895336E-4
8.513315119746478E-4
8.362268500291196E-4
8.216376231843244E-4
8.075380793477959E-4
7.939041481354505E-4
7.807133060397926E-4
7.679444543529307E-4
7.555778084592951E-4
7.435947972823322E-4
7.319779718155396E-4
7.207109217952124E-4
7.097781996822692E-4
6.991652512164083E-4
6.888583518895649E-4
6.788445487586237E-4
6.691116070814533E-4
6.596479613164827E-4
6.504426700753954E-4
6.414853746621356E-4
6.327662608696674E-4
6.242760237399464E-4
6.160058350226005E-4
6.079473130943856E-4
6.00092495125221E-4
5.9243381129756E-4
5.849640609047512E-4
5.776763901705336E-4
5.705642716470196E-4
5.636214850616474E-4
5.568420994957833E-4
5.502204567882169E-4
5.437511560665213E-4
5.374290393179955E-4
5.312491779195613E-4
5.252068600531927E-4
5.192975789397862E-4
5.135170218299895E-4
5.078610596959285E-4
5.023257375722948E-4
4.969072654996848E-4
4.916020100267648E-4
4.864064862315635E-4
4.8131735022528214E-4
4.7633139210492E-4
4.714455293237387E-4
4.666568004509185E-4
4.619623592941402E-4
4.573594693605806E-4
4.528454986339451E-4
4.484179146466646E-4
4.4407427982802493E-4
4.3981224711031006E-4
4.3562955577657633E-4
4.315240275345503E-4
4.2749356280253367E-4
4.235361371940433E-4
4.1964979818894394E-4
4.1583266197958105E-4
4.120829104813374E-4
4.083987884976883E-4
4.0477860103051925E-4
4.012207107271318E-4
3.977235354558873E-4
3.9428554600299046E-4
3.909052638834466E-4
3.8758125925962133E-4
3.843121489612962E-4
3.810965946015102E-4
3.7793330078282833E-4
3.7482101338897505E-4
3.7175851795721496E-4
3.68744638127011E-4
3.6577823416080466E-4
3.628582015331453E-4
3.5998346958437846E-4
3.5715300023555905E-4
3.5436578676140986E-4
3.5162085261814034E-4
3.4891725032346846E-4
3.4625406038602446E-4
3.4363039028168364E-4
3.410453734744206E-4
3.3849816847946195E-4
3.3598795796660214E-4
3.335139479017087E-4
3.3107536672455037E-4
3.2867146456109527E-4
3.263015124687042E-4
3.239648017125713E-4
3.216606430719236E-4
3.193883661745648E-4
3.1714731885841856E-4
3.1493686655884067E-4
3.127563917204255E-4
3.106052932322315E-4
3.0848298588531653E-4
3.0638889985159807E-4
3.043224801830128E-4
3.02283186330101E-4
3.002704916791383E-4
2.982838831069732E-4
2.9632286055280476E-4
2.9438693660611845E-4
2.924756361101425E-4
2.9058849578005486E-4
2.887250638353873E-4
2.868848996459746E-4
2.8506757339087093E-4
2.832726657297115E-4
2.8149976748593987E-4
2.79748479341466E-4
2.7801841154224754E-4
2.7630918361431584E-4
2.746204240898881E-4
2.7295177024305945E-4
2.713028678347741E-4
2.696733708666379E-4
2.68062941343249E-4
2.664712490426653E-4
2.6489797129477225E-4
2.633427927671095E-4
2.6180540525798943E-4
2.602855074965289E-4
2.5878280494938996E-4
2.5729700963391446E-4
2.55827839937448E-4
2.543750204426111E-4
2.5293828175826057E-4
2.515173603559581E-4
2.501119984117267E-4
2.487219436529003E-4
2.47346949209855E-4
2.459867734724903E-4
2.44641179951227E-4
2.4330993714239432E-4
2.4199281839783356E-4
2.4068960179856816E-4
2.3940007003238713E-4
2.3812401027520214E-4
2.368612140760697E-4
2.3561147724568613E-4
2.3437459974830598E-4
2.3315038559690467E-4
2.319386427515075E-4
2.307391830205739E-4
2.2955182196528228E-4
2.2837637880668355E-4
2.272126763355967E-4
2.2606054082512556E-4
2.2491980194573407E-4
2.2379029268283042E-4
2.2267184925667602E-4
2.215643110446424E-4
2.2046752050568826E-4
2.1938132310697254E-4
2.1830556725258116E-4
2.1724010421423815E-4
2.1618478806399564E-4
2.1513947560877376E-4
2.1410402632674933E-4
2.130783023055133E-4
2.1206216818191393E-4
2.110554910835688E-4
2.1005814057196536E-4
2.090699885871408E-4
2.0809090939381798E-4
2.0712077952903343E-4
2.061594777511461E-4
2.05206884990239E-4
2.0426288429980765E-4
2.0332736080976125E-4
2.0240020168064626E-4
2.0148129605908354E-4
2.0057053503435516E-4
1.996678115961586E-4
1.987730205934036E-4
1.9788605869414187E-4
1.9700682434644978E-4
1.9613521774039153E-4
1.9527114077088665E-4
1.9441449700157129E-4
1.9356519162954574E-4
1.9272313145100295E-4
1.9188822482776342E-4
1.910603816545877E-4
1.9023951332735207E-4
1.8942553271198006E-4
1.8861835411416178E-4
1.8781789324980104E-4
1.8702406721620327E-4
1.8623679446395138E-4
1.8545599476946876E-4
1.8468158920825355E-4
1.839135001287511E-4
1.8315165112684352E-4
1.8239596702097842E-4
1.816463738278505E-4
1.8090279873869686E-4
1.8016517009613456E-4
1.7943341737152805E-4
1.78707471142929E-4
1.7798726307348097E-4
1.7727272589037376E-4
1.7656379336424436E-4
1.7586040028909008E-4
1.751624824626056E-4
1.744699766670063E-4
1.737828206502705E-4
1.7310095310780818E-4
1.724243136645415E-4
1.71752842857413E-4
1.7108648211825527E-4
1.7042517375706503E-4
1.697688609456427E-4
1.6911748770160129E-4
1.6847099887272246E-4
1.6782934012166337E-4
1.6719245791099827E-4
1.6656029948858235E-4
1.6593281287324827E-4
1.6530994684079773E-4
1.6469165091031823E-4
1.640778753307616E-4
1.6346857106784598E-4
1.6286368979122676E-4
1.622631838619325E-4
1.6166700632007301E-4
1.6107511087282147E-4
1.6048745188262212E-4
1.5990398435569077E-4
1.5932466393070468E-4
1.5874944686776308E-4
1.581782900375824E-4
1.5761115091087946E-4
1.5704798754801952E-4
1.5648875858884575E-4
1.559334232427279E-4
1.5538194127882667E-4
1.5483427301652837E-4
1.542903793161187E-4
1.5375022156959185E-4
1.5321376169168807E-4
1.5268096211109582E-4
1.5215178576183077E-4
1.5162619607478851E-4
1.5110415696946325E-4
1.505856328458365E-4
1.500705885764282E-4
1.4955898949849092E-4
1.4905080140637767E-4
1.485459905440422E-4
1.4804452359769976E-4
1.4754636768861542E-4
1.4705149036605938E-4
1.4655985960036153E-4
1.4607144377613368E-4
1.4558621168559845E-4
1.451041325220696E-4
1.446251758735336E-4
1.4414931171637013E-4
1.436765104091812E-4
1.432067426867469E-4
1.4273997965408826E-4
1.4227619278064466E-4
1.41815353894561E-4
1.413574351770795E-4
1.4090240915704287E-4
1.4045024870548568E-4
1.4000092703034896E-4
1.3955441767126185E-4
1.3911069449444827E-4
1.3866973168771645E-4
1.3823150375553015E-4
1.3779598551418655E-4
1.3736315208706952E-4
1.369329789000001E-4
1.3650544167665535E-4
1.3608051643409466E-4
1.356581794783336E-4
1.3523840740003434E-4
1.348211770702347E-4
1.344064656361855E-4
1.339942505172495E-4
1.335845094008653E-4
1.33177220238593E-4
1.327723612422325E-4
1.3236991087999347E-4
1.3196984787275853E-4
1.3157215119037824E-4
1.3117680004806127E-4
1.307837739028135E-4
1.303930524499342E-4
1.3000461561958935E-4
1.2961844357342286E-4
1.2923451670124176E-4
1.288528156177538E-4
1.284733211593562E-4
1.2809601438098882E-4
1.2772087655302925E-4
1.2734788915824954E-4
1.2697703388881912E-4
1.2660829264336484E-4
1.2624164752406697E-4
1.258770808338228E-4
1.2551457507343325E-4
1.251541129388731E-4
1.2479567731856002E-4
1.2443925129070453E-4
1.2408481812069277E-4
1.2373236125851135E-4
1.233818643362071E-4
1.230333111654131E-4
1.226866857348698E-4
1.223419722080551E-4
1.2199915492076766E-4
1.2165821837883819E-4
1.2131914725579891E-4
1.2098192639064039E-4
1.2064654078560377E-4
1.2031297560396564E-4
1.1998121616790922E-4
1.1965124795640153E-4
1.1932305660310843E-4
1.1899662789434315E-4
1.1867194776705638E-4
1.1834900230684578E-4
1.1802777774599646E-4
1.1770826046157248E-4
1.1739043697350205E-4
1.1707429394273831E-4
1.1675981816939893E-4
1.1644699659098712E-4
1.1613581628058052E-4
1.1582626444511694E-4
1.1551832842364147E-4
1.1521199568562456E-4
1.1490725382928493E-4
1.1460409057994578E-4
1.1430249378841596E-4
1.1400245142939266E-4
1.1370395159988477E-4
1.1340698251767904E-4
1.1311153251979884E-4
1.1281759006101448E-4
1.1252514371236422E-4
1.1223418215968754E-4
1.1194469420220429E-4
1.1165666875109255E-4
1.1137009482809758E-4
1.1108496156416252E-4
1.1080125819807381E-4
1.1051897407513647E-4
1.1023809864585586E-4
1.0995862146464792E-4
1.0968053218856571E-4
1.0940382057604502E-4
1.0912847648566577E-4
1.0885448987494309E-4
1.0858185079911288E-4
1.0831054940995714E-4
1.0804057595463642E-4
1.0777192077453519E-4
1.075045743041466E-4
1.0723852706993208E-4
1.0697376968924071E-4
1.067102928692083E-4
1.0644808740570306E-4
1.0618714418226378E-4
1.0592745416905797E-4
1.0566900842186993E-4
1.0541179808107467E-4
1.0515581437065386E-4
1.0490104859720718E-4
1.0464749214899685E-4
1.0439513649497757E-4
1.0414397318386239E-4
1.038939938432004E-4
1.0364519017844876E-4
1.033975539720879E-4
1.0315107708271437E-4
1.0290575144417585E-4
1.0266156906470235E-4
1.0241852202604353E-4
1.021766024826494E-4
1.0193580266081124E-4
1.0169611485786592E-4
1.0145753144138064E-4
1.0122004484834685E-4
1.009836475844119E-4
1.007483322230871E-4
1.0051409140499769E-4
1.0028091783711443E-4
1.000488042920173E-4
9.981774360716107E-5
The correct rate for BP: 100.00% 
