2.3239938274097285
0.8377191499309572
0.48816994665052027
0.02089426099041572
0.009530978972348432
0.0073740399998501755
0.00618192948743233
0.005358271898177762
0.004738285707428723
0.004249626444348688
0.003852786069059145
0.0035234303384996655
0.003245422095099741
0.0030075124940547814
0.002801569263601781
0.0026215450826285315
0.002462839446344127
0.0023218854839873056
0.002195872647902053
0.0020825550798560743
0.0019801159145598074
0.0018870691713962257
0.0018021875287917047
0.0017244483004859893
0.0016529924506013007
0.0015870931029287854
0.001526131065344202
0.001469575606487789
0.0014169692123042052
0.00136791539153867
0.0013220688406740812
0.0012791274517752016
0.001238825772231991
0.001200929617543629
0.0011652316066583066
0.0011315474406230846
0.0010997127840522984
0.001069580638489257
0.0010410191194751353
0.0010139095667615076
9.881449308576384E-4
9.636283899124684E-4
9.402721594790155E-4
9.179964645102612E-4
8.967286483775367E-4
8.764023980810679E-4
8.569570683635864E-4
8.383370903156642E-4
8.204914524116079E-4
8.033732438422803E-4
7.869392515990297E-4
7.711496040763337E-4
7.559674550512218E-4
7.413587028068953E-4
7.272917399281876E-4
7.137372299350386E-4
7.006679074579113E-4
6.880583991133256E-4
6.758850626229264E-4
6.641258420468242E-4
6.527601372812228E-4
6.417686862087378E-4
6.311334580947752E-4
6.208375569988259E-4
6.108651341212773E-4
6.012013081370212E-4
5.918320926806427E-4
5.827443302459717E-4
5.739256318486155E-4
5.653643218742651E-4
5.570493876007812E-4
5.489704329390731E-4
5.411176359874325E-4
5.334817100380509E-4
5.260538677129363E-4
5.188257879404951E-4
5.117895855138644E-4
5.049377829991024E-4
4.982632847843224E-4
4.917593530821934E-4
4.854195857165488E-4
4.792378955404506E-4
4.732084913478307E-4
4.673258601538462E-4
4.615847507310644E-4
4.5598015829887394E-4
4.505073102731645E-4
4.4516165299168716E-4
4.3993883933810885E-4
4.3483471719470666E-4
4.298453186597329E-4
4.2496684997112813E-4
4.201956820832453E-4
4.15528341847791E-4
4.1096150375431506E-4
4.064919821893701E-4
4.0211672417671496E-4
3.9783280256414604E-4
3.936374096252116E-4
3.8952785104676493E-4
3.855015402753866E-4
3.8155599319807007E-4
3.776888231343375E-4
3.7389773611872055E-4
3.701805264542267E-4
3.6653507251878034E-4
3.629593328080528E-4
3.5945134219930486E-4
3.560092084219911E-4
3.526311087218819E-4
3.493152867065061E-4
3.460600493605103E-4
3.4286376422034337E-4
3.3972485669848176E-4
3.3664180754805045E-4
3.336131504592866E-4
3.306374697800052E-4
3.277133983525792E-4
3.248396154606625E-4
3.220148448791212E-4
3.1923785302124803E-4
3.165074471776248E-4
3.1382247384139684E-4
3.111818171150758E-4
3.085843971942291E-4
3.060291689238685E-4
3.035151204233899E-4
3.010412717764082E-4
2.986066737818528E-4
2.962104067631075E-4
2.938515794319715E-4
2.915293278046451E-4
2.8924281416684337E-4
2.8699122608560516E-4
2.8477377546525575E-4
2.8258969764529145E-4
2.8043825053801637E-4
2.7831871380393393E-4
2.7623038806291473E-4
2.741725941394375E-4
2.7214467234012E-4
2.701459817619765E-4
2.681758996299077E-4
2.662338206619411E-4
2.6431915646094956E-4
2.6243133493149203E-4
2.605697997206284E-4
2.5873400968156723E-4
2.5692343835902924E-4
2.551375734953436E-4
2.5337591655631453E-4
2.5163798227589276E-4
2.4992329821886647E-4
2.48231404360667E-4
2.4656185268356575E-4
2.4491420678851317E-4
2.4328804152190387E-4
2.4168294261660509E-4
2.4009850634663712E-4
2.3853433919488829E-4
2.3699005753328602E-4
2.35465287314915E-4
2.339596637775187E-4
2.3247283115796416E-4
2.3100444241711554E-4
2.295541589747518E-4
2.2812165045407086E-4
2.267065944353671E-4
2.253086762185308E-4
2.2392758859397747E-4
2.2256303162168357E-4
2.2121471241797402E-4
2.1988234494976403E-4
2.1856564983592953E-4
2.1726435415556574E-4
2.1597819126280076E-4
2.1470690060793962E-4
2.1345022756469494E-4
2.1220792326323E-4
2.1097974442880967E-4
2.0976545322585634E-4
2.0856481710715532E-4
2.073776086680684E-4
2.062036055055153E-4
2.0504259008157253E-4
2.0389434959149942E-4
2.0275867583602417E-4
2.0163536509775913E-4
2.0052421802152644E-4
1.9942503949853103E-4
1.983376385541792E-4
1.9726182823943183E-4
1.9619742552555328E-4
1.9514425120215404E-4
1.9410212977837723E-4
1.9307088938714417E-4
1.9205036169234391E-4
1.910403817988177E-4
1.900407881651406E-4
1.8905142251897486E-4
1.880721297750206E-4
1.8710275795537882E-4
1.861431581123224E-4
1.8519318425333294E-4
1.8425269326834853E-4
1.833215448591587E-4
1.823996014708567E-4
1.8148672822527236E-4
1.8058279285634735E-4
1.7968766564735835E-4
1.7880121936994736E-4
1.7792332922487953E-4
1.7705387278449988E-4
1.761927299367908E-4
1.753397828310309E-4
1.7449491582494791E-4
1.7365801543336727E-4
1.7282897027827123E-4
1.7200767104022624E-4
1.7119401041117694E-4
1.7038788304849894E-4
1.6958918553032726E-4
1.6879781631207587E-4
1.6801367568414555E-4
1.6723666573075413E-4
1.6646669028989205E-4
1.657036549143119E-4
1.6494746683357736E-4
1.641980349171122E-4
1.6345526963820425E-4
1.6271908303896383E-4
1.6198938869619773E-4
1.612661016881556E-4
1.6054913856215983E-4
1.5983841730303722E-4
1.5913385730238145E-4
1.5843537932859068E-4
1.5774290549767263E-4
1.5705635924478473E-4
1.5637566529648304E-4
1.5570074964368495E-4
1.5503153951528973E-4
1.5436796335247313E-4
1.537099507835974E-4
1.530574325997612E-4
1.5241034073094125E-4
1.5176860822271328E-4
1.5113216921355E-4
1.5050095891266458E-4
1.4987491357839355E-4
1.4925397049709863E-4
1.4863806796257045E-4
1.4802714525593303E-4
1.4742114262601938E-4
1.4682000127022143E-4
1.4622366331577743E-4
1.4563207180152E-4
1.4504517066002138E-4
1.4446290470020466E-4
1.4388521959029612E-4
1.433120618412344E-4
1.4274337879041274E-4
1.4217911858583075E-4
1.416192301705861E-4
1.410636632677328E-4
1.4051236836548547E-4
1.399652967027322E-4
1.3942240025492563E-4
1.388836317202313E-4
1.3834894450604068E-4
1.3781829271574265E-4
1.3729163113580532E-4
1.3676891522316256E-4
1.3625010109285246E-4
1.3573514550592255E-4
1.3522400585763976E-4
1.3471664016591404E-4
1.342130070599977E-4
1.3371306576942011E-4
1.3321677611317922E-4
1.3272409848913351E-4
1.3223499386364417E-4
1.3174942376145026E-4
1.3126735025572003E-4
1.3078873595834858E-4
1.3031354401045461E-4
1.298417380730532E-4
1.2937328231796486E-4
1.2890814141887176E-4
1.2844628054260442E-4
1.279876653405611E-4
1.275322619403529E-4
1.2708003693758118E-4
1.2663095738781556E-4
1.2618499079871385E-4
1.2574210512231388E-4
1.253022687474813E-4
1.2486545049250915E-4
1.2443161959786871E-4
1.2400074571909753E-4
1.2357279891985094E-4
1.2314774966506713E-4
1.2272556881429017E-4
1.2230622761511372E-4
1.2188969769675523E-4
1.2147595106376747E-4
1.2106496008985913E-4
1.2065669751184351E-4
1.2025113642371556E-4
1.1984825027082477E-4
1.1944801284417883E-4
1.1905039827484451E-4
1.1865538102846435E-4
1.1826293589988903E-4
1.1787303800787816E-4
1.1748566278994748E-4
1.1710078599727882E-4
1.1671838368974963E-4
1.1633843223104055E-4
1.1596090828384318E-4
1.1558578880516376E-4
1.1521305104170261E-4
1.1484267252532388E-4
1.1447463106862676E-4
1.141089047605635E-4
1.1374547196217575E-4
1.1338431130238785E-4
1.1302540167388839E-4
1.1266872222907273E-4
1.1231425237607405E-4
1.1196197177487847E-4
1.1161186033346431E-4
1.1126389820407102E-4
1.109180657794959E-4
1.105743436894579E-4
1.1023271279706051E-4
1.0989315419528038E-4
1.0955564920353538E-4
1.0922017936431176E-4
1.088867264398623E-4
1.0855527240893346E-4
1.0822579946359026E-4
1.0789829000606279E-4
1.0757272664566811E-4
1.0724909219577001E-4
1.0692736967082714E-4
1.0660754228342941E-4
1.0628959344145483E-4
1.0597350674523167E-4
1.0565926598476495E-4
1.0534685513700644E-4
1.0503625836317683E-4
1.0472746000612389E-4
1.044204445877428E-4
1.0411519680641657E-4
1.0381170153452832E-4
1.0350994381598755E-4
1.0320990886381538E-4
1.029115820577668E-4
1.0261494894200221E-4
1.0231999522276606E-4
1.0202670676614934E-4
1.0173506959585081E-4
1.0144506989100167E-4
1.0115669398400341E-4
1.0086992835842819E-4
1.005847596469292E-4
1.0030117462919827E-4
1.000191602299533E-4
9.973870351696186E-5
The correct rate for BP: 100.00% 
