1.7871075329951438
1.514431965182083
0.9617518347540183
0.43704132741184376
0.16388862110337443
0.08722248842074481
0.05942562390017046
0.04457775999360794
0.03541366331067194
0.029226597840270485
0.02478696502066586
0.021456906863620093
0.018873350025550704
0.016814881264939262
0.015139060578725565
0.01375024691745669
0.01258192927330044
0.011586478107666331
0.010728925637884074
0.009983044492856637
0.009328793509784716
0.008750606429566203
0.008236216694268899
0.007775832643368272
0.007361547321754757
0.006986908784867505
0.006646602335487843
0.006336212191219446
0.006052040414536633
0.005790967721484025
0.005550345323426951
0.005327910044461039
0.005121717091716534
0.004930086352725509
0.0047515591578440744
0.004584863211147363
0.004428883950299485
0.004282641005716906
0.004145268733849077
0.004016000027787708
0.0038941527812223066
0.0037791185135979096
0.0036703527656979456
0.0035673669533892644
0.003469721428503597
0.003377019543905905
0.0032889025577809575
0.003205045242352493
0.0031251520863709217
0.0030489540000866178
0.00297620544707806
0.002906681940005863
0.002840177847720634
0.0027765044696334796
0.0027154883402340023
0.0026569697324014038
0.00260080133292977
0.0025468470676638373
0.0024949810569604323
0.002445086684973281
0.0023970557685981672
0.0023507878138891015
0.0023061893494262984
0.0022631733275344105
0.0022216585854559667
0.0021815693596150586
0.002142834846987869
0.002105388808353089
0.0020691692088460577
0.002034117891801513
0.002000180282355289
0.001967305117695214
0.001935444201216589
0.0019045521781551043
0.001874586330547002
0.0018455063896081242
0.0018172743638353106
0.001789854381319443
0.0017632125449224968
0.001737316799114956
0.0017121368073961885
0.0016876438393329035
0.0016638106663493851
0.001640611465491205
0.001618021730461983
0.0015960181893020116
0.001574578728139332
0.0015536823204986264
0.0015333089617026103
0.0015134396079444286
0.001494056119648826
0.0014751412087750536
0.00145667838974637
0.001438651933719006
0.0014210468259294908
0.001403848725881878
0.0013870439301575759
0.0013706193376489396
0.0013545624170350225
0.0013388611763330731
0.0013235041343733316
0.001308480294057413
0.0012937791172718224
0.0012793905013387943
0.0012653047568959353
0.0012515125871049248
0.0012380050680973025
0.0012247736305725843
0.0012118100424705566
0.0011991063926454798
0.001186655075475493
0.0011744487763455012
0.0011624804579465117
0.0011507433473383446
0.0011392309237269445
0.0011279369069105765
0.00111685524635292
0.001105980110843696
0.0010953058787105464
0.0010848271285482027
0.0010745386304334345
0.0010644353375965263
0.0010545123785217696
0.001044765049451638
0.001035188807270777
0.0010257792627476146
0.0010165321741129215
0.0010074434409558573
9.985090984194933E-4
9.897253116787775E-4
9.810883706851468E-4
9.725946851629021E-4
9.642407798434347E-4
9.560232899242368E-4
9.479389567405655E-4
9.399846236380657E-4
9.321572320358176E-4
9.244538176694914E-4
9.16871507005198E-4
9.094075138150127E-4
9.020591359058481E-4
8.948237519936444E-4
8.876988187155052E-4
8.806818677727403E-4
8.737705031980892E-4
8.669623987410873E-4
8.602552953654972E-4
8.536469988533307E-4
8.471353775102654E-4
8.4071835996736E-4
8.343939330746114E-4
8.281601398816716E-4
8.220150777018015E-4
8.159568962548928E-4
8.099837958860002E-4
8.040940258556711E-4
7.982858826989011E-4
7.925577086493668E-4
7.869078901260913E-4
7.813348562795129E-4
7.758370775944716E-4
7.704130645473223E-4
7.650613663148905E-4
7.597805695329675E-4
7.545692971020073E-4
7.49426207038119E-4
7.443499913672655E-4
7.393393750608062E-4
7.343931150106632E-4
7.295099990422599E-4
7.246888449638201E-4
7.199284996502901E-4
7.152278381605752E-4
7.105857628865608E-4
7.060012027327174E-4
7.014731123249226E-4
6.970004712473494E-4
6.925822833062549E-4
6.882175758195567E-4
6.83905398931215E-4
6.796448249492893E-4
6.754349477068869E-4
6.712748819449702E-4
6.671637627162003E-4
6.631007448089844E-4
6.590850021909149E-4
6.551157274709147E-4
6.511921313792452E-4
6.473134422647988E-4
6.434789056089746E-4
6.396877835554284E-4
6.359393544552616E-4
6.322329124269227E-4
6.285677669302823E-4
6.249432423544627E-4
6.213586776187571E-4
6.178134257862961E-4
6.143068536898661E-4
6.108383415695529E-4
6.07407282721702E-4
6.040130831587846E-4
6.006551612798521E-4
5.973329475510862E-4
5.940458841961924E-4
5.907934248962291E-4
5.875750344985416E-4
5.84390188734481E-4
5.812383739456403E-4
5.781190868182635E-4
5.750318341255509E-4
5.719761324776158E-4
5.68951508078817E-4
5.659574964921923E-4
5.629936424107902E-4
5.600594994356434E-4
5.571546298601639E-4
5.542786044607281E-4
5.514310022933178E-4
5.486114104958852E-4
5.458194240964023E-4
5.430546458262734E-4
5.403166859390651E-4
5.376051620342158E-4
5.349196988857798E-4
5.322599282758128E-4
5.296254888324315E-4
5.270160258722914E-4
5.244311912474094E-4
5.218706431961143E-4
5.193340461980829E-4
5.168210708332822E-4
5.143313936446853E-4
5.118646970046975E-4
5.094206689851212E-4
5.069990032305593E-4
5.04599398835208E-4
5.022215602228721E-4
4.998651970300867E-4
4.975300239923444E-4
4.95215760833262E-4
4.929221321565992E-4
4.906488673410771E-4
4.883957004378705E-4
4.8616237007076423E-4
4.839486193387975E-4
4.817541957214247E-4
4.795788509860197E-4
4.774223410977499E-4
4.7528442613166264E-4
4.731648701870322E-4
4.7106344130372205E-4
4.689799113807376E-4
4.6691405609670223E-4
4.6486565483230623E-4
4.6283449059466095E-4
4.608203499434827E-4
4.5882302291906706E-4
4.568423029720102E-4
4.548779868946016E-4
4.5292987475388253E-4
4.5099776982628287E-4
4.490814785338259E-4
4.4718081038182814E-4
4.45295577898088E-4
4.4342559657347514E-4
4.4157068480395157E-4
4.3973066383388206E-4
4.3790535770075084E-4
4.3609459318104675E-4
4.342981997375092E-4
4.3251600946747425E-4
4.307478570525156E-4
4.289935797091403E-4
4.272530171406391E-4
4.2552601149004694E-4
4.2381240729413096E-4
4.2211205143842675E-4
4.204247931132759E-4
4.187504837708559E-4
4.170889770831401E-4
4.154401289008198E-4
4.1380379721309813E-4
4.121798421083971E-4
4.105681257359101E-4
4.0896851226799127E-4
4.0738086786336656E-4
4.0580506063115734E-4
4.0424096059563417E-4
4.0268843966179694E-4
4.011473715816182E-4
3.9961763192107916E-4
3.9809909802785104E-4
3.965916489996976E-4
3.950951656535047E-4
3.9360953049504086E-4
3.9213462768924393E-4
3.906703430312317E-4
3.8921656391784125E-4
3.877731793198071E-4
3.863400797545035E-4
3.849171572592295E-4
3.8350430536505497E-4
3.8210141907123955E-4
3.8070839482010803E-4
3.793251304724766E-4
3.7795152528359046E-4
3.7658747987950615E-4
3.752328962339941E-4
3.7388767764587067E-4
3.7255172871679724E-4
3.712249553295352E-4
3.699072646266282E-4
3.6859856498947446E-4
3.672987660178565E-4
3.6600777850986905E-4
3.647255144422105E-4
3.6345188695088404E-4
3.6218681031227547E-4
3.609301999246046E-4
3.5968197228969845E-4
3.5844204499517186E-4
3.572103366969115E-4
3.559867671019185E-4
3.547712569514598E-4
3.535637280045571E-4
3.523641030217941E-4
3.511723057494067E-4
3.499882609036968E-4
3.4881189415573993E-4
3.4764313211635905E-4
3.4648190232140644E-4
3.4532813321730405E-4
3.4418175414684777E-4
3.4304269533529867E-4
3.419108878767279E-4
3.407862637205629E-4
3.396687556584724E-4
3.3855829731139516E-4
3.374548231169027E-4
3.363582683166957E-4
3.35268568944397E-4
3.3418566181355277E-4
3.331094845058047E-4
3.3203997535936674E-4
3.3097707345760457E-4
3.299207186178931E-4
3.288708513806458E-4
3.2782741299853987E-4
3.2679034542594347E-4
3.2575959130851475E-4
3.2473509397298845E-4
3.2371679741716056E-4
3.227046463000179E-4
3.216985859320821E-4
3.206985622658579E-4
3.1970452188652914E-4
3.187164120027431E-4
3.17734180437604E-4
3.1675777561979384E-4
3.1578714657485484E-4
3.148222429166331E-4
3.138630148388405E-4
3.129094131067986E-4
3.119613890492828E-4
3.1101889455053953E-4
3.100818820424145E-4
3.091503044966194E-4
3.082241154171525E-4
3.073032688328005E-4
3.0638771928981166E-4
3.0547742184465476E-4
3.045723320569384E-4
3.0367240598238356E-4
3.027776001660039E-4
3.0188787163531815E-4
3.01003177893701E-4
3.001234769138678E-4
2.992487271314312E-4
2.983788874385657E-4
2.9751391717781385E-4
2.9665377613594855E-4
2.9579842453795097E-4
2.9494782304109203E-4
2.941019327291037E-4
2.9326071510643787E-4
2.924241320926439E-4
2.9159214601677855E-4
2.907647196119892E-4
2.8994181601009944E-4
2.8912339873633E-4
2.883094317041037E-4
2.874998792098985E-4
2.8669470592821453E-4
2.8589387690661417E-4
2.850973575608149E-4
2.8430511366989885E-4
2.835171113715717E-4
2.8273331715748595E-4
2.8195369786866063E-4
2.8117822069097763E-4
2.804068531506959E-4
2.796395631101067E-4
2.7887631876319315E-4
2.781170886314039E-4
2.773618415594451E-4
2.766105467111903E-4
2.758631735656017E-4
2.751196919127394E-4
2.7438007184983745E-4
2.736442837774168E-4
2.729122983954666E-4
2.7218408669970863E-4
2.7145961997785214E-4
2.707388698059931E-4
2.7002180804497453E-4
2.693084068368804E-4
2.6859863860154143E-4
2.67892476033082E-4
2.6718989209655335E-4
2.6649086002458587E-4
2.657953533141197E-4
2.6510334572313375E-4
2.6441481126749777E-4
2.6372972421778804E-4
2.630480590962187E-4
2.6236979067356507E-4
2.6169489396616686E-4
2.6102334423296617E-4
2.603551169725636E-4
2.5969018792036544E-4
2.5902853304571836E-4
2.583701285491232E-4
2.577149508594781E-4
2.5706297663134563E-4
2.564141827422818E-4
2.5576854629018867E-4
2.5512604459070986E-4
2.544866551746612E-4
2.5385035578550036E-4
2.532171243768152E-4
2.525869391098861E-4
2.519597783512361E-4
2.5133562067024186E-4
2.5071444483678023E-4
2.500962298188997E-4
2.494809547805095E-4
2.488685990791308E-4
2.4825914226366403E-4
2.47652564072178E-4
2.4704884442973294E-4
2.464479634462661E-4
2.458499014144453E-4
2.452546388076059E-4
2.446621562776841E-4
2.4407243465320204E-4
2.4348545493725192E-4
2.429011983055304E-4
2.4231964610439523E-4
2.4174077984894361E-4
2.4116458122110603E-4
2.4059103206779418E-4
2.400201143990477E-4
2.3945181038621436E-4
2.3888610236014857E-4
2.3832297280946272E-4
2.3776240437874756E-4
2.372043798668689E-4
2.3664888222526555E-4
2.3609589455625334E-4
2.3554540011138362E-4
2.3499738228979506E-4
2.3445182463661086E-4
2.3390871084133603E-4
2.3336802473629078E-4
2.3282975029504987E-4
2.3229387163092245E-4
2.317603729954232E-4
2.3122923877680487E-4
2.3070045349855302E-4
2.3017400181795844E-4
2.296498685246635E-4
2.29128038539256E-4
2.286084969118632E-4
2.2809122882077213E-4
2.2757621957106904E-4
2.27063454593286E-4
2.2655291944207023E-4
2.2604459979488567E-4
2.2553848145069784E-4
2.2503455032870837E-4
2.2453279246708663E-4
2.2403319402171455E-4
2.2353574126496875E-4
2.2304042058448535E-4
2.2254721848198264E-4
2.2205612157204864E-4
2.2156711658098154E-4
2.210801903456353E-4
2.2059532981227382E-4
2.2011252203543388E-4
2.1963175417682142E-4
2.1915301350420105E-4
2.1867628739031457E-4
2.182015633118111E-4
2.177288288481652E-4
2.1725807168064573E-4
2.1678927959128014E-4
2.1632244046182423E-4
2.1585754227275422E-4
2.1539457310226662E-4
2.1493352112529162E-4
2.1447437461252528E-4
2.1401712192945868E-4
2.135617515354296E-4
2.131082519826753E-4
2.1265661191542025E-4
2.1220682006894365E-4
2.1175886526868059E-4
2.1131273642931614E-4
2.1086842255391844E-4
2.1042591273304418E-4
2.099851961438835E-4
2.095462620494098E-4
2.09109099797526E-4
2.0867369882023447E-4
2.082400486328148E-4
2.0780813883300846E-4
2.0737795910020615E-4
2.0694949919466168E-4
2.0652274895670452E-4
2.0609769830594915E-4
2.0567433724054523E-4
2.0525265583640353E-4
2.0483264424645404E-4
2.0441429269989916E-4
2.0399759150147676E-4
2.035825310307432E-4
2.0316910174135507E-4
2.0275729416034986E-4
2.023470988874604E-4
2.0193850659441036E-4
2.015315080242362E-4
2.011260939906028E-4
2.007222553771493E-4
2.003199831368103E-4
1.9991926829116506E-4
1.995201019298045E-4
1.991224752096731E-4
1.9872637935444665E-4
1.983318056539039E-4
1.9793874546330766E-4
1.9754719020280255E-4
1.9715713135679233E-4
1.9676856047335896E-4
1.9638146916365782E-4
1.959958491013442E-4
1.9561169202199434E-4
1.9522898972251944E-4
1.9484773406061966E-4
1.9446791695421184E-4
1.9408953038087953E-4
1.9371256637732638E-4
1.933370170388355E-4
1.9296287451873133E-4
1.9259013102785897E-4
1.9221877883404982E-4
1.9184881026160566E-4
1.9148021769078985E-4
1.911129935573255E-4
1.9074713035188123E-4
1.9038262061958232E-4
1.900194569595289E-4
1.8965763202428952E-4
1.8929713851944182E-4
1.8893796920308755E-4
1.8858011688537994E-4
1.882235744280731E-4
1.878683347440441E-4
1.875143907968513E-4
1.87161735600276E-4
1.8681036221788173E-4
1.8646026376257436E-4
1.861114333961613E-4
1.8576386432893097E-4
1.854175498192011E-4
1.8507248317293368E-4
1.8472865774328692E-4
1.843860669302052E-4
1.840447041800289E-4
1.8370456298506834E-4
1.8336563688321872E-4
1.8302791945754585E-4
1.8269140433591565E-4
1.8235608519058836E-4
1.8202195573784158E-4
1.8168900973758779E-4
1.813572409930017E-4
1.8102664335014083E-4
1.8069721069758683E-4
1.8036893696606694E-4
1.8004181612810372E-4
1.7971584219765897E-4
1.7939100922977072E-4
1.7906731132020506E-4
1.7874474260511544E-4
1.7842329726069857E-4
1.7810296950284608E-4
1.77783753586815E-4
1.7746564380689999E-4
1.771486344960944E-4
1.7683272002576712E-4
1.7651789480534216E-4
1.762041532819779E-4
1.7589148994024906E-4
1.7557989930183415E-4
1.7526937592520837E-4
1.749599144053296E-4
1.746515093733439E-4
1.7434415549627717E-4
1.7403784747673892E-4
1.7373258005263218E-4
1.7342834799684723E-4
1.731251461169966E-4
1.7282296925510282E-4
1.7252181228733367E-4
1.722216701237105E-4
1.7192253770783572E-4
1.7162441001661945E-4
1.713272820599946E-4
1.7103114888066524E-4
1.7073600555382926E-4
1.7044184718690786E-4
1.701486689192961E-4
1.698564659221007E-4
1.6956523339786757E-4
1.6927496658035202E-4
1.6898566073424902E-4
1.686973111549487E-4
1.6840991316829123E-4
1.6812346213032056E-4
1.6783795342703554E-4
1.6755338247416454E-4
1.672697447169108E-4
1.6698703562972975E-4
1.6670525071608912E-4
1.6642438550823827E-4
1.6614443556697971E-4
1.658653964814493E-4
1.655872638688752E-4
1.6531003337437645E-4
1.6503370067072321E-4
1.6475826145812857E-4
1.6448371146403942E-4
1.6421004644289548E-4
1.6393726217595503E-4
1.6366535447105308E-4
1.6339431916240777E-4
1.6312415211041392E-4
1.6285484920143E-4
1.6258640634758768E-4
1.6231881948658417E-4
1.6205208458148194E-4
1.6178619762051714E-4
1.615211546169039E-4
1.6125695160863296E-4
1.609935846582933E-4
1.607310498528727E-4
1.6046934330357404E-4
1.6020846114562403E-4
1.599483995381024E-4
1.5968915466373545E-4
1.5943072272874275E-4
1.5917309996263374E-4
1.5891628261804685E-4
1.5866026697055846E-4
1.5840504931852742E-4
1.5815062598290144E-4
1.5789699330705665E-4
1.576441476566319E-4
1.5739208541935E-4
1.5714080300485296E-4
1.5689029684454688E-4
1.5664056339142598E-4
1.5639159911991145E-4
1.5614340052570432E-4
1.5589596412560503E-4
1.5564928645736794E-4
1.5540336407954958E-4
1.5515819357134246E-4
1.5491377153242097E-4
1.5467009458279915E-4
1.5442715936267082E-4
1.5418496253226518E-4
1.5394350077169744E-4
1.5370277078080908E-4
1.534627692790528E-4
1.532234930053073E-4
1.5298493871776907E-4
1.5274710319379442E-4
1.5250998322975318E-4
1.522735756409084E-4
1.5203787726125295E-4
1.5180288494339936E-4
1.515685955584189E-4
1.5133500599572464E-4
1.511021131629322E-4
1.5086991398572498E-4
1.5063840540772467E-4
1.5040758439035842E-4
1.5017744791273575E-4
1.4994799297152428E-4
1.4971921658080403E-4
1.4949111577196276E-4
1.492636875935606E-4
1.4903692911120528E-4
1.4881083740744117E-4
1.485854095816105E-4
1.4836064274975018E-4
1.4813653404445917E-4
1.479130806147942E-4
1.4769027962613528E-4
1.4746812826008082E-4
1.472466237143274E-4
1.470257632025659E-4
1.4680554395435269E-4
1.465859632150107E-4
1.4636701824550437E-4
1.4614870632234154E-4
1.459310247374608E-4
1.4571397079811397E-4
1.4549754182677514E-4
1.4528173516101521E-4
1.4506654815341148E-4
1.4485197817143175E-4
1.44638022597339E-4
1.4442467882808252E-4
1.4421194427519178E-4
1.4399981636468843E-4
1.4378829253696834E-4
1.435773702467125E-4
1.433670469627878E-4
1.4315732016815093E-4
1.429481873597358E-4
1.42739646048378E-4
1.4253169375870147E-4
1.423243280290351E-4
1.4211754641131562E-4
1.4191134647098517E-4
1.4170572578691811E-4
1.4150068195130245E-4
1.4129621256957973E-4
1.4109231526032232E-4
1.4088898765516746E-4
1.406862273987214E-4
1.404840321484687E-4
1.4028239957468512E-4
1.400813273603512E-4
1.398808132010724E-4
1.3968085480497503E-4
1.3948144989264948E-4
1.3928259619704165E-4
1.3908429146338155E-4
1.3888653344909944E-4
1.3868931992374152E-4
1.384926486688883E-4
1.382965174780793E-4
1.381009241567199E-4
1.3790586652202301E-4
1.377113424029053E-4
1.37517349639934E-4
1.3732388608522439E-4
1.3713094960238588E-4
1.3693853806643437E-4
1.3674664936370978E-4
1.365552813918154E-4
1.3636443205953695E-4
1.361740992867663E-4
1.3598428100442835E-4
1.3579497515441214E-4
1.3560617968950034E-4
1.3541789257328414E-4
1.3523011178011643E-4
1.350428352950099E-4
1.348560611135967E-4
1.3466978724204078E-4
1.3448401169697876E-4
1.342987325054403E-4
1.3411394770479975E-4
1.3392965534268138E-4
1.3374585347691786E-4
1.335625401754708E-4
1.3337971351637E-4
1.331973715876443E-4
1.330155124872616E-4
1.3283413432305934E-4
1.3265323521268697E-4
1.3247281328353556E-4
1.3229286667268338E-4
1.321133935268238E-4
1.3193439200221378E-4
1.3175586026460684E-4
1.3157779648919008E-4
1.314001988605307E-4
1.3122306557250947E-4
1.3104639482826872E-4
1.308701848401396E-4
1.3069443382960052E-4
1.3051914002721443E-4
1.3034430167255766E-4
1.301699170141808E-4
1.299959843095401E-4
1.2982250182494735E-4
1.2964946783551153E-4
1.294768806250845E-4
1.2930473848620308E-4
1.2913303972003523E-4
1.2896178263633026E-4
1.2879096555336466E-4
1.286205867978725E-4
1.2845064470502426E-4
1.2828113761833706E-4
1.2811206388965314E-4
1.2794342187907344E-4
1.2777520995490118E-4
1.2760742649360862E-4
1.274400698797691E-4
1.2727313850601141E-4
1.2710663077298076E-4
1.2694054508927152E-4
1.2677487987138643E-4
1.266096335436936E-4
1.2644480453836887E-4
1.262803912953538E-4
1.261163922623005E-4
1.2595280589453533E-4
1.2578963065499503E-4
1.256268650142028E-4
1.2546450745020132E-4
1.2530255644851572E-4
1.2514101050211301E-4
1.2497986811134E-4
1.2481912778389748E-4
1.246587880347829E-4
1.244988473862549E-4
1.2433930436777464E-4
1.2418015751598105E-4
1.2402140537463456E-4
1.238630464945765E-4
1.237050794336865E-4
1.2354750275684514E-4
1.233903150358812E-4
1.2323351484954374E-4
1.230771007834413E-4
1.22921071430024E-4
1.227654253885224E-4
1.2261016126491821E-4
1.224552776718974E-4
1.2230077322881777E-4
1.2214664656166264E-4
1.2199289630300123E-4
1.2183952109195361E-4
1.2168651957414983E-4
1.2153389040168567E-4
1.2138163223309843E-4
1.2122974373331346E-4
1.2107822357361204E-4
1.2092707043159737E-4
1.2077628299115415E-4
1.206258599424043E-4
1.2047579998168841E-4
1.2032610181151083E-4
1.2017676414051171E-4
1.2002778568342816E-4
1.1987916516106612E-4
1.1973090130024935E-4
1.1958299283380339E-4
1.1943543850050378E-4
1.192882370450493E-4
1.19141387218026E-4
1.1899488777587287E-4
1.1884873748085526E-4
1.1870293510101165E-4
1.1855747941013824E-4
1.1841236918774902E-4
1.1826760321904347E-4
1.181231802948726E-4
1.1797909921170222E-4
1.1783535877159517E-4
1.1769195778215847E-4
1.175488950565282E-4
1.1740616941332703E-4
1.1726377967664422E-4
1.1712172467598627E-4
1.1698000324626225E-4
1.1683861422774951E-4
1.1669755646605685E-4
1.165568288120955E-4
1.1641643012205675E-4
1.1627635925737133E-4
1.1613661508468489E-4
1.1599719647583055E-4
1.1585810230779121E-4
1.157193314626826E-4
1.1558088282770821E-4
1.154427552951497E-4
1.1530494776231883E-4
1.1516745913153995E-4
1.150302883101263E-4
1.1489343421033293E-4
1.1475689574935533E-4
1.1462067184927899E-4
1.1448476143705591E-4
1.143491634444923E-4
1.142138768082061E-4
1.1407890046960176E-4
1.1394423337485074E-4
1.1380987447485563E-4
1.1367582272523454E-4
1.1354207708628448E-4
1.1340863652295888E-4
1.1327550000484574E-4
1.1314266650613446E-4
1.130101350055969E-4
1.1287790448656052E-4
1.1274597393687743E-4
1.1261434234890643E-4
1.1248300871948717E-4
1.1235197204990627E-4
1.1222123134588957E-4
1.120907856175626E-4
1.1196063387943271E-4
1.1183077515036469E-4
1.117012084535552E-4
1.1157193281651093E-4
1.1144294727102515E-4
1.1131425085315315E-4
1.111858426031834E-4
1.1105772156562643E-4
1.1092988678918353E-4
1.1080233732672423E-4
1.1067507223526708E-4
1.1054809057595184E-4
1.1042139141402201E-4
1.102949738188019E-4
1.1016883686367038E-4
1.1004297962604358E-4
1.0991740118735294E-4
1.097921006330173E-4
1.096670770524301E-4
1.0954232953893008E-4
1.0941785718978467E-4
1.0929365910617198E-4
1.0916973439314838E-4
1.0904608215964043E-4
1.0892270151841447E-4
1.0879959158606188E-4
1.0867675148297978E-4
1.0855418033334162E-4
1.0843187726508617E-4
1.0830984140989197E-4
1.0818807190316624E-4
1.0806656788400853E-4
1.079453284952058E-4
1.078243528832149E-4
1.0770364019812124E-4
1.0758318959364539E-4
1.0746300022710788E-4
1.0734307125942046E-4
1.0722340185505081E-4
1.0710399118203046E-4
1.0698483841190486E-4
1.0686594271973775E-4
1.0674730328408543E-4
1.0662891928697281E-4
1.0651078991388808E-4
1.0639291435374763E-4
1.0627529179889545E-4
1.0615792144506934E-4
1.0604080249139706E-4
1.0592393414036666E-4
1.058073155978215E-4
1.0569094607292475E-4
1.0557482477816477E-4
1.0545895092931765E-4
1.0534332374544432E-4
1.0522794244886201E-4
1.0511280626513526E-4
1.0499791442305751E-4
1.0488326615463474E-4
1.0476886069506486E-4
1.0465469728272446E-4
1.0454077515915217E-4
1.0442709356903596E-4
1.0431365176018531E-4
1.0420044898352789E-4
1.040874844930904E-4
1.0397475754597295E-4
1.0386226740234918E-4
1.0375001332544104E-4
1.0363799458149706E-4
1.0352621043979538E-4
1.0341466017260848E-4
1.0330334305519979E-4
1.0319225836580217E-4
1.0308140538561352E-4
1.0297078339876507E-4
1.0286039169231999E-4
1.0275022955625107E-4
1.0264029628343293E-4
1.0253059116961638E-4
1.0242111351342684E-4
1.0231186261634216E-4
1.0220283778267557E-4
1.020940383195691E-4
1.0198546353697147E-4
1.0187711274763431E-4
1.0176898526708228E-4
1.0166108041361751E-4
1.0155339750829062E-4
1.0144593587489711E-4
1.013386948399541E-4
1.0123167373269644E-4
1.0112487188505752E-4
1.0101828863165222E-4
1.0091192330977724E-4
1.0080577525937572E-4
1.0069984382305136E-4
1.0059412834602861E-4
1.0048862817615847E-4
1.0038334266389348E-4
1.002782711622855E-4
1.0017341302696338E-4
1.0006876761612678E-4
9.996433429052645E-5
The correct rate for BP: 100.00% 
