2.795261121306502
0.914131470355394
1.5907830718313984
0.008429936415198252
0.0025181071953474616
0.001731536236334304
0.001403335194004611
0.001214688420113743
0.001088447950077151
9.957886273604985E-4
9.234480576371927E-4
8.644714720507192E-4
8.148571068535558E-4
7.721334304761957E-4
7.34685112374861E-4
7.0140598393096E-4
6.715082395151533E-4
6.444117616783739E-4
6.196769676663268E-4
5.969624575826082E-4
5.759973868830735E-4
5.56562896857058E-4
5.384792947911693E-4
5.215969874284274E-4
5.057899271521296E-4
4.909507794165341E-4
4.769872942610475E-4
4.638195365320939E-4
4.513777394874952E-4
4.396006184417775E-4
4.284340291082865E-4
4.1782988787257374E-4
4.077452937149733E-4
3.9814180725877894E-4
3.889848536275521E-4
3.802432238747666E-4
3.7188865564950497E-4
3.638954781232897E-4
3.562403094640296E-4
3.489017976074844E-4
3.418603969582263E-4
3.3509817510231853E-4
3.285986447422789E-4
3.223466169497161E-4
3.163280725312004E-4
3.105300488606106E-4
3.049405399789746E-4
2.9954840812460644E-4
2.9434330515059357E-4
2.8931560252742574E-4
2.844563288267614E-4
2.7975711374602003E-4
2.7521013787005675E-4
2.708080874797645E-4
2.665441138132569E-4
2.624117962657062E-4
2.584051090821698E-4
2.5451839115569515E-4
2.5074631859233035E-4
2.4708387974706984E-4
2.435263524709925E-4
2.4006928334116385E-4
2.3670846867186347E-4
2.3343993712921535E-4
2.3025993379146908E-4
2.2716490551505402E-4
2.241514874819719E-4
2.2121649081755014E-4
2.18356891179609E-4
2.1556981823040697E-4
2.1285254591205002E-4
2.1020248345414135E-4
2.0761716704960516E-4
2.0509425214107943E-4
2.0263150626589297E-4
2.002268024126344E-4
1.978781128469491E-4
1.9558350336803073E-4
1.9334112796103224E-4
1.911492238136859E-4
1.890061066683927E-4
1.869101664836113E-4
1.8485986338065435E-4
1.8285372385411425E-4
1.8089033722611776E-4
1.7896835232612408E-4
1.7708647437971706E-4
1.7524346209109483E-4
1.734381249053206E-4
1.716693204374685E-4
1.6993595205689872E-4
1.682369666157846E-4
1.6657135231195867E-4
1.6493813667683012E-4
1.6333638467989634E-4
1.617651969420824E-4
1.6022370805055842E-4
1.5871108496847542E-4
1.5722652553332714E-4
1.5576925703829147E-4
1.5433853489118892E-4
1.5293364134615103E-4
1.515538843034579E-4
1.5019859617325515E-4
1.4886713279924814E-4
1.4755887243868184E-4
1.46273214795209E-4
1.4500958010147812E-4
1.437674082484441E-4
1.4254615795869665E-4
1.413453060011652E-4
1.4016434644488054E-4
1.390027899494385E-4
1.378601630901947E-4
1.36736007716122E-4
1.356298803385304E-4
1.3454135154895858E-4
1.3347000546459702E-4
1.324154391997105E-4
1.3137726236171085E-4
1.3035509657048863E-4
1.2934857499978885E-4
1.2835734193944855E-4
1.2738105237741743E-4
1.2641937160047298E-4
1.2547197481273885E-4
1.2453854677100645E-4
1.2361878143607528E-4
1.2271238163921911E-4
1.2181905876309951E-4
1.2093853243633185E-4
1.2007053024107222E-4
1.1921478743295096E-4
1.1837104667277697E-4
1.1753905776940921E-4
1.1671857743329718E-4
1.1590936904011279E-4
1.1511120240407243E-4
1.1432385356043237E-4
1.1354710455673824E-4
1.127807432524414E-4
1.1202456312647538E-4
1.1127836309241424E-4
1.1054194732090329E-4
1.0981512506898763E-4
1.0909771051606699E-4
1.0838952260614355E-4
1.0769038489611049E-4
1.070001254097936E-4
1.0631857649750912E-4
1.0564557470087682E-4
1.0498096062268866E-4
1.0432457880157202E-4
1.0367627759129057E-4
1.0303590904444698E-4
1.0240332880041375E-4
1.0177839597732995E-4
1.0116097306794787E-4
1.005509258392266E-4
9.994812323549327E-5
The correct rate for BP: 100.00% 
