2.2563803068057458
0.6152870909104844
0.33438105055752104
0.05146297317537962
0.022649481343459576
0.01735912781059512
0.01392549066515846
0.01158595059068343
0.009900764593004076
0.008631553413618494
0.0076422904542359695
0.006850216581304752
0.00620217982942732
0.0056625039433250215
0.005206359981283603
0.004815939705806541
0.004478141269721537
0.004183113287507253
0.003923307558295331
0.003692844567253116
0.0034870775938920556
0.0033022865216281636
0.003135458471981989
0.0029841278528516873
0.0028462578709853503
0.0027201514980502934
0.0026043836961467362
0.0024977492131021167
0.0023992219330843125
0.0023079229082428343
0.002223094985567641
0.002144082496464933
0.0020703148701074967
0.002001293315067778
0.0019365799202691993
0.0018757886784045226
0.0018185780481406422
0.001764644756421401
0.001713718606578756
0.0016655581071619273
0.0016199467742775229
0.0015766899896184554
0.0015356123193119632
0.0014965552167629387
0.0014593750469466045
0.0014239413809672497
0.0013901355187941357
0.0013578492054034542
0.0013269835114733174
0.0012974478545887843
0.0012691591408405417
0.001242041009922206
0.0012160231694830627
0.0011910408066872248
0.0011670340667508804
0.001143947589747034
0.0011217300982363024
0.0011003340293472314
0.001079715205826485
0.0010598325413367343
0.0010406477759219751
0.00102212523810519
0.0010042316305485478
9.869358366032346E-4
9.702087454165418E-4
9.540230935565607E-4
9.383533213662669E-4
9.231754424767055E-4
9.084669250968957E-4
8.942065838613922E-4
8.803744811584479E-4
8.669518369850015E-4
8.539209464830755E-4
8.412651044060055E-4
8.289685358460929E-4
8.170163326275125E-4
8.05394394832435E-4
7.940893769844318E-4
7.830886384629964E-4
7.723801977669055E-4
7.619526902831277E-4
7.517953292522403E-4
7.41897869652484E-4
7.322505747511994E-4
7.228441850973467E-4
7.136698897500399E-4
7.047192995576443E-4
6.959844223193714E-4
6.874576396766084E-4
6.791316855954993E-4
6.709996263145704E-4
6.630548416426277E-4
6.552910075022108E-4
6.477020796230593E-4
6.402822782984551E-4
6.330260741245562E-4
6.259281746496893E-4
6.18983511866809E-4
6.121872304877187E-4
6.055346769427069E-4
5.99021389054018E-4
5.926430863354037E-4
5.863956608741766E-4
5.802751687553427E-4
5.742778219906805E-4
5.683999809185178E-4
5.626381470425288E-4
5.569889562802909E-4
5.514491725946248E-4
5.460156819825774E-4
5.406854867990367E-4
5.354557003933105E-4
5.303235420389403E-4
5.252863321380699E-4
5.203414876834016E-4
5.154865179616261E-4
5.107190204835558E-4
5.060366771271801E-4
5.014372504807305E-4
4.969185803738284E-4
4.924785805855325E-4
4.881152357188395E-4
4.838265982320037E-4
4.79610785617494E-4
4.7546597772014346E-4
4.713904141866385E-4
4.673823920387584E-4
4.6344026336359647E-4
4.5956243311413424E-4
4.557473570141373E-4
4.519935395616408E-4
4.4829953212563743E-4
4.446639311309988E-4
4.410853763268625E-4
4.375625491340325E-4
4.3409417106732176E-4
4.3067900222873933E-4
4.273158398680497E-4
4.2400351700705766E-4
4.2074090112443566E-4
4.1752689289801327E-4
4.143604250016001E-4
4.112404609536088E-4
4.081659940149437E-4
4.051360461336688E-4
4.0214966693415897E-4
3.9920593274861464E-4
3.963039456888696E-4
3.9344283275646863E-4
3.906217449893438E-4
3.878398566432331E-4
3.8509636440622874E-4
3.8239048664491916E-4
3.7972146268069716E-4
3.770885520946988E-4
3.744910340602591E-4
3.719282067014384E-4
3.693993864765871E-4
3.669039075856931E-4
3.644411214005659E-4
3.6201039591677426E-4
3.596111152263377E-4
3.5724267901041E-4
3.549045020508657E-4
3.525960137601971E-4
3.503166577287345E-4
3.480658912885898E-4
3.4584318509352864E-4
3.436480227141295E-4
3.4147990024758297E-4
3.3933832594151944E-4
3.372228198312651E-4
3.351329133899897E-4
3.3306814919122047E-4
3.3102808058318057E-4
3.290122713745336E-4
3.2702029553099293E-4
3.2505173688243135E-4
3.2310618884005344E-4
3.2118325412317547E-4
3.1928254449532074E-4
3.174036805092034E-4
3.15546291260265E-4
3.13710014148464E-4
3.118944946479292E-4
3.1009938608426405E-4
3.083243494191381E-4
3.065690530419137E-4
3.048331725680471E-4
3.031163906440208E-4
3.0141839675850546E-4
2.9973888705960564E-4
2.980775641778892E-4
2.964341370549999E-4
2.9480832077774174E-4
2.931998364172655E-4
2.9160841087331167E-4
2.9003377672328506E-4
2.884756720759747E-4
2.869338404297578E-4
2.854080305351382E-4
2.8389799626145964E-4
2.8240349646764225E-4
2.809242948768312E-4
2.7946015995474946E-4
2.7801086479173245E-4
2.7657618698819565E-4
2.751559085435468E-4
2.7374981574829085E-4
2.7235769907935363E-4
2.7097935309838286E-4
2.696145763530521E-4
2.682631712811555E-4
2.669249441174874E-4
2.6559970480335965E-4
2.642872668986929E-4
2.629874474965913E-4
2.6170006714031893E-4
2.604249497426166E-4
2.591619225072211E-4
2.5791081585262697E-4
2.566714633379071E-4
2.554437015905791E-4
2.542273702364737E-4
2.530223118314607E-4
2.518283717950955E-4
2.5064539834599174E-4
2.4947324243898E-4
2.4831175770392E-4
2.471608003861543E-4
2.460202292885355E-4
2.4488990571500916E-4
2.437696934156243E-4
2.4265945853306408E-4
2.4155906955049736E-4
2.4046839724082517E-4
2.393873146172251E-4
2.3831569688497134E-4
2.3725342139450413E-4
2.362003675956676E-4
2.3515641699313423E-4
2.3412145310295574E-4
2.3309536141019184E-4
2.3207802932763175E-4
2.310693461555201E-4
2.300692030423044E-4
2.290774929463467E-4
2.2809411059858175E-4
2.271189524660935E-4
2.2615191671658744E-4
2.25192903183741E-4
2.2424181333335457E-4
2.2329855023037865E-4
2.2236301850668796E-4
2.2143512432966608E-4
2.2051477537151414E-4
2.1960188077929288E-4
2.1869635114571162E-4
2.1779809848054984E-4
2.1690703618280484E-4
2.1602307901346014E-4
2.1514614306889662E-4
2.142761457549406E-4
2.1341300576148902E-4
2.1255664303772493E-4
2.1170697876793102E-4
2.1086393534781617E-4
2.1002743636141193E-4
2.091974065584889E-4
2.083737718324739E-4
2.0755645919888057E-4
2.0674539677421753E-4
2.059405137553705E-4
2.0514174039944062E-4
2.0434900800404398E-4
2.0356224888803997E-4
2.0278139637267182E-4
2.020063847631605E-4
2.0123714933065458E-4
2.004736262946056E-4
1.997157528055312E-4
1.989634669281246E-4
1.9821670762474895E-4
1.9747541473928964E-4
1.9673952898134275E-4
1.9600899191075084E-4
1.9528374592245554E-4
1.945637342316881E-4
1.9384890085946089E-4
1.9313919061837172E-4
1.9243454909871155E-4
1.917349226548374E-4
1.910402583918646E-4
1.9035050415262147E-4
1.8966560850486053E-4
1.8898552072875641E-4
1.8831019080464773E-4
1.8763956940103402E-4
1.8697360786281951E-4
1.8631225819978886E-4
1.856554730753436E-4
1.850032057954161E-4
1.8435541029766719E-4
1.8371204114085558E-4
1.830730534944287E-4
1.8243840312835957E-4
1.8180804640312818E-4
1.8118194025993275E-4
1.8056004221110578E-4
1.7994231033069836E-4
1.7932870324524324E-4
1.787191801247394E-4
1.781137006737551E-4
1.7751222512275966E-4
1.7691471421957757E-4
1.763211292210424E-4
1.7573143188478956E-4
1.7514558446122828E-4
1.7456354968563184E-4
1.7398529077042522E-4
1.7341077139757652E-4
1.7283995571116504E-4
1.722728083100738E-4
1.717092942408157E-4
1.7114937899050662E-4
1.7059302847997912E-4
1.7004020905698794E-4
1.6949088748958156E-4
1.689450309595759E-4
1.6840260705614895E-4
1.678635837695776E-4
1.6732792948504337E-4
1.667956129766035E-4
1.662666034012344E-4
1.6574087029299668E-4
1.6521838355732036E-4
1.6469911346536813E-4
1.641830306485178E-4
1.6367010609293368E-4
1.6316031113425194E-4
1.6265361745234464E-4
1.621499970661788E-4
1.616494223287762E-4
1.6115186592226223E-4
1.6065730085298231E-4
1.6016570044674751E-4
1.5967703834410366E-4
1.5919128849574497E-4
1.5870842515795946E-4
1.5822842288818996E-4
1.5775125654064035E-4
1.572769012619971E-4
1.568053324871665E-4
1.5633652593516E-4
1.5587045760498335E-4
1.5540710377163444E-4
1.549464409821651E-4
1.5448844605178604E-4
1.5403309606007855E-4
1.5358036834723068E-4
1.531302405103667E-4
1.5268269039991813E-4
1.5223769611606792E-4
1.5179523600525243E-4
1.5135528865671107E-4
1.5091783289912172E-4
1.5048284779724721E-4
1.5005031264868064E-4
1.4962020698063036E-4
1.4919251054673597E-4
1.4876720332397084E-4
1.483442655095845E-4
1.4792367751806902E-4
1.4750541997821717E-4
1.4708947373020482E-4
1.4667581982271089E-4
1.4626443951011201E-4
1.4585531424970484E-4
1.454484256989636E-4
1.4504375571287216E-4
1.4464128634126235E-4
1.4424099982622744E-4
1.438428785995632E-4
1.4344690528022473E-4
1.4305306267188247E-4
1.4266133376045843E-4
1.4227170171172778E-4
1.4188414986897546E-4
1.414986617506353E-4
1.4111522104802497E-4
1.4073381162309396E-4
1.4035441750618455E-4
1.3997702289386842E-4
1.396016121467764E-4
1.392281697874956E-4
1.3885668049848373E-4
1.3848712912000778E-4
1.3811950064812387E-4
1.3775378023269657E-4
1.3738995317543235E-4
1.3702800492794204E-4
1.3666792108985745E-4
1.363096874069362E-4
1.359532897692449E-4
1.3559871420932028E-4
1.3524594690039377E-4
1.3489497415462176E-4
1.345457824213512E-4
1.3419835828542472E-4
1.3385268846546674E-4
1.3350875981225398E-4
1.3316655930706065E-4
1.328260740600629E-4
1.3248729130874173E-4
1.3215019841632012E-4
1.3181478287022458E-4
1.3148103228057413E-4
1.3114893437867595E-4
1.3081847701555243E-4
1.3048964816048735E-4
1.3016243589960755E-4
1.2983682843444963E-4
1.2951281408058737E-4
1.291903812662585E-4
1.2886951853100282E-4
1.2855021452434865E-4
1.282324580044815E-4
1.2791623783696984E-4
1.2760154299347261E-4
1.2728836255049194E-4
1.269766856881296E-4
1.266665016888659E-4
1.2635779993636125E-4
1.2605056991425826E-4
1.2574480120501594E-4
1.2544048348875898E-4
1.2513760654212262E-4
1.2483616023716045E-4
1.2453613454020473E-4
1.2423751951079557E-4
1.2394030530059276E-4
1.2364448215232516E-4
1.2335004039873602E-4
1.2305697046154486E-4
1.2276526285044502E-4
1.2247490816208334E-4
1.221858970790789E-4
1.2189822036903857E-4
1.2161186888360107E-4
1.2132683355747957E-4
1.2104310540752064E-4
1.2076067553178902E-4
1.2047953510864653E-4
1.2019967539585191E-4
1.1992108772967741E-4
1.196437635240181E-4
1.1936769426954926E-4
1.1909287153285351E-4
1.1881928695558272E-4
1.1854693225363502E-4
1.1827579921632507E-4
1.1800587970557415E-4
1.1773716565512635E-4
1.1746964906974192E-4
1.172033220244278E-4
1.169381766636672E-4
1.1667420520067456E-4
1.1641139991662901E-4
1.1614975315994531E-4
1.1588925734554354E-4
1.1562990495413648E-4
1.1537168853151265E-4
1.151146006878352E-4
1.1485863409695893E-4
1.1460378149573389E-4
1.1435003568334579E-4
1.1409738952064183E-4
1.1384583592947795E-4
1.1359536789205882E-4
1.13345978450325E-4
1.1309766070528861E-4
1.1285040781642853E-4
1.1260421300106925E-4
1.1235906953377696E-4
1.1211497074574416E-4
1.1187191002421833E-4
1.1162988081189166E-4
1.1138887660634682E-4
1.1114889095946697E-4
1.1090991747687842E-4
1.1067194981739936E-4
1.104349816924737E-4
1.1019900686564935E-4
1.099640191520183E-4
1.0973001241770472E-4
1.094969805793325E-4
1.0926491760350963E-4
1.0903381750631548E-4
1.0880367435280134E-4
1.0857448225648588E-4
1.0834623537886643E-4
1.0811892792893498E-4
1.0789255416268456E-4
1.0766710838265274E-4
1.0744258493744334E-4
1.0721897822125915E-4
1.0699628267345173E-4
1.0677449277806346E-4
1.0655360306338613E-4
1.0633360810151397E-4
1.0611450250791154E-4
1.0589628094097769E-4
1.0567893810162869E-4
1.0546246873286042E-4
1.0524686761935441E-4
1.050321295870543E-4
1.0481824950275202E-4
1.0460522227370898E-4
1.0439304284722998E-4
1.041817062103006E-4
1.0397120738917992E-4
1.037615414490249E-4
1.0355270349351292E-4
1.0334468866446198E-4
1.0313749214146412E-4
1.0293110914152468E-4
1.027255349186932E-4
1.0252076476371393E-4
1.0231679400366613E-4
1.0211361800161575E-4
1.0191123215628066E-4
1.0170963190167108E-4
1.0150881270677483E-4
1.0130877007520503E-4
1.0110949954487915E-4
1.0091099668769484E-4
1.0071325710920922E-4
1.0051627644830871E-4
1.0032005037690957E-4
1.0012457459963734E-4
9.992984485352262E-5
The correct rate for BP: 100.00% 
