0.6440734764950216
1.7105626536630805
7.604318201430968E-4
9.022073500905832E-4
7.750239448033775E-4
6.793548659892215E-4
6.050831739307916E-4
5.457363426077319E-4
4.972203695851789E-4
4.568168538599805E-4
4.2264871500008114E-4
3.933774497121453E-4
3.6802256291355433E-4
3.4584919275023696E-4
3.2629562214374564E-4
3.0892506225230616E-4
2.933927166846364E-4
2.7942275420824705E-4
2.667918749947543E-4
2.5531736618915476E-4
2.448482771905934E-4
2.3525880297702948E-4
2.2644325628762388E-4
2.183122003985098E-4
2.1078944134027923E-4
2.0380966456875872E-4
1.9731656047334057E-4
1.912613246398908E-4
1.8560144824462442E-4
1.8029973512043122E-4
1.7532349742518613E-4
1.706438931536327E-4
1.6623537713628055E-4
1.6207524346948627E-4
1.5814324208864868E-4
1.5442125583497044E-4
1.508930271650563E-4
1.47543925821853E-4
1.443607504785062E-4
1.41331558697131E-4
1.384455205965512E-4
1.3569279245995652E-4
1.3306440718306988E-4
1.305521790020991E-4
1.2814862037627197E-4
1.2584686925377306E-4
1.2364062523879477E-4
1.2152409341447477E-4
1.1949193477164947E-4
1.1753922235478801E-4
1.1566140237052579E-4
1.1385425961589542E-4
1.1211388667685057E-4
1.1043665642604904E-4
1.0881919741497527E-4
1.072583718112801E-4
1.0575125557949389E-4
1.042951206435572E-4
1.0288741880381616E-4
1.0152576721049587E-4
1.00207935220786E-4
9.893183248825916E-5
The correct rate for BP: 100.00% 
