2.447928113208386
0.09462721175564358
0.017918072845220522
0.0038363332576446707
0.0031048613981939375
0.002625166128041589
0.002276040502892291
0.002009511012158669
0.0017989938070469926
0.0016283545748819383
0.0014871710589644074
0.0013683877805700257
0.0012670485482895026
0.0011795653496982062
0.001103274552841809
0.0010361561038628809
9.76649606212523E-4
9.235302634957691E-4
8.758230528643364E-4
8.327420184942856E-4
7.93646486371997E-4
7.58008930573013E-4
7.253910207485054E-4
6.954255156954357E-4
6.678024009899809E-4
6.422581522123711E-4
6.18567330379644E-4
5.965359385810936E-4
5.759961233584916E-4
5.568019133517689E-4
5.388257656114196E-4
5.219557463285748E-4
5.060932139749637E-4
4.91150903352325E-4
4.7705133184351245E-4
4.63725466345738E-4
4.511116024412921E-4
4.391544173889413E-4
4.2780416626968546E-4
4.170159966540804E-4
4.067493618881864E-4
3.9696751682646907E-4
3.8763708280244483E-4
3.7872767099275575E-4
3.70211555229766E-4
3.620633868501746E-4
3.542599454109748E-4
3.4677992011734947E-4
3.3960371763709624E-4
3.3271329265876354E-4
3.2609199811433064E-4
3.197244524547121E-4
3.1359642175539143E-4
3.0769471475459737E-4
3.0200708919891016E-4
2.965221681004596E-4
2.9122936470338153E-4
2.8611881512107434E-4
2.8118131774487206E-4
2.764082786433069E-4
2.7179166227238023E-4
2.6732394690388286E-4
2.6299808425334575E-4
2.588074628532392E-4
2.547458747724011E-4
2.508074853304592E-4
2.4698680549760295E-4
2.4327866670604954E-4
2.3967819783094575E-4
2.361808041259235E-4
2.3278214792244367E-4
2.2947813092301755E-4
2.2626487793697846E-4
2.231387219235187E-4
2.2009619022111723E-4
2.1713399185501907E-4
2.1424900582569362E-4
2.1143827029085376E-4
2.0869897256267802E-4
2.0602843984938735E-4
2.034241306774156E-4
2.0088362693655815E-4
1.9840462649592464E-4
1.9598493634354666E-4
1.936224662068224E-4
1.913152226149477E-4
1.8906130336806827E-4
1.8685889238098178E-4
1.8470625487221348E-4
1.826017328717057E-4
1.805437410228747E-4
1.7853076265672506E-4
1.765613461176987E-4
1.7463410132265763E-4
1.7274769653589667E-4
1.7090085534458485E-4
1.6909235382019656E-4
1.6732101785279984E-4
1.6558572064601668E-4
1.6388538036146052E-4
1.6221895790240458E-4
1.605854548271265E-4
1.5898391138319885E-4
1.574134046546393E-4
1.55873046814394E-4
1.5436198347528493E-4
1.5287939213299765E-4
1.5142448069515498E-4
1.499964860910041E-4
1.4859467295660954E-4
1.472183323908068E-4
1.4586678077750195E-4
1.4453935867026358E-4
1.4323542973537605E-4
1.4195437974981112E-4
1.406956156508338E-4
1.3945856463414195E-4
1.3824267329771688E-4
1.3704740682865974E-4
1.358722482305513E-4
1.3471669758897349E-4
1.3358027137305272E-4
1.3246250177093667E-4
1.3136293605732596E-4
1.3028113599126544E-4
1.292166772425295E-4
1.281691488449917E-4
1.2713815267559396E-4
1.2612330295741503E-4
1.2512422578565615E-4
1.2414055867525332E-4
1.231719501289914E-4
1.2221805922506512E-4
1.2127855522304988E-4
1.2035311718732501E-4
1.1944143362710351E-4
1.1854320215214833E-4
1.1765812914344711E-4
1.1678592943805984E-4
1.1592632602744479E-4
1.1507904976859249E-4
1.1424383910733025E-4
1.1342043981322801E-4
1.1260860472550729E-4
1.1180809350946551E-4
1.1101867242286359E-4
1.1024011409185386E-4
1.0947219729596796E-4
1.0871470676173295E-4
1.0796743296455901E-4
1.0723017193844844E-4
1.06502725093239E-4
1.0578489903897037E-4
1.0507650541710787E-4
1.0437736073828482E-4
1.0368728622625639E-4
1.0300610766783723E-4
1.0233365526851497E-4
1.0166976351349561E-4
1.010142710339778E-4
1.0036702047838708E-4
9.972785838836843E-5
The correct rate for BP: 100.00% 
