2.542206495686904
0.5671822940086492
0.6965139663599756
0.018247387760851344
0.0027671637351539243
0.002349651345789372
0.0020766053141532603
0.001875160684697208
0.0017162968003979816
0.001585709852551603
0.0014754130973850454
0.0013804816319619747
0.0012976336787070262
0.0012245494811570167
0.0011595151215077926
0.0011012214977395834
0.0010486430400625001
0.001000960254060295
9.575078557399688E-4
9.177386700115215E-4
8.811976961305607E-4
8.475029914183633E-4
8.163312795752371E-4
7.874069234989068E-4
7.604933494950953E-4
7.353862923544981E-4
7.119084153279334E-4
6.899049830289506E-4
6.692403506780273E-4
6.497950931654955E-4
6.314636404527796E-4
6.141523171802527E-4
5.977777075101848E-4
5.822652835604891E-4
5.675482488965304E-4
5.535665585694235E-4
5.402660849207802E-4
5.275979043882041E-4
5.155176852608649E-4
5.039851600577743E-4
4.92963669160542E-4
4.824197646991692E-4
4.7232286559342117E-4
4.6264495619223136E-4
4.533603222055557E-4
4.4444531864605227E-4
4.3587816533741076E-4
4.2763876623829996E-4
4.1970854940375424E-4
4.120703248820743E-4
4.047081582426374E-4
3.976072577625708E-4
3.9075387357999874E-4
3.8413520735700946E-4
3.777393311951585E-4
3.715551147152411E-4
3.6557215935718835E-4
3.5978073907871693E-4
3.5417174673657147E-4
3.487366455244216E-4
3.4346742491909044E-4
3.383565606537898E-4
3.333969782949437E-4
3.2858202004921924E-4
3.239054144712136E-4
3.1936124877992005E-4
3.149439435253411E-4
3.1064822937551366E-4
3.0646912581948804E-4
3.024019216041418E-4
2.9844215674210004E-4
2.9458560594546556E-4
2.9082826335501225E-4
2.8716632844812015E-4
2.8359619302053814E-4
2.801144291475606E-4
2.767177780397081E-4
2.7340313971615127E-4
2.701675634267414E-4
2.670082387599232E-4
2.6392248737992807E-4
2.609077553418285E-4
2.579616059377242E-4
2.5508171303180465E-4
2.522658548456016E-4
2.4951190815835825E-4
2.4681784289049403E-4
2.441817170409096E-4
2.4160167195144813E-4
2.3907592787408111E-4
2.3660277981842672E-4
2.3418059365916494E-4
2.3180780248450316E-4
2.2948290316845404E-4
2.2720445315108247E-4
2.249710674120667E-4
2.2278141562426934E-4
2.2063421947481873E-4
2.1852825014235887E-4
2.1646232591993834E-4
2.1443530997379936E-4
2.1244610822906948E-4
2.1049366737406236E-4
2.0857697297548968E-4
2.066950476974201E-4
2.0484694961741837E-4
2.030317706336989E-4
2.0124863495760465E-4
1.9949669768612883E-4
1.9777514344956274E-4
1.9608318512966808E-4
1.9442006264413982E-4
1.9278504179338224E-4
1.9117741316590587E-4
1.8959649109886195E-4
1.8804161269056637E-4
1.8651213686189547E-4
1.8500744346389186E-4
1.8352693242879324E-4
1.820700229621617E-4
1.8063615277372696E-4
1.792247773448446E-4
1.7783536923052598E-4
1.7646741739413038E-4
1.7512042657300602E-4
1.7379391667334427E-4
1.724874221927304E-4
1.7120049166892838E-4
1.6993268715347033E-4
1.6868358370880304E-4
1.6745276892775508E-4
1.662398424741681E-4
1.6504441564362118E-4
1.638661109432193E-4
1.627045616895011E-4
1.6155941162355984E-4
1.604303145424846E-4
1.5931693394638117E-4
1.5821894270016563E-4
1.5713602270942575E-4
1.5606786460966305E-4
1.550141674683014E-4
1.5397463849882033E-4
1.5294899278646016E-4
1.5193695302494794E-4
1.5093824926374754E-4
1.4995261866531214E-4
1.489798052719154E-4
1.4801955978159789E-4
1.4707163933283112E-4
1.4613580729749587E-4
1.4521183308180343E-4
1.442994919348134E-4
1.4339856476420273E-4
1.4250883795898027E-4
1.4163010321880886E-4
1.4076215738970544E-4
1.399048023057962E-4
1.3905784463687113E-4
1.382210957415355E-4
1.3739437152564623E-4
1.3657749230588703E-4
1.357702826782136E-4
1.349725713909947E-4
1.3418419122263964E-4
1.3340497886353068E-4
1.3263477480210083E-4
1.3187342321486193E-4
1.311207718602461E-4
1.303766719760771E-4
1.2964097818058594E-4
1.2891354837675186E-4
1.281942436599034E-4
1.2748292822840906E-4
1.2677946929736612E-4
1.2608373701514616E-4
1.25395604382715E-4
1.2471494717557804E-4
1.240416438683133E-4
1.2337557556152672E-4
1.2271662591118376E-4
1.22064681060208E-4
1.2141962957228532E-4
1.2078136236774724E-4
1.2014977266149493E-4
1.1952475590289069E-4
1.1890620971751292E-4
1.1829403385073403E-4
1.1768813011304556E-4
1.1708840232707564E-4
1.1649475627621295E-4
1.1590709965481767E-4
1.1532534201994368E-4
1.1474939474449823E-4
1.1417917097183218E-4
1.1361458557167994E-4
1.1305555509740391E-4
1.1250199774451461E-4
1.1195383331040854E-4
1.1141098315528823E-4
1.1087337016420817E-4
1.1034091871024895E-4
1.0981355461874114E-4
1.092912051325049E-4
1.0877379887810234E-4
1.0826126583305525E-4
1.0775353729396313E-4
1.0725054584555439E-4
1.0675222533058234E-4
1.0625851082057454E-4
1.0576933858738607E-4
1.052846460755561E-4
1.0480437187540832E-4
1.0432845569689699E-4
1.0385683834417082E-4
1.0338946169081748E-4
1.0292626865578983E-4
1.024672031799744E-4
1.0201221020338604E-4
1.0156123564297376E-4
1.0111422637101763E-4
1.0067113019409568E-4
1.0023189583260503E-4
9.979647290081347E-5
The correct rate for BP: 100.00% 
