1.3628133924337333
1.5581918754224005
0.26853014638234973
0.02280291180682077
0.016872472993683895
0.013203287503237206
0.01087283906484259
0.009236863992833163
0.00802125772071529
0.007081822823385046
0.006334092667333069
0.0057250057768318706
0.005219466657451755
0.004793307805783803
0.004429333972682357
0.004114973814130773
0.0038408227529251474
0.003599704976428176
0.003386050493651825
0.0031954701690328686
0.0030244589479097197
0.0028701842883389794
0.002730332549704094
0.0026029956202494402
0.002486586000251254
0.0023797723441202033
0.00228142993447188
0.0021906022043539455
0.0021064705369193406
0.00202833033838035
0.001955571915988595
0.0018876650726907202
0.0018241466028979063
0.0017646100720221751
0.0017086974080580363
0.0016560919415855395
0.0016065126115840963
0.0015597091157121092
0.00151545783043119
0.0014735583622724807
0.0014338306193610586
0.001396112314013655
0.0013602568242632048
0.0013261313556280523
0.0012936153551469296
0.0012625991382585974
0.0012329826959840493
0.0012046746554275469
0.001177591371126249
0.0011516561284604704
0.0011267984433537461
0.001102953444976017
0.0010800613302147694
0.0010580668803825452
0.0010369190320468112
0.0010165704950536002
9.969774118106535E-4
9.780990527322028E-4
9.598975434541338E-4
9.423376200263751E-4
9.253864087976435E-4
9.090132281404066E-4
8.931894095341079E-4
8.778881358411119E-4
8.630842948821421E-4
8.48754346652198E-4
8.348762027200733E-4
8.214291165294637E-4
8.083935834713623E-4
7.957512497293377E-4
7.834848290137242E-4
7.71578026401335E-4
7.600154685844561E-4
7.487826399100864E-4
7.378658236571826E-4
7.272520480594886E-4
7.169290366331551E-4
7.068851624149089E-4
6.971094057568418E-4
6.875913153602274E-4
6.78320972262542E-4
6.692889565204598E-4
6.604863163566604E-4
6.519045395610295E-4
6.435355269566716E-4
6.353715677593178E-4
6.274053166747207E-4
6.196297725928838E-4
6.120382587510736E-4
6.046244042490782E-4
5.973821268105602E-4
5.9030561669386E-4
5.833893216639301E-4
5.766279329449085E-4
5.700163720795124E-4
5.635497786280173E-4
5.572234986447931E-4
5.5103307387598E-4
5.449742316262175E-4
5.390428752466853E-4
5.332350752005562E-4
5.275470606655087E-4
5.219752116360088E-4
5.165160514911735E-4
5.111662399964854E-4
5.059225667102369E-4
5.007819447676429E-4
4.957414050177409E-4
4.907980904899568E-4
4.85949251168949E-4
4.811922390579539E-4
4.765245035122323E-4
4.7194358682556015E-4
4.6744712005398944E-4
4.630328190620653E-4
4.5869848077793814E-4
4.5444197964454044E-4
4.502612642550529E-4
4.4615435416154984E-4
4.421193368465859E-4
4.381543648481046E-4
4.342576530287203E-4
4.304274759809486E-4
4.2666216556064767E-4
4.2296010854133353E-4
4.1931974438247154E-4
4.1573956310544225E-4
4.1221810327109974E-4
4.087539500533588E-4
4.053457334035584E-4
4.019921263005661E-4
3.986918430821533E-4
3.9544363785311585E-4
3.922463029661855E-4
3.8909866757181797E-4
3.859995962332801E-4
3.8294798760364157E-4
3.799427731614434E-4
3.769829160020619E-4
3.7406740968192733E-4
3.711952771129393E-4
3.6836556950451934E-4
3.655773653509643E-4
3.628297694618585E-4
3.6012191203340163E-4
3.5745294775869235E-4
3.5482205497502505E-4
3.5222843484649524E-4
3.496713105801422E-4
3.4714992667411005E-4
3.4466354819626295E-4
3.4221146009183494E-4
3.3979296651880943E-4
3.3740739020968516E-4
3.3505407185844063E-4
3.327323695315578E-4
3.3044165810199906E-4
3.281813287051061E-4
3.2595078821542856E-4
3.2374945874358573E-4
3.215767771522197E-4
3.194321945902544E-4
3.1731517604463284E-4
3.152251999087605E-4
3.1316175756698273E-4
3.111243529943447E-4
3.091125023710426E-4
3.071257337108888E-4
3.0516358650324333E-4
3.0322561136783674E-4
3.013113697219107E-4
2.994204334592507E-4
2.9755238464050475E-4
2.9570681519443514E-4
2.938833266295964E-4
2.920815297560415E-4
2.903010444166308E-4
2.8854149922758935E-4
2.8680253132792145E-4
2.8508378613733665E-4
2.833849171223746E-4
2.8170558557036605E-4
2.800454603709601E-4
2.7840421780490833E-4
2.767815413398474E-4
2.751771214327682E-4
2.7359065533897453E-4
2.7202184692723023E-4
2.704704065009033E-4
2.689360506248741E-4
2.6741850195795204E-4
2.6591748909067736E-4
2.6443274638821365E-4
2.629640138382299E-4
2.615110369035324E-4
2.600735663793049E-4
2.586513582547583E-4
2.572441735790958E-4
2.558517783315432E-4
2.544739432953928E-4
2.531104439358682E-4
2.5176106028166446E-4
2.5042557681008703E-4
2.491037823356357E-4
2.477954699018535E-4
2.4650043667646585E-4
2.452184838495562E-4
2.4394941653476908E-4
2.4269304367338282E-4
2.4144917794118102E-4
2.4021763565802937E-4
2.3899823670004924E-4
2.3779080441431696E-4
2.3659516553599578E-4
2.3541115010783847E-4
2.3423859140193963E-4
2.330773258437284E-4
2.3192719293805262E-4
2.3078803519736076E-4
2.2965969807185434E-4
2.2854202988159813E-4
2.2743488175046544E-4
2.2633810754192445E-4
2.2525156379656173E-4
2.2417510967129986E-4
2.231086068802731E-4
2.2205191963728242E-4
2.210049145997926E-4
2.199674608144329E-4
2.1893942966394814E-4
2.179206948155274E-4
2.1691113217052547E-4
2.1591061981550525E-4
2.1491903797450139E-4
2.1393626896260769E-4
2.1296219714070385E-4
2.119967088713893E-4
2.110396924760144E-4
2.1009103819283136E-4
2.0915063813621156E-4
2.0821838625688065E-4
2.0729417830318766E-4
2.0637791178330093E-4
2.0546948592840923E-4
2.0456880165678295E-4
2.0367576153877118E-4
2.0279026976264639E-4
2.0191223210128345E-4
2.0104155587968335E-4
2.001781499432414E-4
1.9932192462686238E-4
1.9847279172474148E-4
1.976306644609335E-4
1.9679545746061324E-4
1.959670867220167E-4
1.9514546958905024E-4
1.9433052472457314E-4
1.9352217208428945E-4
1.9272033289126478E-4
1.9192492961103892E-4
1.9113588592732948E-4
1.903531267182844E-4
1.8957657803331167E-4
1.8880616707041658E-4
1.8804182215408948E-4
1.8728347271367498E-4
1.8653104926225013E-4
1.857844833759968E-4
1.8504370767400457E-4
1.84308655798575E-4
1.8357926239593607E-4
1.8285546309740233E-4
1.8213719450097223E-4
1.8142439415329522E-4
1.807170005320842E-4
1.8001495302889141E-4
1.793181919322651E-4
1.7862665841128636E-4
1.779402944994596E-4
1.7725904307895515E-4
1.7658284786519743E-4
1.7591165339178315E-4
1.7524540499571763E-4
1.745840488029987E-4
1.739275317144632E-4
1.732758013919773E-4
1.7262880624490157E-4
1.7198649541684167E-4
1.7134881877268023E-4
1.707157268858878E-4
1.7008717102610585E-4
1.6946310314696784E-4
1.6884347587418517E-4
1.6822824249389142E-4
1.6761735694121815E-4
1.670107737890941E-4
1.6640844823730458E-4
1.658103361017438E-4
1.6521639380391028E-4
1.646265783605993E-4
1.6404084737381403E-4
1.634591590208784E-4
1.6288147204475553E-4
1.6230774574453765E-4
1.6173793996616072E-4
1.6117201509327917E-4
1.6060993203831725E-4
1.6005165223373588E-4
1.5949713762343037E-4
1.5894635065430142E-4
1.5839925426803313E-4
1.5785581189297558E-4
1.5731598743622512E-4
1.5677974527584908E-4
1.5624705025324334E-4
1.557178676656683E-4
1.5519216325890419E-4
1.546699032200553E-4
1.541510541704983E-4
1.5363558315894968E-4
1.5312345765468768E-4
1.526146455408742E-4
1.521091151080349E-4
1.5160683504762603E-4
1.511077744457612E-4
1.5061190277702435E-4
1.5011918989841185E-4
1.496296060433913E-4
1.491431218160493E-4
1.4865970818538627E-4
1.4817933647967203E-4
1.4770197838093283E-4
1.4722760591954177E-4
1.467561914688854E-4
1.462877077401497E-4
1.458221277771918E-4
1.453594249514976E-4
1.4489957295725205E-4
1.4444254580646773E-4
1.4398831782423067E-4
1.4353686364400903E-4
1.4308815820306088E-4
1.4264217673791056E-4
1.4219889477991722E-4
1.4175828815091504E-4
1.4132033295893205E-4
1.4088500559397978E-4
1.4045228272392587E-4
1.4002214129043102E-4
1.39594558504961E-4
1.391695118448696E-4
1.3874697904954085E-4
1.3832693811660776E-4
1.3790936729823002E-4
1.3749424509743502E-4
1.3708155026453202E-4
1.366712617935796E-4
1.3626335891889782E-4
1.3585782111168247E-4
1.3545462807662163E-4
1.3505375974861826E-4
1.3465519628954467E-4
1.3425891808503966E-4
1.338649057413884E-4
1.3347314008243881E-4
1.330836021465638E-4
1.3269627318368495E-4
1.3231113465234383E-4
1.319281682168115E-4
1.3154735574426952E-4
1.311686793019933E-4
1.3079212115464395E-4
1.3041766376154098E-4
1.3004528977402844E-4
1.2967498203285256E-4
1.293067235655945E-4
1.289404975841526E-4
1.2857628748224977E-4
1.2821407683298608E-4
1.2785384938643254E-4
1.2749558906727186E-4
1.2713927997245135E-4
1.26784906368909E-4
1.2643245269130022E-4
1.2608190353979138E-4
1.2573324367785992E-4
1.253864580301513E-4
1.2504153168036325E-4
1.2469844986915792E-4
1.2435719799210564E-4
1.2401776159767525E-4
1.2368012638523809E-4
1.233442782031141E-4
1.2301020304664352E-4
1.2267788705628795E-4
1.2234731651576962E-4
1.2201847785022273E-4
1.2169135762438458E-4
1.2136594254081589E-4
1.210422194381451E-4
1.2072017528932854E-4
1.2039979719996415E-4
1.2008107240659483E-4
1.1976398827507522E-4
1.1944853229892243E-4
1.1913469209774062E-4
1.1882245541561724E-4
1.185118101195797E-4
1.1820274419806582E-4
1.1789524575940409E-4
1.1758930303033404E-4
1.1728490435454448E-4
1.1698203819122514E-4
1.1668069311363989E-4
1.163808578077408E-4
1.1608252107077185E-4
1.1578567180991616E-4
1.1549029904095993E-4
1.1519639188695942E-4
1.1490393957694814E-4
1.1461293144465739E-4
1.1432335692723765E-4
1.1403520556402719E-4
1.1374846699531893E-4
1.1346313096114546E-4
1.131791873000899E-4
1.1289662594811018E-4
1.1261543693738108E-4
1.1233561039514448E-4
1.1205713654258858E-4
1.1178000569373814E-4
1.1150420825435618E-4
1.1122973472086073E-4
1.1095657567926954E-4
1.1068472180414866E-4
1.1041416385756291E-4
1.1014489268807864E-4
1.0987689922974385E-4
1.0961017450109337E-4
1.0934470960417878E-4
1.0908049572359685E-4
1.0881752412555287E-4
1.0855578615688709E-4
1.0829527324419553E-4
1.0803597689287758E-4
1.0777788868626406E-4
1.0752100028470407E-4
1.0726530342471206E-4
1.0701078991808521E-4
1.0675745165106485E-4
1.0650528058348396E-4
1.0625426874794648E-4
1.0600440824900404E-4
1.0575569126235284E-4
1.0550811003402755E-4
1.0526165687962682E-4
1.0501632418353124E-4
1.0477210439814165E-4
1.0452899004312162E-4
1.0428697370464619E-4
1.040460480346855E-4
1.0380620575025944E-4
1.035674396327303E-4
1.0332974252710199E-4
1.0309310734130538E-4
1.0285752704553404E-4
1.0262299467154285E-4
1.0238950331199713E-4
1.0215704611979192E-4
1.0192561630741147E-4
1.0169520714629105E-4
1.0146581196615583E-4
1.0123742415442203E-4
1.0101003715555452E-4
1.0078364447047301E-4
1.0055823965593231E-4
1.0033381632393667E-4
1.0011036814114447E-4
9.988788882828972E-5
The correct rate for BP: 100.00% 
