2.205840598514517
1.939569858321675
2.1346523815007545
0.4200725563220892
0.0018076797903853496
0.001463610266131812
0.0012675359589319883
0.0011366437189751803
0.0010406449727395004
9.656189837486113E-4
9.04306923774215E-4
8.525638058857736E-4
8.078505055763354E-4
7.685201948962839E-4
7.334523206812319E-4
7.018525318311413E-4
6.731374727375339E-4
6.468654606883858E-4
6.226931503329167E-4
6.00347512751916E-4
5.796071584342958E-4
5.602895400356022E-4
5.42241959682851E-4
5.253351015534446E-4
5.09458280440417E-4
4.945158820541829E-4
4.804246479342748E-4
4.671115703888162E-4
4.5451223587895744E-4
4.425695035335103E-4
4.3123243797379453E-4
4.204554378797284E-4
4.1019751721056865E-4
4.0042170693230456E-4
3.9109455294380325E-4
3.821856915912919E-4
3.736674883552123E-4
3.65514728419919E-4
3.577043501945032E-4
3.50215214651151E-4
3.430279047329258E-4
3.361245501613673E-4
3.2948867382119135E-4
3.2310505657096836E-4
3.1695961786461636E-4
3.1103931000075395E-4
3.0533202416688346E-4
2.998265067315307E-4
2.9451228447225763E-4
2.8937959762179307E-4
2.8441933977576574E-4
2.796230038405771E-4
2.749826333129009E-4
2.704907782779751E-4
2.661404555946067E-4
2.61925112803512E-4
2.578385953544938E-4
2.538751167980218E-4
2.500292316301354E-4
2.4629581051682976E-4
2.4267001765627583E-4
2.3914729006523848E-4
2.357233186003081E-4
2.323940305458382E-4
2.2915557361895565E-4
2.2600430125827597E-4
2.2293675907719527E-4
2.1994967237524185E-4
2.1703993461193207E-4
2.14204596757482E-4
2.114408574432752E-4
2.087460538427092E-4
2.0611765321992652E-4
2.0355324508985673E-4
2.0105053393859614E-4
1.9860733245782907E-4
1.9622155525139123E-4
1.9389121297596793E-4
1.916144068813033E-4
1.89389323718511E-4
1.872142309878204E-4
1.8508747249965113E-4
1.830074642251251E-4
1.8097269041428434E-4
1.7898169996203697E-4
1.7703310300358816E-4
1.7512556772262633E-4
1.7325781735692394E-4
1.714286273872433E-4
1.696368228965702E-4
1.678812760878183E-4
1.6616090394895374E-4
1.6447466605547107E-4
1.628215625008991E-4
1.6120063194665306E-4
1.5961094978338098E-4
1.5805162639636924E-4
1.5652180552822755E-4
1.5502066273255342E-4
1.53547403912737E-4
1.5210126394048817E-4
1.5068150534904584E-4
1.4928741709642812E-4
1.4791831339437483E-4
1.4657353259895167E-4
1.4525243615905065E-4
1.4395440761931394E-4
1.4267885167422155E-4
1.4142519327029897E-4
1.401928767536181E-4
1.3898136505995562E-4
1.3779013894513732E-4
1.3661869625325852E-4
1.3546655122064182E-4
1.3433323381348695E-4
1.3321828909734727E-4
1.3212127663666718E-4
1.3104176992270847E-4
1.299793558283113E-4
1.2893363408806522E-4
1.279042168024624E-4
1.2689072796483175E-4
1.2589280300976288E-4
1.2491008838194466E-4
1.2394224112433118E-4
1.229889284846335E-4
1.2204982753919578E-4
1.2112462483336307E-4
1.2021301603751739E-4
1.1931470561796418E-4
1.1842940652195998E-4
1.1755683987616561E-4
1.1669673469783963E-4
1.1584882761818875E-4
1.1501286261725743E-4
1.1418859076980101E-4
1.1337577000162448E-4
1.1257416485588873E-4
1.1178354626888689E-4
1.1100369135489662E-4
1.1023438319962073E-4
1.0947541066187573E-4
1.0872656818311436E-4
1.079876556044228E-4
1.0725847799067647E-4
1.0653884546150642E-4
1.0582857302878082E-4
1.051274804403139E-4
1.0443539202951637E-4
1.0375213657073749E-4
1.030775471400247E-4
1.0241146098112387E-4
1.0175371937640088E-4
1.0110416752256129E-4
1.004626544109224E-4
9.982903271202635E-5
The correct rate for BP: 100.00% 
