1.6248304689523738
1.2304188785486734
0.8478493221946606
0.4816324026101979
0.23680973548394413
0.12720724137444514
0.08334744759674002
0.06099639473522327
0.04760560546845918
0.0387650611958445
0.03253218057932989
0.027923295548501804
0.024389579471575506
0.021601943996444876
0.019351721315778198
0.017500550566302776
0.01595326599006127
0.014642378247164961
0.013518767196433572
0.012545876099373672
0.011695966184518899
0.010947629076332207
0.010284092094986375
0.009692037523646998
0.009160763401962946
0.008681576322279762
0.00824734497661257
0.007852167090181982
0.007491117637194646
0.007160056189607783
0.006855477869154616
0.006574396851954135
0.0063142544546046595
0.006072845979442265
0.005848262016499725
0.005638840988350084
0.005443130512989912
0.005259855737981421
0.005087893226950742
0.004926249299289998
0.004774041965007508
0.00463048577999959
0.004494879087529531
0.004366593220204653
0.004245063321125606
0.004129780508947343
0.00402028516364436
0.0039161611510332645
0.0038170308370002806
0.0037225507687478616
0.003632407921620825
0.0035463164272758353
0.003464014712955867
0.0033852629930708413
0.0033098410636762682
0.0032375463581822087
0.0031681922290299172
0.003101606425395037
0.003037629741412728
0.0029761148131320623
0.0029169250455241126
0.002859933653492806
0.0028050228030561527
0.0027520828407450004
0.002701011600864883
0.002651713781628224
0.00260410038232874
0.0025580881947274143
0.0025135993426769056
0.0024705608647495117
0.002428904335271251
0.0023885655197163997
0.0023494840608951975
0.0023116031927834296
0.0022748694792045134
0.002239232574891421
0.002204645006731631
0.0021710619732411263
0.002138441160525795
0.002106742573175844
0.002075928378703439
0.0020459627642795256
0.002016811804654004
0.0019884433402576644
0.0019608268645848795
0.0019339334200461056
0.0019077355015587906
0.0018822069672164601
0.001857322955439169
0.0018330598080653034
0.0018093949988950359
0.0017863070672416543
0.0017637755560874064
0.0017417809544770866
0.001720304643815729
0.0016993288477661099
0.0016788365854687453
0.0016588116278309782
0.0016392384566535727
0.0016201022263830325
0.001601388728295578
0.0015830843569349215
0.0015651760786406885
0.001547651402017624
0.0015304983502078637
0.0015137054348395478
0.0014972616315351189
0.0014811563568718376
0.0014653794466953586
0.0014499211356949085
0.0014347720381554514
0.0014199231298089592
0.001405365730712156
0.0013910914890842277
0.0013770923660422476
0.0013633606211770032
0.0013498887989158302
0.0013366697156230612
0.0013236964473920523
0.001310962318486061
0.0012984608903883086
0.0012861859514240695
0.0012741315069205
0.0012622917698720177
0.001250661152081226
0.001239234255747569
0.0012280058654775593
0.0012169709406921905
0.0012061246084088247
0.0011954621563762253
0.0011849790265427902
0.0011746708088393465
0.0011645332352590487
0.0011545621742179843
0.001144753625181094
0.0011351037135390847
0.001125608685722774
0.0011162649045421088
0.0011070688447380155
0.0010980170887358804
0.0010891063225899648
0.0010803333321090496
0.0010716949991538204
0.0010631882980972447
0.001054810292439667
0.0010465581315707848
0.001038429047671217
0.0010304203527466275
0.0010225294357879052
0.0010147537600512222
0.0010070908604520633
9.99538341067841E-4
9.920938727437016E-4
9.847551907967167E-4
9.77520092813801E-4
9.703864365387899E-4
9.633521378447225E-4
9.564151687871779E-4
9.495735557349999E-4
9.428253775748635E-4
9.361687639863162E-4
9.296018937840083E-4
9.231229933242384E-4
9.16730334972808E-4
9.104222356315115E-4
9.041970553206491E-4
8.98053195815136E-4
8.919890993318038E-4
8.860032472657826E-4
8.80094158973649E-4
8.742603906015879E-4
8.685005339564251E-4
8.628132154178944E-4
8.571970948901927E-4
8.516508647914383E-4
8.461732490792117E-4
8.407630023108355E-4
8.354189087369079E-4
8.30139781426738E-4
8.249244614243871E-4
8.197718169340549E-4
8.146807425336889E-4
8.096501584156031E-4
8.046790096531232E-4
7.997662654921296E-4
7.949109186666351E-4
7.901119847373432E-4
7.853685014523272E-4
7.806795281290849E-4
7.760441450569205E-4
7.71461452919106E-4
7.66930572233922E-4
7.624506428139084E-4
7.58020823242657E-4
7.53640290368442E-4
7.493082388141407E-4
7.450238805027068E-4
7.407864441977764E-4
7.365951750587477E-4
7.324493342098325E-4
7.283481983225736E-4
7.242910592113723E-4
7.202772234414714E-4
7.163060119490563E-4
7.123767596729865E-4
7.084888151977057E-4
7.046415404070182E-4
7.008343101483237E-4
6.970665119068865E-4
6.933375454898687E-4
6.896468227197738E-4
6.859937671369302E-4
6.823778137107355E-4
6.78798408559395E-4
6.752550086778072E-4
6.717470816733642E-4
6.682741055093829E-4
6.64835568255889E-4
6.614309678475984E-4
6.580598118487205E-4
6.54721617224461E-4
6.514159101190149E-4
6.481422256397287E-4
6.449001076473319E-4
6.416891085520322E-4
6.38508789115229E-4
6.353587182566949E-4
6.322384728670956E-4
6.291476376255946E-4
6.260858048224321E-4
6.230525741863263E-4
6.200475527165488E-4
6.17070354519442E-4
6.141206006493952E-4
6.111979189539997E-4
6.08301943923348E-4
6.054323165432613E-4
6.025886841524322E-4
5.997707003032604E-4
5.969780246263682E-4
5.942103226985673E-4
5.914672659143084E-4
5.8874853136037E-4
5.860538016938244E-4
5.833827650230539E-4
5.807351147918618E-4
5.781105496664598E-4
5.755087734253236E-4
5.729294948518228E-4
5.70372427629527E-4
5.678372902401204E-4
5.65323805863837E-4
5.628317022823869E-4
5.603607117842268E-4
5.579105710721924E-4
5.554810211733622E-4
5.530718073511143E-4
5.506826790193112E-4
5.483133896585822E-4
5.459636967345643E-4
5.436333616181515E-4
5.413221495076114E-4
5.39029829352565E-4
5.367561737797589E-4
5.345009590205989E-4
5.322639648403629E-4
5.300449744690958E-4
5.278437745340781E-4
5.256601549939041E-4
5.23493909074049E-4
5.213448332039302E-4
5.192127269554385E-4
5.17097392982816E-4
5.149986369639753E-4
5.129162675430868E-4
5.108500962745008E-4
5.087999375679263E-4
5.067656086348198E-4
5.047469294360073E-4
5.027437226304413E-4
5.007558135251261E-4
4.987830300260992E-4
4.968252025905562E-4
4.948821641799883E-4
4.929537502143508E-4
4.91039798527234E-4
4.891401493220047E-4
4.872546451289137E-4
4.853831307630872E-4
4.835254532834786E-4
4.816814619526428E-4
4.7985100819741735E-4
4.780339455704108E-4
4.762301297122947E-4
4.744394183149436E-4
4.726616710853033E-4
4.708967497100283E-4
4.6914451782086817E-4
4.6740484096077865E-4
4.6567758655071583E-4
4.6396262385712736E-4
4.6225982396013495E-4
4.605690597223234E-4
4.588902057582362E-4
4.572231384044066E-4
4.5556773569010143E-4
4.539238773085566E-4
4.522914445888692E-4
4.5067032046843317E-4
4.490603894658923E-4
4.4746153765469905E-4
4.458736526371595E-4
4.4429662351899214E-4
4.427303408844045E-4
4.411746967716788E-4
4.396295846491997E-4
4.3809489939196817E-4
4.3657053725860317E-4
4.350563958687419E-4
4.3355237418092173E-4
4.3205837247086494E-4
4.305742923102097E-4
4.2910003654560706E-4
4.276355092782644E-4
4.261806158438647E-4
4.247352627928455E-4
4.2329935787109964E-4
4.2187281000099407E-4
4.204555292627848E-4
4.190474268763583E-4
4.1764841518332534E-4
4.1625840762945365E-4
4.1487731874741715E-4
4.1350506413988025E-4
4.1214156046287737E-4
4.1078672540953166E-4
4.094404776940399E-4
4.0810273703596235E-4
4.067734241448131E-4
4.0545246070493014E-4
4.0413976936059067E-4
4.0283527370145683E-4
4.015388982482052E-4
4.002505684385017E-4
3.989702106131647E-4
3.976977520025974E-4
3.9643312071347846E-4
3.951762457156653E-4
3.9392705682934844E-4
3.9268548471242643E-4
3.9145146084810476E-4
3.902249175327125E-4
3.890057878637353E-4
3.8779400572806305E-4
3.865895057904353E-4
3.8539222348208903E-4
3.8420209498961024E-4
3.8301905724396615E-4
3.81843047909748E-4
3.806740053745859E-4
3.7951186873873554E-4
3.7835657780486336E-4
3.7720807306800306E-4
3.7606629570566095E-4
3.7493118756813654E-4
3.7380269116895053E-4
3.726807496754783E-4
3.715653068997024E-4
3.704563072891851E-4
3.6935369591811735E-4
3.6825741847855463E-4
3.671674212718037E-4
3.6608365119994495E-4
3.650060557574969E-4
3.639345830231963E-4
3.628691816519654E-4
3.618098008669538E-4
3.607563904517553E-4
3.597089007427249E-4
3.586672826214305E-4
3.57631487507232E-4
3.566014673499748E-4
3.5557717462280806E-4
3.545585623150956E-4
3.535455839254964E-4
3.525381934550831E-4
3.515363454006192E-4
3.505399947479464E-4
3.495490969654408E-4
3.48563607997615E-4
3.475834842587869E-4
3.46608682626877E-4
3.4563916043727026E-4
3.446748754768229E-4
3.4371578597791516E-4
3.427618506126154E-4
3.418130284869584E-4
3.408692791352625E-4
3.399305625145881E-4
3.3899683899923987E-4
3.3806806937539244E-4
3.3714421483576707E-4
3.362252369743858E-4
3.353110977814539E-4
3.3440175963826945E-4
3.3349718531222963E-4
3.325973379519263E-4
3.317021810822851E-4
3.3081167859980957E-4
3.2992579476788763E-4
3.2904449421214356E-4
3.281677419159074E-4
3.2729550321571304E-4
3.2642774379687545E-4
3.2556442968914627E-4
3.2470552726240984E-4
3.238510032224648E-4
3.2300082460685805E-4
3.221549587807927E-4
3.213133734330662E-4
3.204760365721032E-4
3.196429165220268E-4
3.188139819187967E-4
3.1798920170639054E-4
3.1716854513305724E-4
3.1635198174761846E-4
3.1553948139581285E-4
3.147310142167115E-4
3.139265506391729E-4
3.131260613783611E-4
3.123295174322842E-4
3.115368900784322E-4
3.107481508704137E-4
3.0996327163466107E-4
3.091822244671995E-4
3.084049817304289E-4
3.07631516049974E-4
3.068618003115722E-4
3.060958076580157E-4
3.053335114860949E-4
3.0457488544366116E-4
3.038199034266521E-4
3.030685395762097E-4
3.0232076827580416E-4
3.0157656414844455E-4
3.0083590205386525E-4
3.000987570858069E-4
2.993651045693097E-4
2.986349200580303E-4
2.9790817933164073E-4
2.971848583932094E-4
2.964649334666571E-4
2.957483809942335E-4
2.9503517763401565E-4
2.943253002574728E-4
2.93618725947027E-4
2.9291543199367427E-4
2.922153958946338E-4
2.915185953510042E-4
2.9082500826548734E-4
2.9013461274012063E-4
2.894473870740419E-4
2.887633097612854E-4
2.8808235948862626E-4
2.8740451513340604E-4
2.867297557614469E-4
2.860580606249409E-4
2.8538940916040807E-4
2.8472378098664544E-4
2.840611559027367E-4
2.834015138860662E-4
2.8274483509036847E-4
2.820910998437879E-4
2.8144028864698955E-4
2.8079238217128125E-4
2.8014736125674084E-4
2.7950520691041083E-4
2.78865900304478E-4
2.7822942277449516E-4
2.775957558176144E-4
2.769648810908556E-4
2.763367804093983E-4
2.757114357448702E-4
2.750888292236967E-4
2.744689431254366E-4
2.738517598811569E-4
2.7323726207182205E-4
2.72625432426717E-4
2.720162538218614E-4
2.7140970927848004E-4
2.7080578196145267E-4
2.702044551778327E-4
2.6960571237532953E-4
2.6900953714085015E-4
2.684159131990414E-4
2.6782482441086727E-4
2.672362547721708E-4
2.6665018841228366E-4
2.6606660959265166E-4
2.654855027054591E-4
2.649068522722729E-4
2.643306429427407E-4
2.637568594932317E-4
2.631854868255766E-4
2.6261650996576636E-4
2.620499140626788E-4
2.6148568438683317E-4
2.6092380632916043E-4
2.6036426539976945E-4
2.5980704722673584E-4
2.592521375549299E-4
2.586995222448154E-4
2.581491872713027E-4
2.5760111872257945E-4
2.570553027989935E-4
2.5651172581192777E-4
2.5597037418267254E-4
2.554312344413453E-4
2.548942932258103E-4
2.543595372806016E-4
2.53826953455856E-4
2.532965287062884E-4
2.5276825009014673E-4
2.522421047681948E-4
2.517180800026933E-4
2.5119616315642644E-4
2.5067634169169346E-4
2.501586031693464E-4
2.4964293524782765E-4
2.4912932568221715E-4
2.486177623232915E-4
2.4810823311660185E-4
2.4760072610154353E-4
2.4709522941046124E-4
2.4659173126774465E-4
2.4609021998894034E-4
2.455906839798839E-4
2.4509311173582295E-4
2.4459749184056577E-4
2.4410381296564388E-4
2.4361206386944918E-4
2.4312223339643387E-4
2.4263431047628634E-4
2.4214828412309896E-4
2.4166414343460325E-4
2.4118187759135897E-4
2.4070147585596996E-4
2.4022292757232446E-4
2.3974622216482171E-4
2.392713491376146E-4
2.387982980738743E-4
2.3832705863504065E-4
2.378576205600873E-4
2.373899736648205E-4
2.3692410784113756E-4
2.3646001305634222E-4
2.3599767935243617E-4
2.3553709684542512E-4
2.3507825572464808E-4
2.3462114625208625E-4
2.3416575876170236E-4
2.337120836587852E-4
2.3326011141928688E-4
2.3280983258917818E-4
2.3236123778381382E-4
2.3191431768729542E-4
2.3146906305184493E-4
2.3102546469719058E-4
2.3058351350994984E-4
2.301432004430283E-4
2.2970451651502526E-4
2.292674528096211E-4
2.288320004750139E-4
2.2839815072332712E-4
2.2796589483004126E-4
2.2753522413342998E-4
2.2710613003398082E-4
2.2667860399386224E-4
2.2625263753636387E-4
2.258282222453472E-4
2.2540534976472426E-4
2.2498401179790747E-4
2.2456420010729192E-4
2.2414590651373433E-4
2.2372912289603898E-4
2.233138411904444E-4
2.2290005339011625E-4
2.2248775154465753E-4
2.2207692775960713E-4
2.2166757419594607E-4
2.2125968306962798E-4
2.2085324665108944E-4
2.2044825726477284E-4
2.2004470728867755E-4
2.1964258915386687E-4
2.1924189534403498E-4
2.188426183950312E-4
2.1844475089443115E-4
2.1804828548107138E-4
2.176532148446226E-4
2.1725953172515132E-4
2.1686722891267924E-4
2.16476299246767E-4
2.1608673561609128E-4
2.1569853095800888E-4
2.1531167825817124E-4
2.1492617055009414E-4
2.1454200091474971E-4
2.1415916248017881E-4
2.1377764842108281E-4
2.1339745195843397E-4
2.1301856635908307E-4
2.1264098493538084E-4
2.122647010447842E-4
2.118897080894861E-4
2.1151599951604392E-4
2.1114356881499818E-4
2.1077240952051341E-4
2.1040251521002001E-4
2.1003387950384078E-4
2.096664960648388E-4
2.093003585980835E-4
2.0893546085047404E-4
2.085717966104023E-4
2.0820935970743053E-4
2.0784814401192053E-4
2.0748814343472376E-4
2.0712935192683646E-4
2.0677176347907528E-4
2.0641537212175075E-4
2.060601719243325E-4
2.0570615699516388E-4
2.0535332148110622E-4
2.0500165956724653E-4
2.046511654765855E-4
2.0430183346972547E-4
2.0395365784457449E-4
2.0360663293603052E-4
2.0326075311570974E-4
2.0291601279161234E-4
2.0257240640786674E-4
2.0222992844441865E-4
2.0188857341674657E-4
2.0154833587558696E-4
2.0120921040664446E-4
2.0087119163031465E-4
2.0053427420140587E-4
2.0019845280886967E-4
1.9986372217552922E-4
1.9953007705781115E-4
1.9919751224547227E-4
1.9886602256134747E-4
1.985356028610803E-4
1.982062480328702E-4
1.9787795299721107E-4
1.9755071270664615E-4
1.9722452214550519E-4
1.9689937632966434E-4
1.9657527030629885E-4
1.9625219915363304E-4
1.9593015798070597E-4
1.9560914192712152E-4
1.9528914616282766E-4
1.9497016588786154E-4
1.9465219633213473E-4
1.9433523275518694E-4
1.9401927044595903E-4
1.9370430472258435E-4
1.933903309321417E-4
1.9307734445044025E-4
1.9276534068180564E-4
1.9245431505885671E-4
1.9214426304228478E-4
1.918351801206449E-4
1.9152706181013783E-4
1.9121990365441246E-4
1.909137012243409E-4
1.90608450117819E-4
1.9030414595956271E-4
1.900007844009014E-4
1.896983611195806E-4
1.8939687181956027E-4
1.890963122308172E-4
1.887966781091463E-4
1.8849796523597582E-4
1.882001694181668E-4
1.879032864878186E-4
1.8760731230209636E-4
1.8731224274302346E-4
1.870180737173157E-4
1.867248011561797E-4
1.8643242101513835E-4
1.8614092927385573E-4
1.8585032193595418E-4
1.855605950288295E-4
1.852717446034829E-4
1.8498376673434363E-4
1.846966575191061E-4
1.844104130785381E-4
1.8412502955632534E-4
1.8384050311891236E-4
1.835568299553094E-4
1.8327400627694853E-4
1.8299202831751433E-4
1.8271089233277727E-4
1.824305946004359E-4
1.8215113141995955E-4
1.8187249911242643E-4
1.815946940203658E-4
1.8131771250760767E-4
1.8104155095912078E-4
1.8076620578087466E-4
1.8049167339966477E-4
1.8021795026298444E-4
1.7994503283886272E-4
1.7967291761572784E-4
1.794016011022455E-4
1.7913107982718378E-4
1.7886135033927638E-4
1.7859240920706072E-4
1.7832425301875706E-4
1.7805687838210767E-4
1.777902819242573E-4
1.7752446029160673E-4
1.772594101496712E-4
1.7699512818295388E-4
1.7673161109480265E-4
1.7646885560729068E-4
1.762068584610641E-4
1.7594561641523222E-4
1.756851262472232E-4
1.7542538475265904E-4
1.7516638874523103E-4
1.7490813505657097E-4
1.7465062053612315E-4
1.743938420510229E-4
1.7413779648597433E-4
1.7388248074312227E-4
1.7362789174194E-4
1.7337402641909804E-4
1.731208817283503E-4
1.728684546404199E-4
1.7261674214287033E-4
1.723657412400038E-4
1.7211544895273388E-4
1.718658623184708E-4
1.7161697839101616E-4
1.7136879424044566E-4
1.711213069530001E-4
1.7087451363096483E-4
1.7062841139257637E-4
1.703829973718984E-4
1.70138268718715E-4
1.69894222598436E-4
1.696508561919808E-4
1.6940816669567112E-4
1.6916615132112902E-4
1.6892480729517882E-4
1.6868413185973353E-4
1.6844412227170024E-4
1.6820477580287645E-4
1.679660897398508E-4
1.6772806138390408E-4
1.6749068805090261E-4
1.6725396707120894E-4
1.670178957895879E-4
1.6678247156509421E-4
1.6654769177099508E-4
1.663135537946599E-4
1.660800550374743E-4
1.658471929147519E-4
1.6561496485562646E-4
1.653833683029732E-4
1.6515240071330936E-4
1.6492205955670838E-4
1.6469234231671274E-4
1.644632464902341E-4
1.64234769587475E-4
1.6400690913184263E-4
1.6377966265984195E-4
1.6355302772102514E-4
1.633270018778684E-4
1.6310158270571319E-4
1.62876767792667E-4
1.6265255473953025E-4
1.6242894115970388E-4
1.6220592467911202E-4
1.6198350293612911E-4
1.617616735814728E-4
1.6154043427815624E-4
1.6131978270137926E-4
1.6109971653847013E-4
1.6088023348880023E-4
1.606613312636975E-4
1.604430075863823E-4
1.6022526019188334E-4
1.600080868269629E-4
1.597914852500424E-4
1.5957545323112547E-4
1.593599885517224E-4
1.591450890047802E-4
1.5893075239461357E-4
1.5871697653681174E-4
1.5850375925819432E-4
1.5829109839672132E-4
1.5807899180142313E-4
1.578674373323398E-4
1.5765643286043952E-4
1.5744597626755698E-4
1.572360654463243E-4
1.5702669830009944E-4
1.5681787274288896E-4
1.566095866993068E-4
1.5640183810448536E-4
1.5619462490400958E-4
1.5598794505386197E-4
1.5578179652035623E-4
1.555761772800602E-4
1.553710853197419E-4
1.5516651863630216E-4
1.5496247523672023E-4
1.5475895313797177E-4
1.5455595036698155E-4
1.5435346496056268E-4
1.541514949653408E-4
1.539500384377072E-4
1.5374909344375437E-4
1.5354865805920938E-4
1.5334873036938046E-4
1.5314930846909992E-4
1.5295039046265652E-4
1.5275197446374452E-4
1.525540585954045E-4
1.523566409899642E-4
1.521597197889808E-4
1.519632931431839E-4
1.5176735921242508E-4
1.515719161656092E-4
1.5137696218065906E-4
1.5118249544443751E-4
1.5098851415270713E-4
1.507950165100779E-4
1.5060200072993795E-4
1.5040946503441988E-4
1.5021740765432923E-4
1.5002582682910957E-4
1.4983472080677175E-4
1.496440878438575E-4
1.494539262053761E-4
1.492642341647657E-4
1.4907501000382804E-4
1.4888625201269067E-4
1.4869795848975094E-4
1.4851012774162286E-4
1.4832275808309214E-4
1.4813584783707057E-4
1.4794939533454443E-4
1.4776339891451796E-4
1.4757785692397815E-4
1.473927677178424E-4
1.4720812965890638E-4
1.4702394111780243E-4
1.468402004729513E-4
1.4665690611051886E-4
1.4647405642436435E-4
1.4629164981599946E-4
1.4610968469453976E-4
1.4592815947665928E-4
1.457470725865545E-4
1.455664224558893E-4
1.4538620752375172E-4
1.4520642623661975E-4
1.4502707704830455E-4
1.4484815841992084E-4
1.446696688198341E-4
1.4449160672362017E-4
1.4431397061403055E-4
1.4413675898093624E-4
1.4395997032130007E-4
1.437836031391252E-4
1.4360765594542053E-4
1.4343212725815977E-4
1.4325701560223322E-4
1.430823195094162E-4
1.4290803751833056E-4
1.4273416817439373E-4
1.4256071002978442E-4
1.4238766164341693E-4
1.422150215808777E-4
1.4204278841440805E-4
1.418709607228542E-4
1.4169953709163293E-4
1.4152851611269165E-4
1.4135789638447855E-4
1.411876765118932E-4
1.4101785510625965E-4
1.4084843078528196E-4
1.4067940217301315E-4
1.4051076789982383E-4
1.4034252660235022E-4
1.4017467692347131E-4
1.400072175122702E-4
1.3984014702400063E-4
1.3967346412004905E-4
1.3950716746789744E-4
1.3934125574109434E-4
1.3917572761922245E-4
1.3901058178785147E-4
1.3884581693851943E-4
1.386814317686908E-4
1.3851742498172272E-4
1.3835379528683977E-4
1.3819054139909345E-4
1.380276620393246E-4
1.3786515593414682E-4
1.3770302181589973E-4
1.3754125842262242E-4
1.37379864498025E-4
1.3721883879144736E-4
1.3705818005783723E-4
1.368978870577164E-4
1.3673795855714414E-4
1.365783933276952E-4
1.3641919014642387E-4
1.362603477958347E-4
1.3610186506384645E-4
1.3594374074377827E-4
1.3578597363430006E-4
1.3562856253941687E-4
1.354715062684343E-4
1.3531480363592865E-4
1.351584534617205E-4
1.3500245457084077E-4
1.348468057935103E-4
1.3469150596510547E-4
1.3453655392612886E-4
1.3438194852218944E-4
1.3422768860395557E-4
1.3407377302716134E-4
1.3392020065253624E-4
1.3376697034581515E-4
1.3361408097768633E-4
1.3346153142378099E-4
1.3330932056463427E-4
1.3315744728566677E-4
1.3300591047715095E-4
1.3285470903419392E-4
1.3270384185669944E-4
1.325533078493582E-4
1.3240310592160332E-4
1.3225323498759582E-4
1.3210369396620162E-4
1.3195448178095787E-4
1.3180559736005116E-4
1.3165703963629832E-4
1.3150880754710854E-4
1.3136090003447142E-4
1.31213316044929E-4
1.3106605452954412E-4
1.3091911444388906E-4
1.307724947480098E-4
1.3062619440640653E-4
1.3048021238801447E-4
1.3033454766617355E-4
1.3018919921860538E-4
1.3004416602739577E-4
1.2989944707896705E-4
1.2975504136405387E-4
1.2961094787768235E-4
1.2946716561915158E-4
1.2932369359200244E-4
1.2918053080400387E-4
1.290376762671221E-4
1.288951289975062E-4
1.2875288801545987E-4
1.2861095234542518E-4
1.2846932101595425E-4
1.28327993059698E-4
1.2818696751337085E-4
1.280462434177451E-4
1.2790581981761033E-4
1.2776569576177567E-4
1.2762587030302897E-4
1.2748634249812454E-4
1.2734711140776586E-4
1.2720817609657376E-4
1.2706953563308162E-4
1.2693118908969946E-4
1.2679313554270536E-4
1.266553740722215E-4
1.2651790376218744E-4
1.2638072370035593E-4
1.2624383297825699E-4
1.261072306911895E-4
1.2597091593819493E-4
1.2583488782204327E-4
1.2569914544921051E-4
1.2556368792985967E-4
1.254285143778221E-4
1.2529362391058553E-4
1.251590156492596E-4
1.2502468871857463E-4
1.2489064224685211E-4
1.247568753659879E-4
1.246233872114395E-4
1.2449017692220174E-4
1.243572436407908E-4
1.2422458651322886E-4
1.2409220468901865E-4
1.2396009732114095E-4
1.2382826356601833E-4
1.2369670258350382E-4
1.2356541353687915E-4
1.2343439559281367E-4
1.2330364792136316E-4
1.231731696959425E-4
1.2304296009331986E-4
1.2291301829358927E-4
1.2278334348016147E-4
1.226539348397446E-4
1.2252479156232173E-4
1.2239591284114458E-4
1.2226729787271338E-4
1.2213894585675773E-4
1.2201085599622214E-4
1.2188302749724958E-4
1.2175545956916811E-4
1.2162815142447412E-4
1.2150110227881086E-4
1.2137431135096044E-4
1.2124777786282482E-4
1.2112150103941328E-4
1.2099548010881886E-4
1.2086971430221056E-4
1.2074420285381904E-4
1.2061894500091663E-4
1.2049393998380404E-4
1.2036918704579331E-4
1.2024468543319867E-4
1.2012043439531953E-4
1.1999643318441947E-4
1.198726810557184E-4
1.1974917726738118E-4
1.1962592108049023E-4
1.195029117590476E-4
1.1938014856994112E-4
1.192576307829564E-4
1.1913535767073654E-4
1.190133285087817E-4
1.18891542575436E-4
1.1876999915186902E-4
1.1864869752205843E-4
1.1852763697279001E-4
1.1840681679362945E-4
1.182862362769193E-4
1.1816589471775457E-4
1.180457914139793E-4
1.1792592566617137E-4
1.1780629677762727E-4
1.1768690405434523E-4
1.1756774680502102E-4
1.1744882434102748E-4
1.1733013597640134E-4
1.172116810278428E-4
1.1709345881468186E-4
1.1697546865888738E-4
1.168577098850358E-4
1.1674018182030886E-4
1.1662288379448299E-4
1.165058151399092E-4
1.163889751915044E-4
1.1627236328674379E-4
1.1615597876563847E-4
1.1603982097073033E-4
1.1592388924708375E-4
1.1580818294226213E-4
1.1569270140632608E-4
1.1557744399181564E-4
1.1546241005374008E-4
1.1534759894957157E-4
1.1523301003922145E-4
1.1511864268504489E-4
1.1500449625181343E-4
1.148905701067084E-4
1.1477686361932171E-4
1.1466337616162615E-4
1.1455010710797552E-4
1.1443705583509015E-4
1.1432422172204101E-4
1.1421160415025338E-4
1.1409920250347951E-4
1.1398701616779038E-4
1.1387504453158244E-4
1.1376328698553477E-4
1.1365174292263178E-4
1.1354041173813081E-4
1.1342929282955375E-4
1.1331838559668861E-4
1.1320768944156664E-4
1.1309720376845619E-4
1.1298692798385659E-4
1.1287686149647478E-4
1.1276700371723236E-4
1.1265735405924116E-4
1.12547911937804E-4
1.1243867677039078E-4
1.1232964797664721E-4
1.1222082497836716E-4
1.1211220719948951E-4
1.120037940660944E-4
1.1189558500638234E-4
1.1178757945067268E-4
1.1167977683138897E-4
1.1157217658305262E-4
1.1146477814227291E-4
1.1135758094773278E-4
1.1125058444018653E-4
1.1114378806244386E-4
1.1103719125936371E-4
1.1093079347784865E-4
1.108245941668238E-4
1.1071859277724372E-4
1.1061278876206787E-4
1.1050718157625989E-4
1.1040177067677801E-4
1.1029655552256443E-4
1.1019153557453716E-4
1.1008671029557808E-4
1.0998207915052942E-4
1.0987764160617935E-4
1.0977339713125482E-4
1.0966934519641901E-4
1.0956548527425256E-4
1.0946181683924939E-4
1.0935833936781071E-4
1.0925505233823368E-4
1.0915195523070358E-4
1.0904904752727935E-4
1.0894632871189697E-4
1.0884379827035707E-4
1.0874145569030054E-4
1.0863930046123223E-4
1.0853733207448066E-4
1.0843555002320796E-4
1.0833395380239997E-4
1.0823254290885285E-4
1.081313168411654E-4
1.0803027509973669E-4
1.0792941718675171E-4
1.0782874260617895E-4
1.077282508637587E-4
1.076279414669949E-4
1.0752781392514541E-4
1.0742786774922613E-4
1.0732810245198757E-4
1.0722851754791565E-4
1.0712911255322345E-4
1.0702988698583922E-4
1.0693084036540698E-4
1.0683197221327361E-4
1.0673328205247302E-4
1.066347694077405E-4
1.0653643380548306E-4
1.0643827477378483E-4
1.0634029184239525E-4
1.0624248454272184E-4
1.0614485240782444E-4
1.0604739497240787E-4
1.0595011177281166E-4
1.0585300234701206E-4
1.0575606623459589E-4
1.056593029767768E-4
1.0556271211637134E-4
1.0546629319780083E-4
1.0537004576707797E-4
1.0527396937180694E-4
1.0517806356116721E-4
1.0508232788592134E-4
1.0498676189838537E-4
1.0489136515245138E-4
1.047961372035533E-4
1.0470107760867269E-4
1.0460618592633963E-4
1.0451146171660813E-4
1.0441690454106276E-4
1.0432251396281272E-4
1.0422828954647232E-4
1.0413423085816883E-4
1.0404033746552776E-4
1.0394660893767208E-4
1.0385304484520768E-4
1.0375964476022148E-4
1.0366640825628424E-4
1.0357333490842341E-4
1.0348042429313844E-4
1.0338767598837939E-4
1.0329508957354698E-4
1.0320266462948683E-4
1.0311040073848284E-4
1.0301829748424746E-4
1.0292635445192076E-4
1.0283457122806154E-4
1.0274294740064041E-4
1.0265148255903753E-4
1.0256017629403344E-4
1.0246902819780059E-4
1.023780378639059E-4
1.0228720488729907E-4
1.0219652886429843E-4
1.0210600939260738E-4
1.0201564607128912E-4
1.019254385007633E-4
1.0183538628281284E-4
1.0174548902055893E-4
1.0165574631847245E-4
1.0156615778236149E-4
1.0147672301936447E-4
1.0138744163794479E-4
1.0129831324788651E-4
1.0120933746029404E-4
1.011205138875717E-4
1.0103184214343836E-4
1.0094332184290309E-4
1.0085495260227189E-4
1.0076673403914069E-4
1.0067866577237937E-4
1.0059074742214419E-4
1.0050297860986062E-4
1.0041535895821619E-4
1.0032788809116264E-4
1.0024056563390648E-4
1.0015339121291071E-4
1.0006636445587284E-4
9.997948499174132E-5
The correct rate for BP: 100.00% 
