1.5267402308589153
1.0301329873573903
0.6764043145511316
0.3595663695350068
0.2085805421213402
0.13915881944214878
0.10169876756199324
0.07886562999433813
0.06373586036306388
0.05308921267356451
0.04525053808300634
0.03927239423473131
0.03458300380960246
0.030818968846944163
0.02773935909361365
0.025178725409855662
0.023020028920485488
0.021178346230554854
0.019590687663560914
0.018209426607186472
0.01699793821517426
0.015927631997428738
0.014975887978020443
0.014124592864875368
0.013359083343081474
0.012667371029288391
0.012039565743537824
0.011467440666196342
0.010944100498623637
0.010463725408754884
0.010021371426497266
0.009612813367803166
0.009234420138674052
0.00888305493454073
0.008555994755671238
0.008250865037646181
0.007965586204067414
0.007698329693516083
0.0074474815683666954
0.007211612231206761
0.006989451091967332
0.00677986527164984
0.006581841615659709
0.006394471435010429
0.006216937507172672
0.006048502957613926
0.005888501713706298
0.005736330278890078
0.005591440619956135
0.005453333996486051
0.005321555590732834
0.0051956898199770835
0.005075356232773355
0.004960205906383458
0.004849918275763236
0.004744198335267248
0.0046427741631926535
0.004545394726739419
0.0044518279311929546
0.004361858882357404
0.004275288335659661
0.004191931309049735
0.004111615839959679
0.004034181869245002
0.003959480237298782
0.0038873717794632168
0.003817726509518313
0.0037504228814487523
0.003685347120911138
0.0036223926188782745
0.0035614593808471896
0.0035024535257870133
0.003445286829687314
0.003389876309163755
0.0033361438410969366
0.0032840158147346287
0.0032334228130842337
0.003184299320771092
0.003136583455843747
0.003090216723277249
0.0030451437881621165
0.0030013122667771532
0.002958672533929296
0.002917177545107852
0.0028767826721469436
0.0028374455512188575
0.002799125942097027
0.0027617855977296593
0.0027253881432570503
0.002689898963687849
0.0026552850995225983
0.0026215151496788965
0.0025885591811317375
0.002556388644735337
0.0025249762967406732
0.002494296125566054
0.002464323283416622
0.0024350340223838764
0.00240640563468777
0.0023784163967526997
0.0023510455168347048
0.0023242730859403876
0.0022980800317998653
0.002272448075674983
0.002247359691802126
0.00222279806928449
0.0021987470762638967
0.0021751912262150935
0.0021521156462177907
0.0021295060470731307
0.002107348695140872
0.0020856303857834926
0.0020643384183114764
0.002043460572332236
0.002022985085411963
0.00200290063196666
0.0019831963033042493
0.0019638615887457296
0.0019448863577578423
0.001926260843035199
0.0019079756244733772
0.001890021613979201
0.001872390041067659
0.001855072439198579
0.0018380606328092502
0.0018213467250021449
0.0018049230858495564
0.001788782341279639
0.0017729173625103392
0.0017573212560002447
0.0017419873538871383
0.0017269092048869342
0.0017120805656274404
0.0016974953923930578
0.0016831478332578426
0.0016690322205859267
0.0016551430638794783
0.0016414750429556428
0.0016280230014350066
0.0016147819405251086
0.0016017470130837094
0.0015889135179471628
0.0015762768945102573
0.0015638327175447522
0.00155157669224432
0.0015395046494846396
0.0015276125412877197
0.0015158964364803758
0.0015043525165372516
0.001492977071599338
0.0014817664966594
0.0014707172879062072
0.0014598260392200992
0.001449089438812435
0.0014385042660022243
0.0014280673881234842
0.001417775757557116
0.0014076264088816492
0.0013976164561371538
0.001387743090197331
0.0013780035762447319
0.0013683952513444265
0.0013589155221117493
0.0013495618624698473
0.0013403318114930643
0.0013312229713323663
0.0013222330052191885
0.0013133596355443006
0.0013046006420083826
0.0012959538598413057
0.0012874171780870589
0.0012789885379516368
0.0012706659312111176
0.0012624473986774549
0.0012543310287195723
0.0012463149558373935
0.0012383973592867033
0.0012305764617526762
0.001222850528070078
0.0012152178639883784
0.0012076768149796584
0.001200225765087999
0.0011928631358182854
0.0011855873850631624
0.0011783970060664471
0.0011712905264216564
0.0011642665071042667
0.0011573235415363121
0.0011504602546821897
0.0011436753021743821
0.001136967369468015
0.0011303351710230294
0.0011237774495131368
0.0011172929750602916
0.001110880544493942
0.0011045389806340112
0.0010982671315967522
0.0010920638701226414
0.001085928092925555
0.0010798587200622997
0.0010738546943219458
0.0010679149806340992
0.0010620385654955202
0.0010562244564143591
0.0010504716813714695
0.0010447792882981072
0.0010391463445694946
0.0010335719365136531
0.00102805516893501
0.001022595164652246
0.0010171910640498685
0.0010118420246430838
0.00100654722065548
0.0010013058426090948
9.961170969264475E-4
9.90980205544124E-4
9.858944055375352E-4
9.808589487564634E-4
9.758731014710933E-4
9.709361440280287E-4
9.660473705162054E-4
9.612060884421001E-4
9.564116184142043E-4
9.516632938362009E-4
9.469604606087944E-4
9.423024768397231E-4
9.376887125618636E-4
9.331185494589915E-4
9.285913805991176E-4
9.241066101750539E-4
9.196636532520096E-4
9.152619355220303E-4
9.10900893065002E-4
9.065799721160851E-4
9.022986288393194E-4
8.980563291072449E-4
8.938525482863564E-4
8.896867710281801E-4
8.855584910658285E-4
8.81467211015887E-4
8.774124421853805E-4
8.733937043838183E-4
8.694105257400104E-4
8.654624425236071E-4
8.615489989712017E-4
8.576697471168303E-4
8.538242466268153E-4
8.500120646386896E-4
8.462327756042795E-4
8.424859611365801E-4
8.387712098605832E-4
8.350881172676846E-4
8.314362855737938E-4
8.278153235808338E-4
8.242248465417237E-4
8.206644760286177E-4
8.171338398043483E-4
8.136325716969717E-4
8.101603114773928E-4
8.067167047398671E-4
8.033014027854061E-4
7.999140625079314E-4
7.965543462831677E-4
7.932219218601429E-4
7.899164622552446E-4
7.866376456487661E-4
7.833851552838952E-4
7.801586793680064E-4
7.769579109762974E-4
7.737825479576317E-4
7.706322928425423E-4
7.675068527533506E-4
7.644059393163542E-4
7.613292685760095E-4
7.582765609110409E-4
7.552475409524719E-4
7.522419375035267E-4
7.492594834612262E-4
7.462999157398988E-4
7.433629751962383E-4
7.404484065561182E-4
7.375559583430115E-4
7.346853828079526E-4
7.318364358610968E-4
7.29008877004715E-4
7.262024692676725E-4
7.234169791413836E-4
7.206521765170485E-4
7.17907834624343E-4
7.151837299713616E-4
7.124796422858912E-4
7.097953544579138E-4
7.071306524833273E-4
7.044853254088688E-4
7.018591652782269E-4
6.992519670792366E-4
6.966635286922278E-4
6.940936508394273E-4
6.915421370354408E-4
6.890087935387146E-4
6.864934293040802E-4
6.839958559361749E-4
6.815158876439501E-4
6.790533411959575E-4
6.76608035876711E-4
6.74179793443784E-4
6.717684380859089E-4
6.693737963818207E-4
6.66995697260002E-4
6.646339719591929E-4
6.622884539897179E-4
6.599589790955603E-4
6.576453852172253E-4
6.553475124552841E-4
6.530652030347227E-4
6.507983012698941E-4
6.485466535302473E-4
6.463101082066448E-4
6.440885156784389E-4
6.418817282810823E-4
6.396896002744176E-4
6.375119878116125E-4
6.35348748908614E-4
6.331997434142636E-4
6.31064832980924E-4
6.289438810357371E-4
6.268367527523555E-4
6.247433150232422E-4
6.226634364325048E-4
6.205969872292499E-4
6.185438393013697E-4
6.165038661499201E-4
6.144769428639035E-4
6.12462946095532E-4
6.104617540360028E-4
6.084732463916302E-4
6.064973043605146E-4
6.04533810609563E-4
6.025826492519793E-4
6.006437058251458E-4
5.987168672689151E-4
5.968020219042886E-4
5.948990594125047E-4
5.930078708144414E-4
5.911283484504968E-4
5.892603859607282E-4
5.874038782653804E-4
5.855587215458187E-4
5.837248132257013E-4
5.819020519525674E-4
5.800903375797004E-4
5.782895711483602E-4
5.764996548702618E-4
5.747204921104316E-4
5.729519873703178E-4
5.711940462712075E-4
5.694465755379434E-4
5.677094829828998E-4
5.659826774902647E-4
5.642660690005718E-4
5.625595684954925E-4
5.60863087982934E-4
5.591765404823183E-4
5.574998400101854E-4
5.558329015660016E-4
5.541756411182008E-4
5.525279755905071E-4
5.508898228484319E-4
5.492611016860376E-4
5.476417318129119E-4
5.460316338413555E-4
5.44430729273789E-4
5.428389404903624E-4
5.412561907367921E-4
5.396824041123616E-4
5.38117505558151E-4
5.365614208454538E-4
5.350140765643739E-4
5.334754001126246E-4
5.319453196844903E-4
5.304237642599858E-4
5.289106635941957E-4
5.274059482067532E-4
5.259095493715376E-4
5.244213991064887E-4
5.229414301636306E-4
5.214695760192112E-4
5.20005770864049E-4
5.185499495939809E-4
5.171020478004932E-4
5.156620017615041E-4
5.142297484322795E-4
5.128052254364934E-4
5.113883710574315E-4
5.099791242293349E-4
5.085774245288821E-4
5.071832121667907E-4
5.057964279795703E-4
5.044170134213566E-4
5.030449105559751E-4
5.016800620489966E-4
5.003224111600052E-4
4.989719017349606E-4
4.9762847819866E-4
4.962920855473526E-4
4.949626693414277E-4
4.936401756982432E-4
4.923245512850352E-4
4.91015743311981E-4
4.897136995252949E-4
4.884183682005151E-4
4.871296981358199E-4
4.8584763864547003E-4
4.845721395533739E-4
4.8330315118669855E-4
4.820406243696161E-4
4.807845104171244E-4
4.795347611289809E-4
4.7829132878368966E-4
4.7705416613259605E-4
4.758232263940979E-4
4.7459846324787275E-4
4.733798308292769E-4
4.721672837237218E-4
4.709607769612591E-4
4.6976026601111006E-4
4.685657067763886E-4
4.673770555888221E-4
4.6619426920359444E-4
4.6501730479424407E-4
4.638461199476285E-4
4.6268067265898936E-4
4.615209213270497E-4
4.6036682474921606E-4
4.5921834211683004E-4
4.5807543301049005E-4
4.569380573954389E-4
4.558061756170234E-4
4.5467974839620627E-4
4.5355873682515044E-4
4.524431023628745E-4
4.513328068309302E-4
4.502278124091979E-4
4.491280816316946E-4
4.4803357738244873E-4
4.4694426289146197E-4
4.4586010173067105E-4
4.447810578100316E-4
4.437070953736114E-4
4.426381789957422E-4
4.4157427357723E-4
4.405153443416408E-4
4.3946135683157756E-4
4.38412276905087E-4
4.3736807073203497E-4
4.3632870479059284E-4
4.352941458637424E-4
4.342643610358428E-4
4.332393176891952E-4
4.3221898350075355E-4
4.312033264387709E-4
4.3019231475955683E-4
4.2918591700426273E-4
4.2818410199569853E-4
4.271868388352094E-4
4.2619409689957335E-4
4.252058458379655E-4
4.242220555689387E-4
4.232426962774585E-4
4.2226773841196226E-4
4.2129715268149316E-4
4.2033091005280775E-4
4.193689817475948E-4
4.18411339239673E-4
4.1745795425225164E-4
4.165087987552293E-4
4.155638449625126E-4
4.146230653293817E-4
4.1368643254989013E-4
4.127539195542723E-4
4.1182549950643274E-4
4.109011458014358E-4
4.099808320630106E-4
4.090645321411374E-4
4.0815222010961576E-4
4.072438702636923E-4
4.063394571177205E-4
4.0543895540282336E-4
4.0454234006461235E-4
4.0364958626092973E-4
4.027606693596049E-4
4.0187556493625343E-4
4.00994248772107E-4
4.0011669685185145E-4
3.992428853615031E-4
3.983727906863329E-4
3.975063894087613E-4
3.966436583063435E-4
3.957845743497334E-4
3.9492911470068637E-4
3.940772567101179E-4
3.932289779161014E-4
3.9238425604200744E-4
3.9154306899456364E-4
3.907053948619938E-4
3.8987121191217153E-4
3.89040498590772E-4
3.8821323351948797E-4
3.873893954942233E-4
3.8656896348334254E-4
3.8575191662591687E-4
3.849382342300196E-4
3.841278957710031E-4
3.8332088088983534E-4
3.8251716939143564E-4
3.817167412430223E-4
3.8091957657251615E-4
3.8012565566691533E-4
3.7933495897072645E-4
3.785474670843874E-4
3.777631607627456E-4
3.769820209135071E-4
3.7620402859573954E-4
3.754291650183801E-4
3.746574115387618E-4
3.7388874966115364E-4
3.7312316103533063E-4
3.723606274551381E-4
3.7160113085709257E-4
3.708446533190082E-4
3.700911770585827E-4
3.693406844320893E-4
3.6859315793300393E-4
3.6784858019067615E-4
3.6710693396905093E-4
3.663682021653289E-4
3.656323678087279E-4
3.648994140591868E-4
3.641693242061231E-4
3.634420816672089E-4
3.6271766998712245E-4
3.6199607283635723E-4
3.6127727401002817E-4
3.605612574266755E-4
3.598480071271128E-4
3.591375072732559E-4
3.5842974214699393E-4
3.577246961490477E-4
3.5702235379787134E-4
3.563226997285295E-4
3.5562571869161017E-4
3.54931395552151E-4
3.5423971528856824E-4
3.5355066299160357E-4
3.528642238632798E-4
3.5218038321586335E-4
3.514991264708411E-4
3.5082043915792965E-4
3.501443069140607E-4
3.494707154823876E-4
3.4879965071133725E-4
3.481310985536021E-4
3.474650450652286E-4
3.4680147640463865E-4
3.461403788317195E-4
3.4548173870687873E-4
3.448255424901501E-4
3.4417177674026547E-4
3.435204281137863E-4
3.4287148336420794E-4
3.4222492934106994E-4
3.4158075298911525E-4
3.409389413474174E-4
3.402994815485419E-4
3.396623608176905E-4
3.3902756647190946E-4
3.383950859192162E-4
3.3776490665784234E-4
3.3713701627538983E-4
3.365114024480606E-4
3.3588805293985026E-4
3.352669556018013E-4
3.346480983711958E-4
3.340314692708195E-4
3.33417056408203E-4
3.3280484797487583E-4
3.3219483224563434E-4
3.315869975777858E-4
3.309813324104729E-4
3.3037782526391376E-4
3.2977646473872135E-4
3.291772395151979E-4
3.285801383526365E-4
3.2798515008864327E-4
3.2739226363845316E-4
3.268014679942615E-4
3.2621275222457005E-4
3.256261054735088E-4
3.2504151696019414E-4
3.24458975978096E-4
3.2387847189439074E-4
3.2329999414932166E-4
3.227235322555933E-4
3.221490757977413E-4
3.215766144315195E-4
3.2100613788331467E-4
3.204376359495019E-4
3.1987109849591303E-4
3.193065154571974E-4
3.1874387683626215E-4
3.181831727037006E-4
3.176243931972134E-4
3.1706752852105015E-4
3.16512568945448E-4
3.1595950480607535E-4
3.1540832650349973E-4
3.1485902450263095E-4
3.143115893321821E-4
3.13766011584164E-4
3.1322228191332574E-4
3.12680391036655E-4
3.121403297328632E-4
3.1160208884186465E-4
3.1106565926428186E-4
3.1053103196093906E-4
3.0999819795236714E-4
3.0946714831831337E-4
3.0893787419726293E-4
3.0841036678594717E-4
3.078846173388775E-4
3.0736061716786495E-4
3.0683835764156126E-4
3.0631783018499135E-4
3.05799026279096E-4
3.052819374602816E-4
3.047665553199672E-4
3.0425287150414584E-4
3.037408777129383E-4
3.03230565700158E-4
3.0272192727288406E-4
3.0221495429101945E-4
3.017096386668912E-4
3.012059723648077E-4
3.007039474006574E-4
3.002035558414912E-4
2.997047898051156E-4
2.992076414596878E-4
2.987121030233226E-4
2.9821816676368814E-4
2.977258249976054E-4
2.9723507009069635E-4
2.967458944569431E-4
2.962582905583613E-4
2.9577225090458327E-4
2.9528776805250715E-4
2.948048346059023E-4
2.9432344321507053E-4
2.938435865764684E-4
2.933652574323418E-4
2.928884485703713E-4
2.924131528233256E-4
2.919393630687118E-4
2.9146707222841445E-4
2.9099627326836005E-4
2.9052695919818636E-4
2.900591230708867E-4
2.895927579824824E-4
2.891278570716999E-4
2.886644135196306E-4
2.8820242054940757E-4
2.8774187142588674E-4
2.8728275945534023E-4
2.8682507798510117E-4
2.863688204032954E-4
2.859139801385004E-4
2.8546055065945106E-4
2.850085254747281E-4
2.845578981324579E-4
2.8410866222002424E-4
2.8366081136374006E-4
2.8321433922859536E-4
2.827692395179283E-4
2.823255059731601E-4
2.8188313237350254E-4
2.8144211253566256E-4
2.810024403135798E-4
2.8056410959813446E-4
2.80127114316885E-4
2.796914484337703E-4
2.7925710594885997E-4
2.7882408089808294E-4
2.783923673529476E-4
2.7796195942030185E-4
2.7753285124203876E-4
2.7710503699486603E-4
2.7667851089003783E-4
2.762532671730901E-4
2.758293001236046E-4
2.7540660405494805E-4
2.7498517331403966E-4
2.7456500228107073E-4
2.7414608536930176E-4
2.7372841702479164E-4
2.7331199172616916E-4
2.7289680398440326E-4
2.724828483425405E-4
2.720701193755123E-4
2.7165861168986394E-4
2.71248319923549E-4
2.7083923874569686E-4
2.7043136285637967E-4
2.700246869863998E-4
2.69619205897068E-4
2.6921491437997065E-4
2.688118072567613E-4
2.6840987937894927E-4
2.680091256276786E-4
2.676095409135147E-4
2.6721112017624195E-4
2.6681385838465E-4
2.664177505363202E-4
2.6602279165743533E-4
2.6562897680256387E-4
2.6523630105446897E-4
2.6484475952389774E-4
2.644543473493854E-4
2.640650596970715E-4
2.636768917604847E-4
2.632898387603685E-4
2.6290389594447176E-4
2.6251905858738094E-4
2.6213532199030484E-4
2.6175268148091583E-4
2.61371132413139E-4
2.6099067016699303E-4
2.606112901483789E-4
2.602329877889338E-4
2.598557585458189E-4
2.594795979015703E-4
2.591045013638987E-4
2.587304644655315E-4
2.5835748276403553E-4
2.579855518416385E-4
2.57614667305061E-4
2.572448247853608E-4
2.568760199377497E-4
2.565082484414264E-4
2.5614150599942713E-4
2.5577578833844744E-4
2.5541109120868577E-4
2.550474103836841E-4
2.546847416601628E-4
2.543230808578741E-4
2.5396242381943104E-4
2.5360276641015524E-4
2.5324410451793734E-4
2.528864340530595E-4
2.525297509480641E-4
2.521740511575929E-4
2.518193306582379E-4
2.514655854484045E-4
2.511128115481372E-4
2.507610049990119E-4
2.5041016186395774E-4
2.500602782271361E-4
2.4971135019378056E-4
2.493633738900699E-4
2.4901634546298246E-4
2.4867026108015694E-4
2.483251169297544E-4
2.479809092203213E-4
2.476376341806614E-4
2.472952880596814E-4
2.469538671262832E-4
2.4661336766921193E-4
2.4627378599693754E-4
2.459351184375141E-4
2.4559736133845033E-4
2.452605110665937E-4
2.449245640079961E-4
2.4458951656778017E-4
2.442553651700242E-4
2.4392210625763354E-4
2.4358973629222083E-4
2.432582517539739E-4
2.4292764914154812E-4
2.4259792497193853E-4
2.4226907578035826E-4
2.419410981201235E-4
2.4161398856253587E-4
2.412877436967632E-4
2.4096236012972346E-4
2.406378344859758E-4
2.4031416340760628E-4
2.399913435540928E-4
2.3966937160223545E-4
2.3934824424599952E-4
2.3902795819644293E-4
2.3870851018157238E-4
2.3838989694626196E-4
2.3807211525213626E-4
2.3775516187745193E-4
2.3743903361701132E-4
2.3712372728203933E-4
2.3680923970009E-4
2.3649556771493255E-4
2.3618270818646556E-4
2.3587065799058495E-4
2.3555941401911731E-4
2.3524897317969386E-4
2.349393323956642E-4
2.3463048860597948E-4
2.3432243876511544E-4
2.340151798429691E-4
2.3370870882474503E-4
2.334030227108773E-4
2.3309811851693273E-4
2.3279399327350023E-4
2.3249064402612054E-4
2.3218806783516685E-4
2.318862617757751E-4
2.315852229377354E-4
2.3128494842541167E-4
2.3098543535763827E-4
2.3068668086764635E-4
2.3038868210296126E-4
2.3009143622531821E-4
2.2979494041057633E-4
2.2949919184862518E-4
2.2920418774330928E-4
2.2890992531232618E-4
2.2861640178715927E-4
2.283236144129707E-4
2.280315604485457E-4
2.2774023716617666E-4
2.2744964185160175E-4
2.2715977180392662E-4
2.2687062433551932E-4
2.2658219677195108E-4
2.2629448645190386E-4
2.2600749072709862E-4
2.2572120696220602E-4
2.25435632534771E-4
2.251507648351461E-4
2.248666012663944E-4
2.2458313924422597E-4
2.2430037619691916E-4
2.240183095652352E-4
2.237369368023608E-4
2.2345625537381337E-4
2.23176262757382E-4
2.2289695644304032E-4
2.2261833393288737E-4
2.2234039274106953E-4
2.220631303936959E-4
2.2178654442878403E-4
2.2151063239618456E-4
2.212353918575011E-4
2.2096082038603067E-4
2.2068691556668773E-4
2.2041367499594142E-4
2.2014109628173357E-4
2.198691770434297E-4
2.1959791491173373E-4
2.1932730752863495E-4
2.1905735254732124E-4
2.1878804763214162E-4
2.1851939045851323E-4
2.1825137871287083E-4
2.1798401009260045E-4
2.1771728230596745E-4
2.174511930720615E-4
2.1718574012073147E-4
2.169209211925085E-4
2.166567340385707E-4
2.1639317642066033E-4
2.161302461110141E-4
2.1586794089232785E-4
2.15606258557684E-4
2.1534519691047778E-4
2.1508475376437594E-4
2.1482492694324695E-4
2.1456571428110917E-4
2.1430711362206023E-4
2.1404912282023246E-4
2.1379173973972316E-4
2.1353496225454143E-4
2.132787882485572E-4
2.130232156154316E-4
2.1276824225857405E-4
2.125138660910752E-4
2.1226008503565E-4
2.1200689702460354E-4
2.11754299999745E-4
2.1150229191235854E-4
2.112508707231318E-4
2.1100003440212119E-4
2.1074978092867276E-4
2.1050010829139047E-4
2.1025101448808077E-4
2.1000249752568532E-4
2.0975455542024616E-4
2.095071861968478E-4
2.09260387889562E-4
2.0901415854140382E-4
2.087684962042736E-4
2.0852339893891636E-4
2.0827886481485975E-4
2.0803489191037355E-4
2.077914783124209E-4
2.0754862211659885E-4
2.073063214271074E-4
2.07064574356681E-4
2.068233790265593E-4
2.065827335664262E-4
2.0634263611436492E-4
2.061030848168181E-4
2.0586407782853682E-4
2.0562561331253113E-4
2.0538768944002505E-4
2.0515030439041896E-4
2.049134563512324E-4
2.046771435180678E-4
2.044413640945603E-4
2.0420611629232943E-4
2.0397139833095373E-4
2.0373720843790385E-4
2.0350354484851356E-4
2.032704058059264E-4
2.030377895610619E-4
2.028056943725668E-4
2.0257411850677575E-4
2.0234306023766608E-4
2.0211251784682226E-4
2.0188248962338208E-4
2.01652973864006E-4
2.014239688728371E-4
2.0119547296144837E-4
2.0096748444881356E-4
2.0074000166126344E-4
2.005130229324419E-4
2.00286546603272E-4
2.0006057102191772E-4
1.9983509454372903E-4
1.9961011553122423E-4
1.9938563235404099E-4
1.9916164338889403E-4
1.9893814701954824E-4
1.9871514163676172E-4
1.9849262563827297E-4
1.982705974287411E-4
1.980490554197236E-4
1.9782799802962845E-4
1.9760742368368339E-4
1.973873308139002E-4
1.971677178590367E-4
1.9694858326455678E-4
1.9672992548260112E-4
1.9651174297194502E-4
1.9629403419797002E-4
1.960767976326234E-4
1.9586003175438098E-4
1.9564373504822466E-4
1.954279060055939E-4
1.9521254312435308E-4
1.949976449087709E-4
1.9478320986946935E-4
1.9456923652339783E-4
1.9435572339380656E-4
1.9414266901019703E-4
1.9393007190830037E-4
1.9371793063004838E-4
1.9350624372352826E-4
1.9329500974295743E-4
1.930842272486527E-4
1.9287389480699633E-4
1.926640109904039E-4
1.9245457437728594E-4
1.9224558355203654E-4
1.920370371049801E-4
1.918289336323528E-4
1.9162127173626142E-4
1.9141405002467084E-4
1.912072671113531E-4
1.9100092161587005E-4
1.9079501216354315E-4
1.9058953738541125E-4
1.9038449591821512E-4
1.9017988640436005E-4
1.8997570749189802E-4
1.8977195783447835E-4
1.8956863609133332E-4
1.89365740927248E-4
1.8916327101252528E-4
1.8896122502296876E-4
1.8875960163984402E-4
1.8855839954985058E-4
1.8835761744510394E-4
1.8815725402309438E-4
1.8795730798667345E-4
1.8775777804401473E-4
1.8755866290859487E-4
1.8735996129915687E-4
1.8716167193969828E-4
1.869637935594296E-4
1.867663248927533E-4
1.8656926467924102E-4
1.8637261166360393E-4
1.86176364595662E-4
1.8598052223033068E-4
1.8578508332757937E-4
1.8559004665241795E-4
1.8539541097486735E-4
1.8520117506993405E-4
1.8500733771758263E-4
1.8481389770271726E-4
1.8462085381514725E-4
1.8442820484957067E-4
1.8423594960554693E-4
1.8404408688747238E-4
1.8385261550455463E-4
1.8366153427079227E-4
1.834708420049453E-4
1.8328053753051673E-4
1.830906196757249E-4
1.8290108727348525E-4
1.8271193916137487E-4
1.8252317418163017E-4
1.8233479118109913E-4
1.8214678901123815E-4
1.819591665280801E-4
1.8177192259221145E-4
1.8158505606874828E-4
1.813985658273258E-4
1.8121245074205754E-4
1.81026709691526E-4
1.8084134155876147E-4
1.8065634523120927E-4
1.8047171960071764E-4
1.8028746356351708E-4
1.8010357602018487E-4
1.7992005587564441E-4
1.7973690203912574E-4
1.795541134241526E-4
1.7937168894852643E-4
1.791896275342907E-4
1.790079281077249E-4
1.788265895993185E-4
1.7864561094374528E-4
1.7846499107985025E-4
1.7828472895062996E-4
1.7810482350320413E-4
1.7792527368879746E-4
1.7774607846273162E-4
1.7756723678439122E-4
1.773887476172081E-4
1.7721060992864746E-4
1.770328226901771E-4
1.7685538487726177E-4
1.766782954693327E-4
1.7650155344977383E-4
1.7632515780590502E-4
1.7614910752894735E-4
1.7597340161403546E-4
1.7579803906016294E-4
1.7562301887019053E-4
1.7544834005081696E-4
1.75274001612554E-4
1.7510000256972633E-4
1.7492634194043574E-4
1.7475301874654995E-4
1.7458003201369006E-4
1.744073807711987E-4
1.7423506405214173E-4
1.7406308089326728E-4
1.738914303350094E-4
1.7372011142146232E-4
1.7354912320035132E-4
1.7337846472304276E-4
1.7320813504449718E-4
1.730381332232708E-4
1.7286845832149898E-4
1.7269910940485855E-4
1.7253008554258547E-4
1.7236138580742816E-4
1.7219300927564192E-4
1.7202495502697287E-4
1.7185722214464348E-4
1.7168980971533088E-4
1.715227168291521E-4
1.7135594257966E-4
1.7118948606379677E-4
1.7102334638191793E-4
1.7085752263774293E-4
1.706920139383592E-4
1.7052681939419323E-4
1.703619381190107E-4
1.7019736922988378E-4
1.7003311184718856E-4
1.698691650945825E-4
1.6970552809899496E-4
1.6954219999060612E-4
1.6937917990282944E-4
1.6921646697231233E-4
1.6905406033890244E-4
1.688919591456439E-4
1.6873016253876074E-4
1.6856866966763785E-4
1.684074796848107E-4
1.6824659174594902E-4
1.680860050098485E-4
1.679257186384021E-4
1.6776573179660175E-4
1.6760604365251327E-4
1.674466533772677E-4
1.672875601450465E-4
1.6712876313306366E-4
1.669702615215553E-4
1.668120544937678E-4
1.6665414123594099E-4
1.664965209372911E-4
1.663391927900109E-4
1.6618215598923397E-4
1.6602540973304026E-4
1.658689532224405E-4
1.6571278566135017E-4
1.6555690625658854E-4
1.6540131421786302E-4
1.6524600875775087E-4
1.650909890916954E-4
1.6493625443798484E-4
1.6478180401773858E-4
1.6462763705490908E-4
1.6447375277624528E-4
1.643201504112997E-4
1.6416682919240933E-4
1.6401378835467913E-4
1.638610271359781E-4
1.6370854477691833E-4
1.6355634052084845E-4
1.6340441361383594E-4
1.632527633046629E-4
1.6310138884480683E-4
1.6295028948843038E-4
1.6279946449236746E-4
1.626489131161236E-4
1.6249863462184522E-4
1.6234862827431732E-4
1.6219889334095658E-4
1.620494290917908E-4
1.6190023479945064E-4
1.6175130973915969E-4
1.616026531887214E-4
1.6145426442850996E-4
1.6130614274144844E-4
1.6115828741301857E-4
1.6101069773122748E-4
1.6086337298660844E-4
1.6071631247220787E-4
1.6056951548357388E-4
1.6042298131874267E-4
1.6027670927822642E-4
1.6013069866502183E-4
1.5998494878455806E-4
1.5983945894473597E-4
1.59694228455874E-4
1.5954925663072398E-4
1.594045427844553E-4
1.5926008623463252E-4
1.5911588630122407E-4
1.5897194230657513E-4
1.5882825357540394E-4
1.5868481943479278E-4
1.5854163921417787E-4
1.5839871224533394E-4
1.5825603786237096E-4
1.5811361540171479E-4
1.5797144420210866E-4
1.5782952360459765E-4
1.576878529525127E-4
1.5754643159146976E-4
1.574052588693607E-4
1.5726433413633061E-4
1.5712365674478443E-4
1.5698322604936496E-4
1.568430414069512E-4
1.567031021766402E-4
1.565634077197497E-4
1.5642395739979257E-4
1.5628475058248716E-4
1.5614578663573E-4
1.560070649295932E-4
1.5586858483631767E-4
1.5573034573029918E-4
1.5559234698808477E-4
1.5545458798835846E-4
1.553170681119347E-4
1.5517978674174844E-4
1.550427432628433E-4
1.5490593706236777E-4
1.5476936752956976E-4
1.5463303405576845E-4
1.544969360343688E-4
1.5436107286084382E-4
1.542254439327174E-4
1.5409004864956822E-4
1.5395488641301746E-4
1.538199566267126E-4
1.53685258696327E-4
1.5355079202954993E-4
1.5341655603607967E-4
1.5328255012760843E-4
1.5314877371782007E-4
1.530152262223781E-4
1.5288190705892117E-4
1.5274881564705255E-4
1.5261595140832684E-4
1.5248331376625584E-4
1.523509021462829E-4
1.5221871597578896E-4
1.5208675468407663E-4
1.5195501770236418E-4
1.518235044637755E-4
1.516922144033415E-4
1.5156114695797287E-4
1.5143030156647508E-4
1.5129967766952705E-4
1.5116927470967362E-4
1.5103909213132297E-4
1.5090912938073314E-4
1.5077938590600675E-4
1.5064986115708958E-4
1.505205545857488E-4
1.5039146564558371E-4
1.502625937919986E-4
1.501339384822134E-4
1.5000549917524173E-4
1.498772753318909E-4
1.4974926641475708E-4
1.4962147188820655E-4
1.4949389121838208E-4
1.493665238731905E-4
1.49239369322285E-4
1.4911242703707838E-4
1.4898569649071823E-4
1.4885917715808745E-4
1.4873286851579894E-4
1.4860677004217875E-4
1.48480881217272E-4
1.483552015228314E-4
1.4822973044229976E-4
1.4810446746082255E-4
1.479794120652235E-4
1.4785456374400262E-4
1.4772992198734228E-4
1.4760548628707415E-4
1.4748125613670403E-4
1.4735723103137364E-4
1.4723341046787925E-4
1.4710979394465324E-4
1.469863809617584E-4
1.4686317102087737E-4
1.4674016362531642E-4
1.4661735827999187E-4
1.4649475449142604E-4
1.4637235176773454E-4
1.4625014961863232E-4
1.4612814755541633E-4
1.4600634509096002E-4
1.4588474173971044E-4
1.457633370176871E-4
1.456421304424639E-4
1.4552112153317097E-4
1.4540030981048327E-4
1.4527969479662025E-4
1.4515927601533676E-4
1.450390529919166E-4
1.4491902525316384E-4
1.4479919232740252E-4
1.4467955374446428E-4
1.4456010903569653E-4
1.444408577339239E-4
1.4432179937348618E-4
1.4420293349019978E-4
1.440842596213629E-4
1.4396577730575052E-4
1.4384748608360312E-4
1.4372938549662848E-4
1.4361147508799214E-4
1.4349375440231372E-4
1.4337622298564697E-4
1.4325888038550457E-4
1.431417261508197E-4
1.4302475983195593E-4
1.429079809807122E-4
1.427913891502897E-4
1.4267498389531166E-4
1.4255876477180723E-4
1.4244273133720133E-4
1.4232688315031885E-4
1.4221121977137674E-4
1.4209574076197006E-4
1.4198044568507862E-4
1.41865334105058E-4
1.4175040558762287E-4
1.416356596998625E-4
1.4152109601021622E-4
1.4140671408848006E-4
1.4129251350579065E-4
1.411784938346375E-4
1.4106465464883754E-4
1.4095099552354295E-4
1.4083751603523458E-4
1.407242157617086E-4
1.4061109428208256E-4
1.4049815117678045E-4
1.4038538602753923E-4
1.402727984173895E-4
1.4016038793065837E-4
1.4004815415296972E-4
1.3993609667122816E-4
1.3982421507361892E-4
1.3971250894960412E-4
1.3960097788991746E-4
1.394896214865616E-4
1.3937843933279335E-4
1.3926743102313149E-4
1.3915659615334325E-4
1.390459343204438E-4
1.3893544512269177E-4
1.388251281595795E-4
1.387149830318338E-4
1.3860500934140943E-4
1.384952066914844E-4
1.383855746864523E-4
1.382761129319223E-4
1.3816682103471375E-4
1.3805769860284885E-4
1.3794874524554617E-4
1.378399605732287E-4
1.3773134419750257E-4
1.3762289573116004E-4
1.37514614788178E-4
1.3740650098371124E-4
1.3729855393408165E-4
1.371907732567856E-4
1.3708315857047893E-4
1.3697570949498046E-4
1.3686842565126034E-4
1.367613066614425E-4
1.366543521487927E-4
1.3654756173772433E-4
1.3644093505378585E-4
1.3633447172365618E-4
1.362281713751482E-4
1.3612203363719567E-4
1.3601605813985684E-4
1.3591024451430178E-4
1.3580459239281428E-4
1.356991014087865E-4
1.355937711967188E-4
1.354886013922044E-4
1.3538359163193364E-4
1.3527874155368853E-4
1.351740507963432E-4
1.3506951899984964E-4
1.3496514580523848E-4
1.3486093085461913E-4
1.3475687379117026E-4
1.3465297425914295E-4
1.3454923190384075E-4
1.3444564637163587E-4
1.3434221730995076E-4
1.3423894436726162E-4
1.3413582719309252E-4
1.3403286543801516E-4
1.339300587536252E-4
1.3382740679257358E-4
1.3372490920853425E-4
1.3362256565620763E-4
1.335203757913238E-4
1.3341833927062998E-4
1.3331645575188696E-4
1.3321472489387942E-4
1.3311314635639323E-4
1.330117198002173E-4
1.329104448871527E-4
1.3280932127999077E-4
1.3270834864251613E-4
1.3260752663951338E-4
1.3250685493674746E-4
1.3240633320096569E-4
1.323059610999036E-4
1.3220573830226157E-4
1.32105664477725E-4
1.3200573929694176E-4
1.3190596243152397E-4
1.3180633355405416E-4
1.3170685233806367E-4
1.316075184580464E-4
1.3150833158944556E-4
1.3140929140865293E-4
1.3131039759300462E-4
1.3121164982077757E-4
1.311130477711924E-4
1.310145911243941E-4
1.309162795614697E-4
1.3081811276442393E-4
1.3072009041619704E-4
1.3062221220063952E-4
1.3052447780253075E-4
1.3042688690755337E-4
1.303294392023054E-4
1.3023213437430176E-4
1.3013497211194862E-4
1.300379521045567E-4
1.2994107404234298E-4
1.2984433761641106E-4
1.2974774251876036E-4
1.2965128844227302E-4
1.295549750807269E-4
1.294588021287702E-4
1.2936276928193847E-4
1.2926687623663791E-4
1.291711226901545E-4
1.290755083406344E-4
1.289800328870958E-4
1.2888469602941974E-4
1.2878949746834785E-4
1.286944369054757E-4
1.285995140432573E-4
1.28504728584994E-4
1.2841008023483825E-4
1.2831556869778588E-4
1.282211936796732E-4
1.2812695488718045E-4
1.2803285202781574E-4
1.279388848099301E-4
1.2784505294269753E-4
1.277513561361244E-4
1.276577941010354E-4
1.2756436654908138E-4
1.2747107319272417E-4
1.273779137452555E-4
1.2728488792076393E-4
1.2719199543415944E-4
1.2709923600115133E-4
1.270066093382596E-4
1.269141151627973E-4
1.2682175319288227E-4
1.267295231474267E-4
1.2663742474613526E-4
1.2654545770950123E-4
1.2645362175880612E-4
1.2636191661611766E-4
1.2627034200428242E-4
1.2617889764693024E-4
1.2608758326845845E-4
1.2599639859404966E-4
1.2590534334964865E-4
1.2581441726197226E-4
1.2572362005850132E-4
1.2563295146747908E-4
1.25542411217912E-4
1.2545199903955904E-4
1.253617146629397E-4
1.252715578193213E-4
1.251815282407213E-4
1.2509162565990472E-4
1.2500184981038424E-4
1.249122004264102E-4
1.248226772429746E-4
1.2473327999580253E-4
1.2464400842135837E-4
1.245548622568328E-4
1.2446584124015337E-4
1.2437694510996684E-4
1.2428817360564384E-4
1.2419952646728046E-4
1.241110034356909E-4
1.2402260425240687E-4
1.239343286596728E-4
1.2384617640044272E-4
1.2375814721838466E-4
1.2367024085786844E-4
1.2358245706397042E-4
1.2349479558247314E-4
1.234072561598504E-4
1.2331983854327794E-4
1.232325424806273E-4
1.2314536772046154E-4
1.2305831401202995E-4
1.2297138110527506E-4
1.22884568750821E-4
1.2279787669997364E-4
1.2271130470472826E-4
1.2262485251774506E-4
1.2253851989237036E-4
1.2245230658262037E-4
1.2236621234318373E-4
1.222802369294172E-4
1.2219438009734585E-4
1.221086416036579E-4
1.2202302120570166E-4
1.2193751866149436E-4
1.2185213372969939E-4
1.2176686616964356E-4
1.2168171574130519E-4
1.2159668220531191E-4
1.2151176532294385E-4
1.2142696485612453E-4
1.2134228056742348E-4
1.2125771222005577E-4
1.2117325957786911E-4
1.2108892240535437E-4
1.2100470046764192E-4
1.2092059353048897E-4
1.2083660136028669E-4
1.2075272372405647E-4
1.2066896038944941E-4
1.2058531112474055E-4
1.2050177569882321E-4
1.2041835388122014E-4
1.203350454420665E-4
1.2025185015211885E-4
1.2016876778274751E-4
1.2008579810593252E-4
1.2000294089426753E-4
1.199201959209571E-4
1.1983756295981021E-4
1.1975504178523698E-4
1.1967263217226088E-4
1.1959033389649437E-4
1.195081467341537E-4
1.1942607046205437E-4
1.1934410485760045E-4
1.1926224969879511E-4
1.1918050476422969E-4
1.1909886983308398E-4
1.1901734468512552E-4
1.1893592910070292E-4
1.1885462286075603E-4
1.1877342574679868E-4
1.1869233754092878E-4
1.1861135802581553E-4
1.1853048698470842E-4
1.1844972420143056E-4
1.1836906946037413E-4
1.1828852254650076E-4
1.1820808324534168E-4
1.1812775134299647E-4
1.1804752662612237E-4
1.1796740888194538E-4
1.1788739789824494E-4
1.1780749346336862E-4
1.1772769536621037E-4
1.1764800339622422E-4
1.1756841734342207E-4
1.1748893699835647E-4
1.1740956215213653E-4
1.1733029259641929E-4
1.1725112812340322E-4
1.1717206852583682E-4
1.1709311359700496E-4
1.1701426313073607E-4
1.1693551692139747E-4
1.1685687476389514E-4
1.1677833645366686E-4
1.1669990178668462E-4
1.1662157055945556E-4
1.1654334256901249E-4
1.164652176129179E-4
1.1638719548926762E-4
1.163092759966676E-4
1.1623145893426396E-4
1.1615374410171232E-4
1.1607613129919322E-4
1.1599862032740412E-4
1.1592121098756127E-4
1.1584390308139104E-4
1.15766696411139E-4
1.1568959077955884E-4
1.1561258598991165E-4
1.1553568184597153E-4
1.1545887815201893E-4
1.1538217471283429E-4
1.1530557133370888E-4
1.1522906782042719E-4
1.1515266397928345E-4
1.1507635961705907E-4
1.1500015454104216E-4
1.1492404855901252E-4
1.1484804147924705E-4
1.1477213311050614E-4
1.146963232620477E-4
1.1462061174362025E-4
1.1454499836545378E-4
1.1446948293826709E-4
1.1439406527326694E-4
1.1431874518213328E-4
1.1424352247704097E-4
1.1416839697063354E-4
1.1409336847603634E-4
1.1401843680685149E-4
1.1394360177715675E-4
1.1386886320150309E-4
1.1379422089491232E-4
1.137196746728825E-4
1.1364522435137159E-4
1.135708697468153E-4
1.13496610676107E-4
1.1342244695660905E-4
1.1334837840614915E-4
1.1327440484300927E-4
1.1320052608594193E-4
1.1312674195415176E-4
1.1305305226730029E-4
1.1297945684550787E-4
1.1290595550935152E-4
1.1283254807985546E-4
1.1275923437850023E-4
1.1268601422721508E-4
1.1261288744837822E-4
1.1253985386481653E-4
1.1246691329980029E-4
1.1239406557704479E-4
1.1232131052071351E-4
1.1224864795540671E-4
1.1217607770616596E-4
1.1210359959847217E-4
1.1203121345824508E-4
1.1195891911184242E-4
1.118867163860504E-4
1.1181460510809652E-4
1.1174258510563652E-4
1.1167065620675847E-4
1.1159881823997804E-4
1.1152707103424181E-4
1.1145541441892279E-4
1.1138384822381684E-4
1.1131237227914815E-4
1.1124098641556208E-4
1.1116969046412456E-4
1.1109848425632493E-4
1.1102736762406638E-4
1.1095634039967568E-4
1.1088540241589343E-4
1.108145535058741E-4
1.1074379350318953E-4
1.1067312224181987E-4
1.1060253955615873E-4
1.105320452810128E-4
1.1046163925159133E-4
1.103913213035184E-4
1.1032109127281762E-4
1.1025094899592149E-4
1.1018089430966672E-4
1.1011092705128764E-4
1.100410470584258E-4
1.0997125416912189E-4
1.0990154822180891E-4
1.0983192905533066E-4
1.09762396508912E-4
1.0969295042218303E-4
1.0962359063516802E-4
1.0955431698827677E-4
1.0948512932231845E-4
1.0941602747848791E-4
1.093470112983686E-4
1.0927808062393756E-4
1.0920923529755223E-4
1.0914047516196022E-4
1.090718000602905E-4
1.0900320983605797E-4
1.0893470433315732E-4
1.0886628339586622E-4
1.0879794686884201E-4
1.0872969459711646E-4
1.0866152642610397E-4
1.0859344220159538E-4
1.0852544176975669E-4
1.0845752497711947E-4
1.083896916705987E-4
1.0832194169748088E-4
1.0825427490541477E-4
1.0818669114242503E-4
1.081191902569051E-4
1.0805177209761294E-4
1.0798443651367516E-4
1.0791718335457976E-4
1.0785001247018361E-4
1.0778292371070377E-4
1.0771591692672185E-4
1.0764899196917095E-4
1.0758214868936016E-4
1.0751538693894057E-4
1.0744870656993115E-4
1.0738210743470506E-4
1.0731558938598907E-4
1.0724915227686278E-4
1.0718279596076497E-4
1.07116520291482E-4
1.0705032512315099E-4
1.0698421031026152E-4
1.069181757076498E-4
1.0685222117050507E-4
1.0678634655435516E-4
1.0672055171508377E-4
1.0665483650890935E-4
1.0658920079240097E-4
1.0652364442247106E-4
1.0645816725636685E-4
1.0639276915168345E-4
1.0632744996635321E-4
1.062622095586458E-4
1.0619704778717495E-4
1.0613196451088054E-4
1.0606695958904493E-4
1.0600203288128567E-4
1.059371842475535E-4
1.0587241354812946E-4
1.0580772064363022E-4
1.057431053949977E-4
1.0567856766350884E-4
1.056141073107692E-4
1.0554972419870733E-4
1.0548541818958532E-4
1.0542118914598453E-4
1.0535703693081637E-4
1.0529296140731665E-4
1.0522896243903902E-4
1.0516503988986505E-4
1.0510119362399346E-4
1.0503742350594463E-4
1.0497372940055826E-4
1.0491011117299279E-4
1.0484656868872455E-4
1.0478310181354402E-4
1.047197104135579E-4
1.0465639435519262E-4
1.0459315350517883E-4
1.0452998773057036E-4
1.0446689689872366E-4
1.0440388087731377E-4
1.0434093953431974E-4
1.0427807273803262E-4
1.0421528035705221E-4
1.0415256226028483E-4
1.0408991831694405E-4
1.0402734839654744E-4
1.0396485236891912E-4
1.0390243010418578E-4
1.0384008147277768E-4
1.0377780634542471E-4
1.0371560459316358E-4
1.036534760873245E-4
1.035914206995402E-4
1.0352943830174463E-4
1.0346752876616561E-4
1.0340569196532936E-4
1.0334392777205497E-4
1.032822360594644E-4
1.032206167009631E-4
1.0315906957026167E-4
1.030975945413518E-4
1.0303619148852518E-4
1.029748602863626E-4
1.0291360080972883E-4
1.0285241293378907E-4
1.027912965339896E-4
1.027302514860574E-4
1.0266927766602295E-4
1.0260837495019202E-4
1.0254754321515417E-4
1.0248678233778605E-4
1.024260921952501E-4
1.023654726649896E-4
1.0230492362472724E-4
1.0224444495246778E-4
1.021840365264999E-4
1.0212369822538648E-4
1.0206342992797166E-4
1.0200323151337484E-4
1.0194310286099969E-4
1.0188304385051579E-4
1.0182305436187452E-4
1.0176313427530281E-4
1.0170328347129861E-4
1.0164350183063297E-4
1.0158378923434855E-4
1.015241455637616E-4
1.014645707004585E-4
1.0140506452629573E-4
1.0134562692339887E-4
1.0128625777416404E-4
1.0122695696124694E-4
1.0116772436758028E-4
1.0110855987635855E-4
1.010494633710403E-4
1.0099043473534995E-4
1.0093147385327864E-4
1.0087258060907585E-4
1.0081375488725568E-4
1.0075499657259741E-4
1.0069630555013311E-4
1.0063768170516631E-4
1.0057912492324617E-4
1.0052063509019095E-4
1.0046221209207534E-4
1.0040385581522777E-4
1.0034556614623764E-4
1.0028734297194689E-4
1.0022918617945189E-4
1.0017109565610839E-4
1.0011307128951851E-4
1.0005511296754655E-4
9.99972205783021E-5
The correct rate for BP: 100.00% 
