1.2717692164709726
1.364452454182744
0.10609148925375284
0.00467205335169225
0.0038711154749689874
0.0033443675851656807
0.0029471939025217386
0.0026332627912430406
0.0023782965556102126
0.0021671126132171417
0.0019894173428173165
0.0018379139893074288
0.0017072723001259377
0.0015935068877522445
0.0014935796020890829
0.001405135277887815
0.0013263210529590491
0.0012556599368336607
0.0011919605697662716
0.0011342516761541214
0.0010817337016253868
0.0010337426177705828
9.897224795196162E-4
9.492043697422451E-4
9.117900667679151E-4
8.771392468792203E-4
8.449593625364743E-4
8.149975671688974E-4
7.870342205549244E-4
7.608776259902014E-4
7.363597355498506E-4
7.133326222344707E-4
6.916655641255202E-4
6.712426203628393E-4
6.519606049559742E-4
6.337273843944856E-4
6.164604403398483E-4
6.000856505281084E-4
5.845362502393021E-4
5.69751943924561E-4
5.556781422905643E-4
5.422653046730179E-4
5.294683701492663E-4
5.172462637447884E-4
5.055614664324741E-4
4.943796395242658E-4
4.8366929560401847E-4
4.7340150941785613E-4
4.635496631808521E-4
4.5408922161902014E-4
4.449975327788316E-4
4.362536512295069E-4
4.278381807789021E-4
4.1973313423869984E-4
4.119218081237846E-4
4.043886704649961E-4
3.9711926016358645E-4
3.901000965272066E-4
3.8331859780719595E-4
3.767630077106619E-4
3.704223289922844E-4
3.642862633437456E-4
3.583451568957712E-4
3.5258995073149065E-4
3.4701213588238684E-4
3.4160371234072824E-4
3.363571516769812E-4
3.3126536289810525E-4
3.2632166122402423E-4
3.215197394958205E-4
3.1685364196067437E-4
3.123177402065989E-4
3.0790671104432893E-4
3.036155161551686E-4
2.9943938334284117E-4
2.953737892437568E-4
2.9141444336541473E-4
2.875572733354548E-4
2.8379841125575984E-4
2.801341810663113E-4
2.7656108683287963E-4
2.730758018807292E-4
2.696751587040452E-4
2.663561395872857E-4
2.6311586788064546E-4
2.5995159987709013E-4
2.5686071724315807E-4
2.53840719960101E-4
2.5088921973564186E-4
2.4800393385026876E-4
2.451826794050011E-4
2.4242336794046493E-4
2.3972400039958878E-4
2.3708266240874844E-4
2.3449751985400995E-4
2.3196681473130432E-4
2.2948886125089772E-4
2.2706204217825025E-4
2.246848053946601E-4
2.223556606625198E-4
2.2007317658108959E-4
2.1783597771990538E-4
2.1564274191778512E-4
2.1349219773648316E-4
2.1138312205868227E-4
2.0931433782097594E-4
2.0728471187299752E-4
2.0529315295465E-4
2.033386097838971E-4
2.0142006924815068E-4
1.9953655469275375E-4
1.9768712430054066E-4
1.958708695569273E-4
1.9408691379523287E-4
1.9233441081748263E-4
1.9061254358607098E-4
1.8892052298219257E-4
1.8725758662698004E-4
1.8562299776181274E-4
1.8401604418424506E-4
1.8243603723648393E-4
1.8088231084331506E-4
1.7935422059673576E-4
1.7785114288467276E-4
1.7637247406130857E-4
1.7491762965674785E-4
1.7348604362384213E-4
1.7207716762017043E-4
1.7069047032327691E-4
1.6932543677736453E-4
1.6798156776981786E-4
1.6665837923593161E-4
1.6535540169039544E-4
1.6407217968415484E-4
1.62808271285301E-4
1.615632475827943E-4
1.6033669221186678E-4
1.591282008999524E-4
1.579373810321837E-4
1.5676385123545084E-4
1.5560724098009486E-4
1.5446719019838906E-4
1.5334334891898294E-4
1.5223537691654213E-4
1.5114294337583264E-4
1.500657265695903E-4
1.490034135495035E-4
1.479556998496871E-4
1.4692228920207563E-4
1.459028932631731E-4
1.4489723135164306E-4
1.4390503019623952E-4
1.4292602369357586E-4
1.4195995267536336E-4
1.41006564684597E-4
1.4006561376035844E-4
1.3913686023083626E-4
1.3822007051416622E-4
1.3731501692681156E-4
1.3642147749908933E-4
1.3553923579758285E-4
1.346680807541105E-4
1.3380780650099666E-4
1.3295821221234036E-4
1.3211910195107653E-4
1.3129028452154527E-4
1.304715733273573E-4
1.2966278623432033E-4
1.2886374543825407E-4
1.280742773374398E-4
1.2729421240956416E-4
1.2652338509293816E-4
1.2576163367184162E-4
1.2500880016582167E-4
1.242647302227739E-4
1.2352927301568703E-4
1.2280228114286483E-4
1.2208361053152994E-4
1.2137312034464251E-4
1.2067067289084379E-4
1.1997613353735747E-4
1.1928937062580063E-4
1.1861025539071032E-4
1.1793866188077256E-4
1.1727446688257176E-4
1.1661754984681992E-4
1.1596779281694401E-4
1.1532508035996301E-4
1.1468929949954811E-4
1.1406033965121521E-4
1.1343809255953157E-4
1.1282245223730511E-4
1.1221331490665417E-4
1.1161057894191852E-4
1.11014144814298E-4
1.1042391503821752E-4
1.098397941193094E-4
1.0926168850398292E-4
1.0868950653050377E-4
1.0812315838155999E-4
1.0756255603822844E-4
1.0700761323532084E-4
1.0645824541805196E-4
1.0591436969997266E-4
1.053759048221449E-4
1.04842771113513E-4
1.0431489045240545E-4
1.0379218622916897E-4
1.0327458330986796E-4
1.0276200800102182E-4
1.0225438801535173E-4
1.0175165243848689E-4
1.0125373169663056E-4
1.0076055752510852E-4
1.0027206293782056E-4
9.978818219752694E-5
The correct rate for BP: 100.00% 
