1.0220330810005926
1.821148113897397
0.34964435161139135
0.030475323902370607
0.010083030805574666
0.007511503368027617
0.006016633390851676
0.005026708538958091
0.004319970216817384
0.0037886497705747987
0.0033739602616680298
0.0030409610867315764
0.0027675072986311985
0.00253884891878864
0.0023447649128663607
0.0021779400335991796
0.0020329959534174497
0.00190588732463177
0.0017935113630044765
0.0016934475137946625
0.0016037791497624592
0.001522968568249284
0.0014497675349334324
0.001383152087304233
0.0013222742375477111
0.001266425665611851
0.001215010061125858
0.0011675217980990271
0.001123529310183447
0.0010826619987310613
0.0010445998265421641
0.0010090649749629765
9.758151017304739E-4
9.446378519548811E-4
9.153463583983487E-4
8.877755289059129E-4
8.61778964756307E-4
8.372263881934349E-4
8.140014835473408E-4
7.920000763434685E-4
7.711285902018358E-4
7.51302733285506E-4
7.324463754059432E-4
7.144905842501598E-4
6.973727950210797E-4
6.81036092424758E-4
6.654285876576012E-4
6.505028760427653E-4
6.362155633913172E-4
6.225268511373156E-4
6.094001719099954E-4
5.968018685310281E-4
5.847009105176161E-4
5.730686430767329E-4
5.618785643279925E-4
5.511061271198495E-4
5.407285623294919E-4
5.307247209779665E-4
5.210749328644854E-4
5.11760879738458E-4
5.027654812949514E-4
4.940727925063816E-4
4.856679109972144E-4
4.7753689333428624E-4
4.6966667924773844E-4
4.6204502291993744E-4
4.546604305853973E-4
4.475021037758715E-4
4.4055988762394823E-4
4.338242237071126E-4
4.2728610697392524E-4
4.209370463461007E-4
4.147690286359508E-4
4.0877448545819994E-4
4.029462628505435E-4
3.97277593347795E-4
3.917620702816496E-4
3.8639362410195584E-4
3.81166500536574E-4
3.760752404253737E-4
3.7111466108077484E-4
3.66279839041687E-4
3.615660941009613E-4
3.569689744980259E-4
3.5248424317876946E-4
3.4810786503415537E-4
3.438359950371311E-4
3.3966496720505665E-4
3.3559128432138983E-4
3.3161160835651544E-4
3.2772275153278817E-4
3.2392166798395257E-4
3.202054459632816E-4
3.1657130055885756E-4
3.1301656687787445E-4
3.0953869366520366E-4
3.0613523732426026E-4
3.028038563109144E-4
2.995423058736205E-4
2.9634843311509944E-4
2.9322017235285786E-4
2.90155540757689E-4
2.8715263425096776E-4
2.842096236429485E-4
2.8132475099581047E-4
2.784963261962631E-4
2.757227237238338E-4
2.730023796019123E-4
2.703337885196416E-4
2.67715501113542E-4
2.651461213987177E-4
2.6262430434005976E-4
2.6014875355469263E-4
2.5771821913740694E-4
2.553314956015774E-4
2.529874199283446E-4
2.5068486971760635E-4
2.4842276143460405E-4
2.462000487464223E-4
2.4401572094307674E-4
2.4186880143820902E-4
2.3975834634473416E-4
2.3768344312115938E-4
2.3564320928446306E-4
2.3363679118579406E-4
2.3166336284543171E-4
2.2972212484366087E-4
2.278123032645397E-4
2.2593314868952854E-4
2.240839352383794E-4
2.2226395965462955E-4
2.2047254043332582E-4
2.187090169887704E-4
2.169727488600656E-4
2.1526311495259582E-4
2.1357951281345555E-4
2.119213579391204E-4
2.1028808311372135E-4
2.0867913777628663E-4
2.0709398741556827E-4
2.0553211299098966E-4
2.039930103784595E-4
2.0247618983978535E-4
2.0098117551455027E-4
1.99507504933323E-4
1.9805472855120368E-4
1.9662240930065321E-4
1.9521012216279596E-4
1.9381745375618155E-4
1.9244400194228496E-4
1.9108937544691566E-4
1.8975319349676903E-4
1.8843508547048874E-4
1.871346905634836E-4
1.8585165746594722E-4
1.8458564405342325E-4
1.8333631708939357E-4
1.8210335193929626E-4
1.8088643229553764E-4
1.796852499129278E-4
1.7849950435414768E-4
1.7732890274476586E-4
1.7617315953742478E-4
1.7503199628474695E-4
1.7390514142065722E-4
1.7279233004970887E-4
1.716933037440684E-4
1.7060781034788894E-4
1.6953560378871437E-4
1.684764438956295E-4
1.6743009622389635E-4
1.6639633188577236E-4
1.6537492738732604E-4
1.643656644708977E-4
1.6336832996309282E-4
1.623827156280021E-4
1.614086180254765E-4
1.6044583837424405E-4
1.5949418241968026E-4
1.585534603060589E-4
1.5762348645307893E-4
1.567040794365334E-4
1.5579506187293792E-4
1.548962603079852E-4
1.5400750510864255E-4
1.5312863035881445E-4
1.5225947375837608E-4
1.5139987652546859E-4
1.5054968330196317E-4
1.497087420619256E-4
1.4887690402302846E-4
1.4805402356072176E-4
1.4723995812516237E-4
1.4643456816071425E-4
1.4563771702795516E-4
1.4484927092814183E-4
1.440690988299616E-4
1.43297072398565E-4
1.4253306592675066E-4
1.41776956268252E-4
1.4102862277304046E-4
1.4028794722458225E-4
1.395548137789445E-4
1.3882910890576953E-4
1.3811072133095505E-4
1.3739954198104068E-4
1.3669546392924012E-4
1.3599838234302968E-4
1.3530819443328428E-4
1.3462479940486367E-4
1.3394809840863817E-4
1.3327799449489372E-4
1.3261439256804106E-4
1.3195719934265071E-4
1.3130632330069736E-4
1.3066167465002553E-4
1.3002316528397216E-4
1.2939070874211576E-4
1.2876422017212916E-4
1.28143616292654E-4
1.275288153572332E-4
1.2691973711921156E-4
1.2631630279758628E-4
1.257184350438103E-4
1.2512605790946277E-4
1.245390968148122E-4
1.239574785182027E-4
1.233811310862792E-4
1.2280998386498073E-4
1.2224396745130346E-4
1.216830136658281E-4
1.2112705552594153E-4
1.2057602721977426E-4
1.2002986408079498E-4
1.1948850256308917E-4
1.1895188021725013E-4
1.1841993566691017E-4
1.1789260858584191E-4
1.1736983967567931E-4
1.1685157064416564E-4
1.163377441839826E-4
1.1582830395208197E-4
1.1532319454955777E-4
1.1482236150200657E-4
1.1432575124038366E-4
1.1383331108231557E-4
1.1334498921389338E-4
1.1286073467190236E-4
1.1238049732648299E-4
1.1190422786421664E-4
1.11431877771617E-4
1.1096339931903488E-4
1.1049874554491819E-4
1.100378702404882E-4
1.0958072793474675E-4
1.0912727387986064E-4
1.0867746403687806E-4
1.0823125506178907E-4
1.0778860429192164E-4
1.073494697326333E-4
1.0691381004432789E-4
1.06481584529773E-4
1.060527531217061E-4
1.0562727637073314E-4
1.0520511543348602E-4
1.0478623206108115E-4
1.0437058858780866E-4
1.0395814792010157E-4
1.0354887352574323E-4
1.0314272942331108E-4
1.0273968017188174E-4
1.0233969086093485E-4
1.0194272710050931E-4
1.0154875501155128E-4
1.0115774121650248E-4
1.0076965283007435E-4
1.0038445745023394E-4
1.0000212314939304E-4
9.962261846576683E-5
The correct rate for BP: 100.00% 
