2.601283385432222
2.476133874554926
2.229421788568883
0.5038796282962908
0.16816715929817963
7.080523779100096E-4
6.241961725985172E-4
5.619557405135842E-4
5.112911807165675E-4
4.692132094862325E-4
4.3369192780980283E-4
4.032945067935463E-4
3.7697968321616E-4
3.539719721466177E-4
3.3368160430367964E-4
3.1565185296216126E-4
2.995233805815513E-4
2.8500950133706634E-4
2.7187864055625087E-4
2.59941655707302E-4
2.4904251290141523E-4
2.390513244372214E-4
2.2985907665871896E-4
2.2137358703684648E-4
2.1351636797580978E-4
2.062201682043496E-4
1.9942702658760637E-4
1.9308671772707753E-4
1.871555001637438E-4
1.815951005035877E-4
1.7637188308832613E-4
1.7145616678063908E-4
1.6682165928090224E-4
1.624449860097722E-4
1.5830529558682192E-4
1.5438392773942677E-4
1.5066413239679538E-4
1.471308309835178E-4
1.4377041268763264E-4
1.405705598599119E-4
1.3752009779179986E-4
1.346088649864631E-4
1.3182760073003998E-4
1.291678473269845E-4
1.2662186481308526E-4
1.241825563248895E-4
1.2184340260225226E-4
1.1959840434463644E-4
1.1744203134304419E-4
1.1536917747523957E-4
1.1337512078994222E-4
1.1145548802046964E-4
1.0960622296417973E-4
1.0782355824483115E-4
1.0610399004253841E-4
1.04444255433493E-4
1.02841312030064E-4
1.0129231965310788E-4
9.979462380355632E-5
The correct rate for BP: 100.00% 
