1.728770826348514
1.4467143569535836
1.1208578126615258
0.4275304855057701
0.0967349844975857
0.04579583637825432
0.030589418443880783
0.02276422648586649
0.01800096142213607
0.014813066745010723
0.012539072646704645
0.010840575279551885
0.009526895680079856
0.008482639185525952
0.007634010191733178
0.00693169228295233
0.006341520338282584
0.005839104644988569
0.005406585645937498
0.005030597011427587
0.004700943879987799
0.004409720151923908
0.004150704003503374
0.003918934666062486
0.003710410232501908
0.0035218680540972346
0.0033506226105614076
0.003194444085973595
0.003051466239166199
0.002920115665119507
0.0027990568854004377
0.0026871492958288664
0.002583413096704152
0.002487002099045033
0.00239718184535506
0.0023133118750569997
0.002234831249413445
0.0021612466599255213
0.00209212259945892
0.002027073191677846
0.0019657553623086085
0.0019078631027892963
0.0018531226283635671
0.0018012882725379773
0.0017521389908907528
0.0017054753715966626
0.001661117069278416
0.0016189005940815764
0.0015786774000801957
0.0015403122269264248
0.0015036816565728557
0.001468672853317607
0.0014351824606552667
0.0014031156327011898
0.0013723851814788242
0.0013429108242679476
0.0013146185176214956
0.0012874398666640463
0.001261311599959116
0.001236175101635166
0.0012119759936397101
0.0011886637619854647
0.001166191421694156
0.00114451521585759
0.0011235943448436323
0.0011033907221931502
0.0010838687541979664
0.0010649951405308847
0.0010467386936260303
0.0010290701747906173
0.0010119621452730205
9.953888307237743E-4
9.793259976694814E-4
9.637508407795676E-4
9.486418798448961E-4
9.339788655090955E-4
9.197426928998011E-4
9.059153224006213E-4
8.924797068864666E-4
8.794197248173728E-4
8.66720118649449E-4
8.543664380780572E-4
8.42344987677911E-4
8.30642778549018E-4
8.192474836166062E-4
8.081473962678359E-4
7.973313920391483E-4
7.867888930959321E-4
7.765098352704437E-4
7.664846374463943E-4
7.567041730981685E-4
7.471597438103121E-4
7.378430546189003E-4
7.287461910306861E-4
7.198615975887656E-4
7.111820578649688E-4
7.027006757698541E-4
6.944108580804347E-4
6.863062980943296E-4
6.783809603268238E-4
6.706290661742574E-4
6.630450804734559E-4
6.55623698892823E-4
6.483598360958097E-4
6.412486146222878E-4
6.342853544376962E-4
6.274655631037847E-4
6.207849265283998E-4
6.14239300254953E-4
6.078247012553756E-4
6.015373001930151E-4
5.953734141244439E-4
5.893294996115179E-4
5.834021462171183E-4
5.775880703599345E-4
5.718841095054188E-4
5.662872166717865E-4
5.607944552313017E-4
5.554029939885682E-4
5.501101025188487E-4
5.449131467505165E-4
5.398095847769268E-4
5.347969628839795E-4
5.298729117805368E-4
5.250351430197592E-4
5.202814456002049E-4
5.156096827363158E-4
5.110177887884583E-4
5.065037663435315E-4
5.020656834375522E-4
4.977016709122858E-4
4.934099198984228E-4
4.891886794183816E-4
4.850362541020491E-4
4.8095100200948657E-4
4.769313325546568E-4
4.7297570452486064E-4
4.6908262419079666E-4
4.652506435023731E-4
4.6147835836585953E-4
4.577644069981066E-4
4.541074683538998E-4
4.5050626062260465E-4
4.4695953979066526E-4
4.4346609826659945E-4
4.4002476356532296E-4
4.3663439704887477E-4
4.332938927207731E-4
4.300021760712925E-4
4.267582029712475E-4
4.235609586119087E-4
4.204094564888075E-4
4.1730273742734167E-4
4.1423986864823245E-4
4.1121994287087534E-4
4.082420774528859E-4
4.053054135640921E-4
4.024091153934254E-4
3.995523693871661E-4
3.967343835171153E-4
3.9395438657735185E-4
3.912116275082768E-4
3.8850537474669226E-4
3.8583491560080854E-4
3.8319955564902405E-4
3.8059861816147763E-4
3.7803144354333197E-4
3.7549738879887035E-4
3.729958270155235E-4
3.7052614686691314E-4
3.680877521341777E-4
3.6568006124472393E-4
3.633025068277463E-4
3.6095453528572446E-4
3.5863560638134894E-4
3.563451928390999E-4
3.540827799609974E-4
3.518478652558373E-4
3.4963995808146784E-4
3.4745857929948445E-4
3.453032609419019E-4
3.4317354588929026E-4
3.4106898755997085E-4
3.38989149609728E-4
3.3693360564177136E-4
3.3490193892639976E-4
3.3289374213009616E-4
3.3090861705362525E-4
3.289461743788247E-4
3.2700603342372404E-4
3.250878219057054E-4
3.2319117571237766E-4
3.213157386798972E-4
3.194611623784073E-4
3.1762710590439605E-4
3.1581323567966634E-4
3.140192252566999E-4
3.1224475513016634E-4
3.1048951255434803E-4
3.0875319136628755E-4
3.070354918144431E-4
3.0533612039262417E-4
3.0365478967906844E-4
3.0199121818042966E-4
3.003451301805462E-4
2.987162555937612E-4
2.971043298227217E-4
2.955090936204076E-4
2.939302929563029E-4
2.923676788865546E-4
2.9082100742796436E-4
2.892900394356978E-4
2.8777454048458344E-4
2.862742807538777E-4
2.847890349153568E-4
2.8331858202468714E-4
2.8186270541586084E-4
2.804211925987253E-4
2.789938351593641E-4
2.7758042866336065E-4
2.761807725617595E-4
2.747946700996904E-4
2.734219282275292E-4
2.720623575145664E-4
2.7071577206503916E-4
2.693819894364848E-4
2.680608305603654E-4
2.6675211966482615E-4
2.654556841995926E-4
2.641713547628754E-4
2.6289896503026356E-4
2.6163835168554545E-4
2.6038935435332536E-4
2.591518155335147E-4
2.5792558053748846E-4
2.567104974259782E-4
2.5550641694856033E-4
2.5431319248478006E-4
2.5313067998674666E-4
2.519587379232671E-4
2.50797227225405E-4
2.496460112334546E-4
2.485049556452533E-4
2.473739284658347E-4
2.462527999583472E-4
2.4514144259623E-4
2.440397310165783E-4
2.4294754197468505E-4
2.418647542997416E-4
2.407912488516034E-4
2.3972690847865643E-4
2.3867161797671833E-4
2.3762526404894397E-4
2.3658773526672816E-4
2.3555892203153624E-4
2.3453871653770098E-4
2.3352701273608785E-4
2.3252370629865058E-4
2.3152869458383822E-4
2.3054187660282788E-4
2.2956315298656467E-4
2.28592425953588E-4
2.2762959927860151E-4
2.266745782618076E-4
2.2572726969895062E-4
2.2478758185205116E-4
2.2385542442085297E-4
2.2293070851488514E-4
2.2201334662621427E-4
2.2110325260280234E-4
2.2020034162248221E-4
2.193045301675249E-4
2.1841573599978403E-4
2.1753387813641689E-4
2.1665887682613446E-4
2.1579065352601062E-4
2.1492913087878485E-4
2.1407423269069925E-4
2.132258839098061E-4
2.1238401060477184E-4
2.115485399441489E-4
2.1071940017609484E-4
2.0989652060854613E-4
2.09079831589822E-4
2.08269264489655E-4
2.0746475168061844E-4
2.066662265199889E-4
2.058736233319534E-4
2.050868773902506E-4
2.0430592490114095E-4
2.0353070298676003E-4
2.0276114966882825E-4
2.0199720385269878E-4
2.0123880531173997E-4
2.0048589467206102E-4
1.99738413397543E-4
1.9899630377518584E-4
1.9825950890076105E-4
1.975279726647813E-4
1.96801639738724E-4
1.9608045556156593E-4
1.9536436632659163E-4
1.9465331896845485E-4
1.939472611505392E-4
1.9324614125253023E-4
1.9254990835827963E-4
1.918585122438876E-4
1.911719033660499E-4
1.9049003285061356E-4
1.898128524813735E-4
1.8914031468910208E-4
1.8847237254077546E-4
1.8780897972904342E-4
1.8715009056186472E-4
1.8649565995239266E-4
1.8584564340902682E-4
1.851999970256774E-4
1.8455867747220093E-4
1.8392164198505667E-4
1.8328884835808448E-4
1.8266025493353933E-4
1.8203582059322387E-4
1.814155047498423E-4
1.8079926733849497E-4
1.801870688083388E-4
1.7957887011442616E-4
1.789746327096541E-4
1.7837431853691808E-4
1.7777789002137382E-4
1.7718531006287046E-4
1.7659654202850831E-4
1.760115497453398E-4
1.754302974932187E-4
1.7485274999775563E-4
1.7427887242343654E-4
1.737086303668444E-4
1.731419898500098E-4
1.725789173138917E-4
1.7201937961197392E-4
1.7146334400396708E-4
1.7091077814964344E-4
1.7036165010277365E-4
1.698159283051693E-4
1.6927358158084374E-4
1.687345791302669E-4
1.681988905247303E-4
1.67666485700803E-4
1.6713733495490987E-4
1.666114089379693E-4
1.6608867865015934E-4
1.6556911543575897E-4
1.6505269097808164E-4
1.6453937729450632E-4
1.6402914673158535E-4
1.6352197196023815E-4
1.6301782597104E-4
1.6251668206957413E-4
1.6201851387189192E-4
1.6152329530001302E-4
1.610310005775416E-4
1.6054160422532745E-4
1.600550810572192E-4
1.595714061758911E-4
1.5909055496872562E-4
1.586125031037725E-4
1.5813722652579393E-4
1.5766470145234417E-4
1.5719490436994047E-4
1.567278120302895E-4
1.5626340144657E-4
1.5580164988979645E-4
1.553425348852282E-4
1.5488603420882476E-4
1.5443212588380452E-4
1.5398078817720779E-4
1.5353199959655873E-4
1.530857388865482E-4
1.5264198502580055E-4
1.5220071722367041E-4
1.517619149171017E-4
1.5132555776754803E-4
1.5089162565790803E-4
1.504600986895634E-4
1.500309571794079E-4
1.496041816569684E-4
1.4917975286155206E-4
1.4875765173943305E-4
1.483378594411051E-4
1.4792035731856008E-4
1.4750512692261356E-4
1.47092150000278E-4
1.466814084921694E-4
1.462728845299678E-4
1.4586656043389843E-4
1.45462418710274E-4
1.4506044204905271E-4
1.4466061332145465E-4
1.4426291557760587E-4
1.4386733204421365E-4
1.43473846122289E-4
1.430824413849004E-4
1.426931015749555E-4
1.4230581060302317E-4
1.419205525451914E-4
1.4153731164095397E-4
1.4115607229112377E-4
1.4077681905578729E-4
1.4039953665229184E-4
1.400242099532458E-4
1.3965082398457483E-4
1.3927936392357895E-4
1.3890981509705224E-4
1.3854216297939104E-4
1.3817639319076063E-4
1.3781249149528673E-4
1.3745044379925774E-4
1.3709023614936252E-4
1.3673185473095947E-4
1.3637528586636202E-4
1.3602051601315908E-4
1.3566753176254902E-4
1.3531631983770161E-4
1.3496686709215557E-4
1.346191605082219E-4
1.3427318719541853E-4
1.3392893438893229E-4
1.3358638944809217E-4
1.3324553985487637E-4
1.3290637321243588E-4
1.3256887724362562E-4
1.3223303978958926E-4
1.3189884880833192E-4
1.315662923733269E-4
1.312353586721457E-4
1.3090603600510224E-4
1.3057831278391423E-4
1.302521775303871E-4
1.2992761887511815E-4
1.2960462555621744E-4
1.2928318641803956E-4
1.2896329040994686E-4
1.28644926585074E-4
1.2832808409913164E-4
1.2801275220920036E-4
1.2769892027255663E-4
1.2738657774551997E-4
1.270757141823002E-4
1.2676631923387436E-4
1.264583826468762E-4
1.2615189426248895E-4
1.2584684401537055E-4
1.2554322193258758E-4
1.2524101813255346E-4
1.2494022282400006E-4
1.2464082630494545E-4
1.2434281896168343E-4
1.2404619126779582E-4
1.2375093378315044E-4
1.2345703715294876E-4
1.231644921067606E-4
1.2287328945757644E-4
1.2258342010088255E-4
1.2229487501373395E-4
1.2200764525385458E-4
1.2172172195873575E-4
1.2143709634475576E-4
1.2115375970630937E-4
1.2087170341494024E-4
1.2059091891850342E-4
1.2031139774031502E-4
1.2003313147833899E-4
1.1975611180435533E-4
1.1948033046317259E-4
1.1920577927181603E-4
1.1893245011875265E-4
1.1866033496311624E-4
1.1838942583394017E-4
1.1811971482940632E-4
1.1785119411609269E-4
1.1758385592825021E-4
1.1731769256706666E-4
1.1705269639995554E-4
1.1678885985984372E-4
1.1652617544448338E-4
1.1626463571574793E-4
1.1600423329896299E-4
1.1574496088223059E-4
1.1548681121576814E-4
1.1522977711124328E-4
1.149738514411393E-4
1.1471902713811075E-4
1.1446529719435553E-4
1.1421265466098388E-4
1.1396109264741237E-4
1.1371060432075176E-4
1.1346118290521337E-4
1.1321282168150551E-4
1.129655139862562E-4
1.1271925321143389E-4
1.1247403280377904E-4
1.1222984626423362E-4
1.1198668714739044E-4
1.1174454906094202E-4
1.1150342566513592E-4
1.1126331067223469E-4
1.1102419784599894E-4
1.1078608100114483E-4
1.1054895400284473E-4
1.1031281076620009E-4
1.100776452557502E-4
1.0984345148496892E-4
1.0961022351576711E-4
1.0937795545801042E-4
1.0914664146903805E-4
1.0891627575318907E-4
1.0868685256132656E-4
1.0845836619038333E-4
1.0823081098289214E-4
1.0800418132654374E-4
1.0777847165373356E-4
1.0755367644112052E-4
1.0732979020918353E-4
1.0710680752180649E-4
1.0688472298583093E-4
1.0666353125065171E-4
1.0644322700778817E-4
1.0622380499047355E-4
1.0600525997325797E-4
1.0578758677159424E-4
1.0557078024144398E-4
1.0535483527888883E-4
1.0513974681973383E-4
1.0492550983912825E-4
1.0471211935118934E-4
1.044995704086177E-4
1.0428785810233582E-4
1.0407697756111425E-4
1.0386692395121218E-4
1.0365769247602135E-4
1.0344927837570659E-4
1.0324167692686043E-4
1.0303488344215326E-4
1.028288932699933E-4
1.0262370179418609E-4
1.0241930443360378E-4
1.0221569664184898E-4
1.0201287390693262E-4
1.0181083175094414E-4
1.0160956572974046E-4
1.0140907143262284E-4
1.0120934448202483E-4
1.0101038053320871E-4
1.0081217527395183E-4
1.0061472442425151E-4
1.0041802373602032E-4
1.0022206899279019E-4
1.0002685600942906E-4
9.98323806318406E-5
The correct rate for BP: 100.00% 
