1.6262856631057743
0.6005130622407251
0.06761751636969449
0.0027120480965802207
0.0019867118017280034
0.0015734484284176428
0.0013062599774780468
0.0011193402354285795
9.81336325777305E-4
8.753578502456749E-4
7.914857001792984E-4
7.235076954875633E-4
6.673338107965514E-4
6.201611939233533E-4
5.800049473355818E-4
5.454203137295004E-4
5.15330914966006E-4
4.889186138783943E-4
4.655506518445519E-4
4.447301262654106E-4
4.26061526629393E-4
4.092262448246325E-4
3.9396484735386184E-4
3.800640276138197E-4
3.6734685809065826E-4
3.556654086597255E-4
3.448950874200239E-4
3.3493025303791055E-4
3.256807776471884E-4
3.170693286940325E-4
3.090292004205386E-4
3.0150256974557563E-4
2.9443908287254457E-4
2.8779470184589766E-4
2.815307570645479E-4
2.7561316419755146E-4
2.700117732526907E-4
2.646998245740354E-4
2.596534918947402E-4
2.548514966778223E-4
2.502747811545811E-4
2.4590622994457743E-4
2.4173043208227662E-4
2.3773347680722484E-4
2.3390277769138213E-4
2.3022692064909604E-4
2.2669553215543626E-4
2.2329916462896572E-4
2.200291964460677E-4
2.1687774447070576E-4
2.1383758732487122E-4
2.1090209790553788E-4
2.0806518388579869E-4
2.0532123513004695E-4
2.0266507711303106E-4
2.0009192956624538E-4
1.9759736968707575E-4
1.95177299340407E-4
1.9282791576183752E-4
1.9054568533895125E-4
1.883273201042179E-4
1.8616975662171762E-4
1.8407013699140945E-4
1.8202579173023199E-4
1.8003422431979424E-4
1.7809309723665286E-4
1.7620021930387958E-4
1.743535342221186E-4
1.7255111015530478E-4
1.707911302609532E-4
1.6907188406774555E-4
1.673917596142587E-4
1.6574923627250625E-4
1.6414287818842908E-4
1.625713282790319E-4
1.6103330273240082E-4
1.5952758596257901E-4
1.5805302597653214E-4
1.5660853011473718E-4
1.551930611310791E-4
1.5380563358118092E-4
1.5244531049145364E-4
1.5111120028391917E-4
1.4980245393433764E-4
1.48518262343392E-4
1.4725785390261645E-4
1.460204922385307E-4
1.4480547412000218E-4
1.4361212751529503E-4
1.42439809786474E-4
1.4128790600999658E-4
1.4015582741335966E-4
1.3904300991852565E-4
1.3794891278373772E-4
1.3687301733605634E-4
1.3581482578756986E-4
1.3477386012895922E-4
1.3374966109450402E-4
1.3274178719320086E-4
1.317498138011147E-4
1.3077333231043404E-4
1.298119493311503E-4
1.2886528594153315E-4
1.2793297698397596E-4
1.2701467040295068E-4
1.2611002662218864E-4
1.2521871795834175E-4
1.243404280686398E-4
1.2347485143020118E-4
1.2262169284893803E-4
1.2178066699600642E-4
1.209514979700647E-4
1.2013391888357083E-4
1.1932767147163555E-4
1.1853250572195029E-4
1.1774817952443998E-4
1.1697445833944635E-4
1.1621111488321698E-4
1.1545792882971021E-4
1.1471468652764906E-4
1.1398118073194209E-4
1.1325721034858075E-4
1.1254258019223161E-4
1.1183710075577316E-4
1.1114058799104859E-4
1.1045286310023089E-4
1.097737523371437E-4
1.0910308681801398E-4
1.0844070234108526E-4
1.0778643921463786E-4
1.0714014209289093E-4
1.0650165981943583E-4
1.0587084527768244E-4
1.0524755524807147E-4
1.046316502715462E-4
1.040229945190914E-4
1.0342145566689628E-4
1.0282690477694765E-4
1.0223921618269578E-4
1.0165826737959513E-4
1.0108393892022275E-4
1.0051611431376936E-4
9.995467992968434E-5
The correct rate for BP: 100.00% 
