1.5537293528595078
1.800968283154355
0.02694323653952792
0.011935014009416886
0.008049746044743107
0.006091633497060503
0.004904738150149056
0.004103688567374367
0.00352549947443675
0.003088233022453155
0.002745911556137156
0.002470657497411823
0.002244555709856572
0.0020555572005733777
0.001895255322370998
0.0017576043029464737
0.001638144090241472
0.0015335121726015835
0.0014411254626504346
0.0013589668435284744
0.0012854382557553894
0.001219257302175595
0.0011593830306441421
0.0011049617155997993
0.0010552866196522777
0.0010097677021581291
9.679085193021525E-4
9.292883996027066E-4
8.935485409325884E-4
8.603810582683923E-4
8.295202766727126E-4
8.007357504235446E-4
7.738266219669528E-4
7.486170301117931E-4
7.249523467337791E-4
7.026960727677113E-4
6.81727262637775E-4
6.619383751292785E-4
6.432334705937184E-4
6.255266911216336E-4
6.087409732249692E-4
5.928069525937287E-4
5.776620283300591E-4
5.632495602323519E-4
5.495181775888227E-4
5.364211818333597E-4
5.239160285358615E-4
5.119638767120427E-4
5.005291954720503E-4
4.895794196821858E-4
4.790846476666836E-4
4.6901737508694714E-4
4.593522600511623E-4
4.5006591526495197E-4
4.4113672366347025E-4
4.3254467449056863E-4
4.242712172304031E-4
4.162991311660718E-4
4.0861240865118584E-4
4.011961504434127E-4
3.9403647167208513E-4
3.8712041720192434E-4
3.804358853166797E-4
3.739715587850554E-4
3.6771684249000395E-4
3.6166180690460253E-4
3.557971367857434E-4
3.5011408453285533E-4
3.4460442772487145E-4
3.3926043040567765E-4
3.3407480773809436E-4
3.290406936897453E-4
3.2415161145212055E-4
3.194014463271497E-4
3.147844208447914E-4
3.1029507190067474E-4
3.0592822972519396E-4
3.016789985154027E-4
2.9754273857857734E-4
2.935150498516427E-4
2.895917566746184E-4
2.857688937082392E-4
2.8204269289683196E-4
2.784095713871968E-4
2.7486612032275124E-4
2.714090944399748E-4
2.680354024010074E-4
2.647420978024382E-4
2.6152637080578656E-4
2.583855403401808E-4
2.553170468321992E-4
2.5231844542175923E-4
2.4938739962664385E-4
2.4652167542151774E-4
2.4371913570007579E-4
2.40977735091878E-4
2.3829551510757212E-4
2.3567059958860993E-4
2.331011904393605E-4
2.3058556362146282E-4
2.2812206539183974E-4
2.257091087672208E-4
2.2334517019952161E-4
2.2102878644750972E-4
2.1875855163142914E-4
2.1653311445821242E-4
2.1435117560590142E-4
2.122114852567166E-4
2.1011284076903307E-4
2.0805408447924134E-4
2.0603410162513464E-4
2.0405181838303662E-4
2.0210620001150412E-4
2.0019624909493633E-4
1.9832100388084047E-4
1.9647953670501574E-4
1.9467095249930692E-4
1.9289438737686706E-4
1.9114900729033681E-4
1.8943400675858394E-4
1.8774860765793727E-4
1.8609205807416262E-4
1.8446363121164607E-4
1.8286262435649717E-4
1.8128835789048303E-4
1.7974017435291384E-4
1.782174375478049E-4
1.7671953169376257E-4
1.7524586061424662E-4
1.7379584696598988E-4
1.7236893150350145E-4
1.7096457237770097E-4
1.6958224446682926E-4
1.6822143873796818E-4
1.6688166163750115E-4
1.6556243450903182E-4
1.6426329303730893E-4
1.629837867168225E-4
1.617234783438135E-4
1.6048194353048502E-4
1.5925877024031487E-4
1.580535583433854E-4
1.5686591919076445E-4
1.5569547520695491E-4
1.5454185949956257E-4
1.534047154853082E-4
1.5228369653162824E-4
1.5117846561307454E-4
1.5008869498182842E-4
1.4901406585166683E-4
1.4795426809470277E-4
1.4690899995036457E-4
1.4587796774599327E-4
1.4486088562852914E-4
1.4385747530681474E-4
1.428674658039625E-4
1.418905932194061E-4
1.4092660050013655E-4
1.3997523722075208E-4
1.3903625937189453E-4
1.3810942915674646E-4
1.3719451479519393E-4
1.3629129033533344E-4
1.3539953547200468E-4
1.345190353720691E-4
1.3364958050608825E-4
1.3279096648618338E-4
1.319429939098032E-4
1.3110546820911586E-4
1.302781995058474E-4
1.2946100247126965E-4
1.286536961912107E-4
1.2785610403578992E-4
1.27068053533754E-4
1.2628937625119667E-4
1.255199076744795E-4
1.247594870972095E-4
1.2400795751108028E-4
1.2326516550045124E-4
1.225309611405057E-4
1.218051978988352E-4
1.2108773254033154E-4
1.2037842503526351E-4
1.196771384704006E-4
1.1898373896305788E-4
1.1829809557798173E-4
1.1762008024693995E-4
1.1694956769093114E-4
1.162864353449067E-4
1.1563056328490149E-4
1.1498183415750995E-4
1.1434013311159733E-4
1.1370534773217108E-4
1.1307736797634194E-4
1.1245608611127632E-4
1.1184139665409168E-4
1.1123319631362113E-4
1.1063138393395183E-4
1.1003586043971928E-4
1.09446528783059E-4
1.0886329389217252E-4
1.0828606262144819E-4
1.0771474370307847E-4
1.0714924770013413E-4
1.0658948696102145E-4
1.0603537557530536E-4
1.0548682933082237E-4
1.0494376567205995E-4
1.0440610365974267E-4
1.0387376393160851E-4
1.0334666866430128E-4
1.0282474153637067E-4
1.0230790769233344E-4
1.017960937077572E-4
1.0128922755532869E-4
1.0078723857189276E-4
1.00290057426408E-4
9.979761608881272E-5
The correct rate for BP: 100.00% 
