2.3330444512861264
0.6934505886770231
0.20423748032694067
0.0373986354625306
0.02784250077692445
0.021540392575924612
0.017501071474594277
0.01471000685337695
0.012668299387324247
0.011111084866120172
0.00988507029987373
0.00889539589657733
0.008080213603326421
0.007397478225347359
0.00681761273567694
0.006319209233147484
0.005886393840903705
0.0055071495262746985
0.005172213738916476
0.004874333451285186
0.00460774936632611
0.004367831080978811
0.004150814080970965
0.003953606898702508
0.003773647540295731
0.0036087951065781948
0.003457246946357219
0.0033174745959151067
0.0031881737206030953
0.003068224617129664
0.00295666076840404
0.0028526436007717086
0.0027554420635119543
0.0026644159903574578
0.002579002451374334
0.0024987044872671303
0.0024230817553095455
0.0023517427194116904
0.00228433809533753
0.0022205553222261047
0.002160113877996471
0.0021027612923165268
0.0020482697390783746
0.001996433112593918
0.0019470645093808134
0.0018999940514896395
0.0018550669986142235
0.001812142105328461
0.0017710901871676947
0.0017317928652750376
0.0016941414642428466
0.0016580360418115502
0.001623384532414427
0.0015901019893109303
0.0015581099123416805
0.001527335650248352
0.0014977118681023017
0.001469176071729688
0.0014416701821545128
0.0014151401540394033
0.0013895356329168417
0.0013648096466953327
0.0013409183275150385
0.0013178206605323295
0.0012954782566454827
0.001273855146546543
0.001252917593804858
0.001232633924965725
0.0012129743748874452
0.0011939109457488528
0.0011754172783408918
0.0011574685344137696
0.0011400412889897025
0.0011231134316719695
0.0011066640760872943
0.0010906734766916405
0.0010751229522515595
0.001059994815385793
0.0010452723076153766
0.0010309395394273947
0.0010169814349074565
0.001003383680540475
9.901326778189092E-4
9.772154993328993E-4
9.646198480478825E-4
9.523340195037688E-4
9.403468666942168E-4
9.286477674075928E-4
9.172265938308931E-4
9.060736842362529E-4
8.951798165856527E-4
8.845361839043588E-4
8.741343712864989E-4
8.639663344083013E-4
8.540243794350583E-4
8.443011442177766E-4
8.347895806840572E-4
8.254829383359566E-4
8.163747487744686E-4
8.074588111771926E-4
7.987291786614242E-4
7.901801454705076E-4
7.818062349261263E-4
7.736021880937647E-4
7.655629531126682E-4
7.576836751453642E-4
7.499596869053173E-4
7.423864997242867E-4
7.349597951239964E-4
7.276754168592123E-4
7.205293634018661E-4
7.135177808379969E-4
7.06636956151324E-4
6.998833108692546E-4
6.932533950486498E-4
6.867438815804568E-4
6.803515607936815E-4
6.740733353405381E-4
6.679062153458396E-4
6.618473138049367E-4
6.558938422154049E-4
6.500431064289079E-4
6.442925027102523E-4
6.386395139918483E-4
6.330817063122917E-4
6.276167254286374E-4
6.222422935925886E-4
6.169562064814402E-4
6.117563302751952E-4
6.066405988717754E-4
6.016070112329105E-4
5.966536288534193E-4
5.917785733474646E-4
5.869800241453972E-4
5.822562162953936E-4
5.776054383643562E-4
5.730260304329E-4
5.685163821795702E-4
5.640749310496693E-4
5.597001605044179E-4
5.553905983463008E-4
5.511448151168833E-4
5.469614225633431E-4
5.428390721704157E-4
5.38776453754457E-4
5.347722941166391E-4
5.308253557523302E-4
5.269344356140485E-4
5.230983639253455E-4
5.193160030431928E-4
5.155862463666158E-4
5.119080172893962E-4
5.082802681947506E-4
5.047019794900801E-4
5.011721586799101E-4
4.976898394752924E-4
4.942540809380091E-4
4.908639666580135E-4
4.8751860396256636E-4
4.8421712315573783E-4
4.8095867678683873E-4
4.7774243894658564E-4
4.7456760458971343E-4
4.7143338888294944E-4
4.6833902657718914E-4
4.652837714028949E-4
4.6226689548766755E-4
4.592876887950983E-4
4.563454585839593E-4
4.534395288869125E-4
4.505692400078941E-4
4.477339480374462E-4
4.4493302438515953E-4
4.4216585532867085E-4
4.394318415783865E-4
4.367303978574167E-4
4.340609524960133E-4
4.314229470400071E-4
4.288158358726462E-4
4.262390858492853E-4
4.2369217594447257E-4
4.21174596910921E-4
4.186858509498478E-4
4.16225451392401E-4
4.137929223915062E-4
4.1138779862396425E-4
4.0900962500225996E-4
4.066579563957911E-4
4.0433235736110943E-4
4.020324018808874E-4
3.9975767311122424E-4
3.9750776313705194E-4
3.952822727352693E-4
3.9308081114539236E-4
3.909029958473638E-4
3.887484523463616E-4
3.8661681396425266E-4
3.845077216375127E-4
3.824208237213805E-4
3.803557757999828E-4
3.7831224050226844E-4
3.7628988732350767E-4
3.7428839245219825E-4
3.7230743860212494E-4
3.703467148494896E-4
3.684059164748321E-4
3.6648474480968846E-4
3.645829070876694E-4
3.6270011630002227E-4
3.6083609105529087E-4
3.589905554431303E-4
3.5716323890200606E-4
3.553538760907159E-4
3.5356220676358675E-4
3.517879756492204E-4
3.5003093233267383E-4
3.4829083114098694E-4
3.4656743103186996E-4
3.448604954855727E-4
3.431697923997135E-4
3.414950939870192E-4
3.3983617667593917E-4
3.3819282101390954E-4
3.365648115733245E-4
3.349519368600235E-4
3.3335398922430343E-4
3.3177076477425375E-4
3.3020206329151334E-4
3.2864768814920635E-4
3.2710744623207677E-4
3.2558114785876833E-4
3.240686067061303E-4
3.2256963973549503E-4
3.2108406712092976E-4
3.19611712179316E-4
3.1815240130225015E-4
3.1670596388972506E-4
3.1527223228549093E-4
3.138510417140694E-4
3.124422302194018E-4
3.1104563860502436E-4
3.09661110375781E-4
3.082884916809712E-4
3.0692763125896033E-4
3.0557838038314895E-4
3.042405928092924E-4
3.029141247241284E-4
3.015988346952728E-4
3.0029458362232635E-4
2.990012346892099E-4
2.9771865331764037E-4
2.964467071217429E-4
2.951852658637444E-4
2.9393420141077205E-4
2.9269338769264726E-4
2.914627006607053E-4
2.9024201824759974E-4
2.8903122032805266E-4
2.8783018868052795E-4
2.8663880694982936E-4
2.854569606105272E-4
2.8428453693130247E-4
2.831214249400555E-4
2.8196751538988094E-4
2.808227007257816E-4
2.7968687505217435E-4
2.7855993410113374E-4
2.7744177520135213E-4
2.763322972478284E-4
2.7523140067219515E-4
2.7413898741379087E-4
2.7305496089129996E-4
2.7197922597509047E-4
2.7091168896013686E-4
2.698522575395531E-4
2.688008407787141E-4
2.677573490899474E-4
2.6672169420778103E-4
2.656937891647234E-4
2.6467354826760427E-4
2.63660887074391E-4
2.6265572237151426E-4
2.616579721517307E-4
2.60667555592385E-4
2.596843930342056E-4
2.587084059605171E-4
2.5773951697690025E-4
2.567776497912974E-4
2.5582272919452736E-4
2.548746810412082E-4
2.5393343223109203E-4
2.5299891069078477E-4
2.520710453558344E-4
2.5114976615322375E-4
2.502350039841893E-4
2.493266907074295E-4
2.4842475912262275E-4
2.475291429543037E-4
2.4663977683608563E-4
2.4575659629516496E-4
2.448795377371685E-4
2.4400853843130764E-4
2.4314353649580823E-4
2.4228447088366878E-4
2.4143128136866322E-4
2.405839085316588E-4
2.3974229374719872E-4
2.3890637917032642E-4
2.3807610772369348E-4
2.3725142308493087E-4
2.364322696742304E-4
2.3561859264222416E-4
2.3481033785803268E-4
2.3400745189761617E-4
2.3320988203229387E-4
2.324175762175209E-4
2.316304830818748E-4
2.308485519162371E-4
2.3007173266319995E-4
2.2929997590666513E-4
2.2853323286166002E-4
2.277714553643036E-4
2.270145958620281E-4
2.262626074039072E-4
2.2551544363123418E-4
2.247730587682414E-4
2.2403540761299957E-4
2.2330244552847605E-4
2.2257412843379484E-4
2.2185041279561488E-4
2.2113125561969003E-4
2.2041661444258793E-4
2.1970644732355023E-4
2.1900071283649855E-4
2.182993700621962E-4
2.1760237858056664E-4
2.1690969846310026E-4
2.1622129026546485E-4
2.1553711502019673E-4
2.14857134229542E-4
2.141813098584399E-4
2.135096043276063E-4
2.1284198050675992E-4
2.1217840170795234E-4
2.1151883167903966E-4
2.1086323459723833E-4
2.1021157506281692E-4
2.0956381809290008E-4
2.0891992911536378E-4
2.0827987396284726E-4
2.0764361886687707E-4
2.070111304520738E-4
2.0638237573047106E-4
2.0575732209594783E-4
2.0513593731871232E-4
2.045181895399318E-4
2.0390404726641615E-4
2.032934793654196E-4
2.0268645505949753E-4
2.0208294392149492E-4
2.0148291586957658E-4
2.008863411623738E-4
2.0029319039418413E-4
1.997034344902836E-4
1.9911704470228778E-4
1.9853399260360627E-4
1.9795425008496974E-4
1.973777893500315E-4
1.9680458291103966E-4
1.9623460358458343E-4
1.9566782448740978E-4
1.9510421903229716E-4
1.9454376092402402E-4
1.9398642415537152E-4
1.9343218300321152E-4
1.928810120246492E-4
1.923328860532342E-4
1.917877801952316E-4
1.9124566982594624E-4
1.9070653058611455E-4
1.9017033837834442E-4
1.8963706936363928E-4
1.8910669995792585E-4
1.8857920682868905E-4
1.880545668916309E-4
1.875327573074049E-4
1.8701375547835485E-4
1.8649753904538002E-4
1.8598408588477923E-4
1.8547337410516394E-4
1.849653820444676E-4
1.844600882669222E-4
1.839574715601352E-4
1.8345751093220924E-4
1.8296018560887823E-4
1.8246547503071242E-4
1.8197335885035618E-4
1.8148381692981603E-4
1.8099682933777662E-4
1.805123763469729E-4
1.8003043843158444E-4
1.7955099626469607E-4
1.7907403071576501E-4
1.7859952284815205E-4
1.781274539166775E-4
1.7765780536521328E-4
1.7719055882431687E-4
1.7672569610890123E-4
1.762631992159246E-4
1.7580305032214555E-4
1.7534523178187156E-4
1.7488972612477572E-4
1.744365160537256E-4
1.7398558444265102E-4
1.7353691433444386E-4
1.7309048893888768E-4
1.7264629163061095E-4
1.7220430594707846E-4
1.7176451558661724E-4
1.7132690440645686E-4
1.7089145642080572E-4
1.7045815579894892E-4
1.7002698686339484E-4
1.695979340880194E-4
1.6917098209624665E-4
1.68746115659272E-4
1.6832331969429557E-4
1.6790257926276795E-4
1.674838795686969E-4
1.6706720595694021E-4
1.6665254391155261E-4
1.6623987905413083E-4
1.6582919714220137E-4
1.6542048406762897E-4
1.6501372585502616E-4
1.646089086602174E-4
1.6420601876870194E-4
1.6380504259414E-4
1.634059666768719E-4
1.6300877768244667E-4
1.6261346240017494E-4
1.6222000774170284E-4
1.618284007396016E-4
1.6143862854598235E-4
1.6105067843112618E-4
1.6066453778213234E-4
1.6028019410158211E-4
1.5989763500623633E-4
1.5951684822572445E-4
1.5913782160128126E-4
1.5876054308447057E-4
1.5838500073595517E-4
1.5801118272425608E-4
1.5763907732454875E-4
1.5726867291747192E-4
1.5689995798793746E-4
1.565329211239813E-4
1.561675510156046E-4
1.5580383645364272E-4
1.554417663286563E-4
1.5508132962981948E-4
1.547225154438359E-4
1.5436531295386617E-4
1.5400971143846417E-4
1.5365570027054255E-4
1.5330326891632056E-4
1.529524069343219E-4
1.5260310397437017E-4
1.5225534977658783E-4
1.5190913417042085E-4
1.5156444707367179E-4
1.5122127849154988E-4
1.5087961851572342E-4
1.5053945732339022E-4
1.5020078517636584E-4
1.4986359242017406E-4
1.4952786948314737E-4
1.4919360687555984E-4
1.4886079518873155E-4
1.485294250941943E-4
1.481994873428189E-4
1.4787097276399179E-4
1.4754387226477894E-4
1.4721817682911354E-4
1.4689387751698103E-4
1.4657096546362794E-4
1.462494318787714E-4
1.4592926804582506E-4
1.4561046532112667E-4
1.4529301513317825E-4
1.4497690898190345E-4
1.446621384379079E-4
1.4434869514174143E-4
1.440365708031807E-4
1.4372575720052042E-4
1.4341624617985986E-4
1.4310802965441724E-4
1.4280109960384445E-4
1.424954480735317E-4
1.4219106717396028E-4
1.418879490800226E-4
1.4158608603038106E-4
1.4128547032681515E-4
1.4098609433358015E-4
1.4068795047679058E-4
1.4039103124377955E-4
1.4009532918249658E-4
1.3980083690089996E-4
1.3950754706634186E-4
1.3921545240498927E-4
1.3892454570123763E-4
1.3863481979711949E-4
1.3834626759174433E-4
1.3805888204072538E-4
1.3777265615562125E-4
1.3748758300339555E-4
1.3720365570584912E-4
1.3692086743909482E-4
1.3663921143303078E-4
1.3635868097079372E-4
1.3607926938825776E-4
1.3580097007350557E-4
1.3552377646633139E-4
1.352476820577236E-4
1.3497268038938976E-4
1.3469876505324067E-4
1.3442592969092348E-4
1.3415416799333622E-4
1.3388347370014758E-4
1.3361384059933795E-4
1.3334526252672745E-4
1.3307773336552488E-4
1.3281124704587227E-4
1.325457975443924E-4
1.3228137888375688E-4
1.3201798513223334E-4
1.3175561040326445E-4
1.314942488550465E-4
1.3123389469008541E-4
1.3097454215479714E-4
1.307161855390828E-4
1.304588191759337E-4
1.3020243744101E-4
1.2994703475225215E-4
1.296926055694845E-4
1.2943914439402353E-4
1.2918664576828896E-4
1.2893510427542732E-4
1.28684514538928E-4
1.284348712222553E-4
1.281861690284699E-4
1.2793840269987775E-4
1.2769156701765706E-4
1.274456568015032E-4
1.2720066690927789E-4
1.2695659223665773E-4
1.2671342771678994E-4
1.264711683199471E-4
1.26229809053194E-4
1.2598934496004581E-4
1.257497711201479E-4
1.2551108264893666E-4
1.2527327469732155E-4
1.2503634245136504E-4
1.2480028113196853E-4
1.2456508599454873E-4
1.2433075232874303E-4
1.2409727545808138E-4
1.2386465073970692E-4
1.2363287356406075E-4
1.2340193935458753E-4
1.231718435674414E-4
1.2294258169119818E-4
1.2271414924656552E-4
1.2248654178610138E-4
1.2225975489392425E-4
1.2203378418544493E-4
1.2180862530708173E-4
1.2158427393599792E-4
1.2136072577982357E-4
1.2113797657638698E-4
1.2091602209346041E-4
1.2069485812848868E-4
1.2047448050833549E-4
1.2025488508902505E-4
1.2003606775549311E-4
1.1981802442132955E-4
1.1960075102853661E-4
1.1938424354727461E-4
1.1916849797562789E-4
1.189535103393657E-4
1.1873927669169018E-4
1.1852579311301696E-4
1.1831305571073082E-4
1.1810106061895833E-4
1.1788980399834197E-4
1.1767928203581622E-4
1.1746949094436671E-4
1.1726042696283683E-4
1.1705208635567974E-4
1.16844465412763E-4
1.1663756044914136E-4
1.1643136780484936E-4
1.1622588384468812E-4
1.1602110495802074E-4
1.1581702755855797E-4
1.1561364808416376E-4
1.1541096299665305E-4
1.1520896878157406E-4
1.1500766194803343E-4
1.148070390284876E-4
1.146070965785467E-4
1.1440783117679146E-4
1.1420923942457789E-4
1.1401131794584091E-4
1.1381406338692217E-4
1.1361747241637474E-4
1.1342154172478433E-4
1.1322626802458971E-4
1.1303164804989663E-4
1.1283767855630539E-4
1.1264435632073555E-4
1.1245167814124728E-4
1.1225964083687724E-4
1.1206824124745513E-4
1.1187747623344864E-4
1.1168734267577933E-4
1.1149783747567695E-4
1.113089575544974E-4
1.1112069985356763E-4
1.109330613340298E-4
1.1074603897666582E-4
1.1055962978175968E-4
1.1037383076892636E-4
1.101886389769584E-4
1.1000405146367846E-4
1.0982006530578543E-4
1.0963667759869659E-4
1.0945388545641194E-4
1.092716860113521E-4
1.0909007641422327E-4
1.0890905383386048E-4
1.0872861545709881E-4
1.0854875848862251E-4
1.0836948015082321E-4
1.0819077768365733E-4
1.0801264834452489E-4
1.0783508940810717E-4
1.0765809816625299E-4
1.0748167192783403E-4
1.0730580801861358E-4
1.07130503781112E-4
1.0695575657447921E-4
1.0678156377436491E-4
1.066079227727955E-4
1.0643483097803313E-4
1.0626228581446059E-4
1.060902847224608E-4
1.0591882515827974E-4
1.0574790459391261E-4
1.055775205169797E-4
1.0540767043061418E-4
1.0523835185332813E-4
1.0506956231891194E-4
1.0490129937630187E-4
1.0473356058946978E-4
1.0456634353731767E-4
1.0439964581354628E-4
1.0423346502655805E-4
1.040677987993373E-4
1.0390264476934337E-4
1.0373800058839675E-4
1.0357386392257286E-4
1.0341023245210088E-4
1.0324710387124003E-4
1.0308447588819473E-4
1.02922346224994E-4
1.027607126173957E-4
1.0259957281478013E-4
1.0243892458004912E-4
1.0227876568952833E-4
1.021190939328561E-4
1.0195990711290147E-4
1.0180120304564931E-4
1.0164297956011488E-4
1.0148523449823726E-4
1.0132796571479192E-4
1.0117117107729186E-4
1.010148484658904E-4
1.0085899577330037E-4
1.0070361090468097E-4
1.0054869177756862E-4
1.0039423632176455E-4
1.0024024247926884E-4
1.0008670820416704E-4
9.993363146256116E-5
The correct rate for BP: 100.00% 
