1.2439171384678531
1.9405099060694828
1.8676748666773308
0.3691560864080803
0.006021537502582919
0.004663205234737471
0.003799647609346467
0.0032214372746728866
0.0027989210202922013
0.0024743218177250607
0.0022164005412372094
0.0020062848445698794
0.0018317380168966463
0.001684420597387723
0.0015584310532287884
0.0014494664070626685
0.0013543113129527251
0.0012705130338240538
0.0011961671745777994
0.0011297721783425348
0.0010701279964144103
0.0010162639670221795
9.673864943673505E-4
9.228404450895267E-4
8.820802324770905E-4
8.446478608996255E-4
8.101560486114422E-4
7.782751080061464E-4
7.48722641580324E-4
7.212553726105404E-4
6.956626116690085E-4
6.717609891345333E-4
6.493901764787954E-4
6.284093864053082E-4
6.086944913652755E-4
5.901356366864358E-4
5.726352520729665E-4
5.561063860557283E-4
5.40471303857844E-4
5.256603013585741E-4
5.116106973057597E-4
4.982659733156011E-4
4.8557503700326316E-4
4.734915881771742E-4
4.6197357168051875E-4
4.509827033833427E-4
4.4048405817763664E-4
4.304457107265096E-4
4.208384212611787E-4
4.116353599789036E-4
4.0281186462732844E-4
3.9434522671101763E-4
3.8621450245888837E-4
3.7840034527484244E-4
3.708848568800292E-4
3.636514547619291E-4
3.5668475388647475E-4
3.499704609168968E-4
3.4349527942549596E-4
3.3724682479028645E-4
3.3121354764307256E-4
3.253846648846059E-4
3.1975009740958863E-4
3.143004137934784E-4
3.0902677928676837E-4
3.0392090954306164E-4
2.989750285770163E-4
2.941818305086083E-4
2.8953444470232204E-4
2.8502640395557056E-4
2.8065161543012053E-4
2.7640433405498165E-4
2.722791381593859E-4
2.682709071212051E-4
2.643748008391309E-4
2.605862408578092E-4
2.569008929928235E-4
2.5331465131861556E-4
2.4982362339644E-4
2.4642411663190376E-4
2.4311262566278024E-4
2.398858206876162E-4
2.367405366544033E-4
2.3367376323640127E-4
2.306826355291697E-4
2.2776442540909758E-4
2.2491653349929918E-4
2.2213648169373625E-4
2.194219061949222E-4
2.167705510245609E-4
2.1418026197017194E-4
2.1164898093392067E-4
2.0917474065292217E-4
2.0675565976283744E-4
2.0438993817911737E-4
2.020758527722535E-4
1.998117533155777E-4
1.9759605868571243E-4
1.9542725329761362E-4
1.9330388375741537E-4
1.9122455571782222E-4
1.891879309218737E-4
1.8719272442208133E-4
1.8523770196291693E-4
1.8332167751566506E-4
1.8144351095529824E-4
1.7960210587003944E-4
1.7779640749480778E-4
1.760254007604935E-4
1.742881084515675E-4
1.7258358946506156E-4
1.7091093716453142E-4
1.692692778229796E-4
1.6765776914919744E-4
1.6607559889239164E-4
1.6452198352027753E-4
1.629961669661652E-4
1.6149741944090042E-4
1.6002503630578103E-4
1.5857833700282738E-4
1.571566640390436E-4
1.55759382021519E-4
1.5438587674043185E-4
1.5303555429722513E-4
1.5170784027534903E-4
1.504021789512041E-4
1.4911803254302015E-4
1.4785488049556068E-4
1.466122187986846E-4
1.4538955933791347E-4
1.4418642927525985E-4
1.4300237045871246E-4
1.4183693885879683E-4
1.4068970403084019E-4
1.3956024860152896E-4
1.3844816777852485E-4
1.3735306888192612E-4
1.3627457089646652E-4
1.3521230404336807E-4
1.3416590937086526E-4
1.3313503836246193E-4
1.3211935256201754E-4
1.311185232148556E-4
1.3013223092405856E-4
1.291601653212469E-4
1.2820202475113618E-4
1.2725751596915114E-4
1.2632635385155077E-4
1.254082611174054E-4
1.2450296806189E-4
1.236102123003666E-4
1.2272973852272257E-4
1.2186129825753552E-4
1.2100464964555043E-4
1.2015955722211318E-4
1.1932579170808562E-4
1.1850312980889931E-4
1.1769135402137024E-4
1.1689025244793886E-4
1.1609961861796515E-4
1.1531925131582894E-4
1.1454895441548725E-4
1.1378853672123851E-4
1.1303781181439091E-4
1.1229659790562365E-4
1.115647176927631E-4
1.1084199822375346E-4
1.1012827076461596E-4
1.0942337067216333E-4
1.087271372712905E-4
1.0803941373663565E-4
1.0736004697845292E-4
1.0668888753249495E-4
1.060257894537637E-4
1.0537061021397088E-4
1.0472321060254454E-4
1.0408345463104533E-4
1.0345120944087194E-4
1.0282634521411122E-4
1.0220873508738016E-4
1.0159825506862071E-4
1.0099478395664418E-4
1.0039820326337806E-4
9.98083971386838E-5
The correct rate for BP: 100.00% 
