2.47251851843734
0.9732573521952071
1.9898066168275563
1.9902840802491404
1.9833170692736417
1.9562950630037246
1.9321400313120816
0.169678811767709
0.0027057707082094626
0.002104978310262266
0.001790028781068755
0.001584136106338228
0.0014327016335701375
0.0013133213190763128
0.0012150943916841462
0.0011319910030466505
0.00106032072631785
9.976391048417375E-4
9.422258621931674E-4
8.928135911430247E-4
8.484356115907296E-4
8.083348219659304E-4
7.719058966313596E-4
7.386568290966508E-4
7.081823065420249E-4
6.801446611000381E-4
6.542598693583684E-4
6.302870305923302E-4
6.080203113852569E-4
5.872826813934608E-4
5.6792097659104E-4
5.498019635436445E-4
5.328091698601994E-4
5.168403086950599E-4
5.018051690913599E-4
4.876238753122929E-4
4.742254410804287E-4
4.6154656143611425E-4
4.4953059747198065E-4
4.38126718687274E-4
4.2728917495522746E-4
4.1697667569071096E-4
4.071518581594882E-4
3.977808302866895E-4
3.888327760223321E-4
3.8027961347047057E-4
3.7209569770936605E-4
3.6425756161628814E-4
3.5674368913321465E-4
3.495343163241938E-4
3.426112563228019E-4
3.359577448834769E-4
3.295583037577289E-4
3.2339861953755144E-4
3.174654359584129E-4
3.117464579472436E-4
3.0623026594605576E-4
3.009062392487177E-4
2.957644872625889E-4
2.907957877546546E-4
2.859915312672271E-4
2.813436709952941E-4
2.7684467750899893E-4
2.724874977830762E-4
2.6826551806235246E-4
2.641725301504352E-4
2.602027007587057E-4
2.563505435961052E-4
2.526108939178219E-4
2.4897888528356625E-4
2.454499283047606E-4
2.420196911846106E-4
2.386840818770856E-4
2.3543923170959101E-4
2.322814803311157E-4
2.2920736186227034E-4
2.2621359213663124E-4
2.2329705693431543E-4
2.2045480111888363E-4
2.1768401859758435E-4
2.1498204303304505E-4
2.1234633924153306E-4
2.0977449521928328E-4
2.0726421474399532E-4
2.0481331050360948E-4
2.0241969770908594E-4
2.000813881517639E-4
1.9779648466965215E-4
1.9556317599014902E-4
1.9337973191963637E-4
1.912444988530183E-4
1.8915589557864433E-4
1.871124093561669E-4
1.8511259224683206E-4
1.831550576774394E-4
1.812384772208019E-4
1.7936157757691352E-4
1.775231377403814E-4
1.757219863408853E-4
1.7395699914438391E-4
1.722270967038721E-4
1.7053124214936428E-4
1.6886843910752814E-4
1.672377297422049E-4
1.6563819290767658E-4
1.6406894240720047E-4
1.6252912534984532E-4
1.6101792059922864E-4
1.595345373082313E-4
1.580782135341232E-4
1.5664821492906037E-4
1.552438335011422E-4
1.5386438644171037E-4
1.5250921501469824E-4
1.5117768350432224E-4
1.4986917821748698E-4
1.4858310653770255E-4
1.4731889602732557E-4
1.4607599357538637E-4
1.4485386458821153E-4
1.436519922204531E-4
1.424698766441077E-4
1.4130703435340472E-4
1.40162997503502E-4
1.390373132811082E-4
1.379295433052008E-4
1.3683926305623506E-4
1.3576606133222592E-4
1.3470953973026395E-4
1.336693121520721E-4
1.32645004332321E-4
1.316362533885026E-4
1.3064270739118273E-4
1.2966402495360855E-4
1.2869987483962682E-4
1.2774993558898148E-4
1.2681389515910833E-4
1.2589145058254886E-4
1.2498230763924754E-4
1.2408618054292675E-4
1.2320279164088283E-4
1.2233187112651803E-4
1.2147315676398113E-4
1.2062639362433092E-4
1.1979133383265434E-4
1.1896773632564404E-4
1.1815536661907482E-4
1.1735399658477374E-4
1.1656340423658624E-4
1.1578337352495942E-4
1.1501369413969045E-4
1.1425416132051007E-4
1.1350457567512792E-4
1.1276474300436374E-4
1.1203447413410984E-4
1.1131358475374442E-4
1.1060189526077948E-4
1.098992306113841E-4
1.0920542017661953E-4
1.0852029760403671E-4
1.0784370068447866E-4
1.0717547122382625E-4
1.0651545491947117E-4
1.05863501241339E-4
1.0521946331723841E-4
1.045831978223767E-4
1.0395456487285456E-4
1.0333342792297819E-4
1.0271965366622505E-4
1.0211311193971215E-4
1.0151367563204994E-4
1.0092122059438277E-4
1.00335625554556E-4
9.975677203423821E-5
The correct rate for BP: 100.00% 
