2.6044859201814194
0.9611435393533165
1.8365592775178665
0.09599741537191489
0.006848495660403123
0.005197980245634215
0.00408820288528673
0.003398440290457017
0.0029140486710711325
0.002551850494901507
0.0022697957484244273
0.0020435858275678806
0.0018579955550475824
0.0017029330068281281
0.0015714194644892952
0.0014584645970652788
0.0013604007457960904
0.001274469720061468
0.0011985562325550947
0.0011310103117473955
0.0010705257092839225
0.001016054654392398
9.667468408329545E-4
9.219049518440434E-4
8.809517074287766E-4
8.434050887502596E-4
8.088594624464363E-4
7.769710259979386E-4
7.474464611335416E-4
7.200339987214969E-4
6.94516317158608E-4
6.707048495154501E-4
6.484351836464145E-4
6.275633179282033E-4
6.079625924585628E-4
5.895211576635417E-4
5.721398736092348E-4
5.557305568692125E-4
5.402145096583641E-4
5.255212795984134E-4
5.115876090026722E-4
4.983565407368549E-4
4.8577665409918144E-4
4.7380140918947087E-4
4.623885822174041E-4
4.5149977737129977E-4
4.4110000340945283E-4
4.3115730518260113E-4
4.216424419529226E-4
4.1252860572290565E-4
4.0379117388928234E-4
3.9540749144173726E-4
3.8735667867188247E-4
3.796194609754397E-4
3.7217801784368505E-4
3.65015848568178E-4
3.5811765254132157E-4
3.514692223361882E-4
3.450573480028488E-4
3.388697312331145E-4
3.328949082273423E-4
3.2712218025210556E-4
3.215415510092975E-4
3.161436700504034E-4
3.1091978156658483E-4
3.058616779685118E-4
3.009616577417225E-4
2.9621248712550076E-4
2.91607365216888E-4
2.871398921483121E-4
2.8280404002778734E-4
2.785941263661624E-4
2.7450478974683153E-4
2.705309675203823E-4
2.666678753304581E-4
2.629109882979582E-4
2.592560237091426E-4
2.5569892506936156E-4
2.5223584739848587E-4
2.488631436568234E-4
2.45577352201493E-4
2.4237518518321297E-4
2.3925351780238244E-4
2.362093783511677E-4
2.332399389754121E-4
2.303425070964239E-4
2.2751451743837194E-4
2.247535246120699E-4
2.2205719621034426E-4
2.194233063744183E-4
2.1684972979421312E-4
2.1433443610888118E-4
2.118754846768118E-4
2.09471019686943E-4
2.071192655857859E-4
2.0481852279659687E-4
2.0256716370919874E-4
2.003636289207156E-4
1.9820642370911573E-4
1.9609411472294662E-4
1.940253268719214E-4
1.9199874040438556E-4
1.9001308815862848E-4
1.880671529761275E-4
1.8615976526575726E-4
1.842898007087221E-4
1.8245617809491086E-4
1.806578572819112E-4
1.788938372687246E-4
1.7716315437667142E-4
1.7546488053066486E-4
1.7379812163442084E-4
1.7216201603368112E-4
1.7055573306195638E-4
1.6897847166364772E-4
1.674294590898338E-4
1.6590794966222684E-4
1.6441322360127592E-4
1.6294458591445857E-4
1.615013653413001E-4
1.600829133516824E-4
1.586886031944041E-4
1.5731782899304156E-4
1.5597000488637748E-4
1.5464456421092338E-4
1.5334095872307192E-4
1.5205865785872203E-4
1.5079714802824923E-4
1.495559319449087E-4
1.4833452798478517E-4
1.471324695766427E-4
1.4594930462000786E-4
1.44784594929977E-4
1.4363791570737788E-4
1.4250885503288852E-4
1.4139701338388924E-4
1.403020031728682E-4
1.3922344830625955E-4
1.3816098376266442E-4
1.3711425518948532E-4
1.360829185170342E-4
1.350666395892319E-4
1.340650938100762E-4
1.3307796580513552E-4
1.3210494909725575E-4
1.311457457958581E-4
1.302000662991387E-4
1.2926762900855634E-4
1.2834816005500123E-4
1.274413930361432E-4
1.2654706876436526E-4
1.2566493502484436E-4
1.2479474634326625E-4
1.2393626376277055E-4
1.2308925462964273E-4
1.222534923874336E-4
1.2142875637905736E-4
1.2061483165652808E-4
1.1981150879801926E-4
1.1901858373188589E-4
1.1823585756736587E-4
1.1746313643163892E-4
1.1670023131301329E-4
1.1594695790992776E-4
1.1520313648553474E-4
1.1446859172763811E-4
1.1374315261374449E-4
1.1302665228100702E-4
1.1231892790087918E-4
1.1161982055824539E-4
1.1092917513488082E-4
1.1024684019702986E-4
1.0957266788696629E-4
1.0890651381833738E-4
1.0824823697514998E-4
1.0759769961428674E-4
1.0695476717134394E-4
1.0631930816972518E-4
1.0569119413280647E-4
1.0507029949910697E-4
1.0445650154027936E-4
1.0384968028188428E-4
1.0324971842677307E-4
1.0265650128103911E-4
1.0206991668237976E-4
1.0148985493083374E-4
1.0091620872174748E-4
1.0034887308094135E-4
9.978774530195446E-5
The correct rate for BP: 100.00% 
