1.1498035003105262
1.0840403112318524
0.43619838992691984
0.111925489826595
0.05376571263783393
0.03742939182822977
0.02853054934313729
0.02296011984067151
0.019152453376534324
0.016390458965559483
0.014299049292016855
0.012662896380957214
0.011349604587870167
0.010273343317206298
0.009376069473199801
0.008617151817631234
0.007967316106301657
0.007404948916490147
0.006913754284907051
0.006481219242786866
0.00609758057499603
0.005755111900396758
0.005447621074860594
0.0051700890315198745
0.004918405779519498
0.004689174429539531
0.004479563675309885
0.004287195333054898
0.004110057608190394
0.003946437488902599
0.003794867530325548
0.0036540835856465038
0.0035229909497175387
0.0034006370288413358
0.0032861891180304436
0.0031789162083223762
0.0030781739984596912
0.0029833924727635693
0.0028940655480206674
0.002809742399136343
0.00273002015507789
0.002654537719642415
0.0025829705204953616
0.0025150260281530034
0.0024504399166558775
0.002388972761484289
0.0023304071892209025
0.0022745454086407725
0.002221207065123927
0.0021702273701678853
0.0021214554658106764
0.002074752990335376
0.002029992817008958
0.0019870579420410385
0.0019458405016150161
0.001906240900888073
0.0018681670403940891
0.0018315336274053423
0.0017962615615899561
0.0017622773858018443
0.0017295127941065135
0.0016979041902198443
0.0016673922904489869
0.0016379217660020557
0.0016094409201979226
0.0015819013966766118
0.001555257915200075
0.0015294680320544105
0.001504491922428325
0.0014802921824573585
0.0014568336488963657
0.0014340832346201298
0.0014120097783585142
0.0013905839072531185
0.0013697779109799939
0.001349565626321553
0.001329922331191812
0.0013108246472261196
0.0012922504501407133
0.0012741787871500007
0.0012565898008035476
0.001239464658669189
0.0012227854883467384
0.0012065353173477766
0.0011906980174227776
0.0011752582529572864
0.0011602014330951787
0.0011455136672795388
0.001131181723930401
0.0011171929920049668
0.0011035354452087432
0.0010901976086474458
0.001077168527727992
0.0010644377391340917
0.0010519952437169963
0.0010398314811561258
0.0010279373062563842
0.00101630396676042
0.0010049230825645193
9.937866262355848E-4
9.828869047356229E-4
9.722165422673703E-4
9.617684641619383E-4
9.515358817353735E-4
9.415122780472287E-4
9.316913944990159E-4
9.220672182155329E-4
9.126339701563755E-4
9.033860939088702E-4
8.943182451174627E-4
8.854252815077928E-4
8.767022534669454E-4
8.681443951441738E-4
8.597471160387583E-4
8.515059930443769E-4
8.434167629214323E-4
8.354753151706478E-4
8.276776852833696E-4
8.20020048345567E-4
8.124987129740977E-4
8.051101155654023E-4
7.978508148379774E-4
7.907174866513612E-4
7.837069190853981E-4
7.768160077647703E-4
7.700417514146106E-4
7.633812476340665E-4
7.568316888753966E-4
7.503903586172029E-4
7.440546277207758E-4
7.378219509596339E-4
7.316898637126044E-4
7.256559788116217E-4
7.197179835358373E-4
7.138736367442553E-4
7.081207661394442E-4
7.024572656554593E-4
6.968810929634448E-4
6.913902670887971E-4
6.859828661340753E-4
6.806570251023474E-4
6.754109338156998E-4
6.7024283492426E-4
6.651510220010542E-4
6.601338377185105E-4
6.551896721025131E-4
6.503169608602113E-4
6.455141837779995E-4
6.407798631862482E-4
6.36112562487525E-4
6.315108847453844E-4
6.269734713307163E-4
6.224990006230344E-4
6.180861867640771E-4
6.137337784613015E-4
6.094405578389291E-4
6.052053393344319E-4
6.01026968638309E-4
5.969043216751826E-4
5.928363036244662E-4
5.888218479786398E-4
5.848599156376592E-4
5.809494940377228E-4
5.770895963130296E-4
5.732792604889875E-4
5.69517548705548E-4
5.65803546469344E-4
5.62136361933449E-4
5.585151252034827E-4
5.549389876690358E-4
5.51407121359315E-4
5.479187183219554E-4
5.444729900241244E-4
5.410691667748657E-4
5.37706497167956E-4
5.343842475443023E-4
5.311017014731812E-4
5.278581592514849E-4
5.246529374203058E-4
5.214853682981428E-4
5.183547995300338E-4
5.152605936520686E-4
5.122021276705869E-4
5.091787926555381E-4
5.061899933474316E-4
5.032351477773863E-4
5.003136868997003E-4
4.974250542365507E-4
4.945687055342903E-4
4.91744108430959E-4
4.889507421345279E-4
4.8618809711151656E-4
4.834556747856141E-4
4.8075298724583937E-4
4.780795569640134E-4
4.754349165211195E-4
4.728186083422363E-4
4.702301844397567E-4
4.676692061645798E-4
4.6513524396499874E-4
4.6262787715297153E-4
4.60146693677569E-4
4.576912899053091E-4
4.5526127040714393E-4
4.5285624775184775E-4
4.50475842305634E-4
4.481196820377235E-4
4.4578740233168355E-4
4.434786458023786E-4
4.411930621182346E-4
4.3893030782879135E-4
4.3669004619720003E-4
4.3447194703763616E-4
4.3227568655732063E-4
4.301009472032064E-4
4.279474175128987E-4
4.2581479196993744E-4
4.237027708630884E-4
4.2161106014966987E-4
4.195393713226553E-4
4.1748742128151984E-4
4.154549322066681E-4
4.1344163143735196E-4
4.114472513528952E-4
4.094715292572562E-4
4.075142072666813E-4
4.0557503220042877E-4
4.036537554744483E-4
4.017501329979447E-4
3.9986392507265994E-4
3.9799489629492054E-4
3.9614281546022565E-4
3.9430745547037804E-4
3.9248859324308267E-4
3.906860096238995E-4
3.888994893004875E-4
3.8712882071909483E-4
3.8537379600321354E-4
3.8363421087432526E-4
3.819098645746737E-4
3.802005597920375E-4
3.78506102586384E-4
3.768263023184277E-4
3.7516097157994343E-4
3.7350992612587386E-4
3.718729848081201E-4
3.702499695109703E-4
3.686407050881685E-4
3.6704501930150075E-4
3.6546274276092307E-4
3.638937088661488E-4
3.6233775374966025E-4
3.607947162211191E-4
3.59264437713093E-4
3.577467622281668E-4
3.562415362872211E-4
3.547486088790504E-4
3.532678314111053E-4
3.5179905766146894E-4
3.50342143731932E-4
3.48896948002171E-4
3.474633310850422E-4
3.460411557828784E-4
3.446302870448297E-4
3.4323059192519276E-4
3.418419395427018E-4
3.404642010407582E-4
3.39097249548556E-4
3.3774096014314365E-4
3.363952098123055E-4
3.35059877418288E-4
3.3373484366239204E-4
3.3241999105030457E-4
3.311152038582528E-4
3.2982036809989267E-4
3.2853537149394517E-4
3.2726010343254135E-4
3.2599445495029117E-4
3.2473831869400113E-4
3.2349158889308574E-4
3.222541613306122E-4
3.2102593331498504E-4
3.198068036522355E-4
3.185966726189171E-4
3.173954419355961E-4
3.1620301474089967E-4
3.1501929556610717E-4
3.138441903103244E-4
3.1267760621614746E-4
3.115194518458588E-4
3.103696370581316E-4
3.09228072985204E-4
3.080946720105631E-4
3.0696934774706886E-4
3.0585201501554264E-4
3.0474258982381424E-4
3.0364098934617534E-4
3.025471319032713E-4
3.014609369424345E-4
3.003823250183577E-4
2.99311217774214E-4
2.982475379231505E-4
2.971912092301396E-4
2.961421564942258E-4
2.9510030553108287E-4
2.940655831560003E-4
2.9303791716712025E-4
2.9201723632906243E-4
2.9100347035688264E-4
2.899965499003033E-4
2.8899640652829933E-4
2.8800297271396757E-4
2.8701618181969745E-4
2.8603596808262515E-4
2.850622666003846E-4
2.840950133171252E-4
2.8313414500979946E-4
2.821795992747351E-4
2.8123131451442444E-4
2.8028922992462326E-4
2.7935328548164893E-4
2.784234219299289E-4
2.7749958076982915E-4
2.7658170424564685E-4
2.756697353338835E-4
2.7476361773170696E-4
2.738632958456498E-4
2.7296871478050833E-4
2.7207982032845517E-4
2.711965589583427E-4
2.7031887780522176E-4
2.6944672466004693E-4
2.685800479595658E-4
2.677187967764006E-4
2.6686292080931593E-4
2.660123703736433E-4
2.651670963919163E-4
2.643270503846404E-4
2.6349218446124775E-4
2.626624513112195E-4
2.6183780419534406E-4
2.610181969371746E-4
2.602035839145811E-4
2.593939200515156E-4
2.585891608098825E-4
2.5778926218155904E-4
2.5699418068056835E-4
2.5620387333539135E-4
2.5541829768139384E-4
2.546374117534114E-4
2.5386117407844684E-4
2.530895436685023E-4
2.523224800135329E-4
2.515599430745339E-4
2.5080189327671387E-4
2.5004829150284194E-4
2.4929909908665254E-4
2.4855427780638587E-4
2.4781378987846916E-4
2.470775979512327E-4
2.463456650988166E-4
2.456179548151201E-4
2.448944310078813E-4
2.4417505799284345E-4
2.4345980048803302E-4
2.4274862360812002E-4
2.4204149285887564E-4
2.4133837413174217E-4
2.4063923369845199E-4
2.3994403820578046E-4
2.3925275467035284E-4
2.385653504735589E-4
2.3788179335652773E-4
2.3720205141520922E-4
2.3652609309553045E-4
2.358538871886132E-4
2.3518540282608396E-4
2.3452060947547158E-4
2.3385947693564774E-4
2.332019753323751E-4
2.3254807511390287E-4
2.318977470466371E-4
2.312509622109027E-4
2.3060769199673292E-4
2.299679080997682E-4
2.2933158251718376E-4
2.2869868754370662E-4
2.2806919576769303E-4
2.2744308006724455E-4
2.2682031360642054E-4
2.262008698314792E-4
2.2558472246719965E-4
2.249718455132434E-4
2.243622132405916E-4
2.2375580018801306E-4
2.2315258115860681E-4
2.2255253121640292E-4
2.219556256829943E-4
2.2136184013422572E-4
2.2077115039694452E-4
2.2018353254580237E-4
2.1959896290009643E-4
2.1901741802063626E-4
2.1843887470672513E-4
2.1786330999311408E-4
2.1729070114703228E-4
2.1672102566528545E-4
2.1615426127134527E-4
2.1559038591254494E-4
2.1502937775724933E-4
2.1447121519212488E-4
2.1391587681942212E-4
2.1336334145429366E-4
2.1281358812217402E-4
2.1226659605618473E-4
2.1172234469456373E-4
2.1118081367816754E-4
2.106419828479733E-4
2.1010583224264577E-4
2.095723420961216E-4
2.090414928352369E-4
2.085132650773888E-4
2.079876396282256E-4
2.0746459747937815E-4
2.0694411980622075E-4
2.0642618796565593E-4
2.0591078349395235E-4
2.053978881045822E-4
2.0488748368612875E-4
2.0437955230018538E-4
2.0387407617930385E-4
2.0337103772497523E-4
2.028704195056269E-4
2.0237220425465863E-4
2.018763748685066E-4
2.0138291440471585E-4
2.00891806080067E-4
2.0040303326870405E-4
1.9991657950031656E-4
1.994324284583144E-4
1.9895056397805586E-4
1.98470970045084E-4
1.9799363079338762E-4
1.9751853050370223E-4
1.9704565360180858E-4
1.9657498465688435E-4
1.9610650837985217E-4
1.956402096217637E-4
1.9517607337220163E-4
1.9471408475770877E-4
1.942542290402354E-4
1.937964916155988E-4
1.9334085801197672E-4
1.9288731388842516E-4
1.924358450333821E-4
1.9198643736324602E-4
1.9153907692092694E-4
1.910937498744312E-4
1.9065044251547378E-4
1.9020914125811525E-4
1.897698326373693E-4
1.893325033078996E-4
1.8889714004268122E-4
1.8846372973170121E-4
1.8803225938066596E-4
1.8760271610973643E-4
1.87175087152276E-4
1.867493598536091E-4
1.8632552166980175E-4
1.8590356016646103E-4
1.8548346301753988E-4
1.8506521800416452E-4
1.8464881301348118E-4
1.8423423603750042E-4
1.8382147517198558E-4
1.8341051861532436E-4
1.8300135466742934E-4
1.825939717286658E-4
1.821883582987584E-4
1.8178450297575506E-4
1.8138239445496653E-4
1.8098202152793416E-4
1.8058337308142201E-4
1.801864380964069E-4
1.7979120564707977E-4
1.793976648998687E-4
1.7900580511247662E-4
1.7861561563291433E-4
1.7822708589856564E-4
1.778402054352493E-4
1.7745496385629755E-4
1.7707135086165695E-4
1.7668935623697671E-4
1.7630896985273113E-4
1.7593018166334252E-4
1.7555298170630898E-4
1.7517736010135742E-4
1.748033070496045E-4
1.7443081283270647E-4
1.740598678120509E-4
1.736904624279366E-4
1.7332258719877268E-4
1.729562327202851E-4
1.725913896647283E-4
1.722280487801128E-4
1.71866200889448E-4
1.7150583688997458E-4
1.7114694775242155E-4
1.707895245202717E-4
1.7043355830903485E-4
1.700790403055113E-4
1.697259617671061E-4
1.6937431402110466E-4
1.6902408846398062E-4
1.6867527656072391E-4
1.6832786984414774E-4
1.6798185991422475E-4
1.6763723843742166E-4
1.672939971460397E-4
1.6695212783758562E-4
1.6661162237411475E-4
1.662724726816035E-4
1.659346707493273E-4
1.655982086292447E-4
1.6526307843538158E-4
1.649292723432347E-4
1.6459678258917563E-4
1.6426560146985176E-4
1.6393572134161904E-4
1.6360713461995453E-4
1.6327983377889416E-4
1.62953811350472E-4
1.626290599241496E-4
1.6230557214629184E-4
1.619833407195981E-4
1.6166235840258717E-4
1.613426180090489E-4
1.6102411240752478E-4
1.60706834520805E-4
1.603907773253811E-4
1.6007593385097428E-4
1.5976229718001877E-4
1.594498604471525E-4
1.5913861683875514E-4
1.588285595924386E-4
1.5851968199658402E-4
1.582119773898601E-4
1.5790543916075167E-4
1.5760006074710465E-4
1.5729583563566326E-4
1.569927573616155E-4
1.5669081950814618E-4
1.563900157059956E-4
1.5609033963301654E-4
1.557917850137465E-4
1.5549434561897793E-4
1.5519801526533042E-4
1.5490278781482661E-4
1.5460865717449904E-4
1.5431561729595066E-4
1.5402366217497036E-4
1.537327858511281E-4
1.5344298240736192E-4
1.5315424596960896E-4
1.5286657070640502E-4
1.5257995082849308E-4
1.522943805884583E-4
1.5200985428034185E-4
1.5172636623927077E-4
1.514439108410929E-4
1.511624825020089E-4
1.508820756782175E-4
1.506026848655509E-4
1.5032430459912632E-4
1.500469294530057E-4
1.4977055403983416E-4
1.4949517301051176E-4
1.4922078105384954E-4
1.4894737289623377E-4
1.4867494330130575E-4
1.4840348706962147E-4
1.4813299903833005E-4
1.4786347408086458E-4
1.475949071066123E-4
1.4732729306060133E-4
1.4706062692320518E-4
1.4679490370981396E-4
1.4653011847055048E-4
1.4626626628995085E-4
1.4600334228667878E-4
1.4574134161323424E-4
1.4548025945564262E-4
1.452200910331911E-4
1.4496083159812385E-4
1.4470247643536888E-4
1.4444502086224974E-4
1.4418846022822332E-4
1.4393278991458954E-4
1.4367800533422956E-4
1.4342410193133267E-4
1.4317107518113585E-4
1.429189205896522E-4
1.4266763369341685E-4
1.4241721005923342E-4
1.4216764528390477E-4
1.4191893499399072E-4
1.4167107484555597E-4
1.414240605239237E-4
1.4117788774342763E-4
1.4093255224716737E-4
1.4068804980677628E-4
1.404443762221747E-4
1.402015273213436E-4
1.3995949896007808E-4
1.3971828702176746E-4
1.394778874171698E-4
1.392382960841726E-4
1.3899950898757965E-4
1.3876152211887997E-4
1.3852433149604207E-4
1.3828793316328033E-4
1.3805232319084998E-4
1.3781749767483088E-4
1.3758345273692376E-4
1.3735018452421728E-4
1.3711768920901364E-4
1.3688596298859935E-4
1.3665500208505266E-4
1.3642480274503983E-4
1.361953612396197E-4
1.359666738640356E-4
1.3573873693753378E-4
1.3551154680316473E-4
1.3528509982758586E-4
1.350593924008806E-4
1.3483442093636524E-4
1.346101818704054E-4
1.343866716622298E-4
1.3416388679374875E-4
1.3394182376937172E-4
1.3372047911583082E-4
1.3349984938200663E-4
1.332799311387422E-4
1.3306072097867943E-4
1.328422155160743E-4
1.326244113866475E-4
1.3240730524739376E-4
1.3219089377642182E-4
1.3197517367279175E-4
1.317601416563489E-4
1.3154579446755874E-4
1.3133212886734714E-4
1.3111914163694186E-4
1.3090682957770958E-4
1.3069518951100583E-4
1.3048421827801775E-4
1.3027391273960414E-4
1.3006426977614697E-4
1.2985528628740335E-4
1.2964695919235513E-4
1.2943928542905395E-4
1.2923226195448142E-4
1.2902588574439792E-4
1.288201537932077E-4
1.286150631138037E-4
1.2841061073743662E-4
1.282067937135651E-4
1.2800360910972667E-4
1.2780105401138941E-4
1.2759912552182817E-4
1.273978207619721E-4
1.2719713687029131E-4
1.2699707100263986E-4
1.2679762033215546E-4
1.2659878204909536E-4
1.264005533607297E-4
1.2620293149120577E-4
1.2600591368142115E-4
1.2580949718889506E-4
1.2561367928765787E-4
1.254184572681059E-4
1.2522382843689598E-4
1.2502979011681735E-4
1.2483633964666748E-4
1.2464347438114251E-4
1.244511916907181E-4
1.2425948896151593E-4
1.2406836359521355E-4
1.238778130089089E-4
1.2368783463501053E-4
1.2349842592113404E-4
1.2330958432998256E-4
1.2312130733923326E-4
1.2293359244143584E-4
1.2274643714389258E-4
1.2255983896855872E-4
1.223737954519318E-4
1.221883041449507E-4
1.2200336261287727E-4
1.2181896843521222E-4
1.216351192055696E-4
1.2145181253158962E-4
1.212690460348332E-4
1.2108681735067232E-4
1.2090512412820986E-4
1.2072396403015864E-4
1.2054333473275904E-4
1.2036323392566981E-4
1.2018365931188205E-4
1.2000460860762004E-4
1.1982607954223933E-4
1.1964806985814675E-4
1.194705773106873E-4
1.1929359966807997E-4
1.1911713471129112E-4
1.1894118023397547E-4
1.1876573404236761E-4
1.1859079395519705E-4
1.1841635780360115E-4
1.1824242343103658E-4
1.1806898869319129E-4
1.1789605145789766E-4
1.1772360960505216E-4
1.175516610265228E-4
1.1738020362606763E-4
1.172092353192548E-4
1.170387540333761E-4
1.168687577073666E-4
1.1669924429171995E-4
1.1653021174841235E-4
1.1636165805082392E-4
1.1619358118364672E-4
1.1602597914282213E-4
1.1585884993545604E-4
1.1569219157973701E-4
1.155260021048655E-4
1.153602795509793E-4
1.1519502196906971E-4
1.1503022742091136E-4
1.1486589397899515E-4
1.1470201972644045E-4
1.1453860275692896E-4
1.1437564117463968E-4
1.1421313309416431E-4
1.1405107664044153E-4
1.1388946994868808E-4
1.1372831116432696E-4
1.1356759844291815E-4
1.1340732995008693E-4
1.1324750386146244E-4
1.1308811836259898E-4
1.1292917164892214E-4
1.1277066192565221E-4
1.1261258740773748E-4
1.1245494631979668E-4
1.1229773689604707E-4
1.1214095738023892E-4
1.1198460602559989E-4
1.1182868109476296E-4
1.1167318085970394E-4
1.1151810360168371E-4
1.1136344761118454E-4
1.1120921118784659E-4
1.1105539264040714E-4
1.1090199028664124E-4
1.107490024533007E-4
1.1059642747605428E-4
1.1044426369942847E-4
1.1029250947675673E-4
1.101411631700981E-4
1.0999022315021629E-4
1.0983968779647886E-4
1.0968955549684384E-4
1.0953982464776608E-4
1.093904936541688E-4
1.0924156092936548E-4
1.0909302489502919E-4
1.089448839811171E-4
1.0879713662582309E-4
1.0864978127552876E-4
1.0850281638474264E-4
1.0835624041605417E-4
1.0821005184007812E-4
1.0806424913539583E-4
1.0791883078851707E-4
1.0777379529381594E-4
1.0762914115348899E-4
1.0748486687749987E-4
1.0734097098352735E-4
1.0719745199692662E-4
1.070543084506623E-4
1.0691153888527338E-4
1.067691418488215E-4
1.0662711589683578E-4
1.0648545959228018E-4
1.0634417150548695E-4
1.0620325021412179E-4
1.0606269430313734E-4
1.0592250236471929E-4
1.0578267299824697E-4
1.0564320481024518E-4
1.0550409641433712E-4
1.0536534643120193E-4
1.0522695348852941E-4
1.0508891622097644E-4
1.04951233270119E-4
1.0481390328441359E-4
1.0467692491915053E-4
1.045402968364145E-4
1.0440401770503831E-4
1.04268086200557E-4
1.0413250100517804E-4
1.0399726080772886E-4
1.0386236430361245E-4
1.037278101947826E-4
1.0359359718968672E-4
1.0345972400323162E-4
1.0332618935674401E-4
1.0319299197792928E-4
1.0306013060083245E-4
1.0292760396579846E-4
1.027954108194331E-4
1.0266354991456582E-4
1.0253202001020477E-4
1.0240081987151261E-4
1.0226994826975271E-4
1.0213940398225994E-4
1.02009185792404E-4
1.0187929248954862E-4
1.0174972286901599E-4
1.0162047573205255E-4
1.0149154988579267E-4
1.0136294414321424E-4
1.0123465732311666E-4
1.01106688250073E-4
1.009790357544088E-4
1.0085169867214519E-4
1.0072467584498986E-4
1.0059796612028253E-4
1.0047156835097115E-4
1.0034548139557739E-4
1.0021970411815843E-4
1.0009423538827596E-4
9.996907408096406E-5
The correct rate for BP: 100.00% 
