0.9614877158929134
0.8724252234889602
0.8162094288017115
0.7401241815663363
0.6592832858229298
0.5799389642161582
0.5052177329371378
0.43703044888781334
0.3764442981691214
0.32379539698090337
0.27883214215930047
0.24090378425828782
0.20915063834175412
0.18265743838585463
0.16055414139623622
0.14206848384945833
0.12654395381438713
0.11343732485786952
0.10230635380163641
0.09279420419036187
0.08461407248351513
0.07753555249961702
0.07137320392002322
0.06597727055253876
0.06122628185981496
0.05702121559380052
0.053280914938809376
0.0499384959659276
0.0469385291183846
0.04423482271180162
0.0417886738963242
0.039567482808777726
0.03754364948695035
0.035693691610209334
0.03399753534974067
0.03243794249784914
0.031000045367521052
0.029670967317421307
0.028439511632642918
0.02729590523603203
0.026231586590457125
0.025239029384305094
0.024311595325786955
0.023443410723387154
0.022629262588545092
0.021864510829556254
0.02114501376377993
0.02046706469749376
0.019827337738977054
0.019222841343561437
0.018650878357160023
0.018109011540885973
0.017595033734464596
0.017106941958569193
0.01664291487249805
0.016201293098914268
0.015780562005751675
0.015379336600085999
0.014996348242345334
0.014630432933754418
0.014280520967011687
0.013945627761230884
0.013624845728199823
0.013317337038902134
0.013022327177712784
0.012739099187301057
0.012466988520523782
0.012205378426860942
0.011953695810552816
0.011711407505810055
0.011478016921502989
0.01125306101377947
0.011036107550260525
0.010826752633949915
0.010624618458871842
0.010429351272811669
0.01024061952545104
0.01005811218272595
0.00988153719044804
0.009710620072159486
0.009545102647881644
0.009384741861896993
0.00922930870900366
0.009078587249824913
0.008932373706761573
0.008790475633064138
0.008652711148285789
0.008518908234071984
0.008388904084858154
0.008262544508593098
0.008139683373091953
0.00802018209405487
0.007903909161172966
0.007790739699087368
0.007680555060275009
0.007573242447209678
0.007468694561394006
0.007366809277079101
0.007267489337687578
0.007170642073134415
0.007076179136401307
0.006984016257864963
0.006894073016011331
0.006806272623285428
0.006720541725934009
0.006636810216794911
0.006555011060074602
0.006475080127235679
0.006396956043187508
0.0063205800420396184
0.006245895831737099
0.006172849466951609
0.006101389229651053
0.006031465516816906
0.005963030734818653
0.005896039199993285
0.005830447045012067
0.0057662121306482576
0.0057032939625887725
0.005641653612959187
0.005581253646255689
0.0055220580494003725
0.005464032165656352
0.005407142632158563
0.005351357320833103
0.005296645282494322
0.005242976693923441
0.005190322807746392
0.005138655904940521
0.005087949249812305
0.005038177047298235
0.004989314402451347
0.00494133728198476
0.004894222477752461
0.0048479475720550665
0.004802490904666083
0.00475783154148027
0.004713949244692744
0.004670824444422758
0.004628438211701841
0.004586772232750879
0.004545808784475345
0.004505530711112541
0.0044659214019684285
0.004426964770185795
0.004388645232488588
0.004350947689850956
0.0043138575090425416
0.00427736050500403
0.004241442924010351
0.004206091427580835
0.004171293077098236
0.004137035319100804
0.004103305971213217
0.004070093208684911
0.0040373855515052435
0.004005171852067153
0.00397344128335255
0.003942183327613944
0.0039113877655283175
0.003881044665800539
0.003851144375195049
0.0038216775089752355
0.0037926349417314762
0.003764007798579651
0.0037357874467128086
0.003707965487289741
0.003680533747644958
0.0036534842738054634
0.0036268093233001995
0.0036005013582493675
0.0035745530387205917
0.003548957216340551
0.003523706928150291
0.0034987953906938972
0.003474215994330075
0.003449962297757041
0.003426028022741539
0.0034024070490430284
0.0033790934095250975
0.0033560812854456475
0.003333365001918742
0.0033109390235405954
0.0032887979501731632
0.0032669365128784357
0.0032453495699975078
0.00322403210336841
0.0032029792146768916
0.0031821861219350238
0.0031616481560822213
0.0031413607577038993
0.0031213194738631085
0.0031015199550404678
0.0030819579521784092
0.0030626293138253944
0.003043529983376289
0.0030246559964051917
0.0030060034780870974
0.0029875686407050306
0.0029693477812392836
0.0029513372790357954
0.0029335335935504725
0.0029159332621668285
0.0028985328980839693
0.0028813291882724646
0.0028643188914955274
0.002847498836393122
0.0028308659196265855
0.0028144171040817368
0.002798149417128213
0.0027820599489330106
0.0027661458508263467
0.0027504043337179336
0.0027348326665618356
0.002719428174868252
0.0027041882392605182
0.0026891102940757674
0.0026741918260077325
0.00265943037279021
0.0026448235219197077
0.0026303689094161753
0.0026160642186200955
0.002601907179025159
0.002587895565144945
0.002574027195412732
0.0025602999311130394
0.002546711675344154
0.0025332603720103716
0.0025199440048430575
0.002506760596449568
0.0024937082073891517
0.0024807849352748448
0.0024679889139006417
0.0024553183123930252
0.002442771334386093
0.0024303462172195916
0.0024180412311589827
0.002405854678637008
0.002393784893515933
0.0023818302403698487
0.002369989113786519
0.002358259937687956
0.002346641164669271
0.0023351312753553126
0.002323728777774283
0.0023124322067480736
0.0023012401232986716
0.002290151114070159
0.002279163790765892
0.002268276789600298
0.0022574887707649555
0.002246798417908468
0.002236204437629702
0.002225705558984096
0.002215300533002511
0.0022049881322222914
0.002194767150230352
0.002184636401217627
0.0021745947195447994
0.002164640959318903
0.0021547739939804756
0.0021449927159008925
0.002135296035989754
0.0021256828833119304
0.0021161522047139086
0.002106702964459379
0.002097334143873659
0.002088044740996727
0.0020788337702445977
0.0020697002620789526
0.002060643262684598
0.0020516618336546325
0.0020427550516831307
0.002033922008265114
0.002025161809403564
0.0020164735753233575
0.0020078564401918913
0.0019993095518462283
0.0019908320715265877
0.0019824231736159997
0.001974082045386005
0.0019658078867481076
0.0019575999100110777
0.0019494573396436293
0.001941379412042581
0.0019333653753063021
0.0019254144890131488
0.0019175260240050231
0.0019096992621757106
0.001901933496263911
0.0018942280296509815
0.0018865821761630567
0.0018789952598775837
0.00187146661493416
0.0018639955853494042
0.0018565815248360396
0.0018492237966257134
0.001841921773295876
0.0018346748366002473
0.001827482377302988
0.001820343795016483
0.0018132584980424995
0.001806225903216803
0.0017992454357570842
0.0017923165291140464
0.001785438624825705
0.001778611172374674
0.0017718336290485526
0.001765105459803132
0.0017584261371285151
0.0017517951409179566
0.0017452119583394735
0.001738676083710088
0.001732187018372652
0.001725744270575126
0.0017193473553524996
0.00171299579441091
0.0017066891160142455
0.0017004268548730065
0.0016942085520353857
0.0016880337547805603
0.0016819020165140986
0.0016758128966654993
0.001669765960587711
0.001663760779458673
0.0016577969301848161
0.001651873995306433
0.0016459915629049478
0.0016401492265119596
0.0016343465850200633
0.001628583242595473
0.0016228588085922355
0.0016171728974681875
0.0016115251287024935
0.0016059151267147943
0.0016003425207858197
0.001594806944979695
0.0015893080380675083
0.0015838454434525045
0.0015784188090965986
0.0015730277874482987
0.0015676720353720146
0.001562351214078646
0.0015570649890574904
0.001551813030009417
0.001546595010781292
0.0015414106093016107
0.0015362595075173124
0.0015311413913317593
0.001526055950543872
0.0015210028787883603
0.001515981873477051
0.001510992635741293
0.0015060348703753888
0.0015011082857810459
0.0014962125939128857
0.001491347510224843
0.0014865127536176112
0.001481708046386964
0.0014769331141730518
0.0014721876859105437
0.0014674714937796894
0.0014627842731582744
0.001458125762574335
0.0014534957036597912
0.001448893841104866
0.0014443199226132424
0.001439773698858116
0.0014352549234389097
0.0014307633528387947
0.0014262987463829076
0.001421860866197354
0.0014174494771688015
0.001413064346904903
0.00140870524569529
0.001404371946473287
0.0014000642247782437
0.0013957818587185297
0.0013915246289351486
0.001387292318565972
0.0013830847132105424
0.0013789016008954958
0.0013747427720405847
0.0013706080194252044
0.0013664971381555397
0.001362409925632192
0.0013583461815184286
0.0013543057077088528
0.0013502883082986933
0.0013462937895535063
0.0013423219598794295
0.001338372629793912
0.001334445611896901
0.0013305407208425253
0.0013266577733112217
0.0013227965879822911
0.0013189569855069426
0.00131513878848173
0.0013113418214224608
0.0013075659107384336
0.0013038108847072058
0.0013000765734496648
0.0012963628089055533
0.0012926694248093405
0.0012889962566665035
0.0012853431417301701
0.0012817099189781293
0.0012780964290902111
0.00127450251442601
0.0012709280190029298
0.001267372788474655
0.0012638366701098371
0.0012603195127712026
0.0012568211668949547
0.0012533414844704803
0.0012498803190203777
0.001246437525580796
0.0012430129606820662
0.0012396064823296307
0.001236217949985261
0.0012328472245485545
0.0012294941683387453
0.001226158645076738
0.0012228405198674186
0.0012195396591823096
0.0012162559308423503
0.0012129892040010797
0.0012097393491279278
0.0012065062379918974
0.0012032897436453393
0.0012000897404081206
0.001196906103851904
0.0011937387107847205
0.0011905874392357549
0.0011874521684403384
0.0011843327788251935
0.0011812291519938925
0.001178141170712454
0.0011750687188952658
0.001172011681591118
0.001168969944969494
0.0011659433963070113
0.0011629319239740941
0.0011599354174218525
0.0011569537671690807
0.0011539868647895061
0.0011510346028992015
0.0011480968751441541
0.0011451735761880504
0.001142264601700194
0.0011393698483436272
0.0011364892137634018
0.0011336225965750068
0.0011307698963529916
0.0011279310136197015
0.001125105849834228
0.001122294307381433
0.0011194962895612305
0.001116711700577915
0.0011139404455297152
0.001111182430398425
0.0011084375620392386
0.0011057057481706834
0.0011029868973647151
0.0011002809190369407
0.0010975877234369615
0.0010949072216388707
0.0010922393255318468
0.0010895839478109424
0.0010869410019678839
0.0010843104022821477
0.0010816920638119895
0.0010790859023857337
0.0010764918345930964
0.0010739097777766639
0.0010713396500234632
0.0010687813701566583
0.0010662348577273478
0.0010637000330064859
0.0010611768169768835
0.0010586651313253623
0.0010561648984349454
0.0010536760413772106
0.0010511984839047224
0.001048732150443534
0.0010462769660858594
0.0010438328565827502
0.001041399748336944
0.0010389775683957792
0.0010365662444441752
0.0010341657047977298
0.0010317758783959397
0.0010293966947954028
0.0010270280841632496
0.0010246699772705318
0.0010223223054857714
0.0010199850007685746
0.0010176579956632974
0.0010153412232928596
0.001013034617352549
0.0010107381121039663
0.0010084516423690593
0.001006175143524145
0.0010039085514941136
0.0010016518027466423
9.994048342864864E-4
9.971675836498604E-4
9.949399888988708E-4
9.927219886160625E-4
9.905135218989368E-4
9.883145283546533E-4
9.861249480947268E-4
9.839447217297925E-4
9.817737903644594E-4
9.796120955922292E-4
9.774595794904395E-4
9.753161846153231E-4
9.731818539970866E-4
9.710565311350489E-4
9.689401599928722E-4
9.668326849938266E-4
9.647340510161182E-4
9.62644203388267E-4
9.605630878845341E-4
9.58490650720458E-4
9.564268385483539E-4
9.543715984529429E-4
9.523248779470088E-4
9.502866249670881E-4
9.482567878692412E-4
9.462353154248619E-4
9.442221568165312E-4
9.422172616339187E-4
9.402205798697544E-4
9.382320619158395E-4
9.362516585590538E-4
9.342793209775105E-4
9.323150007366659E-4
9.303586497855162E-4
9.284102204528401E-4
9.264696654434618E-4
9.24536937834582E-4
9.226119910721544E-4
9.206947789672663E-4
9.187852556926054E-4
9.168833757789503E-4
9.149890941116879E-4
9.131023659274021E-4
9.112231468104678E-4
9.093513926897044E-4
9.074870598350797E-4
9.056301048543996E-4
9.037804846901211E-4
9.019381566160935E-4
9.001030782344518E-4
8.9827520747245E-4
8.964545025793797E-4
8.946409221235337E-4
8.928344249891513E-4
8.910349703734487E-4
8.89242517783654E-4
8.87457027034119E-4
8.856784582433703E-4
8.839067718313115E-4
8.821419285163776E-4
8.803838893127214E-4
8.786326155274964E-4
8.768880687580796E-4
8.751502108894083E-4
8.734190040912825E-4
8.716944108157627E-4
8.699763937944961E-4
8.682649160362039E-4
8.665599408240724E-4
8.648614317132544E-4
8.631693525283642E-4
8.614836673610252E-4
8.598043405673697E-4
8.581313367656932E-4
8.564646208340158E-4
8.548041579077326E-4
8.53149913377281E-4
8.515018528858086E-4
8.498599423268937E-4
8.482241478422978E-4
8.465944358197022E-4
8.449707728904878E-4
8.433531259275713E-4
8.417414620432148E-4
8.401357485868988E-4
8.385359531431718E-4
8.369420435295771E-4
8.353539877945685E-4
8.337717542154445E-4
8.321953112963287E-4
8.306246277661564E-4
8.290596725766763E-4
8.275004149004782E-4
8.25946824129074E-4
8.24398869870911E-4
8.228565219495447E-4
8.213197504016653E-4
8.197885254752978E-4
8.18262817627914E-4
8.167425975246149E-4
8.152278360363302E-4
8.137185042380083E-4
8.122145734068611E-4
8.107160150205911E-4
8.092228007556769E-4
8.077349024856273E-4
8.062522922793176E-4
8.047749423992708E-4
8.033028253000093E-4
8.018359136264024E-4
8.003741802120406E-4
7.989175980776112E-4
7.974661404293024E-4
7.9601978065723E-4
7.94578492333853E-4
7.931422492124348E-4
7.917110252255105E-4
7.902847944833707E-4
7.888635312725441E-4
7.874472100543191E-4
7.860358054632582E-4
7.846292923057611E-4
7.832276455586087E-4
7.818308403675214E-4
7.80438852045763E-4
7.790516560727337E-4
7.776692280925793E-4
7.762915439128025E-4
7.749185795029617E-4
7.735503109932391E-4
7.721867146731748E-4
7.708277669903224E-4
7.694734445489367E-4
7.681237241086962E-4
7.667785825834081E-4
7.65437997039748E-4
7.641019446960063E-4
7.627704029208237E-4
7.614433492319895E-4
7.60120761295204E-4
7.588026169228735E-4
7.574888940729144E-4
7.561795708475831E-4
7.548746254922724E-4
7.535740363943796E-4
7.52277782082149E-4
7.509858412235097E-4
7.496981926250043E-4
7.484148152305929E-4
7.471356881206208E-4
7.458607905106742E-4
7.445901017505163E-4
7.433236013230061E-4
7.420612688430373E-4
7.408030840564876E-4
7.395490268391537E-4
7.382990771957503E-4
7.370532152588533E-4
7.358114212879E-4
7.345736756681974E-4
7.333399589098939E-4
7.32110251647017E-4
7.308845346364952E-4
7.296627887571791E-4
7.28444995008892E-4
7.272311345114683E-4
7.260211885038369E-4
7.248151383430583E-4
7.236129655034211E-4
7.224146515755265E-4
7.212201782653688E-4
7.200295273934586E-4
7.188426808939099E-4
7.176596208135753E-4
7.164803293111723E-4
7.153047886564011E-4
7.141329812291136E-4
7.129648895184483E-4
7.118004961219888E-4
7.106397837449274E-4
7.094827351992559E-4
7.083293334029318E-4
7.071795613790683E-4
7.060334022551354E-4
7.048908392621773E-4
7.037518557339767E-4
7.026164351063464E-4
7.014845609162733E-4
7.003562168012106E-4
6.992313864983062E-4
6.981100538436235E-4
6.969922027714214E-4
6.958778173133892E-4
6.947668815979458E-4
6.936593798494868E-4
6.925552963876657E-4
6.914546156266908E-4
6.903573220746142E-4
6.892634003326215E-4
6.881728350943588E-4
6.870856111452075E-4
6.860017133616384E-4
6.849211267105146E-4
6.838438362484277E-4
6.82769827121026E-4
6.816990845623694E-4
6.806315938942466E-4
6.795673405255788E-4
6.78506309951732E-4
6.774484877538955E-4
6.763938595984511E-4
6.753424112363552E-4
6.742941285025219E-4
6.732489973151872E-4
6.722070036753147E-4
6.711681336660081E-4
6.701323734518869E-4
6.690997092784927E-4
6.680701274717349E-4
6.670436144372726E-4
6.660201566599514E-4
6.6499974070323E-4
6.639823532086182E-4
6.629679808951005E-4
6.619566105585783E-4
6.609482290713482E-4
6.599428233815092E-4
6.589403805124476E-4
6.579408875622846E-4
6.569443317033605E-4
6.55950700181672E-4
6.549599803163794E-4
6.53972159499269E-4
6.529872251942456E-4
6.520051649368031E-4
6.51025966333545E-4
6.50049617061647E-4
6.490761048683925E-4
6.481054175706477E-4
6.471375430543954E-4
6.461724692742208E-4
6.452101842528684E-4
6.442506760807206E-4
6.432939329153483E-4
6.42339942981032E-4
6.413886945683102E-4
6.404401760334923E-4
6.3949437579821E-4
6.385512823489761E-4
6.376108842367148E-4
6.366731700763214E-4
6.357381285462162E-4
6.348057483879047E-4
6.338760184055523E-4
6.329489274655259E-4
6.320244644959968E-4
6.311026184864866E-4
6.301833784874655E-4
6.292667336099153E-4
6.283526730249298E-4
6.274411859633029E-4
6.265322617150995E-4
6.256258896292754E-4
6.247220591132598E-4
6.238207596325601E-4
6.229219807103803E-4
6.220257119271917E-4
6.21131942920394E-4
6.202406633838893E-4
6.19351863067716E-4
6.184655317776731E-4
6.175816593749265E-4
6.167002357756605E-4
6.158212509506795E-4
6.149446949250685E-4
6.140705577778015E-4
6.13198829641398E-4
6.123295007015575E-4
6.114625611968078E-4
6.105980014181507E-4
6.097358117086993E-4
6.088759824633546E-4
6.080185041284392E-4
6.071633672013637E-4
6.063105622302907E-4
6.054600798137978E-4
6.046119106005338E-4
6.037660452888958E-4
6.029224746267037E-4
6.020811894108677E-4
6.012421804870673E-4
6.004054387494242E-4
5.995709551401955E-4
5.987387206494591E-4
5.979087263147715E-4
5.970809632209008E-4
5.962554224994818E-4
5.954320953287314E-4
5.946109729331317E-4
5.937920465831428E-4
5.929753075948866E-4
5.921607473298551E-4
5.913483571946362E-4
5.905381286405866E-4
5.897300531635695E-4
5.889241223036507E-4
5.88120327644839E-4
5.873186608147551E-4
5.865191134844113E-4
5.857216773678683E-4
5.849263442220161E-4
5.841331058462562E-4
5.833419540822684E-4
5.825528808136988E-4
5.817658779659233E-4
5.809809375057581E-4
5.801980514412252E-4
5.794172118212605E-4
5.786384107354602E-4
5.778616403138439E-4
5.770868927265608E-4
5.763141601836709E-4
5.755434349348782E-4
5.747747092692703E-4
5.740079755150825E-4
5.732432260394563E-4
5.724804532481697E-4
5.717196495854287E-4
5.709608075335922E-4
5.702039196129539E-4
5.694489783815042E-4
5.68695976434673E-4
5.679449064051308E-4
5.671957609625194E-4
5.664485328132513E-4
5.657032147002646E-4
5.649597994027892E-4
5.642182797361475E-4
5.634786485515072E-4
5.6274089873566E-4
5.620050232108188E-4
5.612710149343775E-4
5.605388668987064E-4
5.59808572130935E-4
5.590801236927386E-4
5.583535146801132E-4
5.576287382231923E-4
5.569057874859999E-4
5.561846556662763E-4
5.554653359952527E-4
5.547478217374555E-4
5.540321061904944E-4
5.533181826848644E-4
5.526060445837529E-4
5.51895685282829E-4
5.511870982100523E-4
5.504802768254742E-4
5.497752146210417E-4
5.490719051204156E-4
5.483703418787675E-4
5.476705184825777E-4
5.469724285494777E-4
5.462760657280445E-4
5.455814236975989E-4
5.448884961680589E-4
5.441972768797066E-4
5.435077596030548E-4
5.428199381386316E-4
5.421338063168212E-4
5.414493579976662E-4
5.407665870707091E-4
5.400854874548076E-4
5.394060530979558E-4
5.387282779771243E-4
5.380521560980639E-4
5.373776814951679E-4
5.367048482312674E-4
5.360336503974937E-4
5.353640821130887E-4
5.346961375252479E-4
5.340298108089526E-4
5.333650961668111E-4
5.32701987828893E-4
5.320404800525658E-4
5.313805671223283E-4
5.307222433496669E-4
5.300655030728904E-4
5.294103406569651E-4
5.287567504933712E-4
5.281047269999361E-4
5.274542646206903E-4
5.26805357825716E-4
5.261580011109794E-4
5.255121889981988E-4
5.248679160346781E-4
5.242251767931759E-4
5.235839658717515E-4
5.229442778936095E-4
5.223061075069564E-4
5.216694493848773E-4
5.21034298225162E-4
5.20400648750175E-4
5.197684957067285E-4
5.191378338659158E-4
5.185086580229918E-4
5.178809629972219E-4
5.172547436317576E-4
5.166299947934867E-4
5.160067113728933E-4
5.15384888283957E-4
5.147645204639647E-4
5.141456028734278E-4
5.13528130495924E-4
5.129120983379623E-4
5.122975014288815E-4
5.116843348206839E-4
5.110725935879226E-4
5.104622728275855E-4
5.098533676589583E-4
5.092458732234884E-4
5.086397846846794E-4
5.080350972279473E-4
5.074318060605137E-4
5.068299064112736E-4
5.062293935306813E-4
5.056302626906189E-4
5.050325091842739E-4
5.044361283260465E-4
5.038411154514001E-4
5.032474659167507E-4
5.026551750993692E-4
5.020642383972392E-4
5.014746512289509E-4
5.008864090335985E-4
5.00299507270657E-4
4.99713941419852E-4
4.99129706981081E-4
4.985467994742743E-4
4.97965214439307E-4
4.973849474358559E-4
4.968059940433248E-4
4.962283498607204E-4
4.956520105065389E-4
4.95076971618667E-4
4.945032288542841E-4
4.939307778897215E-4
4.933596144204021E-4
4.927897341607118E-4
4.922211328438846E-4
4.916538062219322E-4
4.910877500655061E-4
4.905229601638294E-4
4.899594323245695E-4
4.893971623737431E-4
4.888361461556277E-4
4.882763795326494E-4
4.877178583853012E-4
4.8716057861201783E-4
4.8660453612909963E-4
4.860497268706202E-4
4.8549614678830956E-4
4.8494379185147387E-4
4.843926580469008E-4
4.838427413787564E-4
4.83294037868495E-4
4.827465435547789E-4
4.82200254493359E-4
4.8165516675700875E-4
4.8111127643542153E-4
4.805685796351185E-4
4.800270724793754E-4
4.794867511081027E-4
4.789476116777713E-4
4.7840965036134736E-4
4.7787286334816705E-4
4.773372468438679E-4
4.7680279707030084E-4
4.762695102654501E-4
4.757373826833306E-4
4.7520641059392295E-4
4.7467659028307046E-4
4.741479180524136E-4
4.736203902192906E-4
4.7309400311666E-4
4.7256875309302406E-4
4.720446365123441E-4
4.7152164975394745E-4
4.7099978921247087E-4
4.704790512977511E-4
4.699594324347763E-4
4.694409290635692E-4
4.689235376391526E-4
4.684072546314312E-4
4.6789207652514107E-4
4.673779998197506E-4
4.6686502102940934E-4
4.663531366828461E-4
4.6584234332331016E-4
4.653326375084807E-4
4.648240158104115E-4
4.643164748154464E-4
4.638100111241396E-4
4.633046213511804E-4
4.6280030212534235E-4
4.622970500893839E-4
4.617948618999983E-4
4.6129373422771274E-4
4.60793663756859E-4
4.6029464718546156E-4
4.5979668122518206E-4
4.592997626012753E-4
4.5880388805246726E-4
4.5830905433093326E-4
4.578152582022021E-4
4.573224964451043E-4
4.5683076585168803E-4
4.5634006322716174E-4
4.5585038538982687E-4
4.553617291710145E-4
4.548740914149953E-4
4.543874689789644E-4
4.539018587329108E-4
4.534172575596079E-4
4.529336623545128E-4
4.524510700257333E-4
4.5196947749391716E-4
4.5148888169224905E-4
4.5100927956633643E-4
4.50530668074169E-4
4.500530441860646E-4
4.4957640488458526E-4
4.491007471644949E-4
4.4862606803267843E-4
4.4815236450810426E-4
4.476796336217459E-4
4.4720787241653656E-4
4.467370779472841E-4
4.4626724728063887E-4
4.457983774950293E-4
4.4533046568058965E-4
4.448635089391065E-4
4.443975043839744E-4
4.4393244914012425E-4
4.434683403439618E-4
4.430051751433292E-4
4.425429506974267E-4
4.4208166417678273E-4
4.4162131276316856E-4
4.4116189364955906E-4
4.4070340404007627E-4
4.402458411499357E-4
4.397892022053888E-4
4.3933348444366084E-4
4.3887868511291277E-4
4.3842480147217094E-4
4.379718307912972E-4
4.375197703509028E-4
4.3706861744232945E-4
4.3661836936756594E-4
4.3616902343922135E-4
4.3572057698046363E-4
4.3527302732495666E-4
4.348263718168331E-4
4.3438060781061824E-4
4.3393573267119816E-4
4.3349174377375736E-4
4.3304863850374386E-4
4.3260641425679346E-4
4.3216506843870385E-4
4.317245984653797E-4
4.31285001762783E-4
4.30846275766872E-4
4.304084179235786E-4
4.299714256887293E-4
4.2953529652802597E-4
4.2910002791698515E-4
4.2866561734087786E-4
4.2823206229471666E-4
4.277993602831732E-4
4.2736750882055535E-4
4.2693650543074716E-4
4.265063476471696E-4
4.2607703301273785E-4
4.2564855907981016E-4
4.2522092341014514E-4
4.2479412357484836E-4
4.243681571543489E-4
4.23943021738335E-4
4.2351871492571445E-4
4.230952343245718E-4
4.2267257755213624E-4
4.2225074223471617E-4
4.2182972600767724E-4
4.2140952651538053E-4
4.2099014141115865E-4
4.205715683572603E-4
4.201538050248089E-4
4.197368490937665E-4
4.193206982528946E-4
4.189053501996947E-4
4.184908026403958E-4
4.180770532898859E-4
4.176640998716847E-4
4.1725194011790615E-4
4.1684057176920666E-4
4.164299925747577E-4
4.1602020029219604E-4
4.1561119268758646E-4
4.1520296753539364E-4
4.1479552261842117E-4
4.1438885572779084E-4
4.1398296466289874E-4
4.135778472313735E-4
4.131735012490425E-4
4.127699245398804E-4
4.123671149359988E-4
4.119650702775851E-4
4.115637884128743E-4
4.1116326719809913E-4
4.107635044974806E-4
4.103644981831553E-4
4.0996624613517404E-4
4.0956874624143726E-4
4.091719963976833E-4
4.087759945074178E-4
4.083807384819197E-4
4.07986226240178E-4
4.075924557088629E-4
4.07199424822295E-4
4.068071315223942E-4
4.0641557375867277E-4
4.060247494881827E-4
4.05634656675475E-4
4.052452932925795E-4
4.048566573189635E-4
4.044687467415045E-4
4.040815595544424E-4
4.036950937593639E-4
4.0330934736515316E-4
4.029243183879716E-4
4.0254000485122067E-4
4.0215640478549384E-4
4.0177351622856946E-4
4.0139133722537617E-4
4.0100986582791866E-4
4.006291000953098E-4
4.002490380936963E-4
3.998696778962289E-4
3.9949101758304437E-4
3.9911305524123453E-4
3.9873578896479996E-4
3.983592168546314E-4
3.9798333701847755E-4
3.976081475709115E-4
3.9723364663329946E-4
3.968598323337736E-4
3.9648670280719594E-4
3.9611425619513903E-4
3.9574249064584034E-4
3.953714043141869E-4
3.950009953616889E-4
3.946312619564185E-4
3.9426220227301945E-4
3.9389381449266367E-4
3.935260968030127E-4
3.931590473981992E-4
3.9279266447879744E-4
3.9242694625179174E-4
3.920618909305447E-4
3.916974967347834E-4
3.9133376189055E-4
3.9097068463019805E-4
3.90608263192337E-4
3.9024649582182854E-4
3.898853807697537E-4
3.895249162933716E-4
3.8916510065610744E-4
3.888059321275195E-4
3.884474089832771E-4
3.8808952950511867E-4
3.877322919808526E-4
3.873756947042981E-4
3.87019735975286E-4
3.8666441409961294E-4
3.863097273890335E-4
3.8595567416121703E-4
3.856022527397307E-4
3.8524946145401784E-4
3.848972986393551E-4
3.8454576263685636E-4
3.841948517934132E-4
3.838445644616932E-4
3.834948990001117E-4
3.8314585377279475E-4
3.827974271495758E-4
3.824496175059487E-4
3.821024232230508E-4
3.8175584268764667E-4
3.81409874292098E-4
3.810645164343373E-4
3.807197675178358E-4
3.8037562595161066E-4
3.800320901501627E-4
3.796891585334716E-4
3.793468295269844E-4
3.7900510156155893E-4
3.786639730734736E-4
3.783234425043898E-4
3.779835083013231E-4
3.7764416891663264E-4
3.773054228079938E-4
3.7696726843836775E-4
3.766297042759895E-4
3.762927287943421E-4
3.759563404721368E-4
3.75620537793275E-4
3.7528531924685144E-4
3.749506833271214E-4
3.746166285334671E-4
3.7428315337038344E-4
3.7395025634747565E-4
3.736179359793996E-4
3.732861907858824E-4
3.729550192916606E-4
3.7262442002649015E-4
3.72294391525113E-4
3.719649323272277E-4
3.7163604097749327E-4
3.713077160254752E-4
3.709799560256539E-4
3.7065275953738835E-4
3.7032612512489865E-4
3.7000005135724565E-4
3.696745368083173E-4
3.6934958005679247E-4
3.690251796861382E-4
3.6870133428458735E-4
3.6837804244509756E-4
3.6805530276536546E-4
3.677331138477807E-4
3.67411474299411E-4
3.6709038273199446E-4
3.667698377619099E-4
3.6644983801015755E-4
3.6613038210234E-4
3.6581146866865717E-4
3.654930963438578E-4
3.6517526376725335E-4
3.64857969582679E-4
3.6454121243846696E-4
3.6422499098746615E-4
3.639093038869782E-4
3.6359414979876504E-4
3.6327952738902345E-4
3.629654353283749E-4
3.6265187229182516E-4
3.6233883695877526E-4
3.6202632801298325E-4
3.6171434414255073E-4
3.614028840399148E-4
3.6109194640181636E-4
3.607815299292836E-4
3.604716333276325E-4
3.601622553064213E-4
3.598533945794567E-4
3.5954504986477075E-4
3.592372198845861E-4
3.589299033653303E-4
3.5862309903759125E-4
3.583168056361122E-4
3.58011021899778E-4
3.5770574657158975E-4
3.5740097839864353E-4
3.570967161321438E-4
3.567929585273441E-4
3.5648970434356533E-4
3.561869523441526E-4
3.5588470129648816E-4
3.555829499719389E-4
3.552816971458848E-4
3.549809415976539E-4
3.546806821105439E-4
3.5438091747179017E-4
3.5408164647255714E-4
3.537828679079102E-4
3.5348458057681025E-4
3.53186783282098E-4
3.5288947483047155E-4
3.5259265403248007E-4
3.5229631970250675E-4
3.520004706587335E-4
3.517051057231641E-4
3.5141022372156745E-4
3.511158234835048E-4
3.508219038422735E-4
3.505284636349137E-4
3.502355017021991E-4
3.4994301688860756E-4
3.496510080423122E-4
3.493594740151657E-4
3.4906841366269515E-4
3.487778258440665E-4
3.484877094220928E-4
3.4819806326320753E-4
3.4790888623744705E-4
3.476201772184456E-4
3.473319350834192E-4
3.470441587131526E-4
3.467568469919649E-4
3.4646999880773543E-4
3.4618361305185257E-4
3.4589768861921635E-4
3.456122244082257E-4
3.453272193207675E-4
3.4504267226218076E-4
3.447585821412675E-4
3.444749478702804E-4
3.44191768364882E-4
3.439090425441688E-4
3.4362676933062376E-4
3.433449476501206E-4
3.430635764319105E-4
3.4278265460860124E-4
3.4250218111615534E-4
3.42222154893861E-4
3.4194257488434003E-4
3.416634400335146E-4
3.4138474929060306E-4
3.4110650160811457E-4
3.408286959418186E-4
3.4055133125075314E-4
3.402744064971919E-4
3.3999792064665047E-4
3.3972187266785743E-4
3.394462615327511E-4
3.3917108621646185E-4
3.388963456973147E-4
3.386220389567914E-4
3.3834816497953885E-4
3.380747227533515E-4
3.3780171126915196E-4
3.3752912952099277E-4
3.3725697650603036E-4
3.369852512245211E-4
3.367139526798068E-4
3.36443079878307E-4
3.361726318294996E-4
3.359026075459116E-4
3.356330060431181E-4
3.353638263397153E-4
3.3509506745730807E-4
3.348267284205245E-4
3.345588082569692E-4
3.342913059972317E-4
3.340242206748761E-4
3.33757551326425E-4
3.3349129699134015E-4
3.332254567120305E-4
3.329600295338225E-4
3.3269501450496064E-4
3.324304106765898E-4
3.321662171027524E-4
3.319024328403627E-4
3.316390569492118E-4
3.3137608849194704E-4
3.311135265340662E-4
3.3085137014390246E-4
3.3058961839262037E-4
3.303282703541945E-4
3.3006732510540616E-4
3.298067817258413E-4
3.295466392978529E-4
3.292868969065819E-4
3.2902755363993215E-4
3.2876860858855234E-4
3.285100608458404E-4
3.2825190950792687E-4
3.279941536736601E-4
3.277367924446081E-4
3.2747982492503305E-4
3.2722325022189525E-4
3.269670674448305E-4
3.2671127570614957E-4
3.264558741208327E-4
3.26200861806498E-4
3.2594623788341406E-4
3.256920014744809E-4
3.2543815170521946E-4
3.251846877037647E-4
3.249316086008576E-4
3.246789135298191E-4
3.244266016265697E-4
3.241746720295992E-4
3.239231238799555E-4
3.236719563212514E-4
3.234211684996346E-4
3.231707595638021E-4
3.229207286649631E-4
3.226710749568537E-4
3.2242179759572014E-4
3.2217289574029863E-4
3.219243685518216E-4
3.216762151939988E-4
3.214284348330163E-4
3.211810266375143E-4
3.209339897786013E-4
3.2068732342980784E-4
3.2044102676711747E-4
3.2019509896893397E-4
3.1994953921608214E-4
3.1970434669179347E-4
3.194595205816913E-4
3.1921506007380305E-4
3.1897096435853386E-4
3.187272326286583E-4
3.184838640793217E-4
3.182408579080217E-4
3.1799821331460697E-4
3.1775592950126125E-4
3.1751400567250605E-4
3.1727244103517556E-4
3.1703123479843016E-4
3.167903861737212E-4
3.165498943748068E-4
3.163097586177375E-4
3.160699781208294E-4
3.1583055210468886E-4
3.155914797921694E-4
3.1535276040839453E-4
3.151143931807266E-4
3.1487637733876685E-4
3.146387121143611E-4
3.1440139674155954E-4
3.141644304566425E-4
3.139278124980917E-4
3.1369154210659074E-4
3.1345561852501064E-4
3.132200409984115E-4
3.1298480877402685E-4
3.127499211012563E-4
3.1251537723166325E-4
3.1228117641896654E-4
3.1204731791902105E-4
3.1181380098982853E-4
3.1158062489150865E-4
3.11347788886318E-4
3.111152922386172E-4
3.108831342148756E-4
3.106513140836647E-4
3.104198311156439E-4
3.1018868458356386E-4
3.099578737622428E-4
3.097273979285768E-4
3.094972563615219E-4
3.0926744834208726E-4
3.090379731533341E-4
3.0880883008035644E-4
3.085800184102884E-4
3.0835153743229214E-4
3.081233864375407E-4
3.0789556471922286E-4
3.076680715725341E-4
3.0744090629466743E-4
3.072140681848012E-4
3.069875565441041E-4
3.067613706757161E-4
3.065355098847503E-4
3.063099734782798E-4
3.060847607653386E-4
3.058598710569017E-4
3.0563530366589523E-4
3.0541105790716865E-4
3.0518713309751435E-4
3.0496352855563676E-4
3.047402436021566E-4
3.045172775596063E-4
3.042946297524189E-4
3.0407229950691505E-4
3.0385028615132083E-4
3.036285890157256E-4
3.034072074321024E-4
3.031861407342983E-4
3.0296538825801264E-4
3.0274494934080283E-4
3.025248233220829E-4
3.023050095431043E-4
3.020855073469527E-4
3.018663160785488E-4
3.016474350846305E-4
3.014288637137622E-4
3.012106013163088E-4
3.0099264724445463E-4
3.007750008521662E-4
3.005576614952159E-4
3.003406285311548E-4
3.00123901319316E-4
2.999074792208082E-4
2.9969136159850725E-4
2.994755478170441E-4
2.9926003724282306E-4
2.9904482924397345E-4
2.98829923190391E-4
2.9861531845369463E-4
2.9840101440724173E-4
2.981870104261157E-4
2.9797330588711456E-4
2.9775990016875543E-4
2.975467926512587E-4
2.9733398271655434E-4
2.9712146974826325E-4
2.969092531316984E-4
2.9669733225385644E-4
2.9648570650341684E-4
2.962743752707267E-4
2.960633379478063E-4
2.9585259392833467E-4
2.9564214260764936E-4
2.954319833827407E-4
2.952221156522344E-4
2.950125388164107E-4
2.9480325227717013E-4
2.94594255438052E-4
2.9438554770421215E-4
2.941771284824254E-4
2.9396899718108177E-4
2.9376115321016875E-4
2.9355359598128754E-4
2.93346324907626E-4
2.9313933940397084E-4
2.929326388866777E-4
2.927262227737028E-4
2.9252009048455843E-4
2.9231424144034163E-4
2.921086750637011E-4
2.9190339077884487E-4
2.9169838801154174E-4
2.914936661891094E-4
2.91289224740392E-4
2.9108506309579287E-4
2.9088118068723237E-4
2.9067757694816544E-4
2.904742513135714E-4
2.902712032199352E-4
2.900684321052708E-4
2.8986593740908334E-4
2.896637185723934E-4
2.894617750377039E-4
2.8926010624902353E-4
2.8905871165184517E-4
2.8885759069313655E-4
2.8865674282135237E-4
2.884561674864059E-4
2.882558641396958E-4
2.880558322340701E-4
2.8785607122384184E-4
2.8765658056476966E-4
2.874573597140684E-4
2.872584081303886E-4
2.8705972527382704E-4
2.8686131060590343E-4
2.86663163589578E-4
2.8646528368923244E-4
2.8626767037066045E-4
2.860703231010787E-4
2.8587324134911373E-4
2.856764245847927E-4
2.8547987227954975E-4
2.852835839062083E-4
2.8508755893898597E-4
2.8489179685349655E-4
2.846962971267218E-4
2.8450105923703606E-4
2.843060826641745E-4
2.84111366889245E-4
2.8391691139473203E-4
2.837227156644577E-4
2.835287791836223E-4
2.83335101438758E-4
2.831416819177648E-4
2.8294852010986115E-4
2.827556155056296E-4
2.8256296759696E-4
2.823705758770921E-4
2.821784398405848E-4
2.819865589833055E-4
2.817949328024572E-4
2.8160356079654945E-4
2.8141244246538793E-4
2.8122157731009617E-4
2.810309648330903E-4
2.808406045380812E-4
2.806504959300774E-4
2.8046063851536814E-4
2.802710318015245E-4
2.800816752973983E-4
2.7989256851311897E-4
2.797037109600785E-4
2.795151021509489E-4
2.793267415996465E-4
2.791386288213566E-4
2.7895076333251724E-4
2.7876314465081575E-4
2.785757722951871E-4
2.7838864578580105E-4
2.782017646440725E-4
2.780151283926502E-4
2.778287365554085E-4
2.7764258865745387E-4
2.7745668422511123E-4
2.7727102278592055E-4
2.7708560386864074E-4
2.7690042700324245E-4
2.7671549172089845E-4
2.7653079755398546E-4
2.7634634403608094E-4
2.7616213070195755E-4
2.759781570875767E-4
2.757944227300906E-4
2.7561092716783206E-4
2.75427669940314E-4
2.752446505882281E-4
2.7506186865343304E-4
2.7487932367896493E-4
2.7469701520901874E-4
2.7451494278894913E-4
2.743331059652749E-4
2.741515042856627E-4
2.739701372989312E-4
2.737890045550495E-4
2.736081056051245E-4
2.7342744000140475E-4
2.732470072972771E-4
2.730668070472538E-4
2.728868388069848E-4
2.7270710213323407E-4
2.725275965838996E-4
2.7234832171799144E-4
2.72169277095626E-4
2.7199046227804896E-4
2.718118768275953E-4
2.7163352030771994E-4
2.714553922829651E-4
2.712774923189745E-4
2.710998199824875E-4
2.709223748413363E-4
2.7074515646443307E-4
2.705681644217778E-4
2.703913982844492E-4
2.7021485762460443E-4
2.700385420154683E-4
2.698624510313454E-4
2.6968658424759404E-4
2.6951094124065203E-4
2.693355215880024E-4
2.6916032486819306E-4
2.6898535066082277E-4
2.688105985465372E-4
2.686360681070371E-4
2.6846175892505984E-4
2.6828767058438763E-4
2.6811380266983294E-4
2.679401547672511E-4
2.677667264635227E-4
2.675935173465567E-4
2.6742052700528385E-4
2.6724775502966387E-4
2.6707520101067027E-4
2.669028645402867E-4
2.667307452115143E-4
2.665588426183607E-4
2.663871563558359E-4
2.662156860199625E-4
2.6604443120775576E-4
2.6587339151722453E-4
2.657025665473714E-4
2.655319558981952E-4
2.6536155917067735E-4
2.651913759667826E-4
2.650214058894605E-4
2.648516485426355E-4
2.646821035312025E-4
2.645127704610423E-4
2.6434364893899006E-4
2.6417473857285635E-4
2.640060389714116E-4
2.6383754974438635E-4
2.6366927050246836E-4
2.635012008572994E-4
2.6333334042147707E-4
2.631656888085375E-4
2.6299824563297367E-4
2.628310105102186E-4
2.626639830566364E-4
2.6249716288953985E-4
2.6233054962717E-4
2.6216414288869605E-4
2.6199794229422657E-4
2.6183194746478867E-4
2.616661580223315E-4
2.615005735897211E-4
2.613351937907537E-4
2.611700182501267E-4
2.6100504659345574E-4
2.6084027844726387E-4
2.6067571343898414E-4
2.6051135119694246E-4
2.603471913503816E-4
2.6018323352942826E-4
2.600194773651116E-4
2.59855922489351E-4
2.5969256853496114E-4
2.5952941513563376E-4
2.5936646192595297E-4
2.592037085413863E-4
2.590411546182727E-4
2.5887879979383607E-4
2.587166437061693E-4
2.5855468599423996E-4
2.5839292629788104E-4
2.582313642577943E-4
2.580699995155474E-4
2.579088317135575E-4
2.577478604951226E-4
2.575870855043706E-4
2.5742650638630095E-4
2.572661227867567E-4
2.571059343524342E-4
2.5694594073086583E-4
2.567861415704373E-4
2.566265365203695E-4
2.564671252307231E-4
2.5630790735239894E-4
2.56148882537121E-4
2.5599005043745396E-4
2.558314107067831E-4
2.55672962999328E-4
2.5551470697012446E-4
2.5535664227503224E-4
2.5519876857072675E-4
2.5504108551470487E-4
2.5488359276527254E-4
2.547262899815483E-4
2.545691768234619E-4
2.5441225295174535E-4
2.54255518027937E-4
2.5409897171438096E-4
2.5394261367421285E-4
2.5378644357137184E-4
2.536304610705866E-4
2.534746658373833E-4
2.5331905753807734E-4
2.53163635839764E-4
2.530084004103339E-4
2.528533509184595E-4
2.5269848703358895E-4
2.525438084259519E-4
2.523893147665525E-4
2.522350057271712E-4
2.52080880980359E-4
2.519269401994365E-4
2.517731830584901E-4
2.5161960923237437E-4
2.5146621839670555E-4
2.513130102278592E-4
2.5115998440296587E-4
2.510071405999179E-4
2.508544784973585E-4
2.5070199777468653E-4
2.5054969811204173E-4
2.503975791903223E-4
2.502456406911612E-4
2.500938822969403E-4
2.499423036907795E-4
2.4979090455653954E-4
2.496396845788179E-4
2.4948864344294364E-4
2.4933778083497944E-4
2.4918709644171984E-4
2.490365899506848E-4
2.4888626105012057E-4
2.4873610942899765E-4
2.485861347770121E-4
2.484363367845682E-4
2.482867151428002E-4
2.4813726954355626E-4
2.479879996793886E-4
2.4783890524357146E-4
2.4768998593008057E-4
2.475412414336025E-4
2.4739267144952817E-4
2.4724427567395586E-4
2.4709605380368127E-4
2.4694800553619366E-4
2.4680013056968786E-4
2.46652428603053E-4
2.4650489933587E-4
2.463575424684098E-4
2.462103577016318E-4
2.460633447371853E-4
2.4591650327740103E-4
2.4576983302529963E-4
2.4562333368457497E-4
2.454770049596085E-4
2.4533084655545365E-4
2.451848581778391E-4
2.4503903953317E-4
2.448933903285248E-4
2.447479102716441E-4
2.446025990709432E-4
2.444574564355042E-4
2.443124820750676E-4
2.441676757000381E-4
2.440230370214857E-4
2.438785657511314E-4
2.4373426160135446E-4
2.4359012428519538E-4
2.4344615351634078E-4
2.4330234900912613E-4
2.431587104785462E-4
2.4301523764023593E-4
2.4287193021047465E-4
2.4272878790618742E-4
2.4258581044494273E-4
2.424429975449469E-4
2.4230034892504655E-4
2.421578643047232E-4
2.4201554340409081E-4
2.4187338594390157E-4
2.4173139164553536E-4
2.4158956023100068E-4
2.414478914229341E-4
2.413063849446019E-4
2.411650405198869E-4
2.4102385787330577E-4
2.4088283672997964E-4
2.4074197681566077E-4
2.4060127785671676E-4
2.4046073958012456E-4
2.4032036171348328E-4
2.4018014398499523E-4
2.4004008612348108E-4
2.399001878583624E-4
2.397604489196746E-4
2.3962086903804849E-4
2.394814479447345E-4
2.393421853715671E-4
2.392030810509888E-4
2.3906413471603915E-4
2.3892534610036117E-4
2.387867149381832E-4
2.3864824096433022E-4
2.3850992391422047E-4
2.3837176352386216E-4
2.382337595298484E-4
2.3809591166936705E-4
2.379582196801802E-4
2.37820683300642E-4
2.376833022696835E-4
2.3754607632682322E-4
2.374090052121491E-4
2.372720886663364E-4
2.3713532643062138E-4
2.3699871824683178E-4
2.3686226385735592E-4
2.3672596300515245E-4
2.365898154337596E-4
2.3645382088727124E-4
2.3631797911035434E-4
2.3618228984823486E-4
2.3604675284671353E-4
2.3591136785213693E-4
2.3577613461142475E-4
2.3564105287204317E-4
2.355061223820284E-4
2.3537134288995943E-4
2.3523671414497603E-4
2.3510223589677046E-4
2.349679078955804E-4
2.3483372989220036E-4
2.3469970163796084E-4
2.345658228847545E-4
2.344320933850088E-4
2.3429851289169108E-4
2.3416508115831888E-4
2.3403179793894714E-4
2.3389866298816848E-4
2.337656760611116E-4
2.336328369134439E-4
2.3350014530136397E-4
2.3336760098160877E-4
2.3323520371144462E-4
2.3310295324866165E-4
2.3297084935158555E-4
2.328388917790673E-4
2.3270708029048422E-4
2.3257541464573916E-4
2.324438946052511E-4
2.3231251992996977E-4
2.321812903813592E-4
2.3205020572140354E-4
2.3191926571260434E-4
2.3178847011797897E-4
2.3165781870105578E-4
2.3152731122588554E-4
2.3139694745702023E-4
2.3126672715953014E-4
2.3113665009898748E-4
2.3100671604147505E-4
2.308769247535865E-4
2.3074727600241456E-4
2.3061776955555385E-4
2.3048840518110784E-4
2.3035918264767603E-4
2.302301017243595E-4
2.3010116218075377E-4
2.2997236378695577E-4
2.2984370631355693E-4
2.2971518953163804E-4
2.295868132127755E-4
2.294585771290442E-4
2.2933048105299613E-4
2.2920252475768212E-4
2.2907470801663982E-4
2.2894703060388235E-4
2.2881949229392379E-4
2.2869209286174774E-4
2.2856483208283325E-4
2.2843770973312325E-4
2.283107255890614E-4
2.281838794275494E-4
2.2805717102598058E-4
2.2793060016222173E-4
2.2780416661460497E-4
2.2767787016194719E-4
2.2755171058353168E-4
2.2742568765911507E-4
2.2729980116892014E-4
2.2717405089363782E-4
2.2704843661443643E-4
2.2692295811293681E-4
2.2679761517122892E-4
2.2667240757186927E-4
2.2654733509788007E-4
2.2642239753272643E-4
2.2629759466035604E-4
2.2617292626516E-4
2.2604839213199247E-4
2.2592399204616603E-4
2.2579972579344105E-4
2.2567559316003798E-4
2.2555159393262386E-4
2.2542772789832456E-4
2.253039948447125E-4
2.2518039455980644E-4
2.2505692683207507E-4
2.249335914504351E-4
2.2481038820424502E-4
2.2468731688331548E-4
2.245643772778893E-4
2.2444156917865825E-4
2.2431889237675267E-4
2.2419634666374471E-4
2.2407393183164343E-4
2.239516476728939E-4
2.2382949398038024E-4
2.237074705474178E-4
2.2358557716775903E-4
2.2346381363558875E-4
2.233421797455223E-4
2.232206752926099E-4
2.2309930007231692E-4
2.2297805388056058E-4
2.228569365136571E-4
2.2273594776837892E-4
2.226150874419006E-4
2.2249435533182752E-4
2.2237375123619008E-4
2.2225327495343898E-4
2.2213292628244205E-4
2.220127050224932E-4
2.2189261097330058E-4
2.2177264393498733E-4
2.2165280370809666E-4
2.2153309009358642E-4
2.2141350289282583E-4
2.2129404190760366E-4
2.211747069401111E-4
2.210554977929579E-4
2.2093641426915736E-4
2.208174561721395E-4
2.206986233057304E-4
2.2057991547417787E-4
2.204613324821206E-4
2.2034287413460948E-4
2.202245402370969E-4
2.2010633059544097E-4
2.1998824501589614E-4
2.1987028330511935E-4
2.197524452701697E-4
2.196347307184956E-4
2.1951713945795687E-4
2.193996712967982E-4
2.1928232604365947E-4
2.191651035075814E-4
2.1904800349799915E-4
2.189310258247297E-4
2.1881417029798856E-4
2.1869743672837876E-4
2.1858082492689772E-4
2.184643347049238E-4
2.1834796587422926E-4
2.1823171824696526E-4
2.1811559163567706E-4
2.1799958585328429E-4
2.1788370071309718E-4
2.177679360288059E-4
2.1765229161447945E-4
2.1753676728457675E-4
2.17421362853919E-4
2.1730607813772444E-4
2.1719091295157417E-4
2.1707586711143355E-4
2.1696094043364687E-4
2.1684613273491803E-4
2.1673144383234144E-4
2.166168735433744E-4
2.165024216858509E-4
2.1638808807796696E-4
2.162738725383019E-4
2.1615977488579326E-4
2.160457949397533E-4
2.1593193251985175E-4
2.1581818744613769E-4
2.1570455953901752E-4
2.1559104861926115E-4
2.1547765450800283E-4
2.1536437702674127E-4
2.1525121599733418E-4
2.1513817124200603E-4
2.1502524258333068E-4
2.1491242984424832E-4
2.1479973284805747E-4
2.1468715141840331E-4
2.1457468537930874E-4
2.1446233455512138E-4
2.143500987705721E-4
2.1423797785072727E-4
2.1412597162101548E-4
2.1401407990720854E-4
2.139023025354369E-4
2.137906393321765E-4
2.1367909012424952E-4
2.1356765473883613E-4
2.1345633300345326E-4
2.1334512474597054E-4
2.1323402979459604E-4
2.1312304797789652E-4
2.130121791247672E-4
2.1290142306445368E-4
2.1279077962654429E-4
2.1268024864096494E-4
2.125698299379852E-4
2.124595233482118E-4
2.1234932870259094E-4
2.1223924583241023E-4
2.1212927456928937E-4
2.1201941474518392E-4
2.1190966619238658E-4
2.118000287435268E-4
2.1169050223156414E-4
2.115810864897939E-4
2.1147178135184192E-4
2.1136258665166126E-4
2.1125350222354737E-4
2.1114452790210796E-4
2.11035663522295E-4
2.109269089193794E-4
2.108182639289653E-4
2.107097283869755E-4
2.1060130212966448E-4
2.1049298499360957E-4
2.1038477681571232E-4
2.102766774331967E-4
2.1016868668360792E-4
2.1006080440481528E-4
2.0995303043500733E-4
2.0984536461269277E-4
2.0973780677670096E-4
2.0963035676617705E-4
2.0952301442058154E-4
2.0941577957969972E-4
2.093086520836266E-4
2.0920163177276746E-4
2.0909471848786125E-4
2.0898791206993907E-4
2.0888121236035666E-4
2.0877461920077822E-4
2.0866813243317826E-4
2.0856175189984632E-4
2.0845547744337937E-4
2.0834930890668255E-4
2.082432461329685E-4
2.0813728896576126E-4
2.0803143724888918E-4
2.0792569082648757E-4
2.0782004954299514E-4
2.0771451324315992E-4
2.0760908177202457E-4
2.0750375497494833E-4
2.073985326975786E-4
2.0729341478587768E-4
2.071884010860965E-4
2.0708349144479458E-4
2.0697868570882948E-4
2.0687398372535318E-4
2.0676938534182161E-4
2.0666489040598504E-4
2.0656049876588705E-4
2.0645621026987396E-4
2.0635202476658327E-4
2.0624794210494582E-4
2.0614396213419024E-4
2.0604008470383149E-4
2.059363096636851E-4
2.0583263686384953E-4
2.0572906615472166E-4
2.0562559738698352E-4
2.0552223041161215E-4
2.054189650798632E-4
2.0531580124329233E-4
2.052127387537347E-4
2.0510977746331565E-4
2.0500691722444224E-4
2.0490415788981594E-4
2.0480149931240797E-4
2.0469894134549234E-4
2.0459648384260916E-4
2.0449412665758933E-4
2.0439186964454732E-4
2.0428971265787422E-4
2.0418765555224317E-4
2.0408569818260692E-4
2.039838404042022E-4
2.0388208207253427E-4
2.0378042304339603E-4
2.0367886317285025E-4
2.0357740231724157E-4
2.0347604033318746E-4
2.0337477707758092E-4
2.032736124075937E-4
2.0317254618066553E-4
2.030715782545121E-4
2.0297070848711787E-4
2.028699367367471E-4
2.027692628619299E-4
2.0266868672146851E-4
2.0256820817443253E-4
2.0246782708016562E-4
2.023675432982718E-4
2.0226735668864008E-4
2.0216726711140356E-4
2.020672744269827E-4
2.0196737849605364E-4
2.0186757917955642E-4
2.0176787633870583E-4
2.0166826983496894E-4
2.015687595300888E-4
2.0146934528605977E-4
2.013700269651468E-4
2.012708044298713E-4
2.011716775430224E-4
2.010726461676424E-4
2.009737101670356E-4
2.0087486940476815E-4
2.0077612374466686E-4
2.006774730508085E-4
2.0057891718753672E-4
2.004804560194431E-4
2.0038208941138333E-4
2.0028381722846274E-4
2.001856393360457E-4
2.0008755559974923E-4
1.999895658854456E-4
1.9989167005925708E-4
1.997938679875631E-4
1.996961595369918E-4
1.9959854457442553E-4
1.9950102296699345E-4
1.9940359458208066E-4
1.993062592873144E-4
1.9920901695058113E-4
1.9911186744000622E-4
1.990148106239697E-4
1.989178463710933E-4
1.988209745502519E-4
1.9872419503055914E-4
1.986275076813849E-4
1.985309123723321E-4
1.9843440897325272E-4
1.983379973542514E-4
1.9824167738565976E-4
1.9814544893806752E-4
1.9804931188229522E-4
1.9795326608941486E-4
1.9785731143073115E-4
1.977614477777934E-4
1.9766567500239206E-4
1.9756999297655168E-4
1.9747440157254415E-4
1.9737890066287065E-4
1.9728349012027458E-4
1.971881698177424E-4
1.9709293962848039E-4
1.9699779942595008E-4
1.9690274908383982E-4
1.9680778847606828E-4
1.967129174767969E-4
1.9661813596041813E-4
1.965234438015597E-4
1.9642884087507195E-4
1.9633432705605183E-4
1.9623990221982404E-4
1.9614556624193645E-4
1.960513189981744E-4
1.9595716036455472E-4
1.958630902173222E-4
1.9576910843294683E-4
1.956752148881365E-4
1.9558140945981486E-4
1.9548769202513971E-4
1.953940624614986E-4
1.9530052064650156E-4
1.9520706645798427E-4
1.9511369977401362E-4
1.9502042047286994E-4
1.9492722843307087E-4
1.9483412353335047E-4
1.947411056526653E-4
1.9464817467020152E-4
1.9455533046535895E-4
1.9446257291776922E-4
1.943699019072742E-4
1.9427731731394362E-4
1.9418481901806888E-4
1.9409240690015448E-4
1.9400008084093236E-4
1.9390784072134578E-4
1.9381568642256388E-4
1.9372361782596395E-4
1.9363163481314705E-4
1.9353973726593456E-4
1.9344792506635516E-4
1.93356198096662E-4
1.9326455623931848E-4
1.931729993770003E-4
1.930815273926056E-4
1.9299014016923612E-4
1.928988375902182E-4
1.928076195390868E-4
1.9271648589958576E-4
1.9262543655567185E-4
1.9253447139151549E-4
1.9244359029150054E-4
1.9235279314021536E-4
1.9226207982246148E-4
1.9217145022325087E-4
1.9208090422780222E-4
1.9199044172154517E-4
1.9190006259011742E-4
1.9180976671935864E-4
1.9171955399532577E-4
1.91629424304273E-4
1.915393775326701E-4
1.914494135671801E-4
1.9135953229468497E-4
1.9126973360226326E-4
1.9118001737719798E-4
1.9109038350698167E-4
1.910008318793018E-4
1.9091136238205973E-4
1.9082197490334895E-4
1.9073266933147058E-4
1.9064344555492572E-4
1.9055430346242132E-4
1.9046524294285752E-4
1.9037626388533534E-4
1.902873661791643E-4
1.9019854971384723E-4
1.9010981437908193E-4
1.9002116006477468E-4
1.8993258666102027E-4
1.898440940581149E-4
1.8975568214655436E-4
1.896673508170314E-4
1.8957909996042554E-4
1.8949092946782576E-4
1.89402839230507E-4
1.8931482913994263E-4
1.892268990878022E-4
1.891390489659448E-4
1.8905127866642316E-4
1.8896358808149507E-4
1.8887597710359142E-4
1.8878844562535054E-4
1.887009935396018E-4
1.886136207393589E-4
1.8852632711782648E-4
1.8843911256840934E-4
1.883519769846947E-4
1.8826492026046147E-4
1.8817794228967872E-4
1.8809104296650369E-4
1.8800422218528547E-4
1.8791747984055123E-4
1.878308158270308E-4
1.8774423003962886E-4
1.8765772237344438E-4
1.875712927237585E-4
1.8748494098604003E-4
1.8739866705594382E-4
1.8731247082931084E-4
1.872263522021646E-4
1.8714031107071555E-4
1.8705434733135362E-4
1.8696846088065905E-4
1.868826516153906E-4
1.867969194324919E-4
1.8671126422908544E-4
1.8662568590248273E-4
1.8654018435016956E-4
1.8645475946981515E-4
1.8636941115927463E-4
1.8628413931657658E-4
1.8619894383993112E-4
1.8611382462773262E-4
1.8602878157854654E-4
1.859438145911269E-4
1.8585892356439877E-4
1.8577410839746764E-4
1.856893689896194E-4
1.8560470524030975E-4
1.8552011704918065E-4
1.8543560431604248E-4
1.8535116694088575E-4
1.852668048238779E-4
1.851825178653612E-4
1.8509830596584806E-4
1.8501416902602907E-4
1.8493010694677252E-4
1.8484611962911554E-4
1.847622069742671E-4
1.846783688836157E-4
1.845946052587208E-4
1.8451091600130777E-4
1.8442730101328098E-4
1.8434376019671364E-4
1.8426029345385304E-4
1.8417690068710726E-4
1.8409358179907439E-4
1.8401033669249582E-4
1.839271652703084E-4
1.8384406743560507E-4
1.8376104309164506E-4
1.836780921418677E-4
1.8359521448986762E-4
1.835124100394174E-4
1.8342967869445416E-4
1.8334702035907604E-4
1.832644349375562E-4
1.831819223343337E-4
1.830994824540056E-4
1.8301711520134589E-4
1.829348204812817E-4
1.8285259819891895E-4
1.827704482595163E-4
1.826883705684997E-4
1.826063650314638E-4
1.8252443155416194E-4
1.824425700425153E-4
1.8236078040259968E-4
1.8227906254066008E-4
1.8219741636310525E-4
1.821158417764986E-4
1.820343386875697E-4
1.8195290700321362E-4
1.8187154663047245E-4
1.81790257476566E-4
1.817090394488583E-4
1.8162789245488285E-4
1.8154681640233374E-4
1.8146581119905038E-4
1.81384876753052E-4
1.813040129724983E-4
1.8122321976571723E-4
1.8114249704118595E-4
1.810618447075506E-4
1.8098126267360396E-4
1.809007508482968E-4
1.8082030914074246E-4
1.807399374602066E-4
1.8065963571610503E-4
1.8057940381801935E-4
1.8049924167568162E-4
1.8041914919897213E-4
1.8033912629793512E-4
1.8025917288276623E-4
1.8017928886381187E-4
1.800994741515742E-4
1.8001972865670711E-4
1.7994005229001557E-4
1.7986044496246502E-4
1.7978090658516335E-4
1.797014370693725E-4
1.7962203632650994E-4
1.7954270426814005E-4
1.794634408059815E-4
1.7938424585189905E-4
1.7930511931791174E-4
1.792260611161851E-4
1.7914707115903754E-4
1.7906814935893237E-4
1.789892956284855E-4
1.7891050988045863E-4
1.7883179202776695E-4
1.787531419834642E-4
1.786745596607605E-4
1.785960449730099E-4
1.7851759783371442E-4
1.7843921815651945E-4
1.7836090585521996E-4
1.782826608437569E-4
1.7820448303621723E-4
1.7812637234682858E-4
1.7804832868997014E-4
1.7797035198016401E-4
1.7789244213207268E-4
1.7781459906050838E-4
1.7773682268042783E-4
1.7765911290692216E-4
1.7758146965523824E-4
1.7750389284075657E-4
1.7742638237900523E-4
1.773489381856515E-4
1.7727156017650932E-4
1.771942482675286E-4
1.771170023748053E-4
1.770398224145742E-4
1.7696270830321192E-4
1.7688565995723876E-4
1.7680867729330773E-4
1.767317602282182E-4
1.7665490867890517E-4
1.765781225624508E-4
1.7650140179606647E-4
1.7642474629710861E-4
1.763481559830666E-4
1.76271630771579E-4
1.761951705804114E-4
1.7611877532747245E-4
1.7604244493080398E-4
1.759661793085901E-4
1.758899783791492E-4
1.7581384206093748E-4
1.7573777027254586E-4
1.7566176293269792E-4
1.7558581996026317E-4
1.7550994127423953E-4
1.7543412679375695E-4
1.753583764380854E-4
1.7528269012662994E-4
1.7520706777892614E-4
1.7513150931465035E-4
1.750560146535993E-4
1.749805837157231E-4
1.7490521642108344E-4
1.7482991268989007E-4
1.7475467244248074E-4
1.7467949559932497E-4
1.7460438208102334E-4
1.745293318083131E-4
1.7445434470205674E-4
1.7437942068325224E-4
1.7430455967302889E-4
1.742297615926444E-4
1.7415502636348372E-4
1.74080353907073E-4
1.7400574414505585E-4
1.7393119699921463E-4
1.738567123914567E-4
1.7378229024381646E-4
1.737079304784636E-4
1.736336330176915E-4
1.7355939778392553E-4
1.7348522469971356E-4
1.7341111368773598E-4
1.7333706467080015E-4
1.732630775718381E-4
1.7318915231391026E-4
1.7311528882020858E-4
1.73041487014045E-4
1.729677468188604E-4
1.728940681582169E-4
1.7282045095581201E-4
1.7274689513546167E-4
1.7267340062110644E-4
1.7259996733681973E-4
1.725265952067854E-4
1.7245328415533022E-4
1.7238003410688623E-4
1.7230684498602454E-4
1.7223371671742975E-4
1.7216064922591658E-4
1.720876424364217E-4
1.7201469627399743E-4
1.7194181066383215E-4
1.7186898553122476E-4
1.7179622080160226E-4
1.7172351640051023E-4
1.7165087225361967E-4
1.715782882867199E-4
1.715057644257252E-4
1.714333005966653E-4
1.7136089672569697E-4
1.712885527390869E-4
1.7121626856323748E-4
1.7114404412465884E-4
1.7107187934998683E-4
1.7099977416597118E-4
1.7092772849948526E-4
1.7085574227752222E-4
1.7078381542719127E-4
1.707119478757213E-4
1.706401395504568E-4
1.7056839037886894E-4
1.704967002885341E-4
1.7042506920715477E-4
1.703534970625489E-4
1.7028198378265196E-4
1.7021052929551273E-4
1.7013913352930456E-4
1.7006779641230496E-4
1.6999651787292155E-4
1.699252978396663E-4
1.698541362411738E-4
1.6978303300618886E-4
1.6971198806357607E-4
1.696410013423125E-4
1.6957007277149425E-4
1.694992022803215E-4
1.694283897981223E-4
1.6935763525433188E-4
1.6928693857849297E-4
1.6921629970027447E-4
1.6914571854945067E-4
1.6907519505590866E-4
1.690047291496536E-4
1.6893432076079854E-4
1.6886396981957312E-4
1.6879367625631468E-4
1.6872344000147744E-4
1.6865326098561948E-4
1.6858313913942343E-4
1.6851307439366838E-4
1.6844306667925267E-4
1.6837311592718808E-4
1.6830322206859077E-4
1.682333850346942E-4
1.6816360475683094E-4
1.680938811664597E-4
1.6802421419513143E-4
1.679546037745167E-4
1.6788504983639567E-4
1.678155523126586E-4
1.6774611113529544E-4
1.6767672623641604E-4
1.6760739754823192E-4
1.6753812500306677E-4
1.6746890853334563E-4
1.673997480716107E-4
1.6733064355050822E-4
1.672615949027868E-4
1.6719260206130663E-4
1.6712366495903887E-4
1.6705478352905203E-4
1.669859577045292E-4
1.6691718741875514E-4
1.668484726051251E-4
1.667798131971371E-4
1.6671120912839317E-4
1.6664266033260497E-4
1.6657416674358428E-4
1.6650572829525695E-4
1.6643734492164525E-4
1.6636901655687762E-4
1.6630074313518965E-4
1.6623252459091874E-4
1.6616436085851256E-4
1.6609625187250822E-4
1.660281975675633E-4
1.6596019787842764E-4
1.6589225273995855E-4
1.6582436208711907E-4
1.6575652585496396E-4
1.6568874397866705E-4
1.656210163934905E-4
1.6555334303480624E-4
1.6548572383808367E-4
1.6541815873890092E-4
1.6535064767292856E-4
1.6528319057594883E-4
1.6521578738383166E-4
1.6514843803256356E-4
1.6508114245822103E-4
1.6501390059698432E-4
1.649467123851331E-4
1.6487957775905015E-4
1.6481249665521914E-4
1.6474546901021678E-4
1.6467849476072447E-4
1.6461157384352695E-4
1.6454470619549567E-4
1.6447789175361117E-4
1.6441113045495326E-4
1.6434442223670003E-4
1.6427776703612258E-4
1.6421116479059135E-4
1.641446154375801E-4
1.6407811891465794E-4
1.6401167515949194E-4
1.6394528410984207E-4
1.6387894570357248E-4
1.6381265987863854E-4
1.6374642657310213E-4
1.6368024572511032E-4
1.6361411727291192E-4
1.6354804115485363E-4
1.6348201730937727E-4
1.6341604567501672E-4
1.6335012619041124E-4
1.6328425879428115E-4
1.6321844342545827E-4
1.6315268002285824E-4
1.6308696852550115E-4
1.6302130887248828E-4
1.6295570100302923E-4
1.6289014485642122E-4
1.62824640372057E-4
1.6275918748942425E-4
1.6269378614810462E-4
1.6262843628777406E-4
1.625631378482011E-4
1.6249789076924734E-4
1.624326949908674E-4
1.6236755045311095E-4
1.6230245709612147E-4
1.622374148601262E-4
1.6217242368546066E-4
1.6210748351253934E-4
1.6204259428187343E-4
1.6197775593406735E-4
1.619129684098146E-4
1.6184823164990653E-4
1.61783545595217E-4
1.6171891018671507E-4
1.6165432536546472E-4
1.6158979107261642E-4
1.615253072494127E-4
1.6146087383718505E-4
1.6139649077735933E-4
1.6133215801144673E-4
1.6126787548105428E-4
1.6120364312787453E-4
1.6113946089369179E-4
1.61075328720374E-4
1.6101124654989185E-4
1.6094721432429024E-4
1.608832319857132E-4
1.6081929947638928E-4
1.6075541673863877E-4
1.6069158371486754E-4
1.606278003475689E-4
1.6056406657932861E-4
1.605003823528181E-4
1.6043674761079613E-4
1.6037316229611096E-4
1.6030962635169355E-4
1.602461397205706E-4
1.6018270234584823E-4
1.6011931417072399E-4
1.600559751384827E-4
1.599926851924897E-4
1.5992944427620416E-4
1.598662523331692E-4
1.5980310930701562E-4
1.597400151414546E-4
1.5967696978028844E-4
1.5961397316740275E-4
1.595510252467698E-4
1.5948812596244978E-4
1.594252752585858E-4
1.5936247307940163E-4
1.5929971936921077E-4
1.592370140724144E-4
1.5917435713349364E-4
1.5911174849700974E-4
1.5904918810761656E-4
1.5898667591005437E-4
1.589242118491351E-4
1.58861795869767E-4
1.587994279169304E-4
1.5873710793569946E-4
1.586748358712253E-4
1.5861261166874322E-4
1.5855043527357535E-4
1.584883066311213E-4
1.5842622568686682E-4
1.583641923863809E-4
1.583022066753107E-4
1.582402684993893E-4
1.581783778044298E-4
1.5811653453632634E-4
1.5805473864106208E-4
1.5799299006469136E-4
1.5793128875335656E-4
1.5786963465328074E-4
1.5780802771076546E-4
1.5774646787219455E-4
1.5768495508403316E-4
1.5762348929282795E-4
1.575620704452094E-4
1.575006984878743E-4
1.5743937336761376E-4
1.5737809503129944E-4
1.573168634258702E-4
1.5725567849835865E-4
1.571945401958703E-4
1.5713344846558729E-4
1.5707240325477911E-4
1.5701140451078693E-4
1.5695045218103602E-4
1.568895462130267E-4
1.5682868655434104E-4
1.567678731526385E-4
1.5670710595565803E-4
1.5664638491121437E-4
1.5658570996720085E-4
1.5652508107159288E-4
1.5646449817244152E-4
1.56403961217872E-4
1.5634347015608987E-4
1.5628302493537842E-4
1.5622262550410099E-4
1.5616227181068892E-4
1.561019638036638E-4
1.560417014316147E-4
1.5598148464320802E-4
1.559213133871892E-4
1.558611876123777E-4
1.5580110726767611E-4
1.5574107230205146E-4
1.5568108266455835E-4
1.556211383043199E-4
1.5556123917053664E-4
1.5550138521248864E-4
1.554415763795225E-4
1.5538181262106984E-4
1.5532209388663452E-4
1.552624201257876E-4
1.5520279128818998E-4
1.5514320732356354E-4
1.55083668181711E-4
1.5502417381251023E-4
1.549647241659104E-4
1.5490531919193723E-4
1.5484595884068803E-4
1.547866430623396E-4
1.5472737180713416E-4
1.5466814502539412E-4
1.546089626675151E-4
1.5454982468396006E-4
1.544907310252733E-4
1.5443168164206705E-4
1.5437267648502745E-4
1.5431371550491513E-4
1.5425479865256034E-4
1.5419592587886965E-4
1.5413709713481836E-4
1.540783123714562E-4
1.54019571539907E-4
1.539608745913622E-4
1.5390222147708662E-4
1.5384361214841946E-4
1.537850465567695E-4
1.5372652465361704E-4
1.53668046390513E-4
1.5360961171908177E-4
1.535512205910186E-4
1.5349287295808356E-4
1.5343456877211877E-4
1.5337630798502904E-4
1.5331809054879117E-4
1.532599164154515E-4
1.532017855371334E-4
1.5314369786601872E-4
1.5308565335436986E-4
1.5302765195451682E-4
1.5296969361885436E-4
1.5291177829985402E-4
1.528539059500515E-4
1.5279607652205103E-4
1.5273828996853454E-4
1.5268054624224415E-4
1.526228452959947E-4
1.525651870826704E-4
1.5250757155522662E-4
1.524499986666789E-4
1.5239246837012188E-4
1.5233498061870989E-4
1.522775353656716E-4
1.5222013256430033E-4
1.5216277216796085E-4
1.5210545413008313E-4
1.5204817840416447E-4
1.519909449437748E-4
1.5193375370254098E-4
1.5187660463416905E-4
1.5181949769242864E-4
1.5176243283115327E-4
1.5170541000424624E-4
1.5164842916567868E-4
1.5159149026948445E-4
1.5153459326977122E-4
1.514777381207036E-4
1.514209247765236E-4
1.5136415319153278E-4
1.513074233200989E-4
1.5125073511665715E-4
1.511940885357099E-4
1.511374835318238E-4
1.510809200596337E-4
1.5102439807383337E-4
1.5096791752919147E-4
1.5091147838053619E-4
1.5085508058276526E-4
1.5079872409083227E-4
1.507424088597678E-4
1.5068613484465953E-4
1.506299020006642E-4
1.5057371028300012E-4
1.5051755964695063E-4
1.5046145004786557E-4
1.504053814411592E-4
1.5034935378230695E-4
1.502933670268504E-4
1.5023742113039562E-4
1.5018151604861063E-4
1.50125651737233E-4
1.5006982815205547E-4
1.5001404524893762E-4
1.4995830298380724E-4
1.4990260131264794E-4
1.498469401915134E-4
1.497913195765133E-4
1.4973573942382606E-4
1.4968019968969172E-4
1.4962470033041205E-4
1.4956924130235142E-4
1.495138225619374E-4
1.494584440656609E-4
1.4940310577007016E-4
1.493478076317837E-4
1.4929254960747626E-4
1.4923733165388836E-4
1.4918215372781662E-4
1.4912701578612575E-4
1.4907191778573827E-4
1.4901685968364098E-4
1.4896184143687962E-4
1.4890686300255985E-4
1.4885192433785485E-4
1.4879702539999267E-4
1.4874216614626492E-4
1.4868734653402583E-4
1.4863256652068664E-4
1.4857782606372081E-4
1.485231251206647E-4
1.4846846364911036E-4
1.4841384160671416E-4
1.483592589511939E-4
1.4830471564032012E-4
1.4825021163193032E-4
1.4819574688392518E-4
1.4814132135425098E-4
1.4808693500093097E-4
1.480325877820345E-4
1.479782796556969E-4
1.4792401058011354E-4
1.4786978051353636E-4
1.478155894142761E-4
1.4776143724070515E-4
1.477073239512541E-4
1.476532495044102E-4
1.475992138587232E-4
1.4754521697280017E-4
1.4749125880530106E-4
1.4743733931495354E-4
1.4738345846054197E-4
1.4732961620090066E-4
1.472758124949327E-4
1.472220473015914E-4
1.4716832057989231E-4
1.471146322889069E-4
1.4706098238776447E-4
1.4700737083565534E-4
1.4695379759182046E-4
1.4690026261556774E-4
1.4684676586625224E-4
1.4679330730329193E-4
1.4673988688616312E-4
1.4668650457439448E-4
1.4663316032757673E-4
1.4657985410535278E-4
1.4652658586742788E-4
1.4647335557355703E-4
1.4642016318355776E-4
1.463670086572974E-4
1.4631389195470773E-4
1.4626081303577239E-4
1.462077718605297E-4
1.461547683890763E-4
1.4610180258156733E-4
1.4604887439820726E-4
1.4599598379926024E-4
1.4594313074504808E-4
1.4589031519594687E-4
1.4583753711238114E-4
1.4578479645484377E-4
1.457320931838711E-4
1.4567942726006014E-4
1.4562679864406496E-4
1.45574207296591E-4
1.4552165317839583E-4
1.4546913625030277E-4
1.4541665647317632E-4
1.4536421380794315E-4
1.4531180821558383E-4
1.4525943965713395E-4
1.4520710809368202E-4
1.451548134863698E-4
1.451025557963945E-4
1.4505033498500604E-4
1.4499815101351302E-4
1.4494600384326877E-4
1.448938934356914E-4
1.4484181975224383E-4
1.4478978275444756E-4
1.44737782403877E-4
1.4468581866215578E-4
1.446338914909645E-4
1.445820008520356E-4
1.4453014670716077E-4
1.444783290181732E-4
1.4442654774696743E-4
1.4437480285548867E-4
1.4432309430573726E-4
1.4427142205975676E-4
1.4421978607966028E-4
1.4416818632759186E-4
1.4411662276576828E-4
1.4406509535644602E-4
1.4401360406193848E-4
1.4396214884461033E-4
1.439107296668762E-4
1.4385934649120664E-4
1.4380799928012151E-4
1.4375668799619418E-4
1.4370541260204538E-4
1.4365417306035007E-4
1.4360296933383924E-4
1.435518013852858E-4
1.4350066917752523E-4
1.4344957267343477E-4
1.4339851183594682E-4
1.4334748662804295E-4
1.4329649701275753E-4
1.4324554295317533E-4
1.431946244124344E-4
1.431437413537169E-4
1.4309289374026356E-4
1.430420815353581E-4
1.4299130470234108E-4
1.4294056320460053E-4
1.4288985700557216E-4
1.428391860687473E-4
1.4278855035766087E-4
1.4273794983590542E-4
1.4268738446711815E-4
1.4263685421498954E-4
1.4258635904325405E-4
1.4253589891570164E-4
1.42485473796168E-4
1.4243508364854328E-4
1.4238472843676095E-4
1.4233440812480585E-4
1.4228412267671594E-4
1.422338720565744E-4
1.4218365622851453E-4
1.4213347515671634E-4
1.4208332880541295E-4
1.420332171388832E-4
1.4198314012145774E-4
1.419330977175089E-4
1.41883089891469E-4
1.4183311660780505E-4
1.417831778310487E-4
1.417332735257644E-4
1.4168340365657234E-4
1.4163356818814189E-4
1.4158376708518758E-4
1.415340003124732E-4
1.4148426783481156E-4
1.414345696170577E-4
1.413849056241231E-4
1.4133527582096096E-4
1.4128568017257343E-4
1.412361186440119E-4
1.4118659120037285E-4
1.4113709780679942E-4
1.4108763842848458E-4
1.4103821303066897E-4
1.4098882157864004E-4
1.4093946403772632E-4
1.4089014037330935E-4
1.408408505508192E-4
1.407915945357292E-4
1.4074237229355887E-4
1.4069318378987435E-4
1.4064402899029033E-4
1.4059490786046878E-4
1.4054582036611687E-4
1.40496766472987E-4
1.40447746146875E-4
1.4039875935363007E-4
1.4034980605914235E-4
1.4030088622935381E-4
1.4025199983024327E-4
1.402031468278392E-4
1.4015432718822207E-4
1.4010554087750797E-4
1.4005678786186679E-4
1.4000806810750792E-4
1.3995938158069333E-4
1.399107282477188E-4
1.3986210807493898E-4
1.398135210287471E-4
1.397649670755794E-4
1.3971644618192177E-4
1.3966795831430088E-4
1.3961950343929357E-4
1.3957108152351397E-4
1.395226925336312E-4
1.3947433643635227E-4
1.3942601319842722E-4
1.393777227866539E-4
1.3932946516787616E-4
1.3928124030898148E-4
1.3923304817690092E-4
1.3918488873860386E-4
1.3913676196111236E-4
1.3908866781149303E-4
1.3904060625685437E-4
1.389925772643395E-4
1.389445808011521E-4
1.3889661683452777E-4
1.3884868533174926E-4
1.388007862601447E-4
1.3875291958708152E-4
1.3870508527997642E-4
1.3865728330628746E-4
1.3860951363351264E-4
1.385617762291976E-4
1.3851407106092633E-4
1.3846639809633347E-4
1.384187573030921E-4
1.3837114864891718E-4
1.383235721015695E-4
1.3827602762885117E-4
1.382285151986074E-4
1.3818103477872742E-4
1.3813358633714084E-4
1.380861698418197E-4
1.380387852607815E-4
1.3799143256208572E-4
1.3794411171382922E-4
1.3789682268416145E-4
1.3784956544126128E-4
1.378023399533624E-4
1.3775514618872886E-4
1.3770798411567712E-4
1.3766085370255993E-4
1.3761375491776968E-4
1.3756668772974733E-4
1.3751965210697168E-4
1.3747264801796402E-4
1.3742567543128335E-4
1.373787343155394E-4
1.3733182463937496E-4
1.3728494637147852E-4
1.3723809948057772E-4
1.3719128393543993E-4
1.371444997048822E-4
1.3709774675775254E-4
1.3705102506294536E-4
1.3700433458939528E-4
1.3695767530607633E-4
1.3691104718200746E-4
1.368644501862434E-4
1.3681788428788322E-4
1.3677134945606372E-4
1.3672484565996622E-4
1.3667837286880907E-4
1.3663193105185344E-4
1.365855201783991E-4
1.36539140217788E-4
1.3649279113940054E-4
1.3644647291265842E-4
1.3640018550702346E-4
1.3635392889199677E-4
1.3630770303712188E-4
1.3626150791198123E-4
1.3621534348619212E-4
1.361692097294209E-4
1.3612310661136493E-4
1.360770341017688E-4
1.3603099217041016E-4
1.3598498078711165E-4
1.359389999217308E-4
1.3589304954416927E-4
1.3584712962436235E-4
1.3580124013229188E-4
1.3575538103797108E-4
1.3570955231145883E-4
1.356637539228507E-4
1.3561798584228193E-4
1.3557224803992094E-4
1.3552654048598587E-4
1.354808631507259E-4
1.3543521600443037E-4
1.3538959901742968E-4
1.353440121600915E-4
1.3529845540282063E-4
1.352529287160618E-4
1.3520743207029874E-4
1.351619654360537E-4
1.3511652878388808E-4
1.3507112208439615E-4
1.3502574530821867E-4
1.3498039842602715E-4
1.349350814085377E-4
1.3488979422649776E-4
1.3484453685070003E-4
1.3479930925196896E-4
1.3475411140116862E-4
1.347089432692051E-4
1.3466380482701445E-4
1.346186960455786E-4
1.3457361689591106E-4
1.345285673490647E-4
1.3448354737613302E-4
1.3443855694824118E-4
1.3439359603655793E-4
1.3434866461227944E-4
1.343037626466566E-4
1.3425889011095795E-4
1.3421404697650183E-4
1.3416923321463747E-4
1.3412444879675557E-4
1.340796936942839E-4
1.3403496787868003E-4
1.3399027132144858E-4
1.3394560399412078E-4
1.3390096586827382E-4
1.338563569155153E-4
1.3381177710748986E-4
1.3376722641588395E-4
1.337227048124158E-4
1.3367821226883847E-4
1.3363374875694498E-4
1.3358931424856558E-4
1.3354490871556385E-4
1.3350053212984268E-4
1.3345618446333494E-4
1.334118656880178E-4
1.3336757577589854E-4
1.3332331469902316E-4
1.3327908242947013E-4
1.332348789393624E-4
1.3319070420084465E-4
1.331465581861099E-4
1.331024408673827E-4
1.3305835221692267E-4
1.3301429220702394E-4
1.3297026081001784E-4
1.3292625799827257E-4
1.3288228374418493E-4
1.3283833802019593E-4
1.3279442079877738E-4
1.3275053205243824E-4
1.3270667175371706E-4
1.3266283987519546E-4
1.3261903638948555E-4
1.3257526126923372E-4
1.3253151448712794E-4
1.324877960158794E-4
1.324441058282451E-4
1.3240044389701083E-4
1.3235681019499695E-4
1.3231320469506545E-4
1.3226962737010353E-4
1.3222607819303865E-4
1.3218255713683206E-4
1.3213906417447707E-4
1.320955992790041E-4
1.3205216242347846E-4
1.320087535809953E-4
1.3196537272468873E-4
1.3192201982772554E-4
1.3187869486330629E-4
1.3183539780466406E-4
1.3179212862506862E-4
1.3174888729782218E-4
1.3170567379626252E-4
1.3166248809376032E-4
1.3161933016371985E-4
1.315761999795751E-4
1.315330975148024E-4
1.3149002274290563E-4
1.3144697563742517E-4
1.3140395617193087E-4
1.3136096432003218E-4
1.3131800005536457E-4
1.3127506335160335E-4
1.3123215418245446E-4
1.311892725216576E-4
1.3114641834298407E-4
1.3110359162023846E-4
1.310607923272646E-4
1.310180204379291E-4
1.3097527592614188E-4
1.3093255876583986E-4
1.3088986893099001E-4
1.308472063955998E-4
1.308045711337043E-4
1.307619631193735E-4
1.307193823267086E-4
1.3067682872984653E-4
1.306343023029528E-4
1.3059180302022833E-4
1.3054933085590294E-4
1.305068857842459E-4
1.30464467779548E-4
1.3042207681614507E-4
1.3037971286839587E-4
1.3033737591069389E-4
1.3029506591746926E-4
1.302527828631749E-4
1.3021052672230609E-4
1.3016829746938396E-4
1.3012609507896125E-4
1.3008391952562683E-4
1.3004177078399719E-4
1.2999964882872374E-4
1.2995755363448978E-4
1.299154851760048E-4
1.2987344342802053E-4
1.298314283653095E-4
1.2978943996268326E-4
1.2974747819497772E-4
1.297055430370683E-4
1.2966363446385902E-4
1.2962175245028167E-4
1.2957989697130344E-4
1.295380680019234E-4
1.2949626551716728E-4
1.2945448949209606E-4
1.29412739901802E-4
1.293710167214036E-4
1.2932931992605675E-4
1.2928764949094568E-4
1.2924600539128406E-4
1.2920438760231787E-4
1.2916279609932564E-4
1.2912123085761379E-4
1.2907969185252106E-4
1.2903817905941746E-4
1.2899669245369764E-4
1.289552320108008E-4
1.2891379770617873E-4
1.2887238951533235E-4
1.2883100741377642E-4
1.2878965137706744E-4
1.28748321380787E-4
1.287070174005465E-4
1.286657394119934E-4
1.2862448739079838E-4
1.2858326131266588E-4
1.2854206115333098E-4
1.2850088688855802E-4
1.2845973849414004E-4
1.2841861594590175E-4
1.2837751921969883E-4
1.283364482914157E-4
1.2829540313696327E-4
1.2825438373228673E-4
1.2821339005336245E-4
1.281724220761916E-4
1.2813147977680693E-4
1.2809056313127273E-4
1.2804967211568305E-4
1.280088067061563E-4
1.279679668788439E-4
1.2792715260992894E-4
1.2788636387562203E-4
1.2784560065216312E-4
1.2780486291581736E-4
1.2776415064288564E-4
1.2772346380969825E-4
1.2768280239260733E-4
1.2764216636800268E-4
1.276015557122977E-4
1.2756097040193766E-4
1.275204104133937E-4
1.2747987572316803E-4
1.274393663077941E-4
1.2739888214382953E-4
1.2735842320786474E-4
1.2731798947651708E-4
1.2727758092643003E-4
1.2723719753428265E-4
1.271968392767738E-4
1.271565061306428E-4
1.2711619807264326E-4
1.2707591507957048E-4
1.270356571282397E-4
1.2699542419549495E-4
1.269552162582156E-4
1.269150332933021E-4
1.2687487527768602E-4
1.268347421883267E-4
1.2679463400221385E-4
1.2675455069636102E-4
1.2671449224781528E-4
1.266744586336493E-4
1.2663444983095746E-4
1.265944658168768E-4
1.2655450656855497E-4
1.2651457206318384E-4
1.2647466227797113E-4
1.2643477719015956E-4
1.263949167770139E-4
1.2635508101583324E-4
1.2631526988393806E-4
1.2627548335867933E-4
1.2623572141743847E-4
1.2619598403761862E-4
1.2615627119665605E-4
1.2611658287201032E-4
1.260769190411712E-4
1.2603727968165448E-4
1.2599766477100442E-4
1.259580742867906E-4
1.2591850820661176E-4
1.258789665080908E-4
1.258394491688864E-4
1.257999561666717E-4
1.2576048747915748E-4
1.2572104308407903E-4
1.2568162295919372E-4
1.2564222708229218E-4
1.2560285543118817E-4
1.2556350798372684E-4
1.2552418471776982E-4
1.2548488561121946E-4
1.2544561064199797E-4
1.254063597880519E-4
1.253671330273586E-4
1.2532793033791825E-4
1.2528875169776652E-4
1.2524959708495428E-4
1.2521046647756383E-4
1.2517135985370674E-4
1.251322771915178E-4
1.2509321846915762E-4
1.2505418366481647E-4
1.2501517275670786E-4
1.2497618572307343E-4
1.249372225421819E-4
1.2489828319232375E-4
1.2485936765181766E-4
1.2482047589901753E-4
1.2478160791228916E-4
1.2474276367002973E-4
1.247039431506685E-4
1.2466514633265074E-4
1.2462637319445586E-4
1.245876237145858E-4
1.2454889787156525E-4
1.2451019564395285E-4
1.2447151701032615E-4
1.2443286194928935E-4
1.2439423043947789E-4
1.243556224595438E-4
1.243170379881737E-4
1.2427847700407138E-4
1.2423993948597328E-4
1.242014254126416E-4
1.2416293476285776E-4
1.2412446751543048E-4
1.2408602364919963E-4
1.240476031430232E-4
1.240092059757889E-4
1.2397083212640846E-4
1.239324815738202E-4
1.238941542969842E-4
1.238558502748897E-4
1.2381756948654998E-4
1.2377931191100193E-4
1.237410775273064E-4
1.2370286631455596E-4
1.236646782518588E-4
1.2362651331835798E-4
1.2358837149321311E-4
1.2355025275561182E-4
1.2351215708476763E-4
1.234740844599177E-4
1.2343603486032536E-4
1.2339800826527566E-4
1.233600046540836E-4
1.2332202400608405E-4
1.2328406630063906E-4
1.232461315171334E-4
1.2320821963497403E-4
1.2317033063360155E-4
1.231324644924718E-4
1.2309462119107113E-4
1.2305680070890757E-4
1.230190030255116E-4
1.229812281204409E-4
1.229434759732789E-4
1.2290574656362787E-4
1.2286803987112188E-4
1.228303558754104E-4
1.2279269455617322E-4
1.2275505589311446E-4
1.2271743986595933E-4
1.2267984645445906E-4
1.2264227563838734E-4
1.2260472739754276E-4
1.2256720171174916E-4
1.2252969856085057E-4
1.2249221792472309E-4
1.2245475978325303E-4
1.2241732411636338E-4
1.2237991090399493E-4
1.2234252012611303E-4
1.2230515176270775E-4
1.2226780579379276E-4
1.2223048219940142E-4
1.2219318095959663E-4
1.2215590205446193E-4
1.2211864546410388E-4
1.2208141116865412E-4
1.2204419914826789E-4
1.2200700938311868E-4
1.2196984185341357E-4
1.2193269653937418E-4
1.2189557342124905E-4
1.2185847247930671E-4
1.2182139369384576E-4
1.2178433704518127E-4
1.2174730251365541E-4
1.2171029007963035E-4
1.2167329972349574E-4
1.2163633142565992E-4
1.215993851665575E-4
1.2156246092664524E-4
1.2152555868640078E-4
1.2148867842632551E-4
1.2145182012694891E-4
1.2141498376881619E-4
1.2137816933249729E-4
1.2134137679858887E-4
1.2130460614770519E-4
1.2126785736048879E-4
1.2123113041759693E-4
1.2119442529972039E-4
1.2115774198755963E-4
1.2112108046185083E-4
1.2108444070334421E-4
1.2104782269281255E-4
1.2101122641105827E-4
1.2097465183889974E-4
1.2093809895717969E-4
1.2090156774676063E-4
1.208650581885359E-4
1.2082857026340853E-4
1.207921039523156E-4
1.2075565923621186E-4
1.2071923609607128E-4
1.2068283451289369E-4
1.2064645446770129E-4
1.2061009594153706E-4
1.2057375891546506E-4
1.2053744337057684E-4
1.2050114928797872E-4
1.2046487664880291E-4
1.2042862543420531E-4
1.2039239562535743E-4
1.203561872034605E-4
1.2032000014973476E-4
1.2028383444541855E-4
1.2024769007177765E-4
1.202115670100968E-4
1.2017546524168096E-4
1.201393847478595E-4
1.2010332550998611E-4
1.2006728750943034E-4
1.2003127072758554E-4
1.1999527514586688E-4
1.199593007457134E-4
1.199233475085816E-4
1.1988741541595199E-4
1.1985150444932682E-4
1.1981561459023017E-4
1.1977974582020217E-4
1.1974389812081486E-4
1.1970807147365051E-4
1.1967226586032182E-4
1.196364812624541E-4
1.1960071766170316E-4
1.1956497503973893E-4
1.1952925337825649E-4
1.1949355265896768E-4
1.194578728636126E-4
1.1942221397394709E-4
1.193865759717483E-4
1.1935095883881664E-4
1.19315362556972E-4
1.192797871080578E-4
1.1924423247393237E-4
1.1920869863648346E-4
1.191731855776124E-4
1.1913769327924648E-4
1.1910222172332981E-4
1.1906677089183232E-4
1.1903134076673874E-4
1.1899593133005649E-4
1.189605425638191E-4
1.189251744500733E-4
1.1888982697088998E-4
1.1885450010836121E-4
1.1881919384459892E-4
1.1878390816173444E-4
1.1874864304192285E-4
1.187133984673355E-4
1.1867817442016668E-4
1.1864297088263219E-4
1.1860778783696716E-4
1.1857262526542672E-4
1.1853748315028475E-4
1.1850236147384128E-4
1.1846726021840615E-4
1.1843217936632399E-4
1.1839711889994603E-4
1.1836207880165424E-4
1.1832705905384223E-4
1.1829205963892798E-4
1.182570805393517E-4
1.1822212173757035E-4
1.1818718321606097E-4
1.1815226495732293E-4
1.1811736694387509E-4
1.1808248915825242E-4
1.1804763158301628E-4
1.1801279420074438E-4
1.1797797699403412E-4
1.1794317994550037E-4
1.1790840303778903E-4
1.1787364625354809E-4
1.1783890957546149E-4
1.1780419298622608E-4
1.1776949646855568E-4
1.1773482000518906E-4
1.1770016357888338E-4
1.176655271724137E-4
1.1763091076857553E-4
1.1759631435018383E-4
1.1756173790007558E-4
1.1752718140110491E-4
1.1749264483614477E-4
1.1745812818808929E-4
1.1742363143984932E-4
1.1738915457436044E-4
1.1735469757457443E-4
1.1732026042345978E-4
1.1728584310400977E-4
1.1725144559923418E-4
1.1721706789216124E-4
1.1718270996584144E-4
1.1714837180334099E-4
1.1711405338774567E-4
1.1707975470216447E-4
1.1704547572972203E-4
1.1701121645356407E-4
1.1697697685685295E-4
1.1694275692277146E-4
1.1690855663451977E-4
1.1687437597532274E-4
1.1684021492841883E-4
1.1680607347706626E-4
1.1677195160454404E-4
1.1673784929414647E-4
1.1670376652919461E-4
1.1666970329301758E-4
1.1663565956897055E-4
1.1660163534042743E-4
1.1656763059077851E-4
1.1653364530343308E-4
1.164996794618204E-4
1.1646573304938843E-4
1.1643180604959966E-4
1.1639789844594502E-4
1.1636401022192195E-4
1.1633014136105586E-4
1.1629629184688746E-4
1.1626246166297484E-4
1.1622865079289565E-4
1.1619485922024444E-4
1.1616108692863871E-4
1.1612733390171272E-4
1.1609360012311415E-4
1.1605988557651625E-4
1.1602619024560428E-4
1.1599251411408793E-4
1.1595885716569059E-4
1.1592521938415524E-4
1.1589160075324625E-4
1.1585800125673903E-4
1.1582442087843615E-4
1.1579085960215161E-4
1.1575731741171963E-4
1.1572379429099577E-4
1.156902902238465E-4
1.1565680519416485E-4
1.1562333918585459E-4
1.1558989218284119E-4
1.155564641690714E-4
1.1552305512850156E-4
1.1548966504511146E-4
1.154562939029018E-4
1.154229416858847E-4
1.1538960837809156E-4
1.1535629396357405E-4
1.1532299842640304E-4
1.1528972175066328E-4
1.1525646392045547E-4
1.1522322491990813E-4
1.1519000473315629E-4
1.1515680334435877E-4
1.1512362073769001E-4
1.1509045689734579E-4
1.1505731180753093E-4
1.1502418545247961E-4
1.1499107781643134E-4
1.1495798888365463E-4
1.1492491863842749E-4
1.1489186706505017E-4
1.1485883414783653E-4
1.1482581987112157E-4
1.1479282421925336E-4
1.1475984717660331E-4
1.1472688872755354E-4
1.1469394885651054E-4
1.146610275478935E-4
1.1462812478613905E-4
1.1459524055570385E-4
1.1456237484105845E-4
1.1452952762669316E-4
1.1449669889711497E-4
1.1446388863684794E-4
1.1443109683043362E-4
1.1439832346243002E-4
1.1436556851741368E-4
1.1433283197997302E-4
1.1430011383472196E-4
1.1426741406628714E-4
1.1423473265931189E-4
1.142020695984558E-4
1.1416942486839658E-4
1.1413679845383192E-4
1.1410419033946987E-4
1.1407160051004487E-4
1.1403902895029512E-4
1.140064756449885E-4
1.1397394057890251E-4
1.1394142373683529E-4
1.1390892510359778E-4
1.1387644466402012E-4
1.1384398240294868E-4
1.1381153830524941E-4
1.1377911235579852E-4
1.1374670453949659E-4
1.1371431484125222E-4
1.1368194324600269E-4
1.136495897386875E-4
1.1361725430427266E-4
1.1358493692774191E-4
1.1355263759408835E-4
1.1352035628832156E-4
1.1348809299547868E-4
1.1345584770060058E-4
1.1342362038875208E-4
1.1339141104501068E-4
1.133592196544735E-4
1.1332704620225008E-4
1.1329489067347036E-4
1.1326275305327756E-4
1.1323063332683553E-4
1.131985314793189E-4
1.1316644749592109E-4
1.1313438136185338E-4
1.1310233306234087E-4
1.1307030258262522E-4
1.130382899079667E-4
1.1300629502363814E-4
1.1297431791493231E-4
1.1294235856715464E-4
1.1291041696563013E-4
1.1287849309569531E-4
1.1284658694270575E-4
1.1281469849203416E-4
1.1278282772906727E-4
1.1275097463920845E-4
1.1271913920787715E-4
1.1268732142050774E-4
1.126555212625523E-4
1.1262373871947856E-4
1.1259197377676772E-4
1.1256022641992147E-4
1.125284966344514E-4
1.1249678440589045E-4
1.1246508971978313E-4
1.1243341256169325E-4
1.1240175291719873E-4
1.1237011077189248E-4
1.1233848611138227E-4
1.1230687892129737E-4
1.1227528918727663E-4
1.1224371689497392E-4
1.1221216203006402E-4
1.1218062457823471E-4
1.121491045251907E-4
1.1211760185664534E-4
1.1208611655834013E-4
1.1205464861602005E-4
1.1202319801545243E-4
1.1199176474241775E-4
1.1196034878271493E-4
1.1192895012214931E-4
1.1189756874655552E-4
1.1186620464177368E-4
1.1183485779366035E-4
1.1180352818809225E-4
1.1177221581095611E-4
1.1174092064815482E-4
1.1170964268560941E-4
1.1167838190925548E-4
1.1164713830504253E-4
1.1161591185893306E-4
1.1158470255691256E-4
1.1155351038497317E-4
1.1152233532912721E-4
1.1149117737539857E-4
1.1146003650983069E-4
1.1142891271847955E-4
1.113978059874148E-4
1.1136671630272402E-4
1.1133564365051196E-4
1.1130458801689038E-4
1.1127354938799132E-4
1.1124252774996503E-4
1.1121152308896776E-4
1.1118053539117966E-4
1.1114956464279181E-4
1.1111861083000981E-4
1.1108767393905406E-4
1.1105675395616207E-4
1.11025850867586E-4
1.1099496465958942E-4
1.1096409531845375E-4
1.1093324283047309E-4
1.1090240718195951E-4
1.1087158835923769E-4
1.1084078634864724E-4
1.1081000113654014E-4
1.1077923270928972E-4
1.1074848105327674E-4
1.107177461549002E-4
1.1068702800057485E-4
1.1065632657672586E-4
1.1062564186979648E-4
1.105949738662442E-4
1.105643225525397E-4
1.1053368791516921E-4
1.1050306994063218E-4
1.1047246861544541E-4
1.1044188392613824E-4
1.1041131585925302E-4
1.1038076440135017E-4
1.1035022953900015E-4
1.1031971125879184E-4
1.1028920954732608E-4
1.1025872439121925E-4
1.102282557771009E-4
1.1019780369161752E-4
1.1016736812142473E-4
1.1013694905320026E-4
1.1010654647362665E-4
1.100761603694094E-4
1.1004579072726252E-4
1.1001543753391761E-4
1.0998510077611777E-4
1.0995478044062255E-4
1.0992447651420373E-4
1.0989418898364689E-4
1.098639178357583E-4
1.0983366305734716E-4
1.098034246352468E-4
1.0977320255629512E-4
1.0974299680735544E-4
1.0971280737529465E-4
1.0968263424700127E-4
1.0965247740937326E-4
1.0962233684932189E-4
1.0959221255377709E-4
1.0956210450968048E-4
1.0953201270398311E-4
1.0950193712365777E-4
1.0947187775568546E-4
1.0944183458706502E-4
1.0941180760480292E-4
1.0938179679592656E-4
1.0935180214747445E-4
1.0932182364649715E-4
1.0929186128005974E-4
1.092619150352421E-4
1.092319848991393E-4
1.0920207085885489E-4
1.0917217290151287E-4
1.0914229101424554E-4
1.0911242518420026E-4
1.0908257539853948E-4
1.0905274164444024E-4
1.0902292390908773E-4
1.089931221796856E-4
1.0896333644345084E-4
1.0893356668761285E-4
1.089038128994131E-4
1.0887407506610993E-4
1.0884435317497095E-4
1.088146472132826E-4
1.087849571683384E-4
1.0875528302745261E-4
1.0872562477794654E-4
1.0869598240715796E-4
1.0866635590243734E-4
1.0863674525114879E-4
1.0860715044067068E-4
1.0857757145839214E-4
1.0854800829171778E-4
1.085184609280656E-4
1.0848892935486492E-4
1.0845941355955847E-4
1.0842991352960702E-4
1.0840042925247682E-4
1.0837096071565565E-4
1.0834150790663636E-4
1.0831207081293256E-4
1.0828264942206273E-4
1.0825324372156731E-4
1.0822385369899451E-4
1.0819447934190498E-4
1.0816512063787659E-4
1.0813577757449671E-4
1.0810645013936996E-4
1.0807713832010414E-4
1.080478421043329E-4
1.080185614796955E-4
1.0798929643384665E-4
1.0796004695445054E-4
1.079308130291897E-4
1.0790159464575426E-4
1.0787239179185169E-4
1.0784320445520052E-4
1.0781403262353164E-4
1.077848762845885E-4
1.0775573542612736E-4
1.0772661003591889E-4
1.0769750010174819E-4
1.0766840561140995E-4
1.0763932655270918E-4
1.0761026291346942E-4
1.0758121468152611E-4
1.0755218184472369E-4
1.0752316439092128E-4
1.0749416230799286E-4
1.0746517558382012E-4
1.0743620420630304E-4
1.0740724816335053E-4
1.073783074428846E-4
1.073493820328436E-4
1.0732047192117232E-4
1.0729157709583271E-4
1.0726269754479758E-4
1.0723383325605202E-4
1.0720498421759485E-4
1.0717615041743519E-4
1.0714733184359774E-4
1.0711852848411826E-4
1.0708974032704522E-4
1.0706096736043802E-4
1.0703220957237245E-4
1.0700346695092909E-4
1.0697473948420901E-4
1.0694602716032453E-4
1.0691732996739554E-4
1.0688864789355618E-4
1.0685998092695585E-4
1.068313290557534E-4
1.0680269226812039E-4
1.0677407055224153E-4
1.0674546389631635E-4
1.0671687228855046E-4
1.0668829571716525E-4
1.0665973417039383E-4
1.066311876364837E-4
1.066026561036915E-4
1.065741395602858E-4
1.0654563799455091E-4
1.0651715139477937E-4
1.064886797492805E-4
1.0646022304636864E-4
1.0643178127438018E-4
1.0640335442165234E-4
1.0637494247654218E-4
1.0634654542741683E-4
1.0631816326265579E-4
1.0628979597064776E-4
1.0626144353979868E-4
1.0623310595852118E-4
1.0620478321524464E-4
1.061764752984059E-4
1.0614818219645661E-4
1.0611990389785922E-4
1.0609164039108968E-4
1.060633916646338E-4
1.0603515770699046E-4
1.0600693850666929E-4
1.0597873405219409E-4
1.0595054433209627E-4
1.059223693349275E-4
1.0589420904923795E-4
1.0586606346360348E-4
1.0583793256660319E-4
1.0580981634682918E-4
1.0578171479288735E-4
1.0575362789339527E-4
1.0572555563698085E-4
1.0569749801228321E-4
1.0566945500795534E-4
1.056414266126588E-4
1.0561341281507052E-4
1.0558541360387793E-4
1.0555742896777742E-4
1.0552945889548052E-4
1.0550150337570847E-4
1.054735623971935E-4
1.0544563594868204E-4
1.0541772401893077E-4
1.0538982659670401E-4
1.053619436707872E-4
1.0533407522996605E-4
1.053062212630447E-4
1.052783817588376E-4
1.0525055670617179E-4
1.0522274609387973E-4
1.0519494991081207E-4
1.0516716814582958E-4
1.0513940078780356E-4
1.0511164782561533E-4
1.0508390924816036E-4
1.0505618504434137E-4
1.0502847520307724E-4
1.050007797132938E-4
1.0497309856393475E-4
1.0494543174394575E-4
1.0491777924229113E-4
1.0489014104794538E-4
1.0486251714989001E-4
1.0483490753712334E-4
1.0480731219865243E-4
1.0477973112349337E-4
1.0475216430067601E-4
1.0472461171924284E-4
1.0469707336824448E-4
1.0466954923674506E-4
1.0464203931381794E-4
1.0461454358854745E-4
1.0458706205003027E-4
1.0455959468737458E-4
1.045321414897005E-4
1.0450470244613545E-4
1.0447727754582017E-4
1.0444986677790817E-4
1.0442247013156223E-4
1.04395087595954E-4
1.0436771916027121E-4
1.0434036481370907E-4
1.04313024545474E-4
1.0428569834478405E-4
1.042583862008664E-4
1.0423108810296295E-4
1.042038040403235E-4
1.041765340022119E-4
1.041492779778965E-4
1.0412203595666334E-4
1.0409480792780849E-4
1.0406759388063476E-4
1.0404039380445748E-4
1.0401320768860634E-4
1.0398603552241741E-4
1.0395887729523717E-4
1.0393173299642802E-4
1.0390460261535867E-4
1.0387748614141001E-4
1.0385038356397296E-4
1.0382329487245123E-4
1.0379622005625837E-4
1.0376915910481582E-4
1.0374211200755908E-4
1.0371507875393207E-4
1.0368805933339478E-4
1.036610537354092E-4
1.0363406194945417E-4
1.0360708396501846E-4
1.0358011977159971E-4
1.0355316935870497E-4
1.035262327158563E-4
1.0349930983258303E-4
1.0347240069842572E-4
1.0344550530293502E-4
1.0341862363567333E-4
1.0339175568621043E-4
1.0336490144413765E-4
1.0333806089903827E-4
1.0331123404052002E-4
1.0328442085819893E-4
1.0325762134169906E-4
1.0323083548065238E-4
1.032040632647083E-4
1.0317730468352062E-4
1.0315055972675765E-4
1.0312382838409336E-4
1.0309711064521927E-4
1.0307040649982928E-4
1.0304371593763332E-4
1.0301703894834609E-4
1.029903755217024E-4
1.0296372564743743E-4
1.0293708931529775E-4
1.0291046651504781E-4
1.0288385723645701E-4
1.0285726146930214E-4
1.0283067920337496E-4
1.0280411042847848E-4
1.0277755513441856E-4
1.027510133110211E-4
1.027244849481136E-4
1.0269797003554062E-4
1.026714685631521E-4
1.0264498052080884E-4
1.0261850589838232E-4
1.0259204468575825E-4
1.0256559687282503E-4
1.0253916244948663E-4
1.0251274140565442E-4
1.0248633373125176E-4
1.0245993941620982E-4
1.0243355845047437E-4
1.0240719082399365E-4
1.0238083652673382E-4
1.0235449554866553E-4
1.0232816787977088E-4
1.0230185351004452E-4
1.0227555242948838E-4
1.0224926462811703E-4
1.022229900959461E-4
1.0219672882301619E-4
1.0217048079936742E-4
1.021442460150511E-4
1.021180244601288E-4
1.0209181612467348E-4
1.0206562099876911E-4
1.0203943907250457E-4
1.0201327033598296E-4
1.0198711477931775E-4
1.0196097239262988E-4
1.0193484316604636E-4
1.0190872708971533E-4
1.0188262415378223E-4
1.0185653434841076E-4
1.0183045766376976E-4
1.0180439409004113E-4
1.017783436174131E-4
1.0175230623608755E-4
1.0172628193627201E-4
1.0170027070818684E-4
1.016742725420625E-4
1.0164828742813401E-4
1.0162231535665092E-4
1.0159635631787238E-4
1.0157041030206803E-4
1.0154447729951076E-4
1.0151855730049022E-4
1.0149265029529981E-4
1.0146675627425066E-4
1.014408752276539E-4
1.0141500714583909E-4
1.0138915201913816E-4
1.0136330983789584E-4
1.0133748059246659E-4
1.0131166427321484E-4
1.0128586087051425E-4
1.0126007037474428E-4
1.012342927762987E-4
1.0120852806558053E-4
1.0118277623299861E-4
1.011570372689754E-4
1.011313111639396E-4
1.0110559790833199E-4
1.0107989749260012E-4
1.0105420990720326E-4
1.0102853514260788E-4
1.0100287318929023E-4
1.009772240377413E-4
1.0095158767845301E-4
1.0092596410193244E-4
1.0090035329869356E-4
1.008747552592595E-4
1.0084916997416453E-4
1.008235974339512E-4
1.007980376291704E-4
1.0077249055038546E-4
1.0074695618816378E-4
1.007214345330896E-4
1.0069592557574662E-4
1.0067042930673827E-4
1.0064494571666685E-4
1.0061947479615299E-4
1.0059401653582235E-4
1.0056857092630805E-4
1.0054313795825572E-4
1.005177176223194E-4
1.004923099091588E-4
1.0046691480944922E-4
1.0044153231387238E-4
1.0041616241311386E-4
1.0039080509787622E-4
1.0036546035886732E-4
1.0034012818680616E-4
1.0031480857241771E-4
1.0028950150643501E-4
1.0026420697960782E-4
1.0023892498268676E-4
1.0021365550643644E-4
1.001883985416261E-4
1.0016315407904038E-4
1.0013792210946468E-4
1.0011270262370162E-4
1.000874956125581E-4
1.000623010668508E-4
1.0003711897740565E-4
1.000119493350584E-4
9.998679213064928E-5
The correct rate for BP: 100.00% 
