0.7972498522102358
0.641157158616534
0.5010306407808002
0.37706768497656856
0.2846559538941101
0.2188766387394046
0.17243787025964227
0.13923918612434003
0.11498946747536339
0.09684720999686491
0.08295421349390572
0.0720846856306151
0.06341552950549308
0.056382312571181564
0.05058955838541614
0.045754360108982726
0.041670364259259234
0.03818432848001885
0.03518056271428246
0.03257040264398951
0.030284955874297123
0.02827001611069433
0.026482439187558687
0.024887521537104038
0.02345707704966564
0.022168007784159394
0.02100122878317925
0.01994085011324469
0.018973548039782673
0.018088076859410718
0.017274886455234277
0.016525820112505252
0.015833873836158262
0.015193003211096134
0.014597967318737533
0.014044201761488623
0.013527714719683323
0.013045001360032154
0.012592972961809355
0.012168897919766683
0.011770352387524836
0.011395178789904491
0.011041450792233004
0.010707443594715966
0.010391608639454666
0.01009255199074515
0.009809015786515777
0.009539862268160535
0.00928405998370052
0.009040671829819477
0.0088088446554632
0.00858780019614714
0.008376827146047768
0.008175274206053745
0.007982543971557506
0.0077980875449283026
0.0076213997751614655
0.007452015041812295
0.007289503512531461
0.0071334678137519375
0.006983540062682097
0.006839379216018106
0.006700668696929137
0.006567114267079481
0.006438442114884401
0.006314397134979502
0.006194741377117707
0.006079252645483608
0.0059677232317988434
0.0058599587676487035
0.005755777183234668
0.005655007761294377
0.00555749027626399
0.0054630742099165165
0.005371618035719717
0.005282988565038016
0.005197060349073933
0.005113715131119739
0.005032841344283
0.004954333650370521
0.004878092516075087
0.00480402382301405
0.004732038508527202
0.004662052234458276
0.004593985081425721
0.004527761266337752
0.004463308881128895
0.004400559650892611
0.004339448709761466
0.0042799143930429915
0.0042218980442610176
0.004165343835877634
0.004110198602584661
0.004056411686154266
0.004003934790930451
0.003952721849124465
0.0039027288951515617
0.0038539139483133467
0.0038062369031898343
0.003759659427160139
0.0037141448645198515
0.003669658146707993
0.003626165708196551
0.0035836354076329647
0.0035420364538587337
0.0035013393364581712
0.003461515760518723
0.003422538585309635
0.003384381766608626
0.0033470203024274082
0.0033104301819058537
0.0032745883371623893
0.0032394725979040685
0.0032050616486145322
0.003171334988151787
0.003138272891599608
0.0031058563742283863
0.0030740671574310875
0.003042887636509975
0.0030123008501985104
0.0029822904518108572
0.002952840681919078
0.002923936342465069
0.002895562772220421
0.0028677058235134843
0.0028403518401485706
0.002813487636446788
0.0027871004773429653
0.0027611780594776376
0.002735708493226615
0.002710680285614724
0.00268608232406367
0.002661903860927054
0.0026381344987687692
0.0026147641763435174
0.002591783155241019
0.002569182007157583
0.0025469516017612706
0.0025250830951185897
0.002503567918653005
0.0024823977686068495
0.00246156459598051
0.0024410605969236504
0.0024208782035554334
0.0024010100751912606
0.00238144908995575
0.0023621883367619164
0.0023432211076384792
0.00232454089038762
0.002306141361556958
0.002288016379710226
0.002270159978981871
0.002252566362901985
0.0022352298984783074
0.002218145110523048
0.0022013066762128657
0.002184709419870962
0.002168348307960685
0.002152218444281021
0.0021363150653543055
0.0021206335359975
0.0021051693450685276
0.002089918101379567
0.002074875529770041
0.002060037467331744
0.0020453998597796436
0.0020309587579615553
0.0020167103145008664
0.0020026507805661967
0.001988776502762652
0.001975083920139218
0.001961569561307465
0.001948230041666649
0.0019350620607307076
0.0019220623995529044
0.001909227918243907
0.001896555553579404
0.0018840423166936304
0.0018716852908550932
0.001859481629321226
0.0018474285532686762
0.0018355233497962032
0.0018237633699971843
0.0018121460270989673
0.001800668794666373
0.0017893292048668577
0.0017781248467947303
0.0017670533648523274
0.0017561124571857044
0.0017452998741728763
0.0017346134169624607
0.0017240509360608026
0.0017136103299658654
0.0017032895438458331
0.0016930865682609688
0.0016829994379269726
0.0016730262305183737
0.001663165065510298
0.001653414103057387
0.0016437715429083637
0.0016342356233549698
0.0016248046202139918
0.0016154768458412612
0.0016062506481763314
0.0015971244098168707
0.0015880965471215631
0.0015791655093406235
0.0015703297777729154
0.0015615878649486072
0.0015529383138367064
0.001544379697076361
0.0015359106162312907
0.001527529701066366
0.0015192356088457913
0.0015110270236519047
0.0015029026557241048
0.0014948612408170702
0.0014869015395777396
0.0014790223369402675
0.001471222441538516
0.0014635006851354282
0.0014558559220686671
0.0014482870287120565
0.0014407929029523357
0.0014333724636805562
0.001426024650297888
0.0014187484222351503
0.0014115427584857408
0.0014044066571515025
0.0013973391350011232
0.0013903392270406482
0.0013834059860957117
0.0013765384824051918
0.0013697358032258161
0.001362997052447487
0.0013563213502188784
0.0013497078325831026
0.0013431556511230552
0.001336663972616133
0.001330231978698132
0.0013238588655359294
0.0013175438435087568
0.0013112861368977464
0.0013050849835836206
0.001298939634752077
0.0012928493546068506
0.001286813420090107
0.0012808311206099334
0.0012749017577748363
0.0012690246451348734
0.0012631991079293835
0.0012574244828409962
0.0012517001177558662
0.0012460253715297802
0.001240399613760166
0.0012348222245636715
0.001229292594359245
0.0012238101236565371
0.0012183742228494214
0.001212984312014627
0.0012076398207151765
0.00120234018780857
0.0011970848612596228
0.0011918732979577765
0.0011867049635387063
0.0011815793322102423
0.001176495886582392
0.0011714541175013421
0.0011664535238873834
0.0011614936125766218
0.001156573898166409
0.0011516939028642793
0.0011468531563405006
0.001142051195583913
0.0011372875647611598
0.001132561815079096
0.0011278735046503271
0.0011232221983618457
0.0011186074677465953
0.0011140288908579605
0.0011094860521470643
0.0011049785423427958
0.0011005059583345485
0.0010960679030575268
0.0010916639853806513
0.0010872938199968378
0.0010829570273158003
0.0010786532333591193
0.0010743820696576473
0.0010701431731511106
0.0010659361860899342
0.001061760755939137
0.0010576165352843177
0.0010535031817396707
0.0010494203578579663
0.0010453677310423887
0.0010413449734603508
0.0010373517619590353
0.0010333877779827802
0.0010294527074921646
0.0010255462408848067
0.0010216680729177971
0.0010178179026317845
0.0010139954332765689
0.001010200372238299
0.001006432430968142
0.0010026913249123848
9.989767734440314E-4
9.952884997957425E-4
9.916262309941492E-4
9.879896977955114E-4
9.843786346226666E-4
9.807927795032186E-4
9.772318740090486E-4
9.736956631969361E-4
9.701838955504038E-4
9.66696322922748E-4
9.632327004811598E-4
9.597927866519425E-4
9.563763430668524E-4
9.529831345104316E-4
9.496129288684215E-4
9.462654970771603E-4
9.429406130739403E-4
9.396380537483705E-4
9.363575988946679E-4
9.330990311648313E-4
9.298621360227489E-4
9.266467016991666E-4
9.234525191475371E-4
9.202793820006652E-4
9.171270865282259E-4
9.139954315950523E-4
9.108842186201948E-4
9.077932515368171E-4
9.047223367527464E-4
9.016712831118356E-4
8.986399018560088E-4
8.956280065880264E-4
8.926354132349456E-4
8.896619400122004E-4
8.867074073884094E-4
8.837716380508126E-4
8.808544568713069E-4
8.779556908731212E-4
8.750751691981131E-4
8.722127230746372E-4
8.693681857859858E-4
8.665413926394372E-4
8.637321809357964E-4
8.609403899395446E-4
8.581658608495029E-4
8.55408436769971E-4
8.526679626824449E-4
8.499442854178116E-4
8.47237253629008E-4
8.445467177642058E-4
8.41872530040409E-4
8.39214544417594E-4
8.365726165732132E-4
8.339466038771959E-4
8.313363653673936E-4
8.287417617253777E-4
8.261626552527629E-4
8.235989098478145E-4
8.210503909825725E-4
8.185169656802969E-4
8.159985024933033E-4
8.134948714812001E-4
8.110059441894879E-4
8.0853159362851E-4
8.06071694252745E-4
8.0362612194051E-4
8.011947539739217E-4
7.987774690192458E-4
7.963741471075595E-4
7.93984669615733E-4
7.916089192477526E-4
7.892467800162865E-4
7.868981372246412E-4
7.845628774489614E-4
7.822408885207066E-4
7.799320595094846E-4
7.776362807060938E-4
7.753534436058663E-4
7.730834408923182E-4
7.708261664209975E-4
7.685815152036362E-4
7.663493833925663E-4
7.641296682653442E-4
7.619222682096732E-4
7.59727082708516E-4
7.575440123254814E-4
7.55372958690436E-4
7.532138244853288E-4
7.510665134302442E-4
7.489309302697233E-4
7.468069807592051E-4
7.446945716517643E-4
7.425936106850278E-4
7.405040065682777E-4
7.384256689698068E-4
7.363585085043902E-4
7.34302436721034E-4
7.322573660908688E-4
7.302232099952251E-4
7.281998827139239E-4
7.261872994137158E-4
7.241853761369168E-4
7.221940297902133E-4
7.202131781336172E-4
7.182427397696385E-4
7.162826341325576E-4
7.143327814779171E-4
7.123931028721452E-4
7.104635201823124E-4
7.085439560661081E-4
7.066343339618995E-4
7.047345780789691E-4
7.028446133879067E-4
7.009643656111199E-4
6.990937612135134E-4
6.972327273932735E-4
6.953811920728064E-4
6.935390838898329E-4
6.917063321885751E-4
6.898828670110797E-4
6.880686190886895E-4
6.86263519833625E-4
6.844675013306795E-4
6.826804963290575E-4
6.809024382343196E-4
6.79133261100426E-4
6.773728996219297E-4
6.756212891262507E-4
6.738783655660986E-4
6.721440655119401E-4
6.70418326144652E-4
6.687010852482172E-4
6.669922812025547E-4
6.652918529764507E-4
6.635997401205665E-4
6.619158827605806E-4
6.602402215904026E-4
6.585726978654816E-4
6.569132533962141E-4
6.55261830541474E-4
6.536183722021621E-4
6.519828218149137E-4
6.503551233458779E-4
6.48735221284529E-4
6.47123060637665E-4
6.455185869233782E-4
6.439217461652094E-4
6.423324848862943E-4
6.407507501036546E-4
6.391764893225421E-4
6.376096505308533E-4
6.360501821936306E-4
6.344980332476343E-4
6.329531530960044E-4
6.314154916029592E-4
6.298849990885895E-4
6.283616263237378E-4
6.268453245249057E-4
6.253360453492694E-4
6.238337408897279E-4
6.223383636700492E-4
6.208498666400606E-4
6.193682031708956E-4
6.178933270503426E-4
6.164251924782121E-4
6.149637540617697E-4
6.135089668112771E-4
6.120607861355115E-4
6.106191678374412E-4
6.091840681098477E-4
6.077554435311152E-4
6.063332510609833E-4
6.049174480364111E-4
6.035079921674791E-4
6.021048415333413E-4
6.007079545782232E-4
5.993172901074886E-4
5.97932807283751E-4
5.965544656230178E-4
5.951822249909168E-4
5.938160455989288E-4
5.924558880007107E-4
5.911017130884504E-4
5.897534820892452E-4
5.884111565615462E-4
5.87074698391685E-4
5.857440697903372E-4
5.844192332891693E-4
5.831001517374102E-4
5.817867882985367E-4
5.804791064469666E-4
5.791770699648131E-4
5.778806429386591E-4
5.765897897563892E-4
5.753044751040499E-4
5.740246639627737E-4
5.72750321605689E-4
5.714814135949247E-4
5.702179057786199E-4
5.689597642879717E-4
5.677069555343394E-4
5.664594462063557E-4
5.652172032671097E-4
5.639801939513068E-4
5.627483857625324E-4
5.615217464705026E-4
5.603002441083596E-4
5.590838469699968E-4
5.578725236074374E-4
5.566662428282127E-4
5.554649736927967E-4
5.542686855120422E-4
5.530773478447011E-4
5.518909304949157E-4
5.507094035097729E-4
5.495327371768737E-4
5.483609020219465E-4
5.471938688064793E-4
5.460316085253848E-4
5.448740924046548E-4
5.437212918991301E-4
5.425731786902047E-4
5.414297246836146E-4
5.402909020072186E-4
5.391566830088299E-4
5.380270402540597E-4
5.369019465241882E-4
5.357813748140682E-4
5.34665298330035E-4
5.335536904878696E-4
5.324465249107367E-4
5.313437754272135E-4
5.302454160692852E-4
5.291514210703898E-4
5.280617648634723E-4
5.269764220790765E-4
5.258953675434515E-4
5.24818576276667E-4
5.237460234907754E-4
5.226776845879817E-4
5.216135351588196E-4
5.205535509803664E-4
5.194977080145005E-4
5.184459824061009E-4
5.173983504813841E-4
5.163547887461314E-4
5.153152738840358E-4
5.142797827550314E-4
5.132482923936131E-4
5.122207800072368E-4
5.111972229746773E-4
5.101775988444431E-4
5.091618853331984E-4
5.081500603241923E-4
5.071421018657157E-4
5.06137988169578E-4
5.051376976095953E-4
5.041412087200894E-4
5.031485001944177E-4
5.021595508834985E-4
5.011743397943918E-4
5.001928460888331E-4
4.992150490818492E-4
4.982409282403456E-4
4.972704631817285E-4
4.963036336725198E-4
4.953404196270353E-4
4.943808011060107E-4
4.934247583153017E-4
4.924722716045605E-4
4.915233214659508E-4
4.905778885328448E-4
4.896359535785902E-4
4.886974975152047E-4
4.8776250139219164E-4
4.868309463952617E-4
4.859028138451528E-4
4.8497808519641026E-4
4.840567420362043E-4
4.8313876608314054E-4
4.8222413918612065E-4
4.8131284332316316E-4
4.804048606002802E-4
4.795001732503457E-4
4.785987636319791E-4
4.7770061422843153E-4
4.7680570764651833E-4
4.759140266155059E-4
4.7502555398606927E-4
4.74140272729215E-4
4.732581659352309E-4
4.7237921681268216E-4
4.7150340868733627E-4
4.706307250011774E-4
4.6976114931140413E-4
4.688946652894248E-4
4.680312567198644E-4
4.6717090749960616E-4
4.6631360163682396E-4
4.6545932325002613E-4
4.646080565670972E-4
4.637597859243921E-4
4.6291449576578886E-4
4.62072170641766E-4
4.6123279520852626E-4
4.603963542270649E-4
4.595628325623092E-4
4.5873221518221726E-4
4.579044871569146E-4
4.570796336578449E-4
4.562576399568963E-4
4.554384914255753E-4
4.5462217353414995E-4
4.538086718508499E-4
4.529979720410166E-4
4.52190059866321E-4
4.5138492118392746E-4
4.505825419457316E-4
4.497829081975598E-4
4.4898600607838455E-4
4.481918218195465E-4
4.4740034174401615E-4
4.46611552265617E-4
4.45825439888274E-4
4.4504199120528655E-4
4.44261192898584E-4
4.434830317380003E-4
4.4270749458055764E-4
4.4193456836973875E-4
4.411642401348059E-4
4.4039649699008463E-4
4.396313261342636E-4
4.3886871484973315E-4
4.3810865050188086E-4
4.3735112053844613E-4
4.3659611248881804E-4
4.358436139634224E-4
4.350936126530145E-4
4.343460963280781E-4
4.336010528381679E-4
4.328584701112706E-4
4.3211833615317084E-4
4.313806390468494E-4
4.306453669518564E-4
4.2991250810368864E-4
4.2918205081320424E-4
4.2845398346600674E-4
4.27728294521869E-4
4.2700497251413214E-4
4.26284006049127E-4
4.255653838055919E-4
4.2484909453411983E-4
4.2413512705656586E-4
4.2342347026551205E-4
4.227141131236948E-4
4.220070446634598E-4
4.213022539862189E-4
4.2059973026191183E-4
4.198994627284619E-4
4.1920144069126203E-4
4.185056535226327E-4
4.178120906613126E-4
4.171207416119408E-4
4.1643159594454733E-4
4.1574464329404353E-4
4.150598733597228E-4
4.1437727590476947E-4
4.1369684075576185E-4
4.1301855780218044E-4
4.1234241699592846E-4
4.11668408350867E-4
4.1099652194231896E-4
4.103267479066071E-4
4.096590764406013E-4
4.089934978012304E-4
4.083300023050606E-4
4.0766858032781356E-4
4.0700922230391833E-4
4.0635191872609493E-4
4.056966601448781E-4
4.050434371682068E-4
4.0439224046097595E-4
4.037430607446139E-4
4.030958887966575E-4
4.024507154503323E-4
4.018075315941296E-4
4.0116632817139354E-4
4.005270961799228E-4
3.9988982667154356E-4
3.9925451075172616E-4
3.986211395791739E-4
3.9798970436542863E-4
3.973601963744908E-4
3.9673260692240985E-4
3.961069273769229E-4
3.9548314915704844E-4
3.9486126373272743E-4
3.942412626244398E-4
3.9362313740283304E-4
3.9300687968835536E-4
3.923924811508826E-4
3.917799335093776E-4
3.911692285315032E-4
3.9056035803328913E-4
3.899533138787574E-4
3.8934808797960247E-4
3.887446722948104E-4
3.881430588303456E-4
3.8754323963879217E-4
3.8694520681901897E-4
3.863489525158523E-4
3.8575446891973104E-4
3.8516174826639136E-4
3.845707828365345E-4
3.8398156495550304E-4
3.833940869929573E-4
3.828083413625711E-4
3.822243205216894E-4
3.8164201697105354E-4
3.8106142325445E-4
3.8048253195844666E-4
3.799053357120502E-4
3.793298271864214E-4
3.787559990945858E-4
3.7818384419110703E-4
3.7761335527183187E-4
3.7704452517356955E-4
3.7647734677379323E-4
3.7591181299040095E-4
3.753479167813839E-4
3.74785651144553E-4
3.742250091172884E-4
3.7366598377622543E-4
3.7310856823699926E-4
3.725527556539698E-4
3.719985392199457E-4
3.714459121659248E-4
3.7089486776082346E-4
3.7034539931119674E-4
3.697975001610189E-4
3.692511636913845E-4
3.687063833202559E-4
3.6816315250223075E-4
3.676214647282696E-4
3.6708131352544937E-4
3.665426924567132E-4
3.6600559512062604E-4
3.6547001515113855E-4
3.6493594621733256E-4
3.6440338202316794E-4
3.6387231630727405E-4
3.633427428426965E-4
3.62814655436656E-4
3.622880479303329E-4
3.6176291419861656E-4
3.612392481498917E-4
3.607170437258025E-4
3.6019629490102414E-4
3.5967699568305447E-4
3.59159140111975E-4
3.5864272226024044E-4
3.581277362324519E-4
3.576141761651552E-4
3.5710203622661094E-4
3.56591310616587E-4
3.5608199356615086E-4
3.5557407933745305E-4
3.550675622235225E-4
3.545624365480638E-4
3.540586966652454E-4
3.535563369594996E-4
3.530553518453204E-4
3.5255573576707276E-4
3.5205748319877724E-4
3.5156058864392316E-4
3.5106504663527904E-4
3.5057085173468216E-4
3.50077998532866E-4
3.495864816492563E-4
3.490962957317877E-4
3.486074354567089E-4
3.481198955284145E-4
3.4763367067923266E-4
3.471487556692688E-4
3.466651452862097E-4
3.4618283434514137E-4
3.4570181768837563E-4
3.452220901852768E-4
3.4474364673207854E-4
3.4426648225170263E-4
3.437905916936069E-4
3.433159700335899E-4
3.4284261227363104E-4
3.4237051344172E-4
3.418996685917021E-4
3.414300728030727E-4
3.409617211808603E-4
3.4049460885542836E-4
3.4002873098232326E-4
3.395640827421172E-4
3.3910065934023405E-4
3.3863845600680414E-4
3.381774679965117E-4
3.3771769058840435E-4
3.372591190857795E-4
3.3680174881600374E-4
3.363455751303611E-4
3.358905934039115E-4
3.354367990353436E-4
3.3498418744679764E-4
3.345327540837453E-4
3.340824944148356E-4
3.336334039317361E-4
3.331854781490038E-4
3.327387126039272E-4
3.322931028563921E-4
3.3184864448873103E-4
3.314053331055975E-4
3.309631643338118E-4
3.305221338222271E-4
3.300822372415838E-4
3.296434702843939E-4
3.292058286647841E-4
3.2876930811836136E-4
3.2833390440209417E-4
3.2789961329417053E-4
3.274664305938674E-4
3.2703435212141723E-4
3.266033737178769E-4
3.261734912450086E-4
3.2574470058515016E-4
3.2531699764106766E-4
3.2489037833585753E-4
3.2446483861280046E-4
3.240403744352568E-4
3.236169817865204E-4
3.2319465666971476E-4
3.227733951076617E-4
3.223531931427637E-4
3.2193404683688415E-4
3.215159522712315E-4
3.2109890554623725E-4
3.206829027814315E-4
3.2026794011534565E-4
3.198540137053805E-4
3.19441119727698E-4
3.1902925437711396E-4
3.1861841386695964E-4
3.182085944290081E-4
3.1779979231332835E-4
3.1739200378819664E-4
3.169852251399784E-4
3.165794526730141E-4
3.1617468270952933E-4
3.157709115895023E-4
3.153681356705759E-4
3.149663513279442E-4
3.1456555495425637E-4
3.141657429594927E-4
3.1376691177088E-4
3.1336905783278747E-4
3.1297217760661183E-4
3.125762675706867E-4
3.121813242201725E-4
3.117873440669754E-4
3.113943236396255E-4
3.110022594831912E-4
3.106111481591743E-4
3.102209862454223E-4
3.098317703360271E-4
3.094434970412207E-4
3.0905616298729834E-4
3.0866976481651033E-4
3.0828429918696197E-4
3.078997627725458E-4
3.0751615226282114E-4
3.0713346436293923E-4
3.0675169579354845E-4
3.063708432907051E-4
3.059909036057683E-4
3.0561187350533844E-4
3.052337497711507E-4
3.048565291999818E-4
3.044802086035809E-4
3.041047848085618E-4
3.037302546563336E-4
3.0335661500301196E-4
3.029838627193259E-4
3.026119946905385E-4
3.022410078163677E-4
3.018708990108918E-4
3.015016652024763E-4
3.011333033336913E-4
3.007658103612223E-4
3.0039918325579966E-4
3.000334190021065E-4
2.996685145987125E-4
2.9930446705797933E-4
2.989412734059882E-4
2.985789306824763E-4
2.982174359407354E-4
2.9785678624754313E-4
2.9749697868308944E-4
2.971380103409051E-4
2.967798783277722E-4
2.9642257976365946E-4
2.960661117816472E-4
2.957104715278472E-4
2.953556561613364E-4
2.9500166285407076E-4
2.946484887908351E-4
2.9429613116915213E-4
2.93944587199212E-4
2.935938541038148E-4
2.932439291182767E-4
2.928948094903915E-4
2.92546492480321E-4
2.9219897536057206E-4
2.9185225541588175E-4
2.9150632994318825E-4
2.911611962515271E-4
2.908168516619979E-4
2.904732935076719E-4
2.901305191335384E-4
2.897885258964381E-4
2.8944731116498394E-4
2.891068723195154E-4
2.8876720675202213E-4
2.8842831186607785E-4
2.8809018507679E-4
2.8775282381071583E-4
2.8741622550581083E-4
2.8708038761137474E-4
2.867453075879739E-4
2.864109829073803E-4
2.86077411052523E-4
2.8574458951741556E-4
2.854125158070942E-4
2.850811874375725E-4
2.847506019357618E-4
2.8442075683942036E-4
2.8409164969710535E-4
2.8376327806809364E-4
2.834356395223402E-4
2.8310873164040236E-4
2.8278255201340377E-4
2.824570982429662E-4
2.821323679411456E-4
2.8180835873039016E-4
2.814850682434757E-4
2.811624941234466E-4
2.8084063402356783E-4
2.8051948560727375E-4
2.8019904654809455E-4
2.7987931452962107E-4
2.7956028724545235E-4
2.792419623991164E-4
2.7892433770404013E-4
2.7860741088350105E-4
2.7829117967055107E-4
2.779756418079839E-4
2.7766079504826767E-4
2.773466371535161E-4
2.7703316589541436E-4
2.7672037905517293E-4
2.764082744234856E-4
2.76096849800481E-4
2.757861029956527E-4
2.754760318278369E-4
2.751666341251321E-4
2.748579077248859E-4
2.745498504736123E-4
2.742424602269631E-4
2.7393573484968186E-4
2.736296722155384E-4
2.7332427020729526E-4
2.7301952671665905E-4
2.727154396442364E-4
2.724120068994697E-4
2.721092264006177E-4
2.718070960746861E-4
2.715056138573942E-4
2.7120477769312256E-4
2.7090458553488325E-4
2.7060503534424645E-4
2.7030612509132586E-4
2.700078527547176E-4
2.697102163214551E-4
2.694132137869725E-4
2.691168431550628E-4
2.688211024378239E-4
2.6852598965562506E-4
2.682315028370584E-4
2.6793764001890527E-4
2.676443992460803E-4
2.673517785715983E-4
2.670597760565373E-4
2.6676838976998074E-4
2.664776177889981E-4
2.661874581985857E-4
2.658979090916333E-4
2.656089685688786E-4
2.6532063473888525E-4
2.6503290571797263E-4
2.6474577963020587E-4
2.6445925460734127E-4
2.641733287887786E-4
2.638880003215448E-4
2.6360326736023796E-4
2.6331912806699286E-4
2.630355806114452E-4
2.627526231706957E-4
2.624702539292625E-4
2.6218847107905576E-4
2.6190727281932813E-4
2.6162665735664654E-4
2.6134662290486005E-4
2.6106716768504166E-4
2.6078828992548105E-4
2.6050998786162E-4
2.602322597360367E-4
2.5995510379840463E-4
2.596785183054512E-4
2.594025015209261E-4
2.591270517155672E-4
2.5885216716707186E-4
2.58577846160043E-4
2.5830408698597485E-4
2.5803088794321485E-4
2.5775824733690787E-4
2.5748616347899816E-4
2.5721463468816733E-4
2.569436592898181E-4
2.566732356160208E-4
2.5640336200550743E-4
2.5613403680361667E-4
2.558652583622677E-4
2.555970250399297E-4
2.553293352015945E-4
2.5506218721873093E-4
2.547955794692634E-4
2.5452951033753853E-4
2.542639782142852E-4
2.5399898149660287E-4
2.5373451858790014E-4
2.534705878979021E-4
2.532071878425809E-4
2.5294431684415265E-4
2.52681973331029E-4
2.5242015573780595E-4
2.521588625052086E-4
2.5189809208009216E-4
2.5163784291537663E-4
2.5137811347004935E-4
2.511189022091183E-4
2.508602076035825E-4
2.5060202813040913E-4
2.503443622725109E-4
2.5008720851869056E-4
2.4983056536364537E-4
2.495744313079256E-4
2.493188048578861E-4
2.490636845257003E-4
2.48809068829286E-4
2.485549562923171E-4
2.483013454441736E-4
2.4804823481991536E-4
2.477956229602634E-4
2.475435084115642E-4
2.472918897257763E-4
2.470407654604204E-4
2.467901341785744E-4
2.465399944488413E-4
2.462903448453131E-4
2.4604118394755235E-4
2.4579251034057226E-4
2.455443226148011E-4
2.4529661936604835E-4
2.4504939919550825E-4
2.448026607097057E-4
2.445564025204825E-4
2.443106232449654E-4
2.440653215055542E-4
2.4382049592989305E-4
2.4357614515082727E-4
2.4333226780640823E-4
2.4308886253984296E-4
2.428459279994852E-4
2.426034628388086E-4
2.4236146571637228E-4
2.421199352958165E-4
2.4187887024582191E-4
2.4163826924008768E-4
2.413981309573214E-4
2.4115845408119417E-4
2.4091923730034322E-4
2.4068047930832416E-4
2.404421788035999E-4
2.4020433448951743E-4
2.3996694507429108E-4
2.397300092709599E-4
2.3949352579738623E-4
2.3925749337622512E-4
2.390219107348981E-4
2.3878677660558003E-4
2.3855208972516594E-4
2.3831784883526246E-4
2.3808405268214758E-4
2.378507000167789E-4
2.3761778959473584E-4
2.3738532017622126E-4
2.371532905260343E-4
2.3692169941355617E-4
2.3669054561271455E-4
2.3645982790197287E-4
2.362295450643062E-4
2.3599969588718547E-4
2.3577027916254855E-4
2.3554129368678808E-4
2.3531273826072095E-4
2.3508461168958387E-4
2.3485691278299267E-4
2.3462964035493914E-4
2.3440279322376834E-4
2.3417637021214504E-4
2.3395037014705994E-4
2.3372479185977538E-4
2.3349963418584186E-4
2.3327489596505378E-4
2.33050576041433E-4
2.3282667326323227E-4
2.3260318648287936E-4
2.323801145569863E-4
2.3215745634632407E-4
2.3193521071579877E-4
2.317133765344318E-4
2.3149195267534823E-4
2.312709380157561E-4
2.3105033143692798E-4
2.3083013182417385E-4
2.3061033806684144E-4
2.3039094905827958E-4
2.301719636958334E-4
2.299533808808172E-4
2.297351995185021E-4
2.295174185180971E-4
2.2930003679273055E-4
2.2908305325943464E-4
2.2886646683912832E-4
2.286502764565915E-4
2.284344810404612E-4
2.2821907952320176E-4
2.2800407084110246E-4
2.2778945393424517E-4
2.2757522774649746E-4
2.2736139122548921E-4
2.271479433226034E-4
2.2693488299295418E-4
2.2672220919536603E-4
2.2650992089237227E-4
2.2629801705018374E-4
2.2608649663868053E-4
2.258753586313919E-4
2.256646020054824E-4
2.2545422574173478E-4
2.252442288245326E-4
2.2503461024184844E-4
2.2482536898523148E-4
2.2461650404977617E-4
2.2440801443411904E-4
2.2419989914043047E-4
2.2399215717437714E-4
2.237847875451283E-4
2.235777892653294E-4
2.233711613510879E-4
2.231649028219527E-4
2.229590127009237E-4
2.2275349001439686E-4
2.225483337921905E-4
2.2234354306749913E-4
2.221391168768962E-4
2.219350542603139E-4
2.2173135426102974E-4
2.215280159256445E-4
2.2132503830408966E-4
2.211224204495748E-4
2.2092016141862293E-4
2.2071826027101157E-4
2.2051671606978122E-4
2.2031552788122206E-4
2.2011469477484886E-4
2.1991421582339817E-4
2.1971409010280323E-4
2.1951431669219645E-4
2.193148946738742E-4
2.191158231333058E-4
2.1891710115910052E-4
2.1871872784300607E-4
2.185207022798947E-4
2.1832302356773815E-4
2.1812569080761234E-4
2.17928703103671E-4
2.1773205956313594E-4
2.1753575929628715E-4
2.17339801416443E-4
2.1714418503995304E-4
2.1694890928618973E-4
2.1675397327751845E-4
2.1655937613930363E-4
2.1636511699988614E-4
2.1617119499057048E-4
2.1597760924561745E-4
2.1578435890222937E-4
2.1559144310053776E-4
2.1539886098358193E-4
2.152066116973137E-4
2.1501469439057648E-4
2.148231082150873E-4
2.1463185232543458E-4
2.1444092587905947E-4
2.1425032803625333E-4
2.1406005796012516E-4
2.1387011481661914E-4
2.1368049777447458E-4
2.1349120600523642E-4
2.1330223868322538E-4
2.1311359498553942E-4
2.1292527409203608E-4
2.1273727518532676E-4
2.1254959745075518E-4
2.1236224007638513E-4
2.1217520225301858E-4
2.119884831741367E-4
2.1180208203592807E-4
2.1161599803725626E-4
2.1143023037965784E-4
2.1124477826732762E-4
2.11059640907114E-4
2.108748175084926E-4
2.1069030728357378E-4
2.1050610944708337E-4
2.1032222321634402E-4
2.1013864781128225E-4
2.0995538245440553E-4
2.0977242637078972E-4
2.095897787880736E-4
2.0940743893645608E-4
2.0922540604866597E-4
2.0904367935997055E-4
2.0886225810815137E-4
2.0868114153350841E-4
2.0850032887883183E-4
2.0831981938940737E-4
2.0813961231300017E-4
2.0795970689984012E-4
2.077801024026222E-4
2.0760079807648663E-4
2.0742179317901472E-4
2.0724308697021355E-4
2.070646787125139E-4
2.068865676707562E-4
2.0670875311217852E-4
2.065312343064005E-4
2.0635401052544226E-4
2.0617708104367794E-4
2.0600044513784409E-4
2.058241020870398E-4
2.0564805117269518E-4
2.0547229167857469E-4
2.0529682289077025E-4
2.0512164409768375E-4
2.0494675459002405E-4
2.0477215366079306E-4
2.0459784060527787E-4
2.04423814721045E-4
2.042500753079294E-4
2.0407662166801993E-4
2.0390345310565834E-4
2.0373056892742479E-4
2.035579684421329E-4
2.0338565096081782E-4
2.0321361579672692E-4
2.0304186226531573E-4
2.0287038968423354E-4
2.0269919737331434E-4
2.02528284654578E-4
2.023576508522075E-4
2.0218729529254405E-4
2.0201721730409573E-4
2.018474162174982E-4
2.0167789136553535E-4
2.015086420831062E-4
2.0133966770724136E-4
2.0117096757707212E-4
2.0100254103383336E-4
2.0083438742085708E-4
2.006665060835553E-4
2.004988963694241E-4
2.0033155762802458E-4
2.0016448921097557E-4
1.9999769047195263E-4
1.9983116076667182E-4
1.996648994528959E-4
1.9949890589040028E-4
1.9933317944099456E-4
1.9916771946849502E-4
1.9900252533872065E-4
1.9883759641949216E-4
1.9867293208061717E-4
1.9850853169388097E-4
1.9834439463305145E-4
1.9818052027385265E-4
1.9801690799396913E-4
1.9785355717303897E-4
1.976904671926461E-4
1.9752763743629886E-4
1.9736506728944064E-4
1.9720275613943725E-4
1.9704070337556336E-4
1.9687890838899748E-4
1.9671737057281766E-4
1.9655608932199887E-4
1.9639506403338816E-4
1.962342941057185E-4
1.9607377893958685E-4
1.9591351793744915E-4
1.9575351050362265E-4
1.9559375604426713E-4
1.9543425396738458E-4
1.9527500368280503E-4
1.9511600460219163E-4
1.949572561390215E-4
1.9479875770858483E-4
1.946405087279784E-4
1.9448250861609707E-4
1.9432475679361967E-4
1.9416725268302218E-4
1.9400999570854692E-4
1.9385298529621224E-4
1.936962208737996E-4
1.93539701870848E-4
1.9338342771863787E-4
1.9322739785021257E-4
1.9307161170033568E-4
1.9291606870550679E-4
1.9276076830395124E-4
1.926057099356069E-4
1.9245089304212797E-4
1.9229631706687084E-4
1.9214198145488777E-4
1.9198788565292385E-4
1.9183402910940818E-4
1.9168041127445263E-4
1.9152703159983647E-4
1.91373889539008E-4
1.912209845470719E-4
1.9106831608078524E-4
1.9091588359856085E-4
1.9076368656044393E-4
1.906117244281168E-4
1.9045999666489309E-4
1.9030850273570152E-4
1.9015724210709703E-4
1.9000621424723716E-4
1.8985541862588814E-4
1.8970485471441034E-4
1.8955452198576118E-4
1.8940441991447822E-4
1.8925454797668681E-4
1.8910490565008043E-4
1.889554924139248E-4
1.8880630774904648E-4
1.8865735113782968E-4
1.8850862206420897E-4
1.8836012001366252E-4
1.8821184447321467E-4
1.880637949314159E-4
1.8791597087834623E-4
1.8776837180561605E-4
1.8762099720633806E-4
1.874738465751495E-4
1.8732691940818376E-4
1.8718021520308187E-4
1.8703373345897294E-4
1.8688747367647706E-4
1.867414353576978E-4
1.8659561800622338E-4
1.8645002112709848E-4
1.863046442268524E-4
1.8615948681345663E-4
1.8601454839636158E-4
1.8586982848645117E-4
1.8572532659606335E-4
1.855810422389696E-4
1.8543697493038456E-4
1.8529312418694326E-4
1.8514948952671494E-4
1.850060704691794E-4
1.8486286653523492E-4
1.847198772471886E-4
1.8457710212874833E-4
1.8443454070502443E-4
1.8429219250251994E-4
1.8415005704912384E-4
1.840081338741068E-4
1.8386642250812154E-4
1.837249224831958E-4
1.835836333327166E-4
1.8344255459144812E-4
1.833016857954967E-4
1.8316102648233617E-4
1.8302057619077916E-4
1.828803344609886E-4
1.8274030083446E-4
1.826004748540272E-4
1.8246085606385035E-4
1.8232144400941996E-4
1.8218223823753162E-4
1.8204323829631538E-4
1.819044437351908E-4
1.8176585410490092E-4
1.816274689574789E-4
1.814892878462488E-4
1.813513103258431E-4
1.8121353595216468E-4
1.8107596428240558E-4
1.8093859487503168E-4
1.8080142728978704E-4
1.8066446108767656E-4
1.8052769583097697E-4
1.8039113108321504E-4
1.8025476640918134E-4
1.8011860137490628E-4
1.7998263554767628E-4
1.7984686849601325E-4
1.7971129978967387E-4
1.7957592899965275E-4
1.7944075569816765E-4
1.7930577945866422E-4
1.7917099985580745E-4
1.7903641646546732E-4
1.7890202886473823E-4
1.7876783663191168E-4
1.7863383934648504E-4
1.7850003658915272E-4
1.7836642794180312E-4
1.782330129875106E-4
1.7809979131053988E-4
1.7796676249633015E-4
1.7783392613150204E-4
1.777012818038538E-4
1.7756882910233688E-4
1.7743656761708097E-4
1.7730449693937093E-4
1.7717261666164473E-4
1.770409263774992E-4
1.769094256816735E-4
1.767781141700534E-4
1.7664699143966244E-4
1.765160570886645E-4
1.7638531071634996E-4
1.7625475192314065E-4
1.7612438031058069E-4
1.7599419548133626E-4
1.7586419703918992E-4
1.757343845890301E-4
1.756047577368636E-4
1.7547531608979558E-4
1.7534605925603316E-4
1.7521698684487834E-4
1.7508809846673105E-4
1.7495939373307786E-4
1.7483087225648796E-4
1.7470253365061767E-4
1.7457437753019833E-4
1.7444640351103153E-4
1.7431861120999735E-4
1.741910002450356E-4
1.7406357023515797E-4
1.7393632080042008E-4
1.7380925156195443E-4
1.7368236214192396E-4
1.735556521635541E-4
1.7342912125111062E-4
1.7330276902990192E-4
1.7317659512627447E-4
1.7305059916760055E-4
1.7292478078230142E-4
1.7279913959980227E-4
1.726736752505686E-4
1.7254838736608025E-4
1.7242327557882774E-4
1.7229833952233083E-4
1.7217357883110056E-4
1.7204899314066335E-4
1.719245820875426E-4
1.718003453092732E-4
1.7167628244437014E-4
1.7155239313234824E-4
1.714286770137151E-4
1.7130513372995513E-4
1.7118176292353794E-4
1.710585642379165E-4
1.709355373175157E-4
1.708126818077313E-4
1.7068999735493333E-4
1.705674836064464E-4
1.704451402105705E-4
1.7032296681655698E-4
1.7020096307461313E-4
1.700791286359024E-4
1.6995746315253533E-4
1.698359662775665E-4
1.6971463766499807E-4
1.695934769697672E-4
1.6947248384775257E-4
1.693516579557608E-4
1.6923099895153407E-4
1.6911050649373593E-4
1.689901802419582E-4
1.6887001985671293E-4
1.6875002499942897E-4
1.6863019533245205E-4
1.6851053051903278E-4
1.6839103022334013E-4
1.682716941104385E-4
1.6815252184630589E-4
1.6803351309781008E-4
1.6791466753271828E-4
1.6779598481969087E-4
1.676774646282834E-4
1.6755910662893245E-4
1.674409104929607E-4
1.6732287589257602E-4
1.6720500250085848E-4
1.6708728999177152E-4
1.6696973804014256E-4
1.6685234632167714E-4
1.6673511451294082E-4
1.6661804229137054E-4
1.6650112933525534E-4
1.6638437532375477E-4
1.6626777993686975E-4
1.6615134285546506E-4
1.6603506376125014E-4
1.659189423367818E-4
1.6580297826546006E-4
1.6568717123152966E-4
1.6557152092007348E-4
1.6545602701700877E-4
1.6534068920908443E-4
1.6522550718388117E-4
1.6511048062980868E-4
1.649956092360984E-4
1.6488089269281128E-4
1.647663306908165E-4
1.6465192292181062E-4
1.6453766907829453E-4
1.6442356885358985E-4
1.6430962194182152E-4
1.6419582803792006E-4
1.6408218683762265E-4
1.6396869803746733E-4
1.6385536133478552E-4
1.637421764277071E-4
1.6362914301515887E-4
1.635162607968547E-4
1.634035294732925E-4
1.6329094874576009E-4
1.6317851831632724E-4
1.6306623788784328E-4
1.629541071639359E-4
1.6284212584900863E-4
1.6273029364823212E-4
1.6261861026755639E-4
1.62507075413687E-4
1.6239568879410654E-4
1.6228445011705822E-4
1.6217335909153124E-4
1.620624154272928E-4
1.6195161883485252E-4
1.618409690254717E-4
1.617304657111734E-4
1.6162010860471391E-4
1.615098974196088E-4
1.613998318701062E-4
1.6128991167120053E-4
1.611801365386237E-4
1.610705061888402E-4
1.609610203390502E-4
1.6085167870718886E-4
1.6074248101191025E-4
1.606334269726066E-4
1.6052451630938828E-4
1.6041574874308418E-4
1.603071239952507E-4
1.6019864178815665E-4
1.6009030184478188E-4
1.599821038888294E-4
1.598740476447022E-4
1.5976613283751677E-4
1.5965835919309296E-4
1.5955072643795813E-4
1.5944323429933435E-4
1.5933588250514698E-4
1.5922867078401931E-4
1.591215988652679E-4
1.590146664788988E-4
1.5890787335561213E-4
1.5880121922679335E-4
1.5869470382451993E-4
1.5858832688153901E-4
1.5848208813129717E-4
1.5837598730790415E-4
1.5827002414616037E-4
1.5816419838152773E-4
1.5805850975015483E-4
1.5795295798884837E-4
1.5784754283509214E-4
1.5774226402703553E-4
1.5763712130348852E-4
1.5753211440392456E-4
1.574272430684798E-4
1.5732250703794721E-4
1.5721790605377194E-4
1.571134398580611E-4
1.570091081935674E-4
1.5690491080369383E-4
1.5680084743249377E-4
1.5669691782466453E-4
1.5659312172554984E-4
1.564894588811317E-4
1.5638592903803337E-4
1.5628253194351644E-4
1.561792673454771E-4
1.5607613499244615E-4
1.5597313463358516E-4
1.558702660186885E-4
1.557675288981739E-4
1.5566492302308507E-4
1.555624481450973E-4
1.554601040164968E-4
1.5535789039019689E-4
1.552558070197295E-4
1.5515385365923894E-4
1.5505203006348372E-4
1.5495033598783892E-4
1.5484877118828534E-4
1.5474733542141672E-4
1.5464602844442955E-4
1.5454485001512884E-4
1.5444379989191687E-4
1.5434287783380653E-4
1.5424208360039485E-4
1.5414141695189285E-4
1.5404087764909843E-4
1.5394046545340082E-4
1.5384018012678822E-4
1.5374002143183095E-4
1.53639989131696E-4
1.5354008299012684E-4
1.534403027714623E-4
1.533406482406156E-4
1.5324111916308395E-4
1.5314171530494692E-4
1.5304243643285366E-4
1.5294328231403457E-4
1.5284425271629233E-4
1.527453474080077E-4
1.526465661581195E-4
1.525479087361458E-4
1.5244937491216306E-4
1.5235096445682453E-4
1.5225267714133532E-4
1.5215451273746232E-4
1.5205647101754682E-4
1.51958551754471E-4
1.518607547216847E-4
1.517630796931852E-4
1.5166552644352912E-4
1.51568094747821E-4
1.514707843817145E-4
1.5137359512141314E-4
1.512765267436725E-4
1.5117957902577932E-4
1.5108275174557465E-4
1.5098604468143974E-4
1.5088945761228842E-4
1.507929903175828E-4
1.5069664257731454E-4
1.506004141720153E-4
1.5050430488274284E-4
1.5040831449109255E-4
1.5031244277919E-4
1.5021668952968717E-4
1.5012105452576297E-4
1.5002553755112322E-4
1.4993013838999282E-4
1.4983485682712843E-4
1.4973969264779914E-4
1.4964464563779281E-4
1.4954971558341944E-4
1.4945490227150153E-4
1.4936020548937795E-4
1.4926562502490105E-4
1.4917116066643258E-4
1.4907681220284474E-4
1.4898257942351422E-4
1.4888846211833512E-4
1.4879446007769415E-4
1.4870057309248786E-4
1.4860680095411528E-4
1.4851314345447559E-4
1.4841960038596312E-4
1.4832617154147848E-4
1.482328567144145E-4
1.4813965569865047E-4
1.4804656828857246E-4
1.4795359427904713E-4
1.4786073346544258E-4
1.477679856436044E-4
1.4767535060987409E-4
1.4758282816107091E-4
1.4749041809451142E-4
1.4739812020798005E-4
1.473059342997525E-4
1.4721386016858573E-4
1.4712189761370906E-4
1.4703004643483236E-4
1.4693830643213988E-4
1.4684667740629586E-4
1.467551591584303E-4
1.4666375149015282E-4
1.4657245420353544E-4
1.4648126710112248E-4
1.463901899859267E-4
1.4629922266142995E-4
1.4620836493157248E-4
1.4611761660076147E-4
1.4602697747386682E-4
1.459364473562177E-4
1.4584602605360246E-4
1.4575571337227072E-4
1.4566550911892108E-4
1.4557541310071976E-4
1.4548542512527366E-4
1.4539554500065646E-4
1.4530577253537894E-4
1.4521610753841184E-4
1.4512654981916882E-4
1.4503709918751805E-4
1.4494775545376498E-4
1.4485851842866847E-4
1.4476938792342176E-4
1.44680363749669E-4
1.4459144571949008E-4
1.4450263364540716E-4
1.4441392734037978E-4
1.4432532661780336E-4
1.4423683129151276E-4
1.4414844117577097E-4
1.4406015608527884E-4
1.439719758351751E-4
1.4388390024101794E-4
1.4379592911879918E-4
1.4370806228494113E-4
1.436202995562932E-4
1.4353264075012937E-4
1.4344508568414632E-4
1.4335763417646703E-4
1.4327028604563418E-4
1.431830411106145E-4
1.4309589919079513E-4
1.430088601059745E-4
1.429219236763776E-4
1.4283508972263642E-4
1.427483580658072E-4
1.4266172852735095E-4
1.4257520092915E-4
1.4248877509349023E-4
1.4240245084307115E-4
1.4231622800100165E-4
1.4223010639079794E-4
1.4214408583638455E-4
1.4205816616208548E-4
1.4197234719263703E-4
1.4188662875317334E-4
1.4180101066923033E-4
1.417154927667502E-4
1.416300748720669E-4
1.4154475681191865E-4
1.4145953841344127E-4
1.413744195041641E-4
1.412893999120109E-4
1.4120447946530592E-4
1.411196579927564E-4
1.4103493532346926E-4
1.409503112869376E-4
1.4086578571304877E-4
1.4078135843207396E-4
1.4069702927467197E-4
1.4061279807189292E-4
1.4052866465516473E-4
1.4044462885630455E-4
1.4036069050751474E-4
1.4027684944137135E-4
1.4019310549083505E-4
1.4010945848925163E-4
1.4002590827033484E-4
1.3994245466818672E-4
1.3985909751727986E-4
1.3977583665246302E-4
1.396926719089616E-4
1.3960960312237164E-4
1.395266301286621E-4
1.3944375276417331E-4
1.3936097086561687E-4
1.3927828427007062E-4
1.3919569281498672E-4
1.3911319633817403E-4
1.3903079467782173E-4
1.389484876724678E-4
1.3886627516103073E-4
1.3878415698277702E-4
1.3870213297734302E-4
1.3862020298472814E-4
1.3853836684528457E-4
1.3845662439972826E-4
1.383749754891345E-4
1.3829341995492898E-4
1.3821195763890032E-4
1.3813058838318596E-4
1.3804931203028527E-4
1.3796812842303916E-4
1.3788703740465162E-4
1.3780603881867302E-4
1.3772513250900437E-4
1.3764431831989355E-4
1.3756359609593587E-4
1.3748296568207892E-4
1.3740242692361374E-4
1.3732197966617244E-4
1.372416237557426E-4
1.3716135903863827E-4
1.3708118536153138E-4
1.3700110257142695E-4
1.3692111051567395E-4
1.3684120904195677E-4
1.367613979983019E-4
1.3668167723306985E-4
1.36602046594967E-4
1.3652250593302627E-4
1.3644305509661356E-4
1.363636939354334E-4
1.3628442229952778E-4
1.3620524003926215E-4
1.3612614700533808E-4
1.3604714304878425E-4
1.3596822802096402E-4
1.3588940177356135E-4
1.3581066415859394E-4
1.357320150284035E-4
1.3565345423565732E-4
1.3557498163335122E-4
1.3549659707479862E-4
1.354183004136394E-4
1.3534009150383634E-4
1.3526197019967162E-4
1.3518393635574908E-4
1.3510598982699218E-4
1.3502813046864317E-4
1.3495035813625782E-4
1.3487267268571596E-4
1.3479507397321118E-4
1.3471756185524624E-4
1.3464013618864472E-4
1.345627968305423E-4
1.3448554363838718E-4
1.344083764699383E-4
1.3433129518326776E-4
1.3425429963675187E-4
1.3417738968908384E-4
1.341005651992594E-4
1.3402382602658693E-4
1.339471720306754E-4
1.338706030714458E-4
1.3379411900912085E-4
1.3371771970422668E-4
1.336414050175934E-4
1.335651748103572E-4
1.334890289439491E-4
1.3341296728010924E-4
1.3333698968087158E-4
1.3326109600857094E-4
1.3318528612584325E-4
1.3310955989561838E-4
1.3303391718112872E-4
1.32958357845892E-4
1.3288288175373298E-4
1.3280748876876562E-4
1.3273217875539698E-4
1.3265695157832762E-4
1.3258180710255173E-4
1.3250674519335324E-4
1.324317657163073E-4
1.3235686853727894E-4
1.322820535224216E-4
1.3220732053817973E-4
1.3213266945127702E-4
1.3205810012873603E-4
1.3198361243785644E-4
1.3190920624622438E-4
1.3183488142171342E-4
1.3176063783247778E-4
1.316864753469536E-4
1.3161239383386518E-4
1.3153839316221378E-4
1.3146447320127845E-4
1.3139063382062375E-4
1.313168748900915E-4
1.3124319627979907E-4
1.3116959786014403E-4
1.3109607950180329E-4
1.3102264107572604E-4
1.3094928245313632E-4
1.308760035055353E-4
1.3080280410469823E-4
1.3072968412267483E-4
1.3065664343178083E-4
1.3058368190461037E-4
1.305107994140286E-4
1.3043799583316553E-4
1.3036527103542519E-4
1.302926248944808E-4
1.3022005728427358E-4
1.3014756807901138E-4
1.3007515715316505E-4
1.3000282438147746E-4
1.2993056963895493E-4
1.2985839280086882E-4
1.2978629374275365E-4
1.297142723404061E-4
1.2964232846988816E-4
1.2957046200752435E-4
1.2949867282989287E-4
1.294269608138447E-4
1.2935532583648146E-4
1.2928376777516422E-4
1.2921228650751836E-4
1.2914088191142206E-4
1.2906955386501312E-4
1.2899830224668418E-4
1.289271269350866E-4
1.2885602780912068E-4
1.2878500474794696E-4
1.287140576309815E-4
1.286431863378855E-4
1.2857239074857876E-4
1.2850167074323317E-4
1.2843102620226692E-4
1.2836045700635398E-4
1.2828996303641273E-4
1.2821954417361917E-4
1.2814920029938914E-4
1.2807893129538838E-4
1.2800873704353678E-4
1.2793861742599165E-4
1.278685723251589E-4
1.2779860162369505E-4
1.2772870520449264E-4
1.2765888295069656E-4
1.2758913474569006E-4
1.275194604730988E-4
1.2744986001679776E-4
1.2738033326089118E-4
1.2731088008973538E-4
1.2724150038792274E-4
1.2717219404028421E-4
1.271029609318909E-4
1.2703380094805089E-4
1.269647139743164E-4
1.268956998964667E-4
1.26826758600526E-4
1.2675788997274943E-4
1.266890938996323E-4
1.2662037026789995E-4
1.2655171896451447E-4
1.264831398766705E-4
1.2641463289179676E-4
1.2634619789755164E-4
1.2627783478183117E-4
1.2620954343275502E-4
1.2614132373867933E-4
1.26073175588187E-4
1.260050988700905E-4
1.259370934734351E-4
1.258691592874884E-4
1.258012962017502E-4
1.2573350410594413E-4
1.2566578289002273E-4
1.255981324441627E-4
1.2553055265876874E-4
1.2546304342446387E-4
1.2539560463210585E-4
1.2532823617276582E-4
1.252609379377414E-4
1.2519370981855905E-4
1.2512655170695828E-4
1.250594634948996E-4
1.2499244507457364E-4
1.2492549633838203E-4
1.2485861717894978E-4
1.247918074891243E-4
1.2472506716196307E-4
1.246583960907483E-4
1.2459179416897826E-4
1.2452526129036752E-4
1.2445879734884828E-4
1.2439240223856176E-4
1.2432607585387894E-4
1.2425981808937005E-4
1.2419362883982676E-4
1.2412750800025525E-4
1.240614554658714E-4
1.23995471132108E-4
1.2392955489460458E-4
1.2386370664921426E-4
1.2379792629200304E-4
1.2373221371924555E-4
1.236665688274261E-4
1.2360099151324E-4
1.2353548167358646E-4
1.2347003920558022E-4
1.2340466400654E-4
1.2333935597399107E-4
1.2327411500566413E-4
1.2320894099950163E-4
1.2314383385364811E-4
1.2307879346645006E-4
1.230138197364679E-4
1.2294891256245396E-4
1.2288407184337313E-4
1.2281929747839083E-4
1.2275458936687663E-4
1.226899474083997E-4
1.226253715027303E-4
1.2256086154984437E-4
1.2249641744991046E-4
1.2243203910330827E-4
1.2236772641060665E-4
1.2230347927257875E-4
1.2223929759019533E-4
1.2217518126462538E-4
1.2211113019723678E-4
1.2204714428959022E-4
1.219832234434479E-4
1.2191936756076855E-4
1.2185557654370029E-4
1.2179185029459117E-4
1.2172818871598447E-4
1.2166459171061546E-4
1.2160105918141558E-4
1.215375910315053E-4
1.2147418716420403E-4
1.2141084748301518E-4
1.213475718916428E-4
1.2128436029397517E-4
1.2122121259409714E-4
1.211581286962801E-4
1.2109510850498472E-4
1.2103215192486768E-4
1.2096925886076498E-4
1.2090642921770809E-4
1.208436629009127E-4
1.207809598157869E-4
1.2071831986792131E-4
1.2065574296309343E-4
1.2059322900726969E-4
1.2053077790660157E-4
1.2046838956742534E-4
1.2040606389626032E-4
1.2034380079981285E-4
1.2028160018497076E-4
1.2021946195880648E-4
1.2015738602858054E-4
1.2009537230172521E-4
1.2003342068586315E-4
1.1997153108879769E-4
1.199097034185096E-4
1.1984793758316575E-4
1.1978623349111019E-4
1.197245910508674E-4
1.1966301017113896E-4
1.1960149076081054E-4
1.1954003272894398E-4
1.194786359847754E-4
1.1941730043772758E-4
1.1935602599738893E-4
1.1929481257353737E-4
1.192336600761172E-4
1.1917256841525398E-4
1.1911153750124754E-4
1.1905056724457075E-4
1.1898965755587513E-4
1.1892880834598075E-4
1.1886801952589115E-4
1.1880729100677643E-4
1.1874662269997647E-4
1.186860145170095E-4
1.1862546636956854E-4
1.1856497816950938E-4
1.1850454982886693E-4
1.184441812598433E-4
1.1838387237481236E-4
1.1832362308632021E-4
1.182634333070758E-4
1.1820330294996605E-4
1.1814323192803903E-4
1.1808322015452001E-4
1.1802326754279092E-4
1.1796337400641389E-4
1.1790353945910654E-4
1.1784376381476497E-4
1.1778404698743877E-4
1.1772438889135636E-4
1.176647894408999E-4
1.1760524855063145E-4
1.1754576613526261E-4
1.1748634210968125E-4
1.1742697638892945E-4
1.1736766888822213E-4
1.173084195229282E-4
1.1724922820859001E-4
1.1719009486090454E-4
1.1713101939573343E-4
1.1707200172910112E-4
1.1701304177718879E-4
1.1695413945634523E-4
1.1689529468307595E-4
1.168365073740494E-4
1.1677777744608686E-4
1.1671910481617694E-4
1.1666048940146393E-4
1.1660193111925072E-4
1.165434298870037E-4
1.1648498562233378E-4
1.1642659824302425E-4
1.16368267667007E-4
1.1630999381237426E-4
1.1625177659737436E-4
1.1619361594040753E-4
1.1613551176003513E-4
1.160774639749735E-4
1.1601947250408869E-4
1.1596153726640703E-4
1.1590365818110717E-4
1.1584583516751726E-4
1.157880681451282E-4
1.157303570335764E-4
1.1567270175265094E-4
1.1561510222229885E-4
1.155575583626142E-4
1.1550007009384699E-4
1.1544263733639455E-4
1.1538526001080609E-4
1.1532793803778147E-4
1.1527067133817347E-4
1.1521345983297951E-4
1.151563034433545E-4
1.1509920209059121E-4
1.1504215569614509E-4
1.1498516418160609E-4
1.1492822746872479E-4
1.1487134547938903E-4
1.148145181356403E-4
1.1475774535966505E-4
1.1470102707379894E-4
1.1464436320052208E-4
1.1458775366245851E-4
1.1453119838238087E-4
1.1447469728320599E-4
1.144182502879978E-4
1.1436185731996168E-4
1.1430551830245207E-4
1.1424923315896065E-4
1.1419300181312706E-4
1.1413682418873815E-4
1.1408070020971183E-4
1.1402462980012432E-4
1.1396861288418063E-4
1.1391264938623427E-4
1.1385673923077969E-4
1.1380088234245449E-4
1.1374507864603404E-4
1.1368932806643151E-4
1.1363363052870965E-4
1.1357798595806396E-4
1.1352239427983398E-4
1.1346685541949292E-4
1.1341136930265897E-4
1.133559358550858E-4
1.1330055500266687E-4
1.1324522667143191E-4
1.131899507875507E-4
1.1313472727733145E-4
1.1307955606721366E-4
1.1302443708378072E-4
1.1296937025374937E-4
1.1291435550396836E-4
1.1285939276143173E-4
1.1280448195326174E-4
1.127496230067189E-4
1.1269481584919554E-4
1.1264006040822289E-4
1.1258535661146375E-4
1.1253070438671634E-4
1.1247610366191145E-4
1.1242155436511172E-4
1.123670564245181E-4
1.1231260976845894E-4
1.1225821432540011E-4
1.1220387002393073E-4
1.1214957679278365E-4
1.1209533456081296E-4
1.120411432570112E-4
1.1198700281049952E-4
1.1193291315052646E-4
1.1187887420647719E-4
1.118248859078591E-4
1.1177094818431924E-4
1.1171706096562261E-4
1.116632241816739E-4
1.1160943776249933E-4
1.1155570163825874E-4
1.1150201573923625E-4
1.114483799958465E-4
1.1139479433863046E-4
1.1134125869825709E-4
1.112877730055221E-4
1.1123433719134937E-4
1.1118095118678808E-4
1.1112761492301212E-4
1.1107432833132623E-4
1.1102109134315488E-4
1.1096790389005231E-4
1.1091476590369537E-4
1.1086167731588664E-4
1.1080863805855414E-4
1.1075564806374669E-4
1.1070270726364294E-4
1.1064981559053713E-4
1.1059697297685606E-4
1.1054417935514471E-4
1.1049143465807048E-4
1.1043873881842148E-4
1.1038609176911521E-4
1.1033349344318483E-4
1.1028094377378567E-4
1.1022844269420018E-4
1.1017599013782349E-4
1.1012358603817906E-4
1.1007123032890583E-4
1.1001892294376799E-4
1.0996666381664477E-4
1.0991445288153707E-4
1.0986229007256792E-4
1.098101753239773E-4
1.0975810857012151E-4
1.0970608974548232E-4
1.0965411878465172E-4
1.096021956223476E-4
1.0955032019340022E-4
1.0949849243276426E-4
1.0944671227550151E-4
1.0939497965680167E-4
1.0934329451196289E-4
1.0929165677640517E-4
1.0924006638566326E-4
1.0918852327538721E-4
1.091370273813462E-4
1.0908557863941782E-4
1.0903417698560151E-4
1.0898282235601119E-4
1.0893151468687327E-4
1.0888025391453099E-4
1.088290399754376E-4
1.087778728061639E-4
1.0872675234339813E-4
1.0867567852393218E-4
1.0862465128468002E-4
1.0857367056266582E-4
1.0852273629502586E-4
1.0847184841900791E-4
1.0842100687197517E-4
1.0837021159140009E-4
1.0831946251486772E-4
1.0826875958007778E-4
1.0821810272483374E-4
1.0816749188705673E-4
1.0811692700477758E-4
1.0806640801613556E-4
1.080159348593816E-4
1.0796550747287602E-4
1.0791512579509026E-4
1.0786478976460183E-4
1.0781449932010399E-4
1.077642544003924E-4
1.0771405494437665E-4
1.0766390089107019E-4
1.0761379217959852E-4
1.0756372874919346E-4
1.0751371053919667E-4
1.0746373748905313E-4
1.0741380953832077E-4
1.073639266266609E-4
1.0731408869384315E-4
1.0726429567974467E-4
1.0721454752434413E-4
1.071648441677337E-4
1.0711518555010892E-4
1.0706557161176749E-4
1.0701600229311448E-4
1.0696647753466228E-4
1.0691699727703128E-4
1.0686756146093508E-4
1.0681817002720466E-4
1.067688229167702E-4
1.0671952007066242E-4
1.0667026143002224E-4
1.0662104693608935E-4
1.0657187653021235E-4
1.0652275015383554E-4
1.064736677485137E-4
1.0642462925589676E-4
1.0637563461774679E-4
1.0632668377591792E-4
1.0627777667237593E-4
1.0622891324918167E-4
1.0618009344849806E-4
1.061313172125943E-4
1.060825844838351E-4
1.0603389520469132E-4
1.0598524931772843E-4
1.0593664676562173E-4
1.0588808749113592E-4
1.0583957143714295E-4
1.0579109854661384E-4
1.057426687626167E-4
1.0569428202832102E-4
1.0564593828699564E-4
1.0559763748200674E-4
1.0554937955682145E-4
1.055011644550043E-4
1.0545299212021964E-4
1.0540486249622717E-4
1.0535677552688709E-4
1.0530873115615635E-4
1.0526072932808856E-4
1.0521276998683568E-4
1.0516485307664775E-4
1.0511697854187142E-4
1.0506914632694681E-4
1.050213563764153E-4
1.0497360863491093E-4
1.0492590304716477E-4
1.048782395580059E-4
1.0483061811235467E-4
1.0478303865523243E-4
1.0473550113174993E-4
1.046880054871186E-4
1.0464055166663757E-4
1.0459313961571221E-4
1.0454576927982605E-4
1.0449844060457286E-4
1.0445115353563235E-4
1.0440390801877386E-4
1.0435670399987286E-4
1.0430954142488457E-4
1.0426242023986668E-4
1.0421534039096898E-4
1.0416830182442855E-4
1.0412130448657974E-4
1.040743483238504E-4
1.0402743328275527E-4
1.0398055930990524E-4
1.039337263520015E-4
1.0388693435583926E-4
1.038401832683013E-4
1.0379347303636559E-4
1.0374680360709666E-4
1.0370017492765271E-4
1.0365358694528508E-4
1.0360703960732894E-4
1.0356053286121471E-4
1.035140666544644E-4
1.034676409346835E-4
1.0342125564957269E-4
1.0337491074691697E-4
1.0332860617460186E-4
1.0328234188058529E-4
1.032361178129289E-4
1.0318993391977304E-4
1.0314379014935366E-4
1.0309768644999254E-4
1.0305162277009583E-4
1.0300559905816228E-4
1.0295961526277809E-4
1.0291367133261452E-4
1.0286776721643418E-4
1.0282190286308425E-4
1.0277607822149545E-4
1.0273029324069434E-4
1.026845478697885E-4
1.0263884205796841E-4
1.0259317575451837E-4
1.0254754890880578E-4
1.0250196147028064E-4
1.024564133884844E-4
1.0241090461303935E-4
1.02365435093658E-4
1.02320004780137E-4
1.0227461362235024E-4
1.0222926157026634E-4
1.0218394857393616E-4
1.0213867458349065E-4
1.0209343954914967E-4
1.0204824342121874E-4
1.0200308615008081E-4
1.0195796768620738E-4
1.0191288798015364E-4
1.0186784698255493E-4
1.0182284464413505E-4
1.0177788091569512E-4
1.0173295574812339E-4
1.0168806909238991E-4
1.016432208995452E-4
1.0159841112072612E-4
1.0155363970714774E-4
1.0150890661010838E-4
1.0146421178099108E-4
1.0141955517125792E-4
1.0137493673245096E-4
1.0133035641619653E-4
1.0128581417420474E-4
1.0124130995825653E-4
1.011968437202242E-4
1.0115241541206024E-4
1.0110802498578819E-4
1.0106367239352197E-4
1.0101935758745288E-4
1.0097508051984713E-4
1.009308411430575E-4
1.0088663940951486E-4
1.0084247527172671E-4
1.0079834868228368E-4
1.0075425959385243E-4
1.0071020795917958E-4
1.0066619373109374E-4
1.0062221686249525E-4
1.0057827730637254E-4
1.0053437501578288E-4
1.0049050994386798E-4
1.0044668204384544E-4
1.0040289126901125E-4
1.0035913757273778E-4
1.003154209084771E-4
1.0027174122975744E-4
1.0022809849018337E-4
1.0018449264344138E-4
1.0014092364328695E-4
1.0009739144355787E-4
1.0005389599816863E-4
1.0001043726110627E-4
9.996701518643974E-5
The correct rate for BP: 100.00% 
