2.546146629661446
0.72050545718907
1.7775280837292544
0.2615244324592189
0.01736099281207508
0.009356503880140137
0.007087166731736209
0.005960536377379068
0.005201425646168555
0.0046295156821339585
0.004175029757289114
0.0038023553987887562
0.0034901741462463544
0.0032244517727606755
0.0029953763566967395
0.00279580084095269
0.0026203609895520605
0.0024649363033940916
0.0023263018206318466
0.0022018936910328806
0.002089646177860499
0.0019878753468484346
0.0018951942683615506
0.001810450058011582
0.001732676388998862
0.0016610571746312342
0.001594898449133991
0.0015336063535481578
0.0014766697272916587
0.0014236462150850862
0.0013741510857164317
0.0013278481632241065
0.0012844424183578718
0.0012436738757887057
0.001205312572067391
0.0011691543587266499
0.0011350173897115832
0.0011027391664053272
0.0010721740396683252
0.001043191088535364
0.0010156723109710853
9.895110744458611E-4
9.646107838543256E-4
9.408837320533009E-4
9.182501044929453E-4
8.966371143942221E-4
8.75978248948479E-4
8.562126102803382E-4
8.372843375789629E-4
8.191420989852692E-4
8.017386436192041E-4
7.850304056155353E-4
7.689771532681484E-4
7.535416774088989E-4
7.386895140041524E-4
7.243886966715826E-4
7.106095354250104E-4
6.97324418466289E-4
6.845076342760628E-4
6.721352116230818E-4
6.601847754252149E-4
6.486354166627702E-4
6.374675747745175E-4
6.266629311634503E-4
6.162043126092036E-4
6.060756035304644E-4
5.962616661673106E-4
5.867482678634678E-4
5.775220147238219E-4
5.685702910058673E-4
5.598812036761712E-4
5.514435316266541E-4
5.43246679100947E-4
5.352806329300527E-4
5.275359232194086E-4
5.200035871673885E-4
5.126751357286092E-4
5.055425228650714E-4
4.985981171542019E-4
4.918346755461168E-4
4.8524531908313614E-4
4.7882351041274887E-4
4.7256303294179123E-4
4.664579714939336E-4
4.6050269434592646E-4
4.5469183652940007E-4
4.4902028429572786E-4
4.4348316065066096E-4
4.38075811874005E-4
4.327937949470869E-4
4.276328658176881E-4
4.2258896843816104E-4
4.1765822451812973E-4
4.128369239380643E-4
4.081215157747406E-4
4.035085998934782E-4
3.989949190660324E-4
3.945773515762177E-4
3.902529042785109E-4
3.860187060776608E-4
3.81872001799854E-4
3.778101464283771E-4
3.7383059967878186E-4
3.699309208904339E-4
3.661087642133076E-4
3.6236187407021346E-4
3.586880808763961E-4
3.5508529699958204E-4
3.5155151294497596E-4
3.4808479375070516E-4
3.446832755803534E-4
3.4134516250012496E-4
3.380687234291486E-4
3.3485228925213164E-4
3.3169425008442203E-4
3.2859305268021465E-4
3.2554719797518825E-4
3.2255523875565514E-4
3.196157774465239E-4
3.167274640112767E-4
3.138889939572575E-4
3.110991064402855E-4
3.08356582462821E-4
3.0566024316037245E-4
3.030089481711414E-4
3.004015940843017E-4
2.9783711296241374E-4
2.953144709339997E-4
2.928326668523567E-4
2.9039073101707745E-4
2.8798772395478465E-4
2.8562273525605013E-4
2.832948824653793E-4
2.810033100215437E-4
2.787471882456122E-4
2.7652571237415024E-4
2.7433810163533107E-4
2.7218359836572124E-4
2.700614671656438E-4
2.679709940912276E-4
2.6591148588127165E-4
2.6388226921718317E-4
2.618826900143757E-4
2.599121127435703E-4
2.5796991978052234E-4
2.5605551078285973E-4
2.5416830209263946E-4
2.5230772616345576E-4
2.5047323101094456E-4
2.4866427968548577E-4
2.468803497662263E-4
2.451209328752331E-4
2.4338553421103962E-4
2.416736721005476E-4
2.39984877568518E-4
2.3831869392385165E-4
2.3667467636185842E-4
2.350523915818811E-4
2.334514174194747E-4
2.3187134249262294E-4
2.3031176586127064E-4
2.287722966996619E-4
2.272525539808879E-4
2.257521661731268E-4
2.2427077094708912E-4
2.2280801489416927E-4
2.2136355325487404E-4
2.199370496570561E-4
2.1852817586358664E-4
2.1713661152905457E-4
2.157620439650962E-4
2.1440416791405973E-4
2.130626853305816E-4
2.1173730517083303E-4
2.104277431890797E-4
2.0913372174125757E-4
2.0785496959531866E-4
2.0659122174804175E-4
2.0534221924808492E-4
2.0410770902500283E-4
2.0288744372399568E-4
2.0168118154623174E-4
2.0048868609441243E-4
1.993097262235027E-4
1.981440758963155E-4
1.9699151404386668E-4
1.9585182443023876E-4
1.9472479552183364E-4
1.9361022036083254E-4
1.9250789644269898E-4
1.9141762559759227E-4
1.9033921387553884E-4
1.8927247143521185E-4
1.8821721243621626E-4
1.8717325493471616E-4
1.86140420782312E-4
1.8511853552804653E-4
1.841074283234052E-4
1.8310693183023682E-4
1.8211688213147178E-4
1.811371186445295E-4
1.8016748403735532E-4
1.792078241469621E-4
1.782579879003989E-4
1.773178272380756E-4
1.7638719703933712E-4
1.754659550502475E-4
1.745539618134671E-4
1.7365108060017726E-4
1.7275717734398235E-4
1.7187212057670625E-4
1.7099578136605968E-4
1.7012803325503782E-4
1.6926875220310957E-4
1.684178165289945E-4
1.67575106855122E-4
1.667405060536056E-4
1.659138991937353E-4
1.6509517349093546E-4
1.642842182571299E-4
1.634809248524742E-4
1.626851866384071E-4
1.6189689893199356E-4
1.6111595896150363E-4
1.6034226582317928E-4
1.595757204391976E-4
1.588162255167194E-4
1.5806368550807043E-4
1.573180065719546E-4
1.5657909653570603E-4
1.5584686485852842E-4
1.5512122259570715E-4
1.5440208236374835E-4
1.5368935830643046E-4
1.5298296606172968E-4
1.522828227296068E-4
1.5158884684060724E-4
1.5090095832528513E-4
1.5021907848438527E-4
1.4954312995979255E-4
1.4887303670621017E-4
1.4820872396356237E-4
1.4755011823006672E-4
1.4689714723599718E-4
1.4624973991809068E-4
1.456078263945944E-4
1.4497133794090592E-4
1.4434020696585108E-4
1.4371436698849946E-4
1.430937526155704E-4
1.4247829951938054E-4
1.4186794441632767E-4
1.4126262504587564E-4
1.40662280150065E-4
1.400668494535101E-4
1.3947627364384337E-4
1.3889049435266996E-4
1.3830945413692496E-4
1.3773309646070365E-4
1.371613656775035E-4
1.3659420701287144E-4
1.3603156654746923E-4
1.3547339120053266E-4
1.349196287136871E-4
1.3437022763517262E-4
1.3382513730439492E-4
1.332843078368512E-4
1.3274769010939046E-4
1.3221523574580822E-4
1.3168689710275902E-4
1.3116262725600472E-4
1.3064237998694462E-4
1.3012610976947746E-4
1.2961377175711331E-4
1.2910532177041892E-4
1.286007162846989E-4
1.280999124179734E-4
1.2760286791920655E-4
1.2710954115680584E-4
1.266198911073445E-4
1.2613387734455498E-4
1.2565146002855595E-4
1.2517259989529427E-4
1.2469725824623373E-4
1.24225396938247E-4
1.2375697837373805E-4
1.2329196549096323E-4
1.228303217545575E-4
1.2237201114627725E-4
1.2191699815590066E-4
1.2146524777236025E-4
1.2101672547503566E-4
1.205713972252353E-4
1.201292294578441E-4
1.1969018907316307E-4
1.1925424342889884E-4
1.1882136033232598E-4
1.1839150803261021E-4
1.1796465521328095E-4
1.1754077098485893E-4
1.1711982487764738E-4
1.1670178683464752E-4
1.1628662720462144E-4
1.1587431673530767E-4
1.1546482656675206E-4
1.1505812822479411E-4
1.1465419361465547E-4
1.1425299501468366E-4
1.1385450507019773E-4
1.1345869678746034E-4
1.130655435277769E-4
1.1267501900169509E-4
1.122870972633329E-4
1.1190175270480294E-4
1.1151896005075153E-4
1.1113869435300388E-4
1.1076093098530658E-4
1.1038564563817809E-4
1.1001281431385366E-4
1.096424133213218E-4
1.0927441927146592E-4
1.0890880907228715E-4
1.0854555992422272E-4
1.0818464931555086E-4
1.0782605501788503E-4
1.0746975508174707E-4
1.0711572783222792E-4
1.067639518647196E-4
1.0641440604074266E-4
1.0606706948382782E-4
1.057219215755047E-4
1.0537894195132923E-4
1.0503811049700191E-4
1.0469940734456991E-4
1.0436281286866721E-4
1.040283076828433E-4
1.0369587263596437E-4
1.0336548880865157E-4
1.0303713750981611E-4
1.0271080027323372E-4
1.0238645885419088E-4
1.0206409522618157E-4
1.0174369157767629E-4
1.0142523030894031E-4
1.0110869402889912E-4
1.0079406555208139E-4
1.0048132789559054E-4
1.0017046427615106E-4
9.986145810719199E-5
The correct rate for BP: 100.00% 
