1.1316985184017885
0.9283793930285751
0.08929017660069444
0.016199866910451978
0.012905537022476984
0.010834389423696418
0.009303403553039064
0.008132773285259173
0.007213820431668303
0.006475479511789684
0.005870260750272088
0.005365632718239908
0.004938717537262371
0.004573017921613675
0.00425636306568216
0.003979588989775744
0.0037356694928241795
0.0035191299737720536
0.0033256431199539783
0.003151744265487167
0.0029946272249970186
0.002851995344904084
0.00272195114873779
0.002602913418600889
0.0024935540861381784
0.0023927496318229186
0.0022995432502723916
0.002213115101733147
0.0021327587051368888
0.0020578620442613725
0.0019878923256685514
0.0019223835914806988
0.001860926582649578
0.0018031603901811678
0.0017487655372441444
0.001697458214270318
0.0016489854491255655
0.0016031210402329354
0.0015596621157840578
0.001518426209514315
0.0014792487648644598
0.001441980996132307
0.0014064880484911666
0.0013726474093137052
0.0013403475316911054
0.0013094866378375873
0.0012799716755686357
0.0012517174055099683
0.0012246456003422931
0.0011986843403788117
0.0011737673922363747
0.0011498336593988713
0.0011268266951633189
0.0011046942698685314
0.0010833879854857213
0.0010628629316395983
0.0010430773779619854
0.0010239924983838932
0.0010055721235683833
9.877825181935699E-4
9.705921802274394E-4
9.539716597051123E-4
9.37893394836263E-4
9.223315635418855E-4
9.072619487543903E-4
8.926618160169571E-4
8.785098020934087E-4
8.64785813451733E-4
8.514709336164279E-4
8.385473384999797E-4
8.25998218924157E-4
8.138077096298081E-4
8.019608241508215E-4
7.904433949955566E-4
7.792420186385911E-4
7.683440048781925E-4
7.577373301609928E-4
7.474105945165872E-4
7.373529817809711E-4
7.275542228197509E-4
7.180045614910418E-4
7.086947231130624E-4
6.996158852244053E-4
6.907596504450746E-4
6.821180212645578E-4
6.73683376599428E-4
6.654484499774079E-4
6.574063092180069E-4
6.495503374914595E-4
6.41874215648273E-4
6.343719057211999E-4
6.270376355100156E-4
6.198658841671885E-4
6.128513687095834E-4
6.059890313876154E-4
5.992740278490281E-4
5.927017160396409E-4
5.862676457882419E-4
5.799675490268968E-4
5.737973306020607E-4
5.677530596352785E-4
5.61830961395624E-4
5.560274096487833E-4
5.503389194507408E-4
5.447621403560498E-4
5.392938500133349E-4
5.339309481224193E-4
5.286704507296363E-4
5.235094848394085E-4
5.184452833218244E-4
5.13475180097573E-4
5.085966055826667E-4
5.038070823768367E-4
4.991042211805439E-4
4.944857169266186E-4
4.899493451134516E-4
4.854929583276979E-4
4.8111448294508186E-4
4.768119159988583E-4
4.7258332220601425E-4
4.6842683114209756E-4
4.6434063455604735E-4
4.603229838170256E-4
4.563721874857447E-4
4.524866090033126E-4
4.4866466449097823E-4
4.4490482065463353E-4
4.4120559278836957E-4
4.3756554287157745E-4
4.339832777546109E-4
4.3045744742821197E-4
4.2698674337221873E-4
4.235698969793896E-4
4.2020567805036167E-4
4.1689289335605973E-4
4.1363038526402734E-4
4.1041703042544097E-4
4.072517385196491E-4
4.0413345105338457E-4
4.0106114021184054E-4
3.980338077590633E-4
3.950504839851849E-4
3.921102266981878E-4
3.892121202580639E-4
3.863552746512507E-4
3.835388246034354E-4
3.807619287288792E-4
3.7802376871451393E-4
3.7532354853718263E-4
3.726604937124648E-4
3.700338505735936E-4
3.6744288557908386E-4
3.6488688464775515E-4
3.6236515251987695E-4
3.5987701214326305E-4
3.5742180408319225E-4
3.549988859550548E-4
3.526076318787625E-4
3.502474319538962E-4
3.4791769175473444E-4
3.456178318442462E-4
3.433472873062642E-4
3.4110550729501163E-4
3.3889195460126806E-4
3.3670610523444836E-4
3.345474480199178E-4
3.3241548421092306E-4
3.303097271144617E-4
3.2822970173062335E-4
3.26174944404711E-4
3.241450024916935E-4
3.2213943403252415E-4
3.2015780744167716E-4
3.1819970120568826E-4
3.162647035920077E-4
3.143524123679359E-4
3.1246243452917323E-4
3.105943860375613E-4
3.087478915677485E-4
3.069225842623176E-4
3.051181054951798E-4
3.033341046427656E-4
3.0157023886284154E-4
2.998261728805765E-4
2.98101578781629E-4
2.9639613581195395E-4
2.9470953018410066E-4
2.930414548897642E-4
2.913916095183099E-4
2.897597000811176E-4
2.88145438841477E-4
2.8654854414983746E-4
2.849687402842713E-4
2.8340575729585436E-4
2.8185933085891137E-4
2.8032920212584265E-4
2.788151175864348E-4
2.7731682893148086E-4
2.758340929205341E-4
2.743666712536843E-4
2.729143304471674E-4
2.714768417127612E-4
2.700539808407177E-4
2.6864552808621487E-4
2.6725126805913314E-4
2.658709896171066E-4
2.64504485761676E-4
2.63151553537464E-4
2.6181199393431336E-4
2.604856117921795E-4
2.591722157088341E-4
2.57871617950137E-4
2.565836343628957E-4
2.5530808429018875E-4
2.5404479048906644E-4
2.5279357905056126E-4
2.515542793219379E-4
2.5032672383111136E-4
2.491107482131123E-4
2.479061911386519E-4
2.4671289424456425E-4
2.455307020662224E-4
2.4435946197171775E-4
2.4319902409788651E-4
2.4204924128801562E-4
2.4090996903122398E-4
2.397810654034866E-4
2.3866239101019213E-4
2.37553808930261E-4
2.3645518466167598E-4
2.3536638606850755E-4
2.34287283329282E-4
2.332177488867003E-4
2.3215765739865952E-4
2.3110688569055754E-4
2.300653127087764E-4
2.2903281947539924E-4
2.2800928904406455E-4
2.269946064569262E-4
2.2598865870273647E-4
2.2499133467592444E-4
2.2400252513676852E-4
2.2302212267250537E-4
2.2205002165943784E-4
2.210861182259605E-4
2.201303102165119E-4
2.19182497156404E-4
2.1824258021750824E-4
2.1731046218477734E-4
2.163860474235896E-4
2.1546924184786593E-4
2.1455995288896537E-4
2.1365808946531044E-4
2.1276356195276778E-4
2.1187628215569364E-4
2.1099616327869238E-4
2.1012311989904143E-4
2.0925706793973174E-4
2.0839792464318754E-4
2.075456085455602E-4
2.0670003945164137E-4
2.058611384103327E-4
2.0502882769071675E-4
2.0420303075863468E-4
2.033836722538488E-4
2.0257067796766175E-4
2.0176397482111712E-4
2.0096349084363195E-4
2.0016915515214223E-4
1.9938089793071267E-4
1.9859865041059365E-4
1.978223448507281E-4
1.9705191451870193E-4
1.9628729367208907E-4
1.9552841754023244E-4
1.947752223064152E-4
1.940276450904252E-4
1.9328562393149714E-4
1.9254909777161787E-4
1.9181800643921552E-4
1.9109229063317136E-4
1.9037189190720583E-4
1.896567526545645E-4
1.8894681609306647E-4
1.8824202625044364E-4
1.875423279500088E-4
1.8684766679661317E-4
1.8615798916289775E-4
1.854732421758639E-4
1.8479337370367878E-4
1.8411833234278384E-4
1.8344806740526885E-4
1.8278252890650416E-4
1.821216675530183E-4
1.8146543473064565E-4
1.8081378249289637E-4
1.8016666354957758E-4
1.795240312556367E-4
1.7888583960022915E-4
1.7825204319603193E-4
1.7762259726873276E-4
1.7699745764676732E-4
1.763765807512269E-4
1.7575992358600536E-4
1.7514744372810334E-4
1.7453909931816456E-4
1.7393484905115617E-4
1.7333465216727115E-4
1.7273846844298533E-4
1.7214625818229241E-4
1.7155798220812104E-4
1.7097360185391105E-4
1.703930789553492E-4
1.698163758422685E-4
1.6924345533070664E-4
1.6867428071511817E-4
1.6810881576071282E-4
1.6754702469598095E-4
1.6698887220532852E-4
1.664343234218537E-4
1.6588334392028176E-4
1.6533589971000608E-4
1.64791957228283E-4
1.642514833335412E-4
1.6371444529881095E-4
1.6318081080529302E-4
1.626505479360276E-4
1.6212362516969506E-4
1.6160001137452453E-4
1.6107967580231692E-4
1.6056258808257404E-4
1.6004871821672815E-4
1.5953803657249845E-4
1.590305138783338E-4
1.585261212179504E-4
1.5802483002498905E-4
1.575266120777411E-4
1.5703143949399352E-4
1.5653928472595923E-4
1.560501205552885E-4
1.5556392008817178E-4
1.5508065675054933E-4
1.5460030428337743E-4
1.5412283673798424E-4
1.536482284715294E-4
1.531764541425175E-4
1.5270748870639203E-4
1.5224130741123577E-4
1.517778857934999E-4
1.5131719967384155E-4
1.5085922515302764E-4
1.5040393860788653E-4
1.4995131668737516E-4
1.4950133630865228E-4
1.4905397465327542E-4
1.4860920916343322E-4
1.481670175382387E-4
1.4772737773010813E-4
1.4729026794117888E-4
1.468556666197871E-4
1.4642355245703923E-4
1.4599390438338545E-4
1.4556670156529636E-4
1.4514192340198194E-4
1.4471954952214396E-4
1.4429955978081805E-4
1.4388193425624146E-4
1.4346665324677714E-4
1.43053697267902E-4
1.4264304704922736E-4
1.4223468353157683E-4
1.4182858786410813E-4
1.41424741401487E-4
1.4102312570110683E-4
1.4062372252034015E-4
1.402265138138519E-4
1.39831481730952E-4
1.3943860861297347E-4
1.3904787699071616E-4
1.3865926958192806E-4
1.382727692887994E-4
1.3788835919553504E-4
1.3750602256593571E-4
1.3712574284103848E-4
1.3674750363677226E-4
1.3637128874167742E-4
1.3599708211463698E-4
1.3562486788264792E-4
1.3525463033864515E-4
1.3488635393934E-4
1.3452002330309186E-4
1.3415562320783135E-4
1.337931385889903E-4
1.3343255453749376E-4
1.3307385629774326E-4
1.3271702926567492E-4
1.323620589868115E-4
1.3200893115436767E-4
1.3165763160736773E-4
1.3130814632880209E-4
1.3096046144380963E-4
1.306145632178857E-4
1.3027043805511555E-4
1.2992807249643962E-4
1.2958745321793648E-4
1.2924856702914813E-4
1.2891140087140123E-4
1.2857594181618805E-4
1.2824217706354835E-4
1.279100939404653E-4
1.275796798993327E-4
1.272509225163827E-4
1.2692380949018523E-4
1.265983286401416E-4
1.2627446790501565E-4
1.2595221534147263E-4
1.2563155912265886E-4
1.253124875367718E-4
1.2499498898569059E-4
1.246790519835865E-4
1.2436466515558235E-4
1.2405181723641542E-4
1.2374049706912873E-4
1.2343069360377246E-4
1.2312239589613188E-4
1.2281559310646511E-4
1.2251027449827428E-4
1.2220642943706878E-4
1.2190404738917578E-4
1.2160311792053356E-4
1.2130363069554475E-4
1.2100557547589674E-4
1.2070894211944444E-4
1.2041372057907408E-4
1.2011990090160072E-4
1.1982747322667766E-4
1.1953642778572038E-4
1.1924675490084302E-4
1.1895844498381387E-4
1.1867148853501809E-4
1.1838587614245065E-4
1.181015984807016E-4
1.1781864630996608E-4
1.1753701047507329E-4
1.1725668190452407E-4
1.1697765160952552E-4
1.166999106830805E-4
1.164234502990323E-4
1.16148261711176E-4
1.1587433625234534E-4
1.1560166533352755E-4
1.1533024044299205E-4
1.1506005314542129E-4
1.1479109508106301E-4
1.1452335796487447E-4
1.1425683358571333E-4
1.1399151380550543E-4
1.1372739055843789E-4
1.1346445585016292E-4
1.1320270175700997E-4
1.1294212042521207E-4
1.1268270407013573E-4
1.1242444497552198E-4
1.1216733549274804E-4
1.1191136804008245E-4
1.1165653510196441E-4
1.114028292282768E-4
1.1115024303364954E-4
1.1089876919674728E-4
1.1064840045959272E-4
1.1039912962687419E-4
1.1015094956527304E-4
1.099038532028108E-4
1.0965783352817909E-4
1.0941288359011309E-4
1.0916899649671721E-4
1.0892616541487321E-4
1.086843835695958E-4
1.0844364424341761E-4
1.0820394077579309E-4
1.07965266562492E-4
1.0772761505499686E-4
1.0749097975994183E-4
1.0725535423851893E-4
1.070207321059129E-4
1.0678710703073251E-4
1.0655447273446862E-4
1.0632282299092707E-4
1.0609215162570509E-4
1.058624525156357E-4
1.0563371958827979E-4
1.0540594682139052E-4
1.0517912824239831E-4
1.0495325792790695E-4
1.0472833000318062E-4
1.045043386416644E-4
1.0428127806447376E-4
1.0405914253992084E-4
1.0383792638302788E-4
1.0361762395506502E-4
1.033982296630693E-4
1.0317973795939369E-4
1.0296214334124327E-4
1.0274544035022928E-4
1.0252962357191975E-4
1.0231468763540085E-4
1.021006272128454E-4
1.0188743701907381E-4
1.0167511181114043E-4
1.0146364638790952E-4
1.0125303558963871E-4
1.0104327429756828E-4
1.0083435743352576E-4
1.0062627995951338E-4
1.0041903687731864E-4
1.0021262322812736E-4
1.0000703409213417E-4
9.980226458815459E-5
The correct rate for BP: 100.00% 
