0.6751492931206902
1.2818577109260452
0.02120748947498624
0.0034632309230678057
0.0024076714215671446
0.0019354481188713533
0.0016604547694939644
0.0014787572720651987
0.0013483883862114665
0.0012491574160199577
0.0011701926671771605
0.0011051533364000539
0.0010501109144070858
0.0010025120476292474
9.606304579430449E-4
9.232593818158297E-4
8.895304014006515E-4
8.588023592037779E-4
8.305908999560183E-4
8.045224621457207E-4
7.803034620071067E-4
7.576991833506324E-4
7.36519020983149E-4
7.166059742899475E-4
6.978290397294035E-4
6.800776157773766E-4
6.632573276783595E-4
6.472868689358502E-4
6.320955810704986E-4
6.17621576451009E-4
6.038102655255781E-4
5.906131886936619E-4
5.779870802008747E-4
5.658931106066589E-4
5.54296268065495E-4
5.431648485486258E-4
5.32470032345016E-4
5.221855294930982E-4
5.122872807444765E-4
5.027532036235127E-4
4.93562975388272E-4
4.846978464073215E-4
4.761404787812166E-4
4.678748060551786E-4
4.598859106635224E-4
4.5215991637043417E-4
4.446838934653429E-4
4.374457748642111E-4
4.30434281583345E-4
4.23638856306219E-4
4.170496039702466E-4
4.106572384684358E-4
4.044530346991133E-4
3.9842878531071933E-4
3.925767615831159E-4
3.868896779656022E-4
3.813606598578185E-4
3.7598321427505493E-4
3.707512030865456E-4
3.656588185549192E-4
3.6070056093908813E-4
3.5587121795166606E-4
3.5116584588711433E-4
3.465797522581446E-4
3.421084797965337E-4
3.3774779169065954E-4
3.3349365794600034E-4
3.2934224276717674E-4
3.2528989287080066E-4
3.213331266478055E-4
3.174686241022333E-4
3.136932175007981E-4
3.100038826739067E-4
3.063977309147706E-4
3.028720014280706E-4
2.994240542844094E-4
2.9605136384074613E-4
2.9275151259058646E-4
2.895221854110596E-4
2.863611641767975E-4
2.832663227133365E-4
2.8023562206484624E-4
2.772671060534233E-4
2.743588971088726E-4
2.715091923497554E-4
2.687162598980415E-4
2.6597843541108197E-4
2.6329411881599216E-4
2.6066177123264906E-4
2.580799120726013E-4
2.555471163022104E-4
2.530620118591519E-4
2.5062327721230964E-4
2.482296390557843E-4
2.458798701284263E-4
2.4357278715098578E-4
2.4130724887345693E-4
2.3908215422581652E-4
2.3689644056574003E-4
2.3474908201746825E-4
2.3263908789621326E-4
2.3056550121307193E-4
2.2852739725563043E-4
2.2652388223982526E-4
2.2455409202887106E-4
2.2261719091546168E-4
2.207123704635082E-4
2.1883884840614482E-4
2.169958675967591E-4
2.1518269501010677E-4
2.1339862079073087E-4
2.1164295734612892E-4
2.0991503848213284E-4
2.082142185783485E-4
2.065398718013846E-4
2.0489139135393744E-4
2.0326818875780417E-4
2.0166969316906175E-4
2.0009535072372595E-4
1.9854462391233183E-4
1.9701699098192713E-4
1.955119453641376E-4
1.9402899512791386E-4
1.9256766245579718E-4
1.911274831424686E-4
1.8970800611454926E-4
1.8830879297054094E-4
1.8692941753997114E-4
1.855694654608058E-4
1.842285337742372E-4
1.8290623053604047E-4
1.8160217444369278E-4
1.8031599447853073E-4
1.7904732956222652E-4
1.777958282269508E-4
1.765611482985389E-4
1.7534295659211703E-4
1.741409286195941E-4
1.7295474830847151E-4
1.7178410773151465E-4
1.7062870684672835E-4
1.694882532472374E-4
1.683624619206188E-4
1.672510550172498E-4
1.6615376162731684E-4
1.650703175660868E-4
1.6400046516707882E-4
1.6294395308283556E-4
1.6190053609292594E-4
1.6086997491890085E-4
1.598520360459162E-4
1.588464915507158E-4
1.57853118935742E-4
1.5687170096910684E-4
1.5590202553017753E-4
1.5494388546057189E-4
1.539970784202944E-4
1.5306140674889462E-4
1.5213667733132103E-4
1.512227014684348E-4
1.5031929475184166E-4
1.4942627694301044E-4
1.485434718564045E-4
1.476707072465438E-4
1.468078146988101E-4
1.4595462952384362E-4
1.451109906554183E-4
1.4427674055166002E-4
1.4345172509946008E-4
1.426357935219815E-4
1.4182879828914343E-4
1.4103059503095614E-4
1.4024104245362074E-4
1.3946000225829508E-4
1.38687339062371E-4
1.3792292032328575E-4
1.371666162646362E-4
1.3641829980463215E-4
1.3567784648673046E-4
1.349451344124054E-4
1.3422004417597145E-4
1.3350245880137428E-4
1.3279226368091118E-4
1.3208934651577782E-4
1.3139359725838974E-4
1.307049080564477E-4
1.300231731986161E-4
1.2934828906185496E-4
1.2868015406024763E-4
1.2801866859535874E-4
1.2736373500800693E-4
1.2671525753145732E-4
1.2607314224594154E-4
1.254372970344894E-4
1.2480763154001942E-4
1.2418405712363617E-4
1.2356648682413095E-4
1.2295483531858195E-4
1.223490188840945E-4
1.2174895536059332E-4
1.2115456411462471E-4
1.2056576600419765E-4
1.1998248334455625E-4
1.1940463987491183E-4
1.188321607260598E-4
1.1826497238889779E-4
1.1770300268376771E-4
1.1714618073064348E-4
1.1659443692009846E-4
1.1604770288506945E-4
1.1550591147332883E-4
1.1496899672073172E-4
1.1443689382513362E-4
1.1390953912099207E-4
1.1338687005465572E-4
1.1286882516025563E-4
1.1235534403625626E-4
1.1184636732257765E-4
1.1134183667834027E-4
1.1084169476013861E-4
1.1034588520088216E-4
1.0985435258919754E-4
1.093670424492929E-4
1.0888390122138897E-4
1.0840487624259201E-4
1.0792991572826362E-4
1.0745896875385962E-4
1.0699198523719456E-4
1.0652891592115323E-4
1.06069712356841E-4
1.0561432688710817E-4
1.0516271263051476E-4
1.0471482346565897E-4
1.042706140158833E-4
1.0383003963435678E-4
1.0339305638951048E-4
1.0295962105081576E-4
1.0252969107491002E-4
1.0210322459203049E-4
1.0168018039279593E-4
1.012605179152666E-4
1.0084419723232739E-4
1.0043117903936462E-4
1.0002142464221329E-4
9.96148959453919E-5
The correct rate for BP: 100.00% 
