0.7784060507180605
1.8032363589279543
0.19768246141450355
0.0038480997489673107
0.0033499751518494313
0.0029811487604339344
0.0027006681807374847
0.0024725682741761302
0.0022809291218908708
0.0021168327452127053
0.001974468230995415
0.0018497039379331724
0.0017394487813479822
0.0016413155609743956
0.001553420279726839
0.0014742518660174082
0.0014025826076581706
0.001337404127499321
0.0012778803371217879
0.0012233121468326173
0.0011731105607316581
0.0011267758873052276
0.0010838814894861928
0.0010440609534478698
0.0010069978640823965
9.724175896342333E-4
9.40080630013726E-4
9.097771928586109E-4
8.813227414223295E-4
8.545543175116576E-4
8.29327486883434E-4
8.055137878416106E-4
7.829985891413334E-4
7.616792827679434E-4
7.414637522035984E-4
7.222690685084087E-4
7.040203757246825E-4
6.866499343557247E-4
6.700962974181956E-4
6.543035981542392E-4
6.392209321703315E-4
6.24801819738925E-4
6.110037364054393E-4
5.977877020030928E-4
5.851179197815075E-4
5.729614586724278E-4
5.612879728026489E-4
5.5006945326475E-4
5.392800079046236E-4
5.288956655095291E-4
5.188942013036383E-4
5.092549810975766E-4
4.999588218091706E-4
4.90987866385938E-4
4.8232547142599354E-4
4.73956106019948E-4
4.658652605296432E-4
4.580393641845426E-4
4.504657105183019E-4
4.4313238978974274E-4
4.360282276376206E-4
4.2914272930912994E-4
4.224660288808273E-4
4.159888429587798E-4
4.097024284041873E-4
4.035985436823938E-4
3.976694134784591E-4
3.919076962620235E-4
3.863064545189201E-4
3.808591273974318E-4
3.755595055440048E-4
3.7040170792684005E-4
3.653801604667537E-4
3.604895763131606E-4
3.5572493761942267E-4
3.510814786864504E-4
3.465546703562312E-4
3.42140205548688E-4
3.378339858453247E-4
3.336321090324865E-4
3.295308575251792E-4
3.255266875996831E-4
3.216162193699583E-4
3.1779622744855583E-4
3.1406363223824175E-4
3.104154918051743E-4
3.068489942889514E-4
3.033614508085485E-4
2.9995028882688813E-4
2.9661304593979205E-4
2.933473640580373E-4
2.9015098395382936E-4
2.870217401453442E-4
2.8395755609519706E-4
2.8095643970057094E-4
2.780164790546021E-4
2.751358384601851E-4
2.723127546788351E-4
2.695455333986311E-4
2.668325459064645E-4
2.6417222595094493E-4
2.6156306678337427E-4
2.590036183650711E-4
2.5649248473034694E-4
2.540283214949662E-4
2.5160983350098034E-4
2.492357725892076E-4
2.4690493549140346E-4
2.446161618346963E-4
2.42368332251376E-4
2.4016036658762417E-4
2.3799122220515936E-4
2.3585989237028595E-4
2.3376540472510785E-4
2.3170681983608008E-4
2.29683229815386E-4
2.276937570108778E-4
2.257375527607036E-4
2.2381379620885894E-4
2.219216931782735E-4
2.2006047509816933E-4
2.18229397982686E-4
2.1642774145792367E-4
2.146548078347622E-4
2.1290992122497204E-4
2.1119242669825498E-4
2.0950168947804889E-4
2.0783709417402694E-4
2.0619804404933424E-4
2.0458396032078114E-4
2.0299428149025137E-4
2.014284627057098E-4
1.998859751503361E-4
1.9836630545827104E-4
1.9686895515575047E-4
1.9539344012621857E-4
1.9393929009834312E-4
1.925060481557275E-4
1.9109327026728873E-4
1.8970052483727916E-4
1.8832739227400423E-4
1.869734645763366E-4
1.8563834493719202E-4
1.8432164736313398E-4
1.8302299630935899E-4
1.8174202632935732E-4
1.8047838173854925E-4
1.792317162912565E-4
1.7800169287038146E-4
1.767879831892777E-4
1.7559026750513362E-4
1.744082343435131E-4
1.7324158023340194E-4
1.7209000945241114E-4
1.7095323378159548E-4
1.6983097226954565E-4
1.6872295100528963E-4
1.6762890289964095E-4
1.66548567474655E-4
1.6548169066079655E-4
1.644280246015393E-4
1.6338732746504025E-4
1.623593632626367E-4
1.6134390167382907E-4
1.6034071787752758E-4
1.5934959238927566E-4
1.5837031090420284E-4
1.574026641455052E-4
1.5644644771817463E-4
1.5550146196783058E-4
1.545675118443842E-4
1.5364440677039168E-4
1.5273196051388872E-4
1.5182999106552942E-4
1.5093832051985944E-4
1.500567749605813E-4
1.491851843496212E-4
1.4832338241989215E-4
1.4747120657157187E-4
1.466284977717886E-4
1.457951004575856E-4
1.4497086244201149E-4
1.4415563482325546E-4
1.4334927189668667E-4
1.4255163106971353E-4
1.417625727793267E-4
1.4098196041225928E-4
1.402096602276518E-4
1.3944554128213563E-4
1.3868947535723974E-4
1.3794133688903963E-4
1.3720100289999003E-4
1.364683529328225E-4
1.3574326898646718E-4
1.350256354539125E-4
1.3431533906195216E-4
1.336122688127136E-4
1.329163159269624E-4
1.3222737378907232E-4
1.3154533789362492E-4
1.3087010579358003E-4
1.3020157704998086E-4
1.2953965318308905E-4
1.2888423762498112E-4
1.282352356734741E-4
1.2759255444739627E-4
1.2695610284313528E-4
1.26325791492404E-4
1.2570153272124202E-4
1.2508324051012566E-4
1.2447083045523012E-4
1.2386421973076123E-4
1.23263327052335E-4
1.2266807264137497E-4
1.2207837819048408E-4
1.2149416682977218E-4
1.2091536309409842E-4
1.2034189289120732E-4
1.1977368347072245E-4
1.192106633939764E-4
1.1865276250465808E-4
1.1809991190022868E-4
1.1755204390411551E-4
1.1700909203861703E-4
1.1647099099855446E-4
1.1593767662557806E-4
1.1540908588318054E-4
1.14885156832328E-4
1.1436582860775064E-4
1.138510413948135E-4
1.133407364070207E-4
1.1283485586405134E-4
1.1233334297039037E-4
1.1183614189448263E-4
1.1134319774841666E-4
1.1085445656811951E-4
1.1036986529405327E-4
1.0988937175238118E-4
1.0941292463660997E-4
1.0894047348968416E-4
1.0847196868653426E-4
1.0800736141701955E-4
1.0754660366931534E-4
1.0708964821370831E-4
1.066364485867638E-4
1.0618695907588624E-4
1.0574113470425249E-4
1.0529893121610742E-4
1.0486030506239402E-4
1.0442521338675063E-4
1.0399361401182013E-4
1.0356546542588585E-4
1.0314072676983236E-4
1.0271935782439067E-4
1.0230131899770201E-4
1.0188657131315371E-4
1.0147507639751496E-4
1.0106679646931406E-4
1.0066169432752517E-4
1.0025973334047842E-4
9.986087743503501E-5
The correct rate for BP: 100.00% 
