1.9229392064893536
0.2620957775830229
0.015473457290670876
0.0013750736241788595
0.0012320227966462496
0.0011297516278332056
0.0010483140258334437
9.807964169221538E-4
9.232398238982892E-4
8.731855905596431E-4
8.290063513821329E-4
7.895674815716371E-4
7.540434761518636E-4
7.218123852737138E-4
6.923919972709056E-4
6.653995229974325E-4
6.405251168441922E-4
6.175138759945691E-4
5.96153224197726E-4
5.762638276787411E-4
5.576928968219261E-4
5.40309142471701E-4
5.239989074587459E-4
5.086631509691656E-4
4.942150638693614E-4
4.805781589865442E-4
4.6768472451561325E-4
4.554745589532661E-4
4.438939270478717E-4
4.328946912267936E-4
4.2243358376862025E-4
4.124715929044385E-4
4.029734419134214E-4
3.939071447026703E-4
3.852436247297678E-4
3.769563867188082E-4
3.690212326353998E-4
3.614160149665272E-4
3.541204216016029E-4
3.4711578760765374E-4
3.4038492999242183E-4
3.339120021961633E-4
3.2768236557994114E-4
3.216824756088208E-4
3.158997807833718E-4
3.103226326658852E-4
3.049402055917531E-4
2.997424248596715E-4
2.947199023650623E-4
2.898638787846349E-4
2.851661715412635E-4
2.8061912788132154E-4
2.7621558248391745E-4
2.719488190964588E-4
2.6781253575459057E-4
2.6380081319977137E-4
2.5990808615489414E-4
2.5612911715915696E-4
2.524589726989385E-4
2.488930014019143E-4
2.454268140884423E-4
2.4205626549760298E-4
2.387774375254164E-4
2.3558662383081896E-4
2.324803156804584E-4
2.2945518891712559E-4
2.2650809194887445E-4
2.2363603466645982E-4
2.2083617820616553E-4
2.1810582548360656E-4
2.154424124313864E-4
2.128434998801401E-4
2.1030676602841553E-4
2.0782999945199358E-4
2.0541109260807487E-4
2.0304803579374985E-4
2.0073891152215217E-4
1.9848188928279814E-4
1.9627522065588117E-4
1.9411723475282487E-4
1.920063339579359E-4
1.8994098994814192E-4
1.8791973996985914E-4
1.859411833537453E-4
1.8400397824977794E-4
1.8210683856658026E-4
1.802485311001501E-4
1.7842787283850562E-4
1.7664372842974893E-4
1.7489500780208778E-4
1.731806639252692E-4
1.714996907037135E-4
1.6985112099236288E-4
1.6823402472700087E-4
1.666475071613878E-4
1.6509070720414006E-4
1.635627958488555E-4
1.6206297469138263E-4
1.6059047452870467E-4
1.5914455403415585E-4
1.5772449850424633E-4
1.563296186725216E-4
1.549592495863995E-4
1.536127495430302E-4
1.5228949908064184E-4
1.5098890002199553E-4
1.497103745668636E-4
1.4845336443057087E-4
1.472173300259351E-4
1.4600174968606387E-4
1.448061189256326E-4
1.4362994973844275E-4
1.4247276992921084E-4
1.4133412247763452E-4
1.4021356493293307E-4
1.3911066883719E-4
1.3802501917588547E-4
1.3695621385415003E-4
1.359038631973398E-4
1.3486758947460833E-4
1.3384702644429243E-4
1.328418189198952E-4
1.3185162235562517E-4
1.3087610245047336E-4
1.2991493476983713E-4
1.289678043837992E-4
1.280344055212543E-4
1.2711444123900175E-4
1.262076231051153E-4
1.2531367089586832E-4
1.2443231230548971E-4
1.2356328266820846E-4
1.2270632469189461E-4
1.2186118820280256E-4
1.2102762990083857E-4
1.2020541312487158E-4
1.193943076276029E-4
1.1859408935954019E-4
1.1780454026164792E-4
1.170254480662847E-4
1.1625660610601928E-4
1.1549781312998718E-4
1.147488731274246E-4
1.1400959515805974E-4
1.1327979318907769E-4
1.1255928593829876E-4
1.1184789672338526E-4
1.1114545331671437E-4
1.1045178780575016E-4
1.0976673645862018E-4
1.0909013959469664E-4
1.084218414599527E-4
1.077616901069103E-4
1.0710953727894367E-4
1.064652382988142E-4
1.0582865196118444E-4
1.0519964042902607E-4
1.04578069133679E-4
1.0396380667847718E-4
1.0335672474576135E-4
1.0275669800713387E-4
1.0216360403684958E-4
1.0157732322820383E-4
1.0099773871277892E-4
1.0042473628247424E-4
9.98582043141735E-5
The correct rate for BP: 100.00% 
