1.0603128504647372
1.346034154048801
0.05017221051479227
0.009566395907332114
0.00746865158343947
0.006118753248066548
0.005173945230092998
0.0044785829276308585
0.003945975722440654
0.0035251251224964857
0.003184262789194012
0.0029026063372730665
0.0026659965410005173
0.0024644550469375935
0.0022907473286457353
0.002139500036732899
0.0020066384980067455
0.0018890166451136922
0.0017841667126248756
0.001690125782772698
0.001605312984645418
0.001528440884090181
0.001458450446849043
0.0013944625667288424
0.0013357414355275872
0.0012816665108633105
0.0012317108156551597
0.0011854239610956366
0.0011424187355225167
0.0011023604149162417
0.001064958171760531
0.0010299581169752434
9.971376239324688E-4
9.663006672151256E-4
9.372739706445916E-4
9.099038053149853E-4
8.840533132097924E-4
8.596002584689835E-4
8.364351286855369E-4
8.144595243020495E-4
7.935847863891664E-4
7.737308226549647E-4
7.548250990798483E-4
7.368017705579642E-4
7.19600928704427E-4
7.031679488220208E-4
6.874529211145267E-4
6.724101537422195E-4
6.579977373585022E-4
6.441771624393205E-4
6.309129820916647E-4
6.181725141626072E-4
6.059255774107854E-4
5.941442572848642E-4
5.828026975070403E-4
5.718769142071756E-4
5.613446298138254E-4
5.511851242967109E-4
5.413791016841E-4
5.31908570057568E-4
5.227567334643344E-4
5.139078943900125E-4
5.053473656085031E-4
4.970613903746966E-4
4.890370700539381E-4
4.81262298392971E-4
4.737257017325356E-4
4.664165845450836E-4
4.5932487975273675E-4
4.524411033436244E-4
4.4575631285930943E-4
4.392620693737948E-4
4.329504026267002E-4
4.268137790096668E-4
4.208450721376431E-4
4.150375357649218E-4
4.0938477883121436E-4
4.038807424448343E-4
3.9851967863023904E-4
3.932961306840271E-4
3.88204914999525E-4
3.832411042334101E-4
3.7840001170039384E-4
3.736771768927548E-4
3.6906835203137195E-4
3.6456948956364226E-4
3.6017673053144206E-4
3.558863937394542E-4
3.516949656603497E-4
3.47599091019091E-4
3.435955640036662E-4
3.3968132005430726E-4
3.3585342818717815E-4
3.3210908381253593E-4
3.284456020105628E-4
3.248604112312906E-4
3.2135104738773473E-4
3.179151483139498E-4
3.145504485620205E-4
3.112547745140079E-4
3.080260397869557E-4
3.048622409105898E-4
3.0176145325910164E-4
2.9872182721972794E-4
2.9574158458228945E-4
2.9281901513488015E-4
2.8995247345222264E-4
2.871403758640221E-4
2.843811975917399E-4
2.816734700428987E-4
2.7901577825300585E-4
2.7640675846572635E-4
2.7384509584269694E-4
2.713295222949734E-4
2.68858814428627E-4
2.664317915975558E-4
2.6404731405706237E-4
2.617042812121401E-4
2.594016299549021E-4
2.571383330858661E-4
2.549133978142202E-4
2.5272586433252664E-4
2.505748044615592E-4
2.484593203613209E-4
2.463785433044599E-4
2.443316325086522E-4
2.4231777402460684E-4
2.4033617967668814E-4
2.3838608605324346E-4
2.3646675354395245E-4
2.3457746542165288E-4
2.3271752696628846E-4
2.30886264628726E-4
2.2908302523234374E-4
2.2730717521043072E-4
2.2555809987752563E-4
2.2383520273296052E-4
2.221379047949437E-4
2.2046564396365474E-4
2.1881787441188765E-4
2.1719406600182625E-4
2.1559370372671282E-4
2.1401628717614585E-4
2.124613300238431E-4
2.109283595368092E-4
2.0941691610483425E-4
2.0792655278939224E-4
2.064568348909633E-4
2.050073395339586E-4
2.0357765526838784E-4
2.0216738168748265E-4
2.0077612906058034E-4
1.9940351798049683E-4
1.9804917902478716E-4
1.9671275243021949E-4
1.9539388777989195E-4
1.9409224370241536E-4
1.92807487582601E-4
1.9153929528318298E-4
1.9028735087706948E-4
1.8905134638965042E-4
1.8783098155073844E-4
1.8662596355572324E-4
1.8543600683554844E-4
1.8426083283510535E-4
1.8310016979974087E-4
1.819537525694764E-4
1.8082132238065698E-4
1.7970262667469703E-4
1.785974189136426E-4
1.7750545840225317E-4
1.7642651011635934E-4
1.7536034453721395E-4
1.7430673749161562E-4
1.7326546999755295E-4
1.7223632811516534E-4
1.7121910280279388E-4
1.7021358977793873E-4
1.6921958938291128E-4
1.6823690645499187E-4
1.6726535020096482E-4
1.6630473407578961E-4
1.6535487566529664E-4
1.6441559657276428E-4
1.6348672230917283E-4
1.6256808218704762E-4
1.6165950921774835E-4
1.6076084001204178E-4
1.5987191468387588E-4
1.5899257675721628E-4
1.5812267307583917E-4
1.572620537159479E-4
1.5641057190156205E-4
1.555680839225202E-4
1.5473444905504322E-4
1.5390952948474327E-4
1.5309319023200195E-4
1.5228529907962426E-4
1.5148572650270988E-4
1.5069434560061515E-4
1.4991103203100713E-4
1.491356639458503E-4
1.4836812192933437E-4
1.4760828893762556E-4
1.468560502404042E-4
1.4611129336412437E-4
1.453739080369172E-4
1.4464378613511552E-4
1.439208216313227E-4
1.432049105439607E-4
1.4249595088830006E-4
1.417938426288518E-4
1.410984876331326E-4
1.4040978962673656E-4
1.3972765414967396E-4
1.390519885139143E-4
1.3838270176214096E-4
1.3771970462763254E-4
1.370629094952569E-4
1.3641223036354812E-4
1.3576758280780255E-4
1.3512888394420612E-4
1.3449605239490608E-4
1.3386900825405724E-4
1.3324767305475895E-4
1.3263196973688885E-4
1.320218226157868E-4
1.3141715735177808E-4
1.308179009204993E-4
1.3022398158400047E-4
1.2963532886261063E-4
1.2905187350753628E-4
1.2847354747416896E-4
1.2790028389608372E-4
1.2733201705971109E-4
1.267686823796566E-4
1.2621021637464303E-4
1.2565655664408367E-4
1.2510764184522343E-4
1.2456341167087925E-4
1.2402380682772677E-4
1.2348876901513797E-4
1.229582409045279E-4
1.2243216611924597E-4
1.2191048921493171E-4
1.2139315566036911E-4
1.2088011181881614E-4
1.2037130492977502E-4
1.1986668309121548E-4
1.1936619524222684E-4
1.188697911460791E-4
1.1837742137372296E-4
1.1788903728762336E-4
1.1740459102605458E-4
1.1692403548769938E-4
1.1644732431666152E-4
1.1597441188780194E-4
1.1550525329243298E-4
1.1503980432434121E-4
1.1457802146613338E-4
1.1411986187591638E-4
1.1366528337425782E-4
1.1321424443146448E-4
1.1276670415515108E-4
1.1232262227808435E-4
1.1188195914631669E-4
1.1144467570757949E-4
1.1101073349993887E-4
1.1058009464070735E-4
1.1015272181560955E-4
1.0972857826818552E-4
1.0930762778942372E-4
1.0888983470763855E-4
1.0847516387855948E-4
1.080635806756382E-4
1.0765505098057955E-4
1.0724954117406609E-4
1.0684701812668989E-4
1.0644744919008807E-4
1.0605080218825628E-4
1.0565704540906213E-4
1.0526614759592857E-4
1.0487807793970864E-4
1.0449280607072064E-4
1.0411030205096241E-4
1.0373053636648332E-4
1.0335347991992255E-4
1.0297910402319673E-4
1.0260738039035286E-4
1.0223828113055505E-4
1.0187177874123462E-4
1.0150784610136225E-4
1.0114645646487695E-4
1.0078758345423903E-4
1.0043120105412616E-4
1.000772836052426E-4
9.972580579826386E-5
The correct rate for BP: 100.00% 
