2.6575600746120918
2.345646501404107
0.2307684145711995
0.08227015223346772
0.0024412614685849505
0.0018617713755343694
0.001555516886217373
0.0013468264103529521
0.0011902807419395922
0.0010671864092058338
9.675061000784962E-4
8.850373835031129E-4
8.156425072063035E-4
7.564269197205477E-4
7.052966382922461E-4
6.606968367562614E-4
6.214480194469038E-4
5.866389575070637E-4
5.555544374935496E-4
5.276252120421899E-4
5.02392554021482E-4
4.7948266508267674E-4
4.5858788145647795E-4
4.3945265943895907E-4
4.218629800553164E-4
4.056382377842423E-4
3.906249595117154E-4
3.76691889407671E-4
3.637261053021472E-4
3.516299225333092E-4
3.403184050514589E-4
3.297173492009617E-4
3.1976163863989965E-4
3.103938930438182E-4
3.015633511337535E-4
2.9322494193694345E-4
2.8533850826855783E-4
2.778681540882991E-4
2.70781693263664E-4
2.640501818123888E-4
2.576475192307134E-4
2.515501072829208E-4
2.4573655681132554E-4
2.4018743485854175E-4
2.348850457767266E-4
2.2981324110840529E-4
2.2495725391877654E-4
2.2030355398554953E-4
2.15839720843877E-4
2.1155433216813658E-4
2.0743686537040502E-4
2.0347761062407835E-4
1.9966759379347207E-4
1.9599850797687475E-4
1.9246265255989912E-4
1.8905287883450527E-4
1.8576254137263028E-4
1.8258545445582126E-4
1.7951585295772072E-4
1.765483571569738E-4
1.7367794102722683E-4
1.7089990360956284E-4
1.682098431232024E-4
1.6560363351352436E-4
1.6307740317365898E-4
1.606275156081112E-4
1.582505518345786E-4
1.5594329434427917E-4
1.537027124620208E-4
1.5152594896543253E-4
1.4941030783878644E-4
1.4735324305059912E-4
1.4535234825654463E-4
1.4340534733979976E-4
1.4151008571036268E-4
1.3966452229325133E-4
1.3786672214270723E-4
1.3611484962603877E-4
1.344071621265094E-4
1.327420042196752E-4
1.3111780228213662E-4
1.295330594957237E-4
1.2798635121360745E-4
1.2647632065815277E-4
1.2500167492308472E-4
1.2356118125514756E-4
1.221536635926977E-4
1.2077799934077007E-4
1.1943311636393927E-4
1.1811799018003217E-4
1.1683164133916361E-4
1.1557313297401995E-4
1.1434156850841131E-4
1.1313608951233808E-4
1.1195587369270775E-4
1.1080013300982998E-4
1.0966811191055838E-4
1.0855908566977515E-4
1.0747235883249696E-4
1.0640726374958252E-4
1.0536315920053427E-4
1.0433942909738587E-4
1.0333548126419526E-4
1.0235074628700718E-4
1.013846764296107E-4
1.004367446107108E-4
9.950644343853979E-5
The correct rate for BP: 100.00% 
