2.623629334650106
2.4962358759934995
2.494557302534519
2.490617557586619
2.4735950590685576
1.3240965325451957
1.583917772640621
0.019648577188890598
0.0012117461415874485
0.00108055055345232
9.810904366147153E-4
8.991331520495872E-4
8.301912895268791E-4
7.712774654629644E-4
7.202920843225965E-4
6.757028549585507E-4
6.363586225743125E-4
6.013743822890371E-4
5.700567569155768E-4
5.418538098927115E-4
5.163201773079935E-4
4.930922109638824E-4
4.718698698490902E-4
4.524032809304683E-4
4.344826033861281E-4
4.1793027529848665E-4
4.0259500771234276E-4
3.8834707944808975E-4
3.7507461314098317E-4
3.626806003645189E-4
3.510805048463963E-4
3.4020031625205485E-4
3.2997495834557414E-4
3.2034697821733596E-4
3.1126546017064846E-4
3.0268512048073684E-4
2.9456554875757215E-4
2.8687056888821534E-4
2.7956769809428294E-4
2.726276869425707E-4
2.660241264999273E-4
2.5973311145595417E-4
2.537329501167516E-4
2.480039138266542E-4
2.4252801969717563E-4
2.3728884158599238E-4
2.3227134512839715E-4
2.2746174332239852E-4
2.2284736973879574E-4
2.1841656689536616E-4
2.1415858771952964E-4
2.10063508342525E-4
2.0612215073277787E-4
2.0232601389662974E-4
1.986672125592692E-4
1.951384223935839E-4
1.9173283099513602E-4
1.884440939118447E-4
1.8526629513044088E-4
1.8219391150128578E-4
1.792217806509249E-4
1.7634507198979206E-4
1.7355926047216692E-4
1.7086010280824448E-4
1.682436158650007E-4
1.6570605702443457E-4
1.6324390629521957E-4
1.608538499978295E-4
1.5853276586396767E-4
1.56277709409247E-4
1.5408590145398596E-4
1.5195471668078727E-4
1.498816731297456E-4
1.478644225429039E-4
1.4590074147882712E-4
1.439885231266304E-4
1.4212576975600373E-4
1.4031058574633643E-4
1.3854117114375718E-4
1.3681581570001812E-4
1.3513289335170212E-4
1.334908571022617E-4
1.3188823427300207E-4
1.3032362209233937E-4
1.2879568359556038E-4
1.2730314380986655E-4
1.258447862018031E-4
1.2441944936628094E-4
1.230260239381854E-4
1.216634497093578E-4
1.2033071293517214E-4
1.190268438162948E-4
1.1775091414250333E-4
1.165020350865075E-4
1.1527935513676836E-4
1.1408205815916922E-4
1.1290936157828986E-4
1.1176051466977242E-4
1.1063479695588521E-4
1.0953151669715126E-4
1.0845000947334083E-4
1.0738963684775222E-4
1.0634978510909263E-4
1.0532986408579067E-4
1.0432930602787405E-4
1.0334756455201649E-4
1.0238411364557635E-4
1.0143844672586305E-4
1.0051007575103428E-4
9.95985303794123E-5
The correct rate for BP: 100.00% 
