1.0167789700703134
1.7506156879823185
0.014873960482702406
0.006047900274462742
0.004024822332223026
0.0033061487774904176
0.0028805658644400823
0.0025768827223753388
0.002340373981243601
0.002147321350493503
0.0019851898234101023
0.001846391641777207
0.0017258891544170711
0.0016201197178006643
0.0015264500374709894
0.0014428704510988002
0.0013678097915759324
0.0013000162775134803
0.0012384771940300444
0.0011823626991494913
0.0011309853410732364
0.0010837701939809471
0.0010402323913445732
9.999599432484166E-4
9.626004078437634E-4
9.278504244030845E-4
8.954474038352788E-4
8.651628676956629E-4
8.367970617814932E-4
8.101745656842569E-4
7.851406880322438E-4
7.615584869427384E-4
7.393062919437959E-4
7.182756310650428E-4
6.983694875108262E-4
6.795008261212286E-4
6.615913419741796E-4
6.445703929050291E-4
6.283740850851793E-4
6.129444866002559E-4
5.98228948563611E-4
5.841795169666649E-4
5.707524214075558E-4
5.579076292119443E-4
5.456084553834798E-4
5.338212203890805E-4
5.225149490683825E-4
5.116611050123342E-4
5.012333556288041E-4
4.912073638361946E-4
4.8156060292904617E-4
4.72272191663068E-4
4.633227470294745E-4
4.546942525442897E-4
4.463699401783851E-4
4.3833418430861467E-4
4.305724062863312E-4
4.2307098840415366E-4
4.158171961989529E-4
4.087991081642488E-4
4.020055520609335E-4
3.9542604711529565E-4
3.890507514793957E-4
3.8287041440363863E-4
3.768763326360511E-4
3.71060310619151E-4
3.6541462410428306E-4
3.599319868462789E-4
3.54605520078586E-4
3.49428724502114E-4
3.443954545496777E-4
3.394998947135196E-4
3.347365377456061E-4
3.3010016456030494E-4
3.2558582568650927E-4
3.211888241316886E-4
3.169046995342156E-4
3.127292134924756E-4
3.086583359701477E-4
3.046882326868371E-4
3.008152534117149E-4
2.970359210857808E-4
2.9334692170516856E-4
2.8974509490415707E-4
2.862274251821168E-4
2.827910337237015E-4
2.7943317076603336E-4
2.7615120847073057E-4
2.729426342622883E-4
2.698050445976696E-4
2.6673613913488694E-4
2.6373371527118244E-4
2.607956630236923E-4
2.579199602279617E-4
2.55104668031447E-4
2.523479266611415E-4
2.496479514461103E-4
2.4700302907720276E-4
2.444115140876027E-4
2.418718255392426E-4
2.3938244390110625E-4
2.3694190810666718E-4
2.3454881277855006E-4
2.3220180560946726E-4
2.2989958488926903E-4
2.2764089716873263E-4
2.254245350512792E-4
2.2324933510463896E-4
2.2111417588483974E-4
2.1901797606561977E-4
2.1695969266673107E-4
2.1493831937510527E-4
2.1295288495327237E-4
2.1100245172975352E-4
2.0908611416662096E-4
2.072029974995983E-4
2.053522564465109E-4
2.0353307398007997E-4
2.0174466016136797E-4
1.999862510304479E-4
1.9825710755097677E-4
1.9655651460572982E-4
1.9488378004018782E-4
1.9323823375156382E-4
1.9161922682073862E-4
1.9002613068482002E-4
1.8845833634804492E-4
1.8691525362907505E-4
1.8539631044265536E-4
1.8390095211387225E-4
1.82428640723295E-4
1.809788544813607E-4
1.7955108713055116E-4
1.781448473738641E-4
1.767596583283097E-4
1.7539505700210525E-4
1.740505937944295E-4
1.7272583201658135E-4
1.7142034743347097E-4
1.7013372782451018E-4
1.688655725628614E-4
1.6761549221221703E-4
1.663831081402813E-4
1.6516805214807269E-4
1.639699661143891E-4
1.627885016546554E-4
1.6162331979351787E-4
1.6047409065051246E-4
1.593404931382433E-4
1.5822221467244724E-4
1.5711895089344792E-4
1.5603040539844662E-4
1.5495628948417902E-4
1.5389632189948633E-4
1.5285022860732657E-4
1.5181774255582198E-4
1.5079860345797625E-4
1.497925575796217E-4
1.4879935753529837E-4
1.4781876209168785E-4
1.4685053597828643E-4
1.4589444970500558E-4
1.4495027938642494E-4
1.4401780657239012E-4
1.4309681808470127E-4
1.4218710585965546E-4
1.4128846679617002E-4
1.4040070260926474E-4
1.3952361968872526E-4
1.3865702896266287E-4
1.378007457658436E-4
1.369545897125442E-4
1.3611838457377413E-4
1.3529195815871866E-4
1.3447514220015766E-4
1.336677722438002E-4
1.3286968754130224E-4
1.32080730946874E-4
1.3130074881732162E-4
1.3052959091537316E-4
1.297671103162064E-4
1.2901316331700438E-4
1.2826760934946325E-4
1.2753031089514307E-4
1.2680113340350345E-4
1.260799452125999E-4
1.2536661747227418E-4
1.2466102406980076E-4
1.2396304155784993E-4
1.2327254908472992E-4
1.2258942832678305E-4
1.2191356342289379E-4
1.2124484091101237E-4
1.2058314966662444E-4
1.1992838084309901E-4
1.1928042781385616E-4
1.186391861162684E-4
1.1800455339727167E-4
1.1737642936059315E-4
1.1675471571553518E-4
1.1613931612731068E-4
1.1553013616882548E-4
1.149270832738606E-4
1.1433006669166076E-4
1.1373899744280427E-4
1.1315378827638127E-4
1.1257435362838372E-4
1.1200060958130211E-4
1.1143247382486076E-4
1.1086986561788649E-4
1.1031270575124119E-4
1.0976091651179526E-4
1.0921442164743469E-4
1.08673146333005E-4
1.0813701713723209E-4
1.0760596199054726E-4
1.070799101537831E-4
1.065587921877541E-4
1.060425399236423E-4
1.0553108643419964E-4
1.0502436600571727E-4
1.0452231411075765E-4
1.0402486738162538E-4
1.0353196358451082E-4
1.030435415943692E-4
1.0255954137041758E-4
1.020799039323065E-4
1.016045713369028E-4
1.0113348665568348E-4
1.006665939527106E-4
1.0020383826318372E-4
9.974516557253787E-5
The correct rate for BP: 100.00% 
