3.2513468301948754
2.453439649646384
0.9668682838868962
1.7974062040857774
0.005815921729318123
0.004894237935052524
0.003952507321046254
0.0033137035786576694
0.002852089834077892
0.002502644091907358
0.002228820975503254
0.002008446111660652
0.001827263079240599
0.0016756801899385542
0.0015470030696514187
0.0014364157670231545
0.0013403642788676908
0.0012561682350560697
0.001181767819485413
0.0011155539308979356
0.0010562512705272074
0.0010028360478600829
9.544768993700149E-4
9.104917195634467E-4
8.703156167077507E-4
8.334767849746765E-4
7.995781008296553E-4
7.68282919154248E-4
7.39303991765838E-4
7.123947357709116E-4
6.873422902423778E-4
6.639619480230299E-4
6.420926550956487E-4
6.215933461487175E-4
6.023399405569387E-4
5.842228639954461E-4
5.67144991452054E-4
5.510199303727667E-4
5.357705801046779E-4
5.213279171332426E-4
5.076299658909478E-4
4.946209228985931E-4
4.822504082451454E-4
4.7047282332794916E-4
4.5924679766974077E-4
4.485347107318792E-4
4.3830227713021993E-4
4.2851818566332187E-4
4.19153784185073E-4
4.1018280367364655E-4
4.0158111592784467E-4
3.933265202077984E-4
3.853985548674426E-4
3.7777833063113E-4
3.704483826692492E-4
3.6339253904717786E-4
3.565958034729343E-4
3.500442505638462E-4
3.437249321011569E-4
3.37625792951764E-4
3.3173559551452126E-4
3.260438517002665E-4
3.2054076158415535E-4
3.152171579795489E-4
3.1006445627768374E-4
3.050746089790348E-4
3.0024006441262124E-4
2.955537292004361E-4
2.910089340767668E-4
2.8659940271801563E-4
2.823192232784496E-4
2.7816282236181144E-4
2.741249411894017E-4
2.702006137514136E-4
2.663851467518422E-4
2.626741011776268E-4
2.59063275340758E-4
2.555486892578721E-4
2.5212657024606156E-4
2.4879333962582847E-4
2.4554560043333045E-4
2.4238012605366614E-4
2.3929384969576282E-4
2.362838546371198E-4
2.3334736517352324E-4
2.3048173821508755E-4
2.2768445547544943E-4
2.2495311620585843E-4
2.2228543043043518E-4
2.1967921264264158E-4
2.171323759268531E-4
2.1464292647189922E-4
2.1220895844648266E-4
2.0982864920892654E-4
2.0750025482616416E-4
2.0522210587885242E-4
2.0299260353163324E-4
2.0081021584915428E-4
1.9867347434012175E-4
1.9658097071315446E-4
1.9453135382937507E-4
1.9252332683805407E-4
1.9055564448256822E-4
1.8862711056500696E-4
1.867365755586175E-4
1.8488293435819236E-4
1.830651241591145E-4
1.8128212245666195E-4
1.7953294515761573E-4
1.778166447969287E-4
1.761323088527224E-4
1.7447905815331193E-4
1.728560453704622E-4
1.712624535935315E-4
1.6969749497939358E-4
1.6816040947358009E-4
1.6665046359824563E-4
1.6516694930294272E-4
1.6370918287442107E-4
1.6227650390199133E-4
1.6086827429513486E-4
1.5948387735034643E-4
1.581227168643241E-4
1.567842162908759E-4
1.5546781793904238E-4
1.5417298221007507E-4
1.528991868711593E-4
1.516459263637729E-4
1.5041271114478571E-4
1.4919906705856164E-4
1.480045347382638E-4
1.4682866903492623E-4
1.456710384726892E-4
1.4453122472888406E-4
1.4340882213761133E-4
1.4230343721562117E-4
1.4121468820931386E-4
1.4014220466176508E-4
1.3908562699877365E-4
1.3804460613296184E-4
1.3701880308499272E-4
1.3600788862107728E-4
1.3501154290595612E-4
1.3402945517055722E-4
1.3306132339367078E-4
1.3210685399690233E-4
1.311657615522852E-4
1.3023776850197387E-4
1.2932260488935892E-4
1.2842000810116326E-4
1.2752972261993172E-4
1.266514997864545E-4
1.257850975716508E-4
1.2493028035751442E-4
1.2408681872663822E-4
1.2325448925998208E-4
1.2243307434251394E-4
1.2162236197629576E-4
1.2082214560080403E-4
1.2003222392003535E-4
1.1925240073619908E-4
1.1848248478964389E-4
1.1772228960477634E-4
1.1697163334170548E-4
1.1623033865337137E-4
1.1549823254790732E-4
1.1477514625603389E-4
1.1406091510325556E-4
1.1335537838666945E-4
1.1265837925618913E-4
1.1196976459999325E-4
1.1128938493403973E-4
1.1061709429547392E-4
1.099527501397413E-4
1.0929621324132497E-4
1.0864734759787071E-4
1.0800602033766621E-4
1.073721016302102E-4
1.0674546459991642E-4
1.061259852426552E-4
1.0551354234515014E-4
1.0490801740704951E-4
1.0430929456561948E-4
1.0371726052288317E-4
1.0313180447519687E-4
1.0255281804512069E-4
1.019801952154962E-4
1.0141383226567044E-4
1.0085362770977604E-4
1.0029948223696783E-4
9.975129865359984E-5
The correct rate for BP: 100.00% 
