2.8974148447438055
2.433991591688193
0.4445792328862456
1.9776153487976706
1.8256561820753645
0.004069103868670761
0.0026952336069887123
0.0016363958785045303
0.0012313372537293482
0.0010106164775554793
8.705795091405239E-4
7.734840295584024E-4
7.020252544566732E-4
6.470985907325705E-4
6.034453293376877E-4
5.678143234562596E-4
5.38088280894096E-4
5.128303711064789E-4
4.910323442537672E-4
4.719667435266179E-4
4.5509621736363777E-4
4.400157444289098E-4
4.264146359707513E-4
4.1405085182041765E-4
4.0273322153587694E-4
3.923088779610617E-4
3.8265420947481126E-4
3.7366823761442587E-4
3.6526769788068386E-4
3.5738333673717993E-4
3.4995709026735487E-4
3.429399107857493E-4
3.362900756291132E-4
3.2997185888722184E-4
3.2395447920287415E-4
3.182112596051845E-4
3.1271895165898726E-4
3.0745718801477933E-4
3.0240803607405075E-4
2.975556318611834E-4
2.928858779493718E-4
2.8838619286787837E-4
2.8404530213468004E-4
2.798530631368872E-4
2.7580031768258367E-4
2.718787672904137E-4
2.6808086725357903E-4
2.64399736277621E-4
2.6082907909417936E-4
2.573631199320183E-4
2.5399654510946704E-4
2.507244533199336E-4
2.4754231243010393E-4
2.444459218115988E-4
2.4143137939046695E-4
2.3849505273278748E-4
2.3563355359440525E-4
2.3284371545328306E-4
2.3012257361789733E-4
2.274673475670376E-4
2.2487542522813662E-4
2.2234434894452434E-4
2.1987180291805543E-4
2.1745560194409076E-4
2.1509368128145407E-4
2.1278408752167823E-4
2.1052497034023852E-4
2.0831457502815188E-4
2.06151235715635E-4
2.0403336921094402E-4
2.019594693872412E-4
1.999281020587742E-4
1.9793790029489622E-4
1.959875601265888E-4
1.9407583660571332E-4
1.9220154018170863E-4
1.903635333646915E-4
1.8856072764731108E-4
1.8679208066091097E-4
1.85056593544164E-4
1.8335330850478235E-4
1.816813065569034E-4
1.8003970541869346E-4
1.7842765755615432E-4
1.7684434836075274E-4
1.7528899444949812E-4
1.7376084207745425E-4
1.722591656534916E-4
1.7078326635098584E-4
1.693324708060593E-4
1.679061298965044E-4
1.6650361759528695E-4
1.6512432989298546E-4
1.6376768378408287E-4
1.6243311631245562E-4
1.6112008367179752E-4
1.5982806035710805E-4
1.585565383636576E-4
1.573050264302059E-4
1.5607304932343334E-4
1.5486014716085665E-4
1.5366587476966704E-4
1.524898010792004E-4
1.5133150854482617E-4
1.5019059260131936E-4
1.490666611438158E-4
1.4795933403470628E-4
1.4686824263485926E-4
1.4579302935770178E-4
1.447333472448222E-4
1.4368885956182097E-4
1.4265923941322644E-4
1.4164416937541283E-4
1.406433411464424E-4
1.3965645521197347E-4
1.3868322052623138E-4
1.3772335420732815E-4
1.367765812460826E-4
1.3584263422762317E-4
1.3492125306514184E-4
1.340121847450999E-4
1.331151830833421E-4
1.3223000849151841E-4
1.313564277533163E-4
1.3049421381000167E-4
1.296431455547954E-4
1.2880300763565327E-4
1.279735902660385E-4
1.2715468904331154E-4
1.263461047743381E-4
1.255476433079995E-4
1.2475911537428576E-4
1.2398033642962628E-4
1.232111265081989E-4
1.224513100789457E-4
1.2170071590800038E-4
1.2095917692633521E-4
1.2022653010232896E-4
1.195026163191085E-4
1.1878728025637834E-4
1.1808037027660896E-4
1.1738173831535472E-4
1.1669123977552201E-4
1.1600873342544827E-4
1.153340813005833E-4
1.1466714860869613E-4
1.140078036383519E-4
1.1335591767063264E-4
1.1271136489389715E-4
1.1207402232146505E-4
1.1144376971215474E-4
1.1082048949347737E-4
1.102040666874635E-4
1.0959438883896109E-4
1.0899134594632485E-4
1.0839483039441021E-4
1.0780473688978111E-4
1.0722096239801362E-4
1.0664340608307102E-4
1.0607196924863778E-4
1.0550655528130733E-4
1.04947069595628E-4
1.0439341958087645E-4
1.0384551454951223E-4
1.0330326568726033E-4
1.0276658600474295E-4
1.0223539029063354E-4
1.0170959506623027E-4
1.011891185414586E-4
1.0067388057217615E-4
1.001638026188283E-4
9.96588077063069E-5
The correct rate for BP: 100.00% 
