2.0571246638579432
0.4753846237638894
0.0363225305105449
0.0014966342888692316
0.0013971872012816318
0.001316758195860808
0.0012455318907296981
0.0011818662203524385
0.0011245336732162222
0.0010725810823094682
0.0010252512818398312
9.81931610569529E-4
9.421187508012536E-4
9.053939356890273E-4
8.714049790814203E-4
8.398529393513208E-4
8.104820195748866E-4
7.830717838303299E-4
7.57431066928261E-4
7.33393145796157E-4
7.108118665120152E-4
6.895585058513664E-4
6.695192047375887E-4
6.505928521468158E-4
6.326893274875503E-4
6.157280309153703E-4
5.996366468720576E-4
5.843500979794844E-4
5.698096553845965E-4
5.559621785145768E-4
5.42759462507936E-4
5.301576757275247E-4
5.181168730194985E-4
5.066005729659277E-4
4.955753894420663E-4
4.850107094483099E-4
4.7487841052907826E-4
4.651526121827267E-4
4.558094565599887E-4
4.468269144828474E-4
4.3818461342256724E-4
4.2986368457898654E-4
4.218466266228841E-4
4.1411718401418093E-4
4.066602381036931E-4
3.994617094745342E-4
3.925084701897394E-4
3.8578826479083257E-4
3.7928963904409715E-4
3.73001875561005E-4
3.669149355302056E-4
3.610194058940008E-4
3.553064513842E-4
3.4976777090329873E-4
3.4439555779810507E-4
3.391824636262741E-4
3.341215650624406E-4
3.2920633363086666E-4
3.244306079869085E-4
3.1978856850020047E-4
3.15274713919625E-4
3.10883839923742E-4
3.066110193813185E-4
3.02451584164981E-4
2.984011083772776E-4
2.944553928627505E-4
2.9061045089260706E-4
2.868624949195474E-4
2.8320792431073E-4
2.796433139755645E-4
2.761654038131416E-4
2.727710889112349E-4
2.6945741043514363E-4
2.662215471504502E-4
2.6306080752881136E-4
2.599726223905772E-4
2.56954538042142E-4
2.5400420986963377E-4
2.5111939635399477E-4
2.4829795347544375E-4
2.4553782947811455E-4
2.428370599681258E-4
2.401937633205734E-4
2.3760613637298247E-4
2.3507245038461544E-4
2.3259104724267514E-4
2.3016033589800356E-4
2.2777878901426025E-4
2.254449398157943E-4
2.2315737912062146E-4
2.2091475254599251E-4
2.1871575787486838E-4
2.165591425727091E-4
2.1444370144460233E-4
2.1236827442357238E-4
2.1033174448163345E-4
2.083330356556456E-4
2.0637111118077618E-4
2.044449717246934E-4
2.025536537162753E-4
2.0069622776298647E-4
1.9887179715143084E-4
1.970794964261116E-4
1.9531849004161345E-4
1.9358797108386637E-4
1.9188716005634967E-4
1.9021530372751694E-4
1.88571674035741E-4
1.8695556704858657E-4
1.8536630197320736E-4
1.8380322021500347E-4
1.8226568448181433E-4
1.8075307793108224E-4
1.792648033576328E-4
1.7780028241979454E-4
1.763589549018064E-4
1.7494027801051966E-4
1.7354372570454825E-4
1.7216878805414898E-4
1.7081497063020973E-4
1.6948179392076845E-4
1.6816879277370747E-4
1.6687551586417178E-4
1.6560152518551647E-4
1.6434639556254951E-4
1.6310971418593282E-4
1.618910801666904E-4
1.6069010410982317E-4
1.5950640770606302E-4
1.5833962334089031E-4
1.571893937199634E-4
1.560553715101522E-4
1.5493721899545823E-4
1.5383460774704162E-4
1.5274721830677902E-4
1.5167473988360162E-4
1.506168700621164E-4
1.4957331452285114E-4
1.4854378677366212E-4
1.475280078917175E-4
1.4652570627563595E-4
1.4553661740726419E-4
1.445604836227058E-4
1.4359705389215251E-4
1.4264608360814703E-4
1.4170733438187996E-4
1.4078057384718984E-4
1.3986557547193435E-4
1.389621183763667E-4
1.3806998715827726E-4
1.3718897172455957E-4
1.3631886712895923E-4
1.3545947341572187E-4
1.346105954688896E-4
1.3377204286704866E-4
1.3294362974324085E-4
1.3212517464986708E-4
1.3131650042837243E-4
1.3051743408349639E-4
1.2972780666192156E-4
1.289474531351425E-4
1.2817621228637666E-4
1.274139266013439E-4
1.2666044216280372E-4
1.2591560854865132E-4
1.2517927873345407E-4
1.2445130899330835E-4
1.2373155881385088E-4
1.2301989080135966E-4
1.2231617059673953E-4
1.2162026679239198E-4
1.2093205085174564E-4
1.202513970314373E-4
1.1957818230599315E-4
1.1891228629493274E-4
1.1825359119221062E-4
1.1760198169788759E-4
1.1695734495197314E-4
1.1631957047035552E-4
1.1568855008272909E-4
1.1506417787244954E-4
1.1444635011827761E-4
1.1383496523787798E-4
1.1322992373310243E-4
1.1263112813689213E-4
1.1203848296183169E-4
1.1145189465023413E-4
1.1087127152573545E-4
1.1029652374633768E-4
1.0972756325884508E-4
1.0916430375465396E-4
1.0860666062684518E-4
1.0805455092853447E-4
1.0750789333243339E-4
1.0696660809159642E-4
1.0643061700129292E-4
1.0589984336198253E-4
1.0537421194334628E-4
1.0485364894934421E-4
1.0433808198426641E-4
1.0382744001973435E-4
1.033216533626502E-4
1.0282065362401398E-4
1.0232437368863527E-4
1.018327476856613E-4
1.0134571095994157E-4
1.0086320004415534E-4
1.0038515263172508E-4
9.991150755044572E-5
The correct rate for BP: 100.00% 
