1.1123846646724214
1.2011676878472666
0.13520950487160754
0.019264972179183864
0.015458585883484234
0.012539929717052086
0.010469833539561636
0.008952706917324797
0.00779937149317962
0.006895461108613774
0.006169305781096864
0.005574028171014124
0.005077768035111122
0.00465814942215404
0.004299012597572803
0.0039884050430238184
0.0037173019250202662
0.0034787654758214686
0.003267377505158547
0.0030788470189117875
0.0029097331032007768
0.0027572454849883305
0.0026190985482667122
0.0024934028375137693
0.0023785833015541433
0.0022733169088014833
0.002176484494545297
0.002087133200031719
0.002004446888041725
0.0019277226313405868
0.0018563518715825403
0.0017898052039074567
0.001727620000800698
0.0016693902775061476
0.001614758340604333
0.001563407865240193
0.0015150581246442339
0.001469459154913177
0.00142638768340864
0.0013856436841332132
0.0013470474506268174
0.0013104370981837825
0.0012756664239214665
0.0012426030664808114
0.0012111269176920646
0.0011811287469920772
0.0011525090061852714
0.0011251767876481493
0.0010990489135558933
0.0010740491373677672
0.0010501074418096576
0.00102715942006513
0.0010051457289318134
9.840116043991368E-4
9.637064315189644E-4
9.44183361625334E-4
9.253989709535144E-4
9.073129555456335E-4
8.898878580375012E-4
8.730888225202953E-4
8.568833741800412E-4
8.412412208520352E-4
8.26134073997982E-4
8.115354869316626E-4
7.974207083919306E-4
7.837665497968518E-4
7.705512647160666E-4
7.577544392737506E-4
7.453568923471556E-4
7.33340584557923E-4
7.216885351688212E-4
7.103847460989538E-4
6.994141323587201E-4
6.887624582828488E-4
6.784162790073548E-4
6.683628866960189E-4
6.585902610742525E-4
6.490870238746582E-4
6.398423968392743E-4
6.308461629599387E-4
6.220886306702351E-4
6.13560600731007E-4
6.052533355767943E-4
5.971585309133E-4
5.892682893759436E-4
5.815750960778284E-4
5.74071795891337E-4
5.667515723222134E-4
5.596079278478753E-4
5.52634665603277E-4
5.458258723082193E-4
5.391759023393677E-4
5.326793628587451E-4
5.263310999180689E-4
5.201261854654282E-4
5.140599051867836E-4
5.081277471206952E-4
5.023253909896472E-4
4.966486981960985E-4
4.910937024356465E-4
4.85656600883446E-4
4.8033374591362497E-4
4.7512163731457894E-4
4.700169149660118E-4
4.6501635194611207E-4
4.601168480398709E-4
4.5531542362158364E-4
4.506092138867458E-4
4.4599546341035417E-4
4.414715210103243E-4
4.3703483489634714E-4
4.3268294808588827E-4
4.284134940703737E-4
4.2422419271589463E-4
4.2011284638370855E-4
4.160773362570555E-4
4.121156188615746E-4
4.0822572276758885E-4
4.044057454633145E-4
4.006538503887671E-4
3.9696826412080654E-4
3.933472737005549E-4
3.8978922409473607E-4
3.8629251578334105E-4
3.828556024662376E-4
3.7947698888209314E-4
3.761552287331553E-4
3.7288892271004285E-4
3.6967671661093004E-4
3.665172995499697E-4
3.6340940225002894E-4
3.603517954152126E-4
3.573432881787901E-4
3.5438272662259714E-4
3.5146899236400826E-4
3.486010012070275E-4
3.4577770185404615E-4
3.4299807467519464E-4
3.4026113053222735E-4
3.3756590965426967E-4
3.3491148056269605E-4
3.3229693904265916E-4
3.297214071590159E-4
3.2718403231433415E-4
3.246839863470015E-4
3.222204646673582E-4
3.1979268543011106E-4
3.173998887411973E-4
3.150413358974579E-4
3.127163086575677E-4
3.1042410854273725E-4
3.081640561657409E-4
3.059354905870329E-4
3.0373776869657514E-4
3.0157026462030454E-4
2.9943236915000015E-4
2.9732348919559137E-4
2.9524304725876205E-4
2.931904809270325E-4
2.9116524238728025E-4
2.891667979579014E-4
2.8719462763878E-4
2.852482246782507E-4
2.8332709515635984E-4
2.814307575836699E-4
2.79558742514985E-4
2.77710592177294E-4
2.758858601114041E-4
2.74084110826605E-4
2.7230491946788325E-4
2.7054787149508876E-4
2.6881256237364955E-4
2.67098597276262E-4
2.6540559079514173E-4
2.637331666644421E-4
2.620809574923704E-4
2.6044860450261386E-4
2.588357572847475E-4
2.572420735532081E-4
2.5566721891453657E-4
2.541108666425205E-4
2.525726974609894E-4
2.510523993338663E-4
2.495496672622965E-4
2.480642030885155E-4
2.465957153061998E-4
2.4514391887709775E-4
2.4370853505362668E-4
2.4228929120728945E-4
2.4088592066264357E-4
2.394981625366017E-4
2.3812576158293872E-4
2.367684680416923E-4
2.3542603749341696E-4
2.340982307179895E-4
2.3278481355787952E-4
2.314855567856781E-4
2.302002359757544E-4
2.2892863137990383E-4
2.2767052780677576E-4
2.2642571450505773E-4
2.2519398505017483E-4
2.23975137234441E-4
2.227689729605364E-4
2.2157529813816748E-4
2.203939225838365E-4
2.1922465992357186E-4
2.1806732749855213E-4
2.1692174627350558E-4
2.1578774074780045E-4
2.1466513886912687E-4
2.135537719496777E-4
2.1245347458476963E-4
2.113640845737933E-4
2.102854428434272E-4
2.0921739337305753E-4
2.0815978312228032E-4
2.0711246196048838E-4
2.060752825984121E-4
2.0504810052158977E-4
2.0403077392568646E-4
2.0302316365359836E-4
2.020251331343184E-4
2.010365483234489E-4
2.0005727764536575E-4
1.9908719193695754E-4
1.9812616439286945E-4
1.971740705122534E-4
1.962307880469298E-4
1.952961969509417E-4
1.9437017933145702E-4
1.9345261940097503E-4
1.9254340343078215E-4
1.9164241970565354E-4
1.9074955847971347E-4
1.8986471193347995E-4
1.8898777413198822E-4
1.8811864098403964E-4
1.8725721020245356E-4
1.8640338126538238E-4
1.85557055378567E-4
1.8471813543862332E-4
1.8388652599716002E-4
1.8306213322589657E-4
1.8224486488260176E-4
1.8143463027789792E-4
1.8063134024289343E-4
1.7983490709762846E-4
1.7904524462027685E-4
1.7826226801712767E-4
1.774858938932885E-4
1.7671604022411957E-4
1.7595262632734746E-4
1.7519557283585894E-4
1.7444480167115654E-4
1.7370023601744706E-4
1.7296180029634738E-4
1.7222942014220784E-4
1.7150302237799842E-4
1.7078253499179177E-4
1.7006788711377985E-4
1.6935900899383286E-4
1.6865583197960856E-4
1.679582884951275E-4
1.6726631201988422E-4
1.665798370684228E-4
1.6589879917038578E-4
1.652231348510299E-4
1.6455278161216694E-4
1.6388767791356378E-4
1.6322776315474757E-4
1.625729776572274E-4
1.6192326264711439E-4
1.6127856023814277E-4
1.606388134150524E-4
1.600039660173562E-4
1.5937396272346457E-4
1.5874874903515365E-4
1.5812827126239205E-4
1.5751247650848066E-4
1.569013126555298E-4
1.5629472835026207E-4
1.5569267299009646E-4
1.5509509670956424E-4
1.5450195036699005E-4
1.539131855314928E-4
1.5332875447022723E-4
1.5274861013592512E-4
1.5217270615468852E-4
1.5160099681405138E-4
1.510334370512855E-4
1.504699824419587E-4
1.4991058918872256E-4
1.4935521411034813E-4
1.4880381463097767E-4
1.4825634876961802E-4
1.4771277512982945E-4
1.4717305288963954E-4
1.4663714179166413E-4
1.4610500213342557E-4
1.4557659475787548E-4
1.4505188104410444E-4
1.445308228982474E-4
1.4401338274456113E-4
1.4349952351669595E-4
1.4298920864912984E-4
1.4248240206878333E-4
1.4197906818680216E-4
1.414791718904903E-4
1.409826785354168E-4
1.4048955393767762E-4
1.3999976436630246E-4
1.3951327653581388E-4
1.3903005759893973E-4
1.3855007513944987E-4
1.3807329716515238E-4
1.3759969210101462E-4
1.3712922878241594E-4
1.3666187644853763E-4
1.361976047358786E-4
1.3573638367187939E-4
1.3527818366869602E-4
1.3482297551706707E-4
1.3437073038031583E-4
1.3392141978845354E-4
1.3347501563238957E-4
1.3303149015827566E-4
1.3259081596192216E-4
1.32152965983343E-4
1.31717913501402E-4
1.31285632128533E-4
1.3085609580559308E-4
1.3042927879678342E-4
1.3000515568468274E-4
1.2958370136535236E-4
1.2916489104354648E-4
1.2874870022800945E-4
1.2833510472684437E-4
1.2792408064298235E-4
1.2751560436972248E-4
1.2710965258636058E-4
1.2670620225388365E-4
1.2630523061076036E-4
1.25906715168787E-4
1.2551063370901843E-4
1.2511696427777768E-4
1.2472568518271721E-4
1.243367749889638E-4
1.239502125153326E-4
1.2356597683059266E-4
1.2318404724982236E-4
1.228044033308011E-4
1.2242702487048445E-4
1.2205189190153109E-4
1.2167898468889163E-4
1.2130828372645514E-4
1.2093976973375493E-4
1.2057342365273534E-4
1.2020922664456112E-4
1.1984716008649562E-4
1.1948720556882045E-4
1.1912934489182058E-4
1.1877356006280258E-4
1.1841983329318058E-4
1.1806814699560034E-4
1.1771848378111581E-4
1.1737082645641507E-4
1.1702515802108385E-4
1.1668146166492546E-4
1.1633972076531772E-4
1.1599991888462083E-4
1.1566203976761092E-4
1.1532606733898527E-4
1.1499198570088045E-4
1.1465977913044342E-4
1.143294320774455E-4
1.1400092916192293E-4
1.1367425517187623E-4
1.1334939506097878E-4
1.1302633394634799E-4
1.1270505710634286E-4
1.12385549978396E-4
1.1206779815686799E-4
1.1175178739096797E-4
1.1143750358267482E-4
1.111249327847152E-4
1.1081406119855406E-4
1.1050487517242819E-4
1.1019736119941432E-4
1.0989150591551675E-4
1.0958729609779169E-4
1.0928471866250382E-4
1.0898376066329922E-4
1.086844092894228E-4
1.0838665186395375E-4
1.08090475842067E-4
1.0779586880933011E-4
1.075028184800202E-4
1.0721131269545843E-4
1.0692133942240144E-4
1.0663288675140439E-4
1.063459428952709E-4
1.0606049618747663E-4
1.057765350806423E-4
1.054940481450215E-4
1.0521302406701505E-4
1.0493345164770501E-4
1.0465531980141455E-4
1.0437861755428062E-4
1.0410333404286466E-4
1.0382945851275772E-4
1.0355698031723846E-4
1.0328588891592553E-4
1.0301617387346049E-4
1.0274782485820874E-4
1.0248083164098544E-4
1.0221518409378351E-4
1.0195087218854191E-4
1.0168788599591513E-4
1.0142621568407255E-4
1.0116585151749893E-4
1.0090678385584045E-4
1.0064900315272913E-4
1.0039249995466215E-4
1.0013726489987194E-4
9.988328871722654E-5
The correct rate for BP: 100.00% 
