2.7452576509075604
2.496985325679691
2.4960188005365684
2.4942211394302447
2.489871873539006
2.4680880811342725
1.142355154759094
0.9429085076532849
0.005524721055689313
3.4646266414814747E-4
2.956597267040899E-4
2.61031795957711E-4
2.3493214081414984E-4
2.1450815936357784E-4
1.9806446830706125E-4
1.8452511461929694E-4
1.731726909064997E-4
1.6350964291474756E-4
1.55179604497944E-4
1.4792038954019584E-4
1.4153466521203229E-4
1.3587098166984278E-4
1.3081111602471131E-4
1.262614005229506E-4
1.221466405891255E-4
1.1840576076062438E-4
1.1498863023900159E-4
1.1185371040375127E-4
1.0896628567157198E-4
1.0629711525472913E-4
1.0382139319256855E-4
1.0151793726831062E-4
9.936855000128075E-5
The correct rate for BP: 100.00% 
