1.1447865782713544
1.317202680138902
0.2621244971997913
0.05440083171052917
0.03196607434078971
0.023479170997610273
0.018495376429927362
0.015209435735040992
0.01288364996122659
0.011153491165175201
0.009817985062781736
0.008757213949372534
0.007895212515457816
0.0071815426778949545
0.006581419269146156
0.006070087742321528
0.005629460725043901
0.005246021335741684
0.004909469789844836
0.004611823237819089
0.0043468012722199705
0.004109396758418155
0.003895569979591268
0.0037020267012780345
0.003526054504950526
0.0033654003176107313
0.0032181775462988478
0.003082794805735105
0.002957900610248793
0.0028423400159062664
0.002735120310829781
0.0026353836290671853
0.00254238491427431
0.002455474054869275
0.0023740812994667167
0.0022977052722338853
0.002225903064201009
0.002158281993680345
0.0020944927174501343
0.002034223441800987
0.0019771950343430867
0.0019231568775591697
0.0018718833363280726
0.0018231707361535847
0.0017768347681838585
0.0017327082524767712
0.0016906392032439766
0.0016504891496679178
0.0016121316738463899
0.0015754511338786617
0.0015403415453715574
0.0015067055989548327
0.0014744537949404502
0.0014435036791871545
0.0014137791666586964
0.0013852099411833455
0.0013577309216087651
0.0013312817859599028
0.0013058065463961443
0.0012812531687667501
0.0012575732314123816
0.001234721618580677
0.0012126562444373786
0.001191337804177773
0.0011707295491915762
0.0011507970836187814
0.0011315081799651424
0.001112832611731183
0.0010947420012554618
0.0010772096811867567
0.0010602105681852513
0.001043721047614769
0.0010277188681287268
0.001012183045175926
9.970937725600022E-4
9.824323412809361E-4
9.681810649704649E-4
9.543232113060923E-4
9.408429388533229E-4
9.277252388425704E-4
9.14955881437841E-4
9.025213660991105E-4
8.904088756798308E-4
8.786062339366809E-4
8.671018661598946E-4
8.55884762660691E-4
8.449444448774152E-4
8.342709338843789E-4
8.238547211074958E-4
8.136867410688445E-4
8.037583459983713E-4
7.94061282165673E-4
7.845876677975835E-4
7.753299724594522E-4
7.662809977883031E-4
7.574338594759415E-4
7.487819704085195E-4
7.403190248772583E-4
7.320389837817828E-4
7.239360607543116E-4
7.160047091386614E-4
7.082396097633922E-4
7.006356594532921E-4
6.9318796022787E-4
6.858918091394337E-4
6.787426887072052E-4
6.717362579071062E-4
6.648683436800424E-4
6.581349329242953E-4
6.515321649401707E-4
6.450563242974994E-4
6.387038340986542E-4
6.324712496118492E-4
6.263552522511843E-4
6.203526438816943E-4
6.14460341429178E-4
6.086753717759326E-4
6.029948669249738E-4
5.974160594163769E-4
5.919362779806245E-4
5.865529434148019E-4
5.812635646684306E-4
5.760657351266993E-4
5.709571290795372E-4
5.659354983658373E-4
5.609986691828307E-4
5.561445390511472E-4
5.513710739268777E-4
5.466763054523625E-4
5.420583283380299E-4
5.375152978680947E-4
5.33045427523283E-4
5.286469867143269E-4
5.243182986202077E-4
5.200577381255715E-4
5.158637298520891E-4
5.117347462787591E-4
5.076693059465952E-4
5.036659717432151E-4
4.997233492633426E-4
4.958400852412252E-4
4.920148660514309E-4
4.882464162744588E-4
4.8453349732407617E-4
4.808749061331156E-4
4.77269473895092E-4
4.737160648586672E-4
4.7021357517254976E-4
4.66760931778359E-4
4.6335709134909736E-4
4.6000103927112436E-4
4.566917886675303E-4
4.534283794609979E-4
4.502098774742624E-4
4.470353735664609E-4
4.4390398280369953E-4
4.40814843662297E-4
4.377671172631454E-4
4.3475998663588335E-4
4.3179265601146213E-4
4.28864350141854E-4
4.25974313645738E-4
4.2312181037894975E-4
4.203061228286687E-4
4.175265515302716E-4
4.1478241450591536E-4
4.1207304672382885E-4
4.0939779957753253E-4
4.067560403840586E-4
4.041471519004253E-4
4.015705318575151E-4
3.9902559251075835E-4
3.965117602067968E-4
3.940284749655411E-4
3.9157519007697935E-4
3.89151371712091E-4
3.8675649854738234E-4
3.843900614023859E-4
3.8205156288969173E-4
3.797405170769742E-4
3.7745644916051973E-4
3.7519889514984464E-4
3.7296740156292195E-4
3.707615251316702E-4
3.685808325172072E-4
3.6642490003458274E-4
3.6429331338658954E-4
3.621856674062988E-4
3.6010156580798015E-4
3.58040620946159E-4
3.560024535823873E-4
3.5398669265955686E-4
3.5199297508339177E-4
3.500209455109035E-4
3.480702561455163E-4
3.461405665386618E-4
3.4423154339756064E-4
3.4234286039899915E-4
3.404741980088658E-4
3.3862524330725423E-4
3.3679568981893784E-4
3.349852373490054E-4
3.331935918234757E-4
3.314204651347671E-4
3.296655749917549E-4
3.2792864477436704E-4
3.2620940339247697E-4
3.245075851489815E-4
3.2282292960691413E-4
3.211551814604808E-4
3.1950409040981394E-4
3.178694110393984E-4
3.1625090270001686E-4
3.146483293940767E-4
3.130614596642249E-4
3.1149006648514154E-4
3.0993392715840694E-4
3.083928232103437E-4
3.068665402927017E-4
3.0535486808617036E-4
3.0385760020653084E-4
3.0237453411345204E-4
3.009054710217691E-4
2.9945021581523535E-4
2.980085769626021E-4
2.9658036643600357E-4
2.951653996315495E-4
2.9376349529206246E-4
2.923744754318886E-4
2.9099816526372685E-4
2.89634393127404E-4
2.8828299042052955E-4
2.869437915310081E-4
2.856166337712963E-4
2.8430135731439746E-4
2.829978051315307E-4
2.817058229314026E-4
2.8042525910105983E-4
2.791559646482549E-4
2.778977931453074E-4
2.766506006743748E-4
2.754142457741342E-4
2.741885893877994E-4
2.7297349481246035E-4
2.7176882764968694E-4
2.7057445575737324E-4
2.6939024920277126E-4
2.6821608021669255E-4
2.670518231488611E-4
2.6589735442434016E-4
2.647525525010184E-4
2.636172978281751E-4
2.6249147280600984E-4
2.613749617461758E-4
2.602676508332482E-4
2.591694280871483E-4
2.5808018332642283E-4
2.5699980813243694E-4
2.5592819581439307E-4
2.5486524137518856E-4
2.538108414780803E-4
2.5276489441411503E-4
2.51727300070336E-4
2.5069795989873285E-4
2.496767768858881E-4
2.4866365552336295E-4
2.476585017787235E-4
2.466612230672589E-4
2.456717282243366E-4
2.4468992747839674E-4
2.4371573242453322E-4
2.427490559987049E-4
2.417898124525011E-4
2.4083791732848635E-4
2.3989328743609275E-4
2.3895584082805468E-4
2.3802549677734734E-4
2.3710217575465282E-4
2.3618579940633434E-4
2.352762905328525E-4
2.3437357306769065E-4
2.3347757205672865E-4
2.3258821363805556E-4
2.317054250222338E-4
2.3082913447297306E-4
2.2995927128823825E-4
2.2909576578173464E-4
2.282385492648141E-4
2.2738755402876211E-4
2.265427133274367E-4
2.2570396136030517E-4
2.248712332558124E-4
2.2404446505511764E-4
2.2322359369616015E-4
2.224085569980487E-4
2.2159929364579564E-4
2.2079574317534898E-4
2.1999784595894676E-4
2.192055431907484E-4
2.1841877687280004E-4
2.1763748980124166E-4
2.1686162555282625E-4
2.160911284716996E-4
2.1532594365644304E-4
2.1456601694740037E-4
2.138112949142165E-4
2.1306172484366714E-4
2.1231725472771037E-4
2.1157783325178567E-4
2.1084340978331926E-4
2.1011393436049842E-4
2.0938935768123086E-4
2.086696310923322E-4
2.0795470657893625E-4
2.072445367540878E-4
2.065390748485677E-4
2.0583827470088258E-4
2.051420907474754E-4
2.0445047801309664E-4
2.0376339210140346E-4
2.0308078918568E-4
2.0240262599978921E-4
2.017288598292626E-4
2.010594485025641E-4
2.0039435038254368E-4
1.9973352435800768E-4
1.9907692983548762E-4
1.984245267311468E-4
1.9777627546282823E-4
1.971321369422687E-4
1.9649207256744962E-4
1.9585604421507903E-4
1.9522401423323425E-4
1.9459594543411624E-4
1.9397180108695627E-4
1.933515449110317E-4
1.927351410688343E-4
1.9212255415934157E-4
1.915137492114092E-4
1.9090869167730427E-4
1.9030734742633734E-4
1.897096827386015E-4
1.891156642988487E-4
1.8852525919045438E-4
1.8793843488949094E-4
1.8735515925892527E-4
1.8677540054288648E-4
1.861991273610646E-4
1.8562630870319938E-4
1.8505691392364256E-4
1.8449091273606285E-4
1.8392827520819318E-4
1.833689717566998E-4
1.828129731421313E-4
1.822602504639545E-4
1.8171077515566822E-4
1.8116451898003623E-4
1.806214540243361E-4
1.8008155269575986E-4
1.795447877168436E-4
1.790111321210028E-4
1.7848055924812672E-4
1.7795304274024982E-4
1.7742855653730684E-4
1.769070748729505E-4
1.7638857227043626E-4
1.7587302353858428E-4
1.7536040376780367E-4
1.7485068832618053E-4
1.7434385285564015E-4
1.738398732681564E-4
1.7333872574204216E-4
1.7284038671829671E-4
1.7234483289698595E-4
1.718520412337353E-4
1.7136198893622447E-4
1.7087465346077296E-4
1.703900125089652E-4
1.6990804402435298E-4
1.6942872618917325E-4
1.689520374211506E-4
1.6847795637034326E-4
1.6800646191603207E-4
1.675375331636612E-4
1.6707114944183803E-4
1.6660729029936664E-4
1.6614593550233473E-4
1.6568706503124845E-4
1.6523065907821235E-4
1.6477669804414397E-4
1.643251625360425E-4
1.6387603336430942E-4
1.6342929154007204E-4
1.6298491827260913E-4
1.6254289496674717E-4
1.621032032203627E-4
1.6166582482187076E-4
1.6123074174779442E-4
1.607979361603285E-4
1.6036739040498334E-4
1.599390870082341E-4
1.595130086752205E-4
1.590891382874718E-4
1.5866745890068116E-4
1.582479537424959E-4
1.5783060621035554E-4
1.574153998693516E-4
1.5700231845012765E-4
1.565913458468139E-4
1.5618246611496834E-4
1.5577566346958318E-4
1.5537092228310224E-4
1.5496822708345546E-4
1.545675625521628E-4
1.5416891352241412E-4
1.5377226497721635E-4
1.533776020475582E-4
1.5298491001058593E-4
1.5259417428782968E-4
1.5220538044344293E-4
1.5181851418246187E-4
1.5143356134910497E-4
1.5105050792508433E-4
1.5066934002794631E-4
1.5029004390944205E-4
1.4991260595390815E-4
1.495370126766856E-4
1.491632507225444E-4
1.487913068641463E-4
1.4842116800052393E-4
1.4805282115557894E-4
1.476862534765998E-4
1.4732145223280883E-4
1.46958404813922E-4
1.4659709872873452E-4
1.4623752160371662E-4
1.4587966118165241E-4
1.4552350532026024E-4
1.4516904199086695E-4
1.4481625927708621E-4
1.4446514537350656E-4
1.4411568858442304E-4
1.4376787732255474E-4
1.4342170010780435E-4
1.4307714556602462E-4
1.4273420242780633E-4
1.4239285952726778E-4
1.4205310580089003E-4
1.4171493028633826E-4
1.4137832212131405E-4
1.4104327054242807E-4
1.4070976488406978E-4
1.40377794577313E-4
1.4004734914882568E-4
1.3971841821977995E-4
1.393909915048224E-4
1.3906505881099604E-4
1.38740610036731E-4
1.384176351708233E-4
1.380961242914091E-4
1.3777606756500818E-4
1.3745745524551778E-4
1.3714027767325757E-4
1.3682452527402156E-4
1.3651018855813106E-4
1.3619725811951145E-4
1.358857246347684E-4
1.355755788623069E-4
1.3526681164140615E-4
1.3495941389136552E-4
1.346533766106344E-4
1.3434869087593465E-4
1.3404534784143974E-4
1.3374333873792058E-4
1.3344265487193286E-4
1.331432876249987E-4
1.328452284527999E-4
1.325484688843871E-4
1.322530005214015E-4
1.3195881503729612E-4
1.3166590417657242E-4
1.3137425975403322E-4
1.31083873654028E-4
1.3079473782972824E-4
1.305068443023929E-4
1.302201851606703E-4
1.299347525598616E-4
1.2965053872124874E-4
1.293675359313927E-4
1.2908573654145587E-4
1.2880513296652734E-4
1.2852571768496063E-4
1.2824748323771369E-4
1.2797042222770878E-4
1.2769452731918796E-4
1.2741979123708083E-4
1.2714620676637997E-4
1.2687376675152848E-4
1.2660246409580575E-4
1.2633229176072715E-4
1.260632427654606E-4
1.2579531018621875E-4
1.2552848715569702E-4
1.2526276686249913E-4
1.249981425505581E-4
1.2473460751859426E-4
1.2447215511954973E-4
1.242107787600516E-4
1.2395047189987137E-4
1.236912280513886E-4
1.2343304077906637E-4
1.231759036989368E-4
1.2291981047808054E-4
1.226647548341166E-4
1.2241073053471366E-4
1.221577313970832E-4
1.2190575128749704E-4
1.2165478412079233E-4
1.2140482385990496E-4
1.2115586451539592E-4
1.2090790014497959E-4
1.2066092485305922E-4
1.204149327902847E-4
1.2016991815307953E-4
1.1992587518322198E-4
1.1968279816737957E-4
1.194406814366918E-4
1.1919951936633021E-4
1.1895930637507773E-4
1.1872003692490942E-4
1.1848170552056523E-4
1.1824430670915592E-4
1.1800783507975068E-4
1.1777228526296413E-4
1.1753765193057976E-4
1.1730392979514669E-4
1.1707111360958915E-4
1.168391981668293E-4
1.1660817829940364E-4
1.1637804887909054E-4
1.161488048165402E-4
1.1592044106091032E-4
1.1569295259949839E-4
1.154663344573848E-4
1.1524058169708173E-4
1.150156894181837E-4
1.1479165275701637E-4
1.1456846688629635E-4
1.1434612701479815E-4
1.1412462838700902E-4
1.139039662828046E-4
1.1368413601711893E-4
1.1346513293963026E-4
1.1324695243442008E-4
1.1302958991967748E-4
1.1281304084737106E-4
1.1259730070295339E-4
1.1238236500504057E-4
1.12168229305114E-4
1.119548891872272E-4
1.1174234026770094E-4
1.1153057819483164E-4
1.1131959864860649E-4
1.1110939734041035E-4
1.108999700127429E-4
1.106913124389434E-4
1.1048342042290708E-4
1.102762897988121E-4
1.1006991643084632E-4
1.0986429621294185E-4
1.096594250685082E-4
1.0945529895016906E-4
1.0925191383949823E-4
1.0904926574676574E-4
1.0884735071068312E-4
1.0864616479814874E-4
1.0844570410400525E-4
1.0824596475078111E-4
1.0804694288845625E-4
1.0784863469421618E-4
1.0765103637221404E-4
1.0745414415333794E-4
1.0725795429496429E-4
1.0706246308074003E-4
1.0686766682034944E-4
1.0667356184927949E-4
1.064801445286094E-4
1.0628741124477285E-4
1.0609535840935658E-4
1.0590398245886207E-4
1.057132798545041E-4
1.0552324708199388E-4
1.0533388065133245E-4
1.051451770965916E-4
1.0495713297572042E-4
1.0476974487032524E-4
1.0458300938548303E-4
1.04396923149531E-4
1.042114828138746E-4
1.0402668505278332E-4
1.0384252656320389E-4
1.0365900406456893E-4
1.0347611429859492E-4
1.0329385402911109E-4
1.03112220041853E-4
1.0293120914430444E-4
1.0275081816548143E-4
1.0257104395577763E-4
1.0239188338678033E-4
1.022133333510819E-4
1.0203539076211599E-4
1.0185805255397633E-4
1.0168131568125003E-4
1.0150517711884666E-4
1.0132963386182237E-4
1.01154682925223E-4
1.0098032134391368E-4
1.0080654617241611E-4
1.0063335448474147E-4
1.0046074337424162E-4
1.0028870995343645E-4
1.0011725135386946E-4
9.994636472594185E-5
The correct rate for BP: 100.00% 
