2.6826699939961802
2.458132484361201
1.2800388925154242
1.9370774845132397
0.11205228092174577
0.003463793804610143
0.002528982348123945
0.002095847461529147
0.0018266921846645805
0.0016340301125765272
0.0014848611440767838
0.0013638020925365458
0.0012625326907122947
0.0011760294485729486
0.0011009999405778177
0.0010351501771717858
9.768069522643839E-4
9.247067776787243E-4
8.778696660283684E-4
8.355192862291677E-4
7.970300518191452E-4
7.618906894836485E-4
7.296783507824327E-4
7.000397285720846E-4
6.726769785471199E-4
6.473370277038978E-4
6.23803325907526E-4
6.018893949876741E-4
5.814337231782125E-4
5.62295681566795E-4
5.443522271499851E-4
5.274952183706548E-4
5.116292125259064E-4
4.96669645842531E-4
4.825413200251872E-4
4.691771361601977E-4
4.5651702968546343E-4
4.4450706987563416E-4
4.330986947583554E-4
4.222480581533839E-4
4.119154700315226E-4
4.0206491493120647E-4
3.926636359729439E-4
3.836817742448771E-4
3.750920551226979E-4
3.6686951453041244E-4
3.5899125931856626E-4
3.514362568899642E-4
3.4418514998362144E-4
3.372200931698534E-4
3.305246081400351E-4
3.2408345531475147E-4
3.1788251966064396E-4
3.119087089128496E-4
3.061498626571908E-4
3.005946709427644E-4
2.952326012786926E-4
2.9005383302371394E-4
2.8504919830932556E-4
2.802101287494065E-4
2.7552860728550366E-4
2.709971245993056E-4
2.666086395946344E-4
2.623565435124543E-4
2.5823462729502244E-4
2.54237051861025E-4
2.5035832099322105E-4
2.465932565745643E-4
2.4293697593886845E-4
2.393848711283349E-4
2.359325898732177E-4
2.3257601812921684E-4
2.293112640256549E-4
2.2613464309339273E-4
2.2304266465493643E-4
2.2003201927154153E-4
2.1709956715274613E-4
2.142423274433905E-4
2.114574683115964E-4
2.0874229776871793E-4
2.0609425515902353E-4
2.0351090326277234E-4
2.0098992096177223E-4
1.9852909642124346E-4
1.9612632074606675E-4
1.9377958207341222E-4
1.9148696006711792E-4
1.8924662078231052E-4
1.8705681187158524E-4
1.8491585810651555E-4
1.8282215719059034E-4
1.8077417584170998E-4
1.787704461241833E-4
1.7680956201195943E-4
1.7489017616620584E-4
1.730109969118574E-4
1.7117078539893244E-4
1.693683529355986E-4
1.6760255848096692E-4
1.6587230628663696E-4
1.641765436767154E-4
1.6251425895698942E-4
1.6088447944456724E-4
1.5928626960992913E-4
1.577187293240607E-4
1.5618099220371175E-4
1.5467222404853026E-4
1.5319162136410113E-4
1.5173840996547425E-4
1.5031184365613218E-4
1.489112029776384E-4
1.4753579402562999E-4
1.461849473281044E-4
1.4485801678215538E-4
1.4355437864569954E-4
1.4227343058087946E-4
1.410145907460719E-4
1.3977729693366776E-4
1.385610057509518E-4
1.373651918415695E-4
1.3618934714530406E-4
1.3503298019392734E-4
1.3389561544113906E-4
1.3277679262464447E-4
1.3167606615865145E-4
1.3059300455501175E-4
1.2952718987155445E-4
1.2847821718605846E-4
1.274456940944899E-4
1.2642924023227456E-4
1.2542848681730407E-4
1.2444307621356686E-4
1.2347266151434307E-4
1.2251690614392986E-4
1.2157548347693163E-4
1.2064807647425728E-4
1.197343773349418E-4
1.1883408716300372E-4
1.1794691564860624E-4
1.1707258076277898E-4
1.1621080846506792E-4
1.1536133242344768E-4
1.1452389374593094E-4
1.1369824072328021E-4
1.1288412858231215E-4
1.1208131924928617E-4
1.1128958112288635E-4
1.1050868885636907E-4
1.0973842314842239E-4
1.0897857054236155E-4
1.0822892323324094E-4
1.0748927888256626E-4
1.0675944044021801E-4
1.0603921597328412E-4
1.0532841850148847E-4
1.046268658389156E-4
1.039343804417576E-4
1.032507892618127E-4
1.025759236054953E-4
1.0190961899810051E-4
1.0125171505311018E-4
1.0060205534631745E-4
9.996048729456295E-5
The correct rate for BP: 100.00% 
