1.6818821509038153
1.0563356014167073
0.12375022223259997
0.014610173583513799
0.01031150907024146
0.008079295007976932
0.006612084601796226
0.005579580205333339
0.004817080693087585
0.004232538455996664
0.0037709755236770073
0.0033977308029087237
0.0030899463960841755
0.0028319705144439072
0.0026127407621152547
0.0024242249551200547
0.002260454580705253
0.0021169047216324922
0.0019900841741397612
0.0018772573048613033
0.0017762508807792343
0.0016853171220580446
0.0016030348102694975
0.0015282366855331256
0.0014599553410489152
0.0013973823512296746
0.0013398370120475463
0.0012867421604888841
0.0012376052741462614
0.0011920035554066107
0.0011495720551744951
0.001109994138493011
0.0010729937713649365
0.00103832923613657
0.0010057879765304218
9.75182342723689E-4
9.463460586285617E-4
9.191312725365092E-4
8.93406081937223E-4
8.690524460410001E-4
8.459644170745822E-4
8.240466350610908E-4
8.032130414755133E-4
7.833857755834807E-4
7.644942239441864E-4
7.464741988796008E-4
7.292672259794544E-4
7.12819924150912E-4
6.970834645086325E-4
6.820130966692491E-4
6.675677328691809E-4
6.537095818483373E-4
6.40403825698743E-4
6.276183339176906E-4
6.153234097700125E-4
6.034915647857065E-4
5.920973178234915E-4
5.811170156385386E-4
5.705286723205803E-4
5.603118253304889E-4
5.504474061703738E-4
5.409176239833504E-4
5.317058606018547E-4
5.227965757539964E-4
5.141752213007685E-4
5.058281635176093E-4
4.977426125547938E-4
4.899065583159184E-4
4.8230871208440287E-4
4.749384533065085E-4
4.6778578100799734E-4
4.6084126938113185E-4
4.540960271308005E-4
4.475416602143667E-4
4.4117023764962237E-4
4.3497426010060314E-4
4.289466309817686E-4
4.2308062984853015E-4
4.1736988786606063E-4
4.118083651697133E-4
4.063903299493106E-4
4.011103391062572E-4
3.9596322034736887E-4
3.9094405559270666E-4
3.860481655863016E-4
3.812710956094817E-4
3.766086022058264E-4
3.720566408352308E-4
3.676113543822194E-4
3.6326906245043165E-4
3.590262513813126E-4
3.5487956494056606E-4
3.5082579562091494E-4
3.468618765141039E-4
3.429848737093154E-4
3.3919197917859766E-4
3.3548050411338215E-4
3.3184787267911514E-4
3.282916161577448E-4
3.248093674502758E-4
3.2139885591390364E-4
3.180579025101642E-4
3.1478441524259376E-4
3.1157638486387237E-4
3.084318808341175E-4
3.053490475134091E-4
3.023261005728332E-4
2.993613236095648E-4
2.9645306495267916E-4
2.9359973464716343E-4
2.90799801604758E-4
2.880517909109429E-4
2.853542812781267E-4
2.827059026359698E-4
2.8010533385025994E-4
2.775513005624152E-4
2.750425731422717E-4
2.7257796474726995E-4
2.7015632948167856E-4
2.6777656064987245E-4
2.6543758909813766E-4
2.631383816397832E-4
2.608779395587751E-4
2.586552971873096E-4
2.564695205531542E-4
2.5431970609276854E-4
2.522049794265286E-4
2.50124494192558E-4
2.480774309359736E-4
2.4606299605046543E-4
2.4408042076935068E-4
2.4212896020346807E-4
2.4020789242336352E-4
2.383165175834357E-4
2.3645415708578216E-4
2.346201527817117E-4
2.3281386620894684E-4
2.3103467786263045E-4
2.2928198649848827E-4
2.2755520846641012E-4
2.2585377707297902E-4
2.2417714197147434E-4
2.2252476857797892E-4
2.2089613751230167E-4
2.192907440624678E-4
2.1770809767167768E-4
2.1614772144661016E-4
2.1460915168603658E-4
2.1309193742878986E-4
2.1159564002018645E-4
2.101198326959622E-4
2.086641001830134E-4
2.0722803831602212E-4
2.0581125366936898E-4
2.0441336320351972E-4
2.0303399392529334E-4
2.0167278256134815E-4
2.0032937524431605E-4
1.9900342721097187E-4
1.9769460251197423E-4
1.9640257373258475E-4
1.951270217239577E-4
1.9386763534446591E-4
1.9262411121071654E-4
1.9139615345773527E-4
1.9018347350800163E-4
1.889857898489381E-4
1.8780282781847863E-4
1.8663431939840099E-4
1.8548000301506394E-4
1.8433962334729658E-4
1.8321293114106338E-4
1.8209968303072022E-4
1.8099964136650384E-4
1.7991257404807555E-4
1.788382543638062E-4
1.7777646083563396E-4
1.7672697706922706E-4
1.756895916092602E-4
1.746640977996186E-4
1.7365029364827084E-4
1.7264798169673584E-4
1.71656968893846E-4
1.706770664737332E-4
1.6970808983783966E-4
1.687498584407751E-4
1.678021956799276E-4
1.668649287886416E-4
1.659378887328515E-4
1.6502091011102554E-4
1.6411383105731798E-4
1.6321649314780142E-4
1.623287413096437E-4
1.6145042373316007E-4
1.6058139178660647E-4
1.5972149993363294E-4
1.588706056532921E-4
1.5802856936249758E-4
1.5719525434087315E-4
1.5637052665790367E-4
1.555542551022699E-4
1.5474631111333213E-4
1.5394656871467292E-4
1.531549044496305E-4
1.5237119731873462E-4
1.515953287190054E-4
1.5082718238504137E-4
1.500666443318321E-4
1.4931360279923122E-4
1.4856794819805371E-4
1.478295730577239E-4
1.4709837197543832E-4
1.4637424156676397E-4
1.4565708041766357E-4
1.44946789037864E-4
1.4424326981556595E-4
1.4354642697339388E-4
1.428561665256002E-4
1.4217239623645197E-4
1.4149502557977636E-4
1.4082396569960415E-4
1.4015912937192254E-4
1.3950043096745265E-4
1.3884778641543296E-4
1.3820111316840847E-4
1.3756033016795646E-4
1.369253578113116E-4
1.362961179189313E-4
1.3567253370286653E-4
1.3505452973602472E-4
1.3444203192219996E-4
1.3383496746691641E-4
1.3323326484902172E-4
1.326368537930253E-4
1.320456652421575E-4
1.3145963133210322E-4
1.3087868536544388E-4
1.3030276178673027E-4
1.2973179615818802E-4
1.2916572513605587E-4
1.2860448644751195E-4
1.2804801886818243E-4
1.2749626220021125E-4
1.2694915725088292E-4
1.2640664581177493E-4
1.2586867063841357E-4
1.2533517543046163E-4
1.248061048123548E-4
1.2428140431444364E-4
1.2376102035457337E-4
1.2324490022011606E-4
1.2273299205045387E-4
1.2222524481985225E-4
1.2172160832076852E-4
1.2122203314755054E-4
1.2072647068052995E-4
1.2023487307046534E-4
1.1974719322339713E-4
1.1926338478582134E-4
1.1878340213022397E-4
1.18307200340951E-4
1.1783473520041733E-4
1.1736596317560907E-4
1.169008414049287E-4
1.164393276853146E-4
1.159813804596793E-4
1.1552695880461012E-4
1.1507602241836688E-4
1.1462853160915107E-4
1.1418444728362221E-4
1.1374373093569058E-4
1.1330634463555449E-4
1.1287225101897656E-4
1.1244141327680966E-4
1.1201379514473887E-4
1.1158936089326734E-4
1.111680753179018E-4
1.1074990372958094E-4
1.1033481194527309E-4
1.0992276627882675E-4
1.0951373353197234E-4
1.0910768098554742E-4
1.0870457639090463E-4
1.0830438796149744E-4
1.079070843646495E-4
1.075126347134955E-4
1.0712100855910657E-4
1.0673217588276066E-4
1.063461070883949E-4
1.0596277299519751E-4
1.055821448303752E-4
1.0520419422205854E-4
1.0482889319235384E-4
1.044562141505408E-4
1.0408612988641877E-4
1.0371861356377216E-4
1.0335363871399311E-4
1.029911792298074E-4
1.0263120935915386E-4
1.0227370369916535E-4
1.019186371902846E-4
1.0156598511050445E-4
1.012157230697036E-4
1.008678270041089E-4
1.0052227317087165E-4
1.0017903814274216E-4
9.983809880285242E-5
The correct rate for BP: 100.00% 
