2.3621850300844094
1.4333978315948577
1.743451685689532
0.0025666940665690172
0.0021463412022436823
0.0018416822531948165
0.0016204516423525609
0.0014495150733863467
0.0013124089424276148
0.0011995878816820568
0.0011049500936613152
0.0010243447959761606
9.548235536988585E-4
8.942232080850254E-4
8.409158085808202E-4
7.936503873242879E-4
7.514486410639579E-4
7.135338693929601E-4
6.792812517081917E-4
6.481822607471445E-4
6.198186945323321E-4
5.938434030958492E-4
5.699657678515985E-4
5.479406139581297E-4
5.275596410515483E-4
5.086447272311359E-4
4.910426440697625E-4
4.746208467321807E-4
4.5926409191023607E-4
4.448716993662481E-4
4.313553183681412E-4
4.1863709350454777E-4
4.0664814887373996E-4
3.9532732791337067E-4
3.8462013989438656E-4
3.744778745514842E-4
3.648568543261E-4
3.5571779987617877E-4
3.470252893123493E-4
3.387472953827605E-4
3.3085478779528875E-4
3.2332139021862245E-4
3.161230833810944E-4
3.0923794719236975E-4
3.026459360282244E-4
2.9632868230372806E-4
2.9026932426265916E-4
2.844523545678196E-4
2.7886348681680477E-4
2.7348953755357584E-4
2.6831832171553234E-4
2.633385597632207E-4
2.5853979499652614E-4
2.539123197763467E-4
2.4944710955171175E-4
2.451357637449602E-4
2.4097045267685988E-4
2.3694386982331538E-4
2.3304918878862445E-4
2.2928002446017962E-4
2.256303978777487E-4
2.2209470440916218E-4
2.186676848747107E-4
2.153443993061566E-4
2.1212020306391266E-4
2.0899072506866428E-4
2.059518479320393E-4
2.029996897957052E-4
2.0013058770982555E-4
1.9734108240068243E-4
1.946279042937537E-4
1.919879606731274E-4
1.8941832387080307E-4
1.8691622039076407E-4
1.844790208825226E-4
1.8210423088773947E-4
1.7978948229115647E-4
1.7753252541407655E-4
1.7533122169473335E-4
1.7318353690523347E-4
1.7108753485982188E-4
1.6904137157330143E-4
1.6704328983257118E-4
1.6509161414746606E-4
1.63184746050383E-4
1.6132115971687552E-4
1.5949939788189574E-4
1.5771806802867622E-4
1.559758388292053E-4
1.5427143681715378E-4
1.5260364327568247E-4
1.509712913241407E-4
1.493732631889484E-4
1.4780848764522962E-4
1.462759376168343E-4
1.44774627923439E-4
1.4330361316429216E-4
1.4186198572905477E-4
1.404488739268786E-4
1.3906344022562143E-4
1.377048795937083E-4
1.363724179376937E-4
1.3506531062917738E-4
1.3378284111512803E-4
1.3252431960619036E-4
1.312890818378677E-4
1.3007648789995106E-4
1.2888592112980456E-4
1.2771678706549106E-4
1.2656851245501242E-4
1.2544054431815272E-4
1.2433234905771597E-4
1.2324341161713462E-4
1.221732346816781E-4
1.2112133792059558E-4
1.2008725726782678E-4
1.1907054423897296E-4
1.1807076528240601E-4
1.1708750116257306E-4
1.1612034637361713E-4
1.1516890858160368E-4
1.1423280809373746E-4
1.133116773530421E-4
1.1240516045711354E-4
1.1151291269959823E-4
1.1063460013315264E-4
1.0976989915273977E-4
1.0891849609815444E-4
1.0808008687472768E-4
1.0725437659129202E-4
1.0644107921445122E-4
1.0563991723835098E-4
1.0485062136909955E-4
1.0407293022310718E-4
1.033065900386481E-4
1.0255135439994953E-4
1.0180698397317171E-4
1.0107324625371902E-4
1.0034991532428747E-4
9.963677162312911E-5
The correct rate for BP: 100.00% 
