2.7222643943357236
2.4981500187671095
2.49779602369468
2.4972897402924588
2.4965163104087726
2.495209789472717
2.4926103354528397
2.4854900634815493
2.430269109195156
0.38098966225110775
1.497947838030676
0.005194554067468461
0.004356490467759272
0.0032527120958034243
0.0027119684544671626
0.0023632394384786363
0.0021077120031308162
0.0019073944189843307
0.0017439707568398539
0.0016071428537097537
0.0014904626114866642
0.0013895752965508207
0.001301377427396961
0.0012235690501511398
0.0011543950124117569
0.001092485172290783
0.00103675036166644
9.863117491362618E-4
9.404512427997026E-4
8.985757052401176E-4
8.601905491155283E-4
8.248798854548862E-4
7.922913583762525E-4
7.621243990445906E-4
7.341210174057004E-4
7.080585056899451E-4
6.837436010452482E-4
6.61007774832484E-4
6.397034009753539E-4
6.197006166638404E-4
6.008847330635928E-4
5.831540864034213E-4
5.664182442336891E-4
5.505965000696298E-4
5.356166036638178E-4
5.21413684933753E-4
5.079293379238461E-4
4.951108377026753E-4
4.8291046822418617E-4
4.7128494323989026E-4
4.601949055817629E-4
4.496044927249142E-4
4.3948095862548993E-4
4.2979434351832186E-4
4.2051718473382717E-4
4.116242627177715E-4
4.0309237736077676E-4
3.949001505062082E-4
3.870278511356051E-4
3.794572402557022E-4
3.72171432948433E-4
3.651547754122524E-4
3.583927351311107E-4
3.518718025672959E-4
3.4557940299421357E-4
3.3950381727165606E-4
3.336341105248267E-4
3.2796006782386683E-4
3.224721360765817E-4
3.171613714464811E-4
3.1201939169380854E-4
3.0703833291111354E-4
3.0221081018851385E-4
2.975298817992719E-4
2.929890165441368E-4
2.885820639346678E-4
2.8430322693229795E-4
2.8014703699151436E-4
2.761083311835721E-4
2.7218223120149734E-4
2.6836412406860066E-4
2.6464964439173544E-4
2.6103465801707404E-4
2.5751524696104405E-4
2.540876955019978E-4
2.507484773298286E-4
2.47494243660987E-4
2.4432181223544067E-4
2.412281571203053E-4
2.3821039925209274E-4
2.3526579765598425E-4
2.323917412863905E-4
2.2958574143811235E-4
2.2684542468225593E-4
2.2416852628502534E-4
2.2155288407145485E-4
2.1899643269939357E-4
2.16497198312126E-4
2.1405329354083895E-4
2.1166291283050695E-4
2.0932432806510095E-4
2.070358844700329E-4
2.0479599677154878E-4
2.0260314559454682E-4
2.0045587408171203E-4
1.9835278471830471E-4
1.9629253634818295E-4
1.9427384136774418E-4
1.922954630856001E-4
1.9035621323664848E-4
1.8845494964012832E-4
1.8659057399207359E-4
1.8476202978321983E-4
1.8296830033415605E-4
1.812084069401155E-4
1.794814071183069E-4
1.7778639295128052E-4
1.7612248952023697E-4
1.744888534226299E-4
1.7288467136885425E-4
1.71309158853107E-4
1.6976155889394769E-4
1.6824114084027807E-4
1.6674719923885574E-4
1.652790527596582E-4
1.6383604317571273E-4
1.6241753439413955E-4
1.6102291153552442E-4
1.5965158005875807E-4
1.5830296492879093E-4
1.5697650982485393E-4
1.5567167638688348E-4
1.5438794349801292E-4
1.5312480660110913E-4
1.518817770475563E-4
1.5065838147644914E-4
1.4945416122259846E-4
1.482686717517951E-4
1.4710148212187648E-4
1.4595217446823603E-4
1.4482034351248797E-4
1.4370559609308737E-4
1.4260755071677464E-4
1.415258371297551E-4
1.404600959076507E-4
1.3940997806321517E-4
1.3837514467098175E-4
1.3735526650794936E-4
1.3635002370954673E-4
1.353591054401129E-4
1.3438220957717495E-4
1.3341904240886748E-4
1.324693183438565E-4
1.3153275963316677E-4
1.3060909610335307E-4
1.2969806490047893E-4
1.2879941024439246E-4
1.279128831928013E-4
1.27038241414763E-4
1.2617524897305096E-4
1.2532367611508568E-4
1.2448329907199747E-4
1.2365389986545035E-4
1.228352661219102E-4
1.2202719089398789E-4
1.2122947248857295E-4
1.2044191430145615E-4
1.1966432465813245E-4
1.1889651666055015E-4
1.1813830803952778E-4
1.1738952101261448E-4
1.1664998214712037E-4
1.1591952222815272E-4
1.1519797613142332E-4
1.1448518270059941E-4
1.1378098462906086E-4
1.1308522834583561E-4
1.1239776390558866E-4
1.1171844488243074E-4
1.1104712826747243E-4
1.1038367436990259E-4
1.0972794672149577E-4
1.090798119843903E-4
1.0843913986200297E-4
1.0780580301298018E-4
1.0717967696802939E-4
1.0656064004956457E-4
1.0594857329401713E-4
1.0534336037671314E-4
1.0474488753925236E-4
1.041530435192567E-4
1.035677194824094E-4
1.0298880895669645E-4
1.024162077687845E-4
1.0184981398243525E-4
1.01289527838875E-4
1.0073525169907799E-4
1.0018688998785695E-4
9.964434913972643E-5
The correct rate for BP: 100.00% 
