2.1988028402632205
0.8379029964974386
0.18907130594689173
0.0047950401871909906
0.004077684730906219
0.0035830755949779296
0.003209635950448425
0.002909993259163025
0.002661623160225594
0.0024515586819041004
0.0022713280258991357
0.0021149534082436513
0.0019780125740137796
0.0018571313146873902
0.0017496780332015894
0.0016535655700981808
0.0015671158128456716
0.0014889637945148363
0.0014179879454751106
0.0013532583237265304
0.0012939975526227818
0.0012395509360465587
0.0011893633184188904
0.0011429609749997105
0.0010999373017540931
0.0010599414076731992
0.001022668946877424
9.878546952171094E-4
9.552664972578912E-4
9.247002983256082E-4
8.959760420597543E-4
8.689342631373814E-4
8.434332419900909E-4
8.193466166369374E-4
7.965613684798317E-4
7.749761157089332E-4
7.544996610502204E-4
7.350497508459198E-4
7.165520105518704E-4
6.989390281592954E-4
6.821495621750865E-4
6.661278549092419E-4
6.508230351364159E-4
6.361885968886429E-4
6.22181943326955E-4
6.087639864317167E-4
5.958987947239878E-4
5.835532824446836E-4
5.716969346244112E-4
5.603015633133584E-4
5.493410909383012E-4
5.387913573383131E-4
5.286299475217519E-4
5.188360376008526E-4
5.093902567103665E-4
5.002745630132702E-4
4.914721321492007E-4
4.8296725669652444E-4
4.747452554030842E-4
4.667923910987369E-4
4.5909579633837596E-4
4.516434059414582E-4
4.444238956948004E-4
4.3742662657332527E-4
4.3064159390904976E-4
4.2405938100500946E-4
4.1767111674818625E-4
4.114684368258659E-4
4.0544344819389195E-4
3.995886964838298E-4
3.938971360699881E-4
3.883621025469868E-4
3.829772873949668E-4
3.77736714632678E-4
3.72634719279233E-4
3.676659274635254E-4
3.628252380364145E-4
3.581078055552295E-4
3.535090245227739E-4
3.490245147745049E-4
3.446501079176973E-4
3.4038183473549395E-4
3.3621591347680207E-4
3.3214873896043824E-4
3.2817687242830593E-4
3.242970320883828E-4
3.2050608429349945E-4
3.1680103530674545E-4
3.1317902360857144E-4
3.0963731270452555E-4
3.061732843961423E-4
3.027844324806289E-4
2.994683568478315E-4
2.962227579456785E-4
2.9304543158755484E-4
2.8993426407730423E-4
2.8688722762940534E-4
2.8390237606380563E-4
2.8097784075636233E-4
2.7811182682742325E-4
2.75302609552382E-4
2.725485309793366E-4
2.6984799674003814E-4
2.6719947304139634E-4
2.6460148382577203E-4
2.6205260808908834E-4
2.595514773467317E-4
2.5709677323771567E-4
2.546872252585247E-4
2.523216086184717E-4
2.499987422090747E-4
2.477174866804297E-4
2.4547674261813366E-4
2.4327544881459136E-4
2.4111258062917574E-4
2.38987148431895E-4
2.368981961256721E-4
2.3484479974266652E-4
2.3282606611034866E-4
2.3084113158332076E-4
2.2888916083712733E-4
2.269693457205907E-4
2.2508090416335932E-4
2.2322307913560694E-4
2.2139513765703347E-4
2.1959636985242423E-4
2.178260880512641E-4
2.1608362592905018E-4
2.1436833768803305E-4
2.1267959727530489E-4
2.1101679763632088E-4
2.0937935000187648E-4
2.0776668320696807E-4
2.0617824303973938E-4
2.0461349161905886E-4
2.0307190679928012E-4
2.0155298160076825E-4
2.0005622366491382E-4
1.9858115473244713E-4
1.9712731014386823E-4
1.95694238360915E-4
1.9428150050807125E-4
1.9288866993309907E-4
1.9151533178571317E-4
1.9016108261353466E-4
1.8882552997447318E-4
1.8750829206481615E-4
1.8620899736222107E-4
1.8492728428299004E-4
1.8366280085291127E-4
1.8241520439107222E-4
1.8118416120605716E-4
1.7996934630395026E-4
1.7877044310761895E-4
1.7758714318678317E-4
1.764191459983889E-4
1.7526615863680583E-4
1.741278955934672E-4
1.7300407852547452E-4
1.7189443603286836E-4
1.7079870344406515E-4
1.697166226092645E-4
1.686479417013464E-4
1.6759241502402387E-4
1.6654980282693234E-4
1.6551987112734716E-4
1.645023915382571E-4
1.6349714110256187E-4
1.6250390213309266E-4
1.6152246205825547E-4
1.605526132730582E-4
1.5959415299530408E-4
1.586468831267337E-4
1.5771061011892848E-4
1.567851448438095E-4
1.5587030246847644E-4
1.5496590233432238E-4
1.5407176784015494E-4
1.5318772632924859E-4
1.5231360898010468E-4
1.5144925070086136E-4
1.505944900271198E-4
1.497491690231383E-4
1.4891313318620892E-4
1.4808623135413324E-4
1.4726831561567301E-4
1.464592412238368E-4
1.4565886651196353E-4
1.448670528123926E-4
1.440836643777799E-4
1.4330856830477965E-4
1.4254163446017644E-4
1.4178273540926624E-4
1.4103174634644598E-4
1.4028854502794324E-4
1.395530117065874E-4
1.3882502906856296E-4
1.3810448217206918E-4
1.373912583878265E-4
1.3668524734135754E-4
1.3598634085698854E-4
1.3529443290351048E-4
1.34609419541421E-4
1.3393119887175557E-4
1.3325967098635545E-4
1.3259473791962285E-4
1.3193630360166053E-4
1.3128427381274257E-4
1.3063855613910813E-4
1.2999905992999467E-4
1.2936569625592435E-4
1.287383778681127E-4
1.2811701915907295E-4
1.2750153612429218E-4
1.268918463249705E-4
1.2628786885181977E-4
1.2568952428982242E-4
1.2509673468399658E-4
1.2450942350606737E-4
1.2392751562206338E-4
1.233509372607751E-4
1.2277961598308447E-4
1.2221348065209522E-4
1.2165246140408223E-4
1.2109648962019457E-4
1.2054549789892365E-4
1.1999942002929681E-4
1.1945819096475784E-4
1.1892174679774956E-4
1.1839002473495598E-4
1.1786296307317669E-4
1.1734050117583107E-4
1.1682257945005414E-4
1.1630913932441735E-4
1.1580012322716191E-4
1.1529547456501889E-4
1.1479513770257187E-4
1.142990579421109E-4
1.1380718150400783E-4
1.1331945550758871E-4
1.1283582795246139E-4
1.1235624770032646E-4
1.1188066445722141E-4
1.114090287562148E-4
1.109412919405013E-4
1.1047740614693978E-4
1.1001732428996436E-4
1.0956100004590066E-4
1.0910838783764178E-4
1.0865944281971638E-4
1.082141208636968E-4
1.0777237854395631E-4
1.073341731237578E-4
1.0689946254169659E-4
1.0646820539842491E-4
1.0604036094372083E-4
1.0561588906383629E-4
1.0519475026914549E-4
1.047769056820943E-4
1.0436231702539465E-4
1.0395094661053248E-4
1.0354275732649406E-4
1.0313771262878932E-4
1.0273577652869422E-4
1.0233691358276086E-4
1.0194108888254185E-4
1.0154826804456377E-4
1.011584172005169E-4
1.0077150298765554E-4
1.0038749253943914E-4
1.000063534763394E-4
9.962805389688941E-5
The correct rate for BP: 100.00% 
