1.7199397651855017
0.8727785530456461
0.02359119730317018
0.007433809946917714
0.005896401540347347
0.004986209529395139
0.004339698344881519
0.003847329048533515
0.003457030263364268
0.0031390611183062613
0.0028746361606720497
0.0026511176928103158
0.002459622067826934
0.002293694569314271
0.002148520499056256
0.002020429927051331
0.0019065738646653863
0.0018047054953323725
0.0017130283269003446
0.0016300883461881088
0.0015546958886261258
0.001485868040522547
0.0014227855161971744
0.0013647599219168932
0.001311208592109653
0.0012616350253208614
0.0012156135151673681
0.0011727769612861032
0.00113280711712493
0.0010954267238320217
0.0010603931175134035
0.0010274929973502875
9.965381156771937E-4
9.673617057591529E-4
9.398155039605313E-4
9.137672539786771E-4
8.89098604453263E-4
8.657033294428927E-4
8.434858153504262E-4
8.223597688758658E-4
8.022471092177043E-4
7.830770145776973E-4
7.6478509846156E-4
7.473126956187753E-4
7.306062409653689E-4
7.146167276642681E-4
6.992992328386484E-4
6.84612501272428E-4
6.705185789928243E-4
6.569824898995434E-4
6.439719496549599E-4
6.31457111921547E-4
6.194103427599901E-4
6.07806019608906E-4
5.966203517781286E-4
5.858312198171125E-4
5.754180314836026E-4
5.653615923455811E-4
5.556439893115311E-4
5.462484856072001E-4
5.371594259080917E-4
5.283621505005723E-4
5.198429174851078E-4
5.115888321565961E-4
5.035877828011911E-4
4.958283822400276E-4
4.882999145286961E-4
4.809922862899547E-4
4.738959822166691E-4
4.670020243341858E-4
4.6030193465690855E-4
4.5378770091380994E-4
4.474517450527743E-4
4.412868942645732E-4
4.352863542945079E-4
4.294436848338819E-4
4.237527768047011E-4
4.182078313699795E-4
4.128033405186468E-4
4.075340690890442E-4
4.023950381083037E-4
3.973815093365311E-4
3.924889709155668E-4
3.877131240312203E-4
3.830498705066212E-4
3.7849530125170063E-4
3.7404568550071564E-4
3.6969746077588397E-4
3.654472235205634E-4
3.6129172035056497E-4
3.5722783987647804E-4
3.5325260505406867E-4
3.4936316602343024E-4
3.4555679340080275E-4
3.418308719901052E-4
3.3818289488385866E-4
3.346104579256801E-4
3.3111125450875287E-4
3.2768307068678086E-4
3.2432378057573936E-4
3.2103134202643414E-4
3.1780379254951047E-4
3.146392454758403E-4
3.115358863366541E-4
3.08491969448836E-4
3.055058146920224E-4
3.0257580446496E-4
2.9970038080972324E-4
2.9687804269301025E-4
2.9410734343462915E-4
2.9138688827400066E-4
2.887153320660697E-4
2.860913770986877E-4
2.8351377102411185E-4
2.8098130489764237E-4
2.784928113170475E-4
2.760471626567884E-4
2.7364326939139966E-4
2.712800785029165E-4
2.689565719673943E-4
2.6667176531600367E-4
2.644247062665003E-4
2.6221447342099797E-4
2.600401750264401E-4
2.579009477941546E-4
2.5579595577535357E-4
2.53724389289441E-4
2.5168546390225816E-4
2.496784194516318E-4
2.477025191176235E-4
2.457570485351513E-4
2.4384131494672878E-4
2.4195464639325693E-4
2.4009639094083214E-4
2.3826591594176388E-4
2.36462607328045E-4
2.3468586893561077E-4
2.3293512185782535E-4
2.312098038267723E-4
2.2950936862092046E-4
2.2783328549788476E-4
2.2618103865107376E-4
2.2455212668899733E-4
2.2294606213621083E-4
2.2136237095480093E-4
2.198005920854796E-4
2.1826027700730993E-4
2.1674098931522232E-4
2.1524230431447622E-4
2.1376380863128602E-4
2.1230509983884035E-4
2.108657860980639E-4
2.0944548581238262E-4
2.0804382729590885E-4
2.0666044845442513E-4
2.0529499647859646E-4
2.0394712754885102E-4
2.0261650655146684E-4
2.013028068052916E-4
2.0000570979872311E-4
1.9872490493642403E-4
1.9746008929541478E-4
1.962109673900971E-4
1.9497725094586743E-4
1.9375865868093665E-4
1.9255491609598797E-4
1.913657552714116E-4
1.9019091467173556E-4
1.890301389569721E-4
1.878831788006354E-4
1.8674979071411812E-4
1.8562973687714733E-4
1.8452278497415518E-4
1.83428708036256E-4
1.823472842886113E-4
1.812782970030151E-4
1.8022153435545834E-4
1.7917678928846843E-4
1.781438593780617E-4
1.7712254670514482E-4
1.7611265773112222E-4
1.751140031776452E-4
1.741263979102627E-4
1.731496608258681E-4
1.7218361474380657E-4
1.7122808630045595E-4
1.7028290584722406E-4
1.6934790735174723E-4
1.6842292830227646E-4
1.6750780961502146E-4
1.666023955444503E-4
1.657065335963493E-4
1.6482007444361039E-4
1.6394287184460165E-4
1.6307478256405198E-4
1.622156662963482E-4
1.6136538559118388E-4
1.6052380578143152E-4
1.5969079491320732E-4
1.5886622367802762E-4
1.5804996534697844E-4
1.572418957068445E-4
1.5644189299813936E-4
1.5564983785491606E-4
1.548656132463844E-4
1.5408910442019913E-4
1.5332019884739694E-4
1.5255878616891698E-4
1.5180475814366334E-4
1.5105800859804554E-4
1.5031843337694965E-4
1.4958593029610327E-4
1.4886039909577914E-4
1.4814174139578877E-4
1.474298606517375E-4
1.467246621125009E-4
1.4602605277886093E-4
1.453339413632883E-4
1.4464823825083075E-4
1.4396885546105444E-4
1.4329570661104085E-4
1.4262870687934803E-4
1.4196777297098047E-4
1.413128230832666E-4
1.4066377687266024E-4
1.4002055542242884E-4
1.393830812111755E-4
1.3875127808220494E-4
1.3812507121369698E-4
1.3750438708963467E-4
1.368891534715107E-4
1.3627929937075938E-4
1.3567475502188663E-4
1.3507545185630708E-4
1.3448132247683358E-4
1.3389230063282656E-4
1.3330832119596864E-4
1.3272932013664508E-4
1.3215523450092477E-4
1.3158600238811423E-4
1.310215629288677E-4
1.3046185626384247E-4
1.2990682352288576E-4
1.2935640680472157E-4
1.2881054915715203E-4
1.2826919455772223E-4
1.277322878948741E-4
1.271997749495409E-4
1.2667160237719846E-4
1.2614771769033244E-4
1.2562806924134294E-4
1.2511260620583532E-4
1.2460127856633163E-4
1.2409403709634829E-4
1.2359083334485203E-4
1.2309161962109047E-4
1.2259634897975394E-4
1.2210497520652138E-4
1.2161745280390017E-4
1.2113373697741808E-4
1.2065378362212669E-4
1.2017754930940685E-4
1.1970499127409179E-4
1.1923606740186551E-4
1.1877073621695394E-4
1.1830895687009982E-4
1.1785068912680308E-4
1.1739589335581478E-4
1.1694453051790689E-4
1.1649656215487876E-4
1.1605195037881368E-4
1.1561065786156279E-4
1.1517264782447989E-4
1.147378840283523E-4
1.1430633076358574E-4
1.1387795284056911E-4
1.1345271558027942E-4
1.1303058480506098E-4
1.1261152682962323E-4
1.1219550845223067E-4
1.1178249694606329E-4
1.1137246005078435E-4
1.1096536596427045E-4
1.1056118333452519E-4
1.1015988125175512E-4
1.0976142924062886E-4
1.0936579725267593E-4
1.0897295565885736E-4
1.0858287524228973E-4
1.081955271911242E-4
1.0781088309155729E-4
1.0742891492099865E-4
1.070495950413835E-4
1.0667289619260123E-4
1.0629879148608155E-4
1.0592725439848713E-4
1.0555825876556145E-4
1.051917787760729E-4
1.048277889659035E-4
1.0446626421224072E-4
1.0410717972788824E-4
1.037505110556984E-4
1.0339623406310176E-4
1.0304432493676212E-4
1.0269476017731162E-4
1.0234751659422156E-4
1.0200257130074115E-4
1.0165990170896432E-4
1.0131948552496441E-4
1.0098130074404732E-4
1.0064532564608214E-4
1.0031153879092547E-4
9.997991901394037E-5
The correct rate for BP: 100.00% 
