1.8789529287764637
1.7187015147162434
0.19800333911406673
0.01723840617953743
0.009973073019312014
0.008152047888927419
0.006933178626809422
0.0060359235407818545
0.005344172643866901
0.004793656335602659
0.004344856590934295
0.003971890460941927
0.0036570236235406854
0.0033876725044568986
0.0031546511346454893
0.00295109282744962
0.0027717598183480967
0.002612586429731498
0.0024703681825827065
0.002342545055992255
0.0022270471573868304
0.0021221827612332867
0.0020265557213450342
0.001939003632939354
0.0018585509014435934
0.0017843726847350822
0.0017157668773770901
0.0016521321184407535
0.0015929503637691846
0.0015377729541828115
0.001486209387848775
0.0014379182036223972
0.0013925995263993104
0.0013499889314441387
0.0013098523632697086
0.0012719819035424418
0.001236192227028098
0.0012023176185564889
0.0011702094500932515
0.0011397340372292372
0.001110770810172753
0.0010832107467177306
0.001056955024451309
0.0010319138572488713
0.0010080054873290638
9.851553091465221E-4
9.632951054449347E-4
9.423623790782279E-4
9.222997668891044E-4
9.030545241312125E-4
8.845780697309592E-4
8.668255841803198E-4
8.49755653093447E-4
8.333299504937561E-4
8.175129567629259E-4
8.022717069086477E-4
7.875755654186444E-4
7.733960244842772E-4
7.597065228141323E-4
7.464822826292341E-4
7.337001627480967E-4
7.213385259401673E-4
7.093771189580716E-4
6.977969638582368E-4
6.865802593906562E-4
6.757102913871676E-4
6.651713512051724E-4
6.54948661395375E-4
6.45028307858423E-4
6.353971778396899E-4
6.260429031849568E-4
6.169538083437792E-4
6.081188626641705E-4
5.995276365711353E-4
5.911702612656314E-4
5.830373916185772E-4
5.751201719684984E-4
5.674102045615251E-4
5.598995203986456E-4
5.525805522790817E-4
5.45446109849171E-4
5.384893564851684E-4
5.31703787854601E-4
5.250832120159455E-4
5.186217309294228E-4
5.123137232636804E-4
5.061538283937176E-4
5.001369314949727E-4
4.942581496470325E-4
4.885128188681372E-4
4.828964820086638E-4
4.7740487743795445E-4
4.7203392846454023E-4
4.667797334350051E-4
4.616385564612109E-4
4.566068187299598E-4
4.5168109035286305E-4
4.4685808271770737E-4
4.4213464130568386E-4
4.375077389417733E-4
4.3297446944816625E-4
4.285320416728733E-4
4.2417777386800974E-4
4.199090883940764E-4
4.1572350672842756E-4
4.1161864475776865E-4
4.075922083359742E-4
4.036419890900548E-4
3.997658604581731E-4
3.95961773944931E-4
3.9222775558016125E-4
3.8856190256845053E-4
3.8496238011751643E-4
3.8142741843443965E-4
3.77955309879447E-4
3.745444062677238E-4
3.7119311631037883E-4
3.678999031862193E-4
3.646632822366554E-4
3.6148181877650214E-4
3.583541260139258E-4
3.552788630732901E-4
3.522547331149703E-4
3.492804815466734E-4
3.463548943210982E-4
3.434767963151129E-4
3.406450497859588E-4
3.3785855290023077E-4
3.351162383316647E-4
3.3241707192403514E-4
3.297600514156237E-4
3.2714420522201654E-4
3.245685912741532E-4
3.2203229590866225E-4
3.195344328078613E-4
3.170741419867501E-4
3.146505888246451E-4
3.1226296313920093E-4
3.099104783005788E-4
3.0759237038384955E-4
3.0530789735768387E-4
3.0305633830749037E-4
3.0083699269138506E-4
2.9864917962732566E-4
2.9649223720993147E-4
2.943655218555589E-4
2.922684076742421E-4
2.902002858672831E-4
2.881605641492298E-4
2.861486661931267E-4
2.8416403109793147E-4
2.822061128771009E-4
2.8027437996733213E-4
2.7836831475659354E-4
2.7648741313052595E-4
2.7463118403636797E-4
2.7279914906370913E-4
2.709908420412098E-4
2.692058086486748E-4
2.674436060437333E-4
2.657038025025376E-4
2.639859770738581E-4
2.622897192459611E-4
2.6061462862579627E-4
2.5896031462988635E-4
2.573263961864746E-4
2.5571250144844007E-4
2.541182675165478E-4
2.525433401725555E-4
2.5098737362181934E-4
2.494500302449962E-4
2.4793098035843993E-4
2.4642990198300065E-4
2.4494648062077897E-4
2.4348040903968005E-4
2.420313870652616E-4
2.4059912137976245E-4
2.391833253278876E-4
2.3778371872921106E-4
2.3640002769679516E-4
2.3503198446193642E-4
2.3367932720467217E-4
2.3234179988991478E-4
2.3101915210894285E-4
2.29711138926083E-4
2.2841752073035894E-4
2.2713806309193981E-4
2.2587253662318294E-4
2.2462071684415812E-4
2.2338238405238654E-4
2.221573231967547E-4
2.2094532375535936E-4
2.197461796171998E-4
2.185596889675229E-4
2.1738565417675758E-4
2.1622388169283542E-4
2.1507418193684379E-4
2.1393636920183904E-4
2.1281026155474048E-4
2.1169568074119323E-4
2.1059245209328458E-4
2.0950040444000126E-4
2.0841937002039561E-4
2.0734918439927884E-4
2.0628968638542415E-4
2.0524071795215908E-4
2.042021241602699E-4
2.031737530831616E-4
2.0215545573416813E-4
2.0114708599594863E-4
2.0014850055193463E-4
1.9915955881968196E-4
1.9818012288615834E-4
1.9721005744483442E-4
1.9624922973454737E-4
1.9529750948007833E-4
1.9435476883437208E-4
1.9342088232237448E-4
1.9249572678640807E-4
1.915791813330549E-4
1.9067112728147782E-4
1.8977144811315903E-4
1.8888002942302342E-4
1.8799675887181034E-4
1.871215261398098E-4
1.8625422288177563E-4
1.8539474268306375E-4
1.8454298101692465E-4
1.8369883520292883E-4
1.8286220436647513E-4
1.8203298939937322E-4
1.812110929214222E-4
1.8039641924305055E-4
1.795888743288091E-4
1.7878836576194597E-4
1.7799480270974812E-4
1.7720809588986762E-4
1.764281575374616E-4
1.7565490137315203E-4
1.748882425718306E-4
1.741280977321979E-4
1.7337438484711117E-4
1.726270232746281E-4
1.7188593370979626E-4
1.71151038157128E-4
1.7042225990374467E-4
1.6969952349318865E-4
1.6898275469986594E-4
1.6827188050412353E-4
1.6756682906789847E-4
1.6686752971099362E-4
1.661739128878834E-4
1.654859101651056E-4
1.6480345419916636E-4
1.641264787149847E-4
1.6345491848483858E-4
1.6278870930781013E-4
1.621277879897068E-4
1.6147209232345516E-4
1.6082156106995152E-4
1.6017613393934645E-4
1.595357515727838E-4
1.589003555245276E-4
1.5826988824452185E-4
1.5764429306133849E-4
1.5702351416552003E-4
1.5640749659328343E-4
1.5579618621061007E-4
1.5518952969768802E-4
1.5458747453368955E-4
1.539899689819052E-4
1.5339696207520014E-4
1.5280840360178794E-4
1.5222424409133063E-4
1.5164443480133576E-4
1.510689277038543E-4
1.504976754724541E-4
1.4993063146951402E-4
1.4936774973373988E-4
1.488089849680052E-4
1.482542925274086E-4
1.477036284076181E-4
1.4715694923344045E-4
1.4661421224766176E-4
1.4607537530008044E-4
1.4554039683683582E-4
1.4500923588989522E-4
1.4448185206680127E-4
1.439582055406362E-4
1.4343825704016302E-4
1.4292196784020442E-4
1.4240929975220203E-4
1.4190021511499372E-4
1.4139467678572163E-4
1.408926481310244E-4
1.403940930183032E-4
1.398989758072455E-4
1.3940726134147456E-4
1.3891891494040144E-4
1.3843390239119197E-4
1.3795218994096088E-4
1.3747374428907313E-4
1.369985325796046E-4
1.3652652239397225E-4
1.360576817436998E-4
1.3559197906332017E-4
1.351293832034313E-4
1.3466986342387018E-4
1.3421338938703265E-4
1.3375993115133885E-4
1.3330945916477995E-4
1.3286194425863918E-4
1.3241735764130648E-4
1.3197567089221613E-4
1.3153685595590766E-4
1.3110088513620046E-4
1.3066773109045608E-4
1.3023736682399488E-4
1.298097656845716E-4
1.2938490135699037E-4
1.2896274785779597E-4
1.2854327953008062E-4
1.281264710383808E-4
1.2771229736367311E-4
1.2730073379846663E-4
1.2689175594196456E-4
1.264853396953501E-4
1.2608146125713107E-4
1.2568009711858079E-4
1.252812240592671E-4
1.2488481914264913E-4
1.2449085971176513E-4
1.240993233850047E-4
1.2371018805193618E-4
1.233234318692267E-4
1.2293903325663954E-4
1.2255697089307892E-4
1.2217722371273367E-4
1.2179977090127283E-4
1.214245918921155E-4
1.2105166636275579E-4
1.206809742311802E-4
1.2031249565231027E-4
1.1994621101453432E-4
1.1958210093630166E-4
1.1922014626275054E-4
1.1886032806242449E-4
1.1850262762402664E-4
1.18147026453242E-4
1.1779350626960297E-4
1.1744204900341406E-4
1.1709263679274023E-4
1.1674525198042904E-4
1.1639987711118787E-4
1.1605649492872358E-4
1.1571508837292164E-4
1.153756405770628E-4
1.1503813486510338E-4
1.1470255474900143E-4
1.1436888392607101E-4
1.1403710627639442E-4
1.1370720586027959E-4
1.1337916691574308E-4
1.1305297385605926E-4
1.1272861126733174E-4
1.1240606390611043E-4
1.1208531669704432E-4
1.1176635473058352E-4
1.1144916326070339E-4
1.1113372770268772E-4
1.1082003363091199E-4
1.1050806677671515E-4
1.1019781302624746E-4
1.0988925841839747E-4
1.0958238914273446E-4
1.0927719153748462E-4
1.0897365208753946E-4
1.0867175742250308E-4
1.083714943147529E-4
1.0807284967756286E-4
1.0777581056322267E-4
1.074803641612044E-4
1.0718649779635195E-4
1.0689419892711534E-4
1.0660345514378132E-4
1.063142541667613E-4
1.0602658384489367E-4
1.0574043215376549E-4
1.054557871940807E-4
1.0517263719002758E-4
1.0489097048769572E-4
1.0461077555350324E-4
1.0433204097264818E-4
1.0405475544758686E-4
1.0377890779654533E-4
1.0350448695203386E-4
1.032314819593948E-4
1.029598819753792E-4
1.0268967626673298E-4
1.0242085420880367E-4
1.0215340528418559E-4
1.018873190813623E-4
1.0162258529338468E-4
1.013591937165723E-4
1.0109713424921073E-4
1.0083639689029912E-4
1.0057697173828772E-4
1.0031884898986391E-4
1.000620189387274E-4
9.980647197439412E-5
The correct rate for BP: 100.00% 
