2.2856970610788654
0.3858195711565368
0.051196248094088445
0.0037780710305582573
0.003135307969702324
0.002735835480576839
0.002445933429576457
0.0022188673082128873
0.0020331210595965214
0.0018770264279453564
0.0017434297282947263
0.0016275403471327035
0.0015259458473302523
0.0014361082303925247
0.0013560805714102348
0.0012843346305861456
0.001219649255153445
0.001161034566062984
0.0011076785016754978
0.0010589080168848116
0.0010141602648032451
9.729607896481596E-4
9.349067671613172E-4
8.996539532551234E-4
8.669064034427707E-4
8.364082926326207E-4
8.07937347080865E-4
7.812995274528439E-4
7.563246923787602E-4
7.32863037267608E-4
7.107821510803764E-4
6.899645693560863E-4
6.70305728506213E-4
6.517122466575292E-4
6.341004718324806E-4
6.173952502250153E-4
6.015288766383108E-4
5.864401964429123E-4
5.720738341640912E-4
5.583795283710884E-4
5.453115561838924E-4
5.328282336381316E-4
5.208914805089563E-4
5.094664401096391E-4
4.985211461407762E-4
4.880262299439911E-4
4.779546625643169E-4
4.6828152689313955E-4
4.5898381588278196E-4
4.500402534223326E-4
4.414311349642409E-4
4.331381854102646E-4
4.251444321177188E-4
4.174340911844804E-4
4.099924654227265E-4
4.028058526451374E-4
3.9586146306931066E-4
3.891473448012838E-4
3.826523164922534E-4
3.763659063766362E-4
3.702782969978297E-4
3.6438027501289774E-4
3.5866318554060394E-4
3.531188905807039E-4
3.477397310877054E-4
3.4251849233023554E-4
3.374483722090461E-4
3.325229522433741E-4
3.2773617096741126E-4
3.230822995067882E-4
3.185559191296904E-4
3.1415190058910897E-4
3.098653850918307E-4
3.056917667468621E-4
3.016266763609719E-4
2.976659664624131E-4
2.93805697445709E-4
2.900421247408539E-4
2.863716869198494E-4
2.827909946616766E-4
2.792968205043627E-4
2.758860893194958E-4
2.7255586945057085E-4
2.693033644618116E-4
2.661259054490543E-4
2.630209438685829E-4
2.599860448436829E-4
2.570188809122768E-4
2.5411722618207675E-4
2.5127895086272836E-4
2.4850201614679484E-4
2.4578446941402927E-4
2.4312443973531505E-4
2.4052013365472198E-4
2.379698312298158E-4
2.3547188231196823E-4
2.3302470304994267E-4
2.3062677260120501E-4
2.282766300367929E-4
2.259728714265758E-4
2.2371414709273835E-4
2.2149915902034873E-4
2.193266584145658E-4
2.1719544339495188E-4
2.1510435681798982E-4
2.1305228421956906E-4
2.1103815186979935E-4
2.0906092493312324E-4
2.0711960572705211E-4
2.052132320735093E-4
2.033408757370403E-4
2.0150164094460805E-4
1.9969466298207865E-4
1.9791910686276732E-4
1.961741660638002E-4
1.9445906132627236E-4
1.9277303951551988E-4
1.911153725379863E-4
1.8948535631145143E-4
1.8788230978558675E-4
1.8630557400999549E-4
1.847545112470615E-4
1.8322850412713345E-4
1.8172695484369798E-4
1.80249284386364E-4
1.7879493180958833E-4
1.7736335353522777E-4
1.7595402268710678E-4
1.7456642845590172E-4
1.7320007549274572E-4
1.7185448333002565E-4
1.7052918582803484E-4
1.692237306460287E-4
1.6793767873656795E-4
1.6667060386184974E-4
1.6542209213101343E-4
1.6419174155730138E-4
1.6297916163410963E-4
1.617839729290237E-4
1.6060580669491735E-4
1.594443044973025E-4
1.5829911785714856E-4
1.5716990790840086E-4
1.5605634506956435E-4
1.5495810872858415E-4
1.5387488694048766E-4
1.5280637613715534E-4
1.5175228084864475E-4
1.5071231343555597E-4
1.496861938319269E-4
1.4867364929817343E-4
1.476744141836282E-4
1.4668822969823105E-4
1.4571484369298635E-4
1.4475401044877772E-4
1.4380549047317306E-4
1.4286905030488084E-4
1.419444623255279E-4
1.4103150457840395E-4
1.4012996059393595E-4
1.3923961922153607E-4
1.3836027446761514E-4
1.3749172533944308E-4
1.366337756946696E-4
1.357862340962045E-4
1.3494891367230526E-4
1.3412163198158223E-4
1.3330421088278803E-4
1.3249647640915365E-4
1.3169825864709913E-4
1.3090939161913774E-4
1.3012971317082455E-4
1.2935906486155588E-4
1.2859729185909122E-4
1.2784424283765586E-4
1.2709976987945233E-4
1.2636372837948064E-4
1.2563597695352331E-4
1.249163773491667E-4
1.24204794359771E-4
1.2350109574123572E-4
1.2280515213148935E-4
1.2211683697257813E-4
1.2143602643527009E-4
1.2076259934607111E-4
1.2009643711657107E-4
1.1943742367503097E-4
1.1878544540011885E-4
1.1814039105673696E-4
1.175021517338489E-4
1.1687062078422857E-4
1.1624569376607949E-4
1.1562726838645405E-4
1.1501524444639148E-4
1.144095237877303E-4
1.1381001024153102E-4
1.1321660957805338E-4
1.1262922945823676E-4
1.1204777938661885E-4
1.1147217066565796E-4
1.109023163514111E-4
1.103381312104957E-4
1.0977953167833308E-4
1.092264358185979E-4
1.086787632838286E-4
1.0813643527719665E-4
1.0759937451536749E-4
1.0706750519240661E-4
1.0654075294473451E-4
1.0601904481705224E-4
1.0550230922923625E-4
1.0499047594417403E-4
1.0448347603647174E-4
1.0398124186204365E-4
1.0348370702855724E-4
1.0299080636665269E-4
1.0250247590200426E-4
1.0201865282809394E-4
1.0153927547974662E-4
1.010642833073932E-4
1.0059361685199765E-4
1.0012721772067894E-4
9.966502856297385E-5
The correct rate for BP: 100.00% 
