2.66633319609138
1.0377510970994575
1.8819231703763257
1.2291943055326653
0.3189999066660579
0.0351324948888271
0.022262064243400013
0.016896873019729884
0.013704019771734377
0.011521002951679803
0.009927405090851176
0.00871203134051406
0.007754615202865964
0.006981184805866772
0.0063436272524644965
0.005809261881806356
0.005355100805106339
0.0049645000367941824
0.0046251117119929215
0.0043275823155917385
0.004064697526980509
0.003830804388871411
0.0036214111743452047
0.0034329042731543217
0.003262344015321448
0.00310731489255137
0.0029658139892341706
0.0028361667173562883
0.002716962368049375
0.002607004250529664
0.0025052707087629173
0.002410884346343134
0.002323087513216311
0.002241222617870445
0.0021647161930531925
0.0020930659067098702
0.0020258299027154
0.001962617998590317
0.0019030843738857622
0.001846921463181528
0.001793854828653236
0.0017436388339244816
0.0016960529770308572
0.0016508987684138998
0.0016079970618633629
0.0015671857636692255
0.0015283178589998224
0.0014912597054957473
0.001455889552871163
0.0014220962544123918
0.001389778142016421
0.0013588420410963736
0.00132920240551336
0.0013007805558429113
0.0012735040068821422
0.0012473058724559304
0.0012221243373700872
0.0011979021878534431
0.001174586393081502
0.0011521277314265142
0.0011304804559649018
0.0011096019945236052
0.0010894526801827308
0.0010699955086940556
0.0010511959197362893
0.001033021599324254
0.0010154423010276103
9.984296839471358E-4
9.81957165647843E-4
9.659997884657877E-4
9.505340977937567E-4
9.355380311147023E-4
9.209908166939277E-4
9.068728809652601E-4
8.931657637548734E-4
8.798520405812594E-4
8.66915251353152E-4
8.543398348604321E-4
8.421110685173446E-4
8.302150128743071E-4
8.186384604646329E-4
8.073688885969854E-4
7.963944157438159E-4
7.85703761210798E-4
7.752862078034993E-4
7.651315672351946E-4
7.552301480443077E-4
7.455727258120232E-4
7.361505154904752E-4
7.269551456692911E-4
7.179786346243548E-4
7.092133680066542E-4
7.006520780420786E-4
6.922878241241761E-4
6.841139746927015E-4
6.76124190299729E-4
6.683124077737208E-4
6.606728253996221E-4
6.531998890398664E-4
6.458882791274607E-4
6.38732898468115E-4
6.317288607932502E-4
6.248714800108453E-4
6.181562601049388E-4
6.115788856387522E-4
6.051352128198208E-4
5.98821261088778E-4
5.926332051965167E-4
5.865673677368776E-4
5.806202121047976E-4
5.747883358518868E-4
5.690684644136187E-4
5.634574451841312E-4
5.579522419164003E-4
5.525499294272608E-4
5.472476885880301E-4
5.420428015830023E-4
5.369326474193242E-4
5.31914697672823E-4
5.269865124554581E-4
5.221457365911766E-4
5.173900959876325E-4
5.127173941922028E-4
5.081255091216306E-4
5.036123899549357E-4
4.991760541804888E-4
4.948145847881289E-4
4.905261275983077E-4
4.8630888872044415E-4
4.821611321332948E-4
4.7808117738053056E-4
4.7406739737530654E-4
4.7011821630769387E-4
4.66232107649572E-4
4.6240759225164255E-4
4.5864323652766974E-4
4.549376507213525E-4
4.512894872514523E-4
4.476974391311197E-4
4.4416023845757045E-4
4.4067665496845434E-4
4.372454946616001E-4
4.338655984748174E-4
4.3053584102281683E-4
4.2725512938835835E-4
4.240224019649306E-4
4.2083662734844333E-4
4.1769680327551534E-4
4.1460195560609134E-4
4.1155113734828294E-4
4.0854342772336935E-4
4.055779312690432E-4
4.0265377697912573E-4
3.997701174780218E-4
3.969261282282849E-4
3.941210067697395E-4
3.913539719887668E-4
3.8862426341631633E-4
3.859311405533507E-4
3.8327388222247037E-4
3.8065178594463015E-4
3.7806416733965185E-4
3.755103595496753E-4
3.7298971268439176E-4
3.7050159328717175E-4
3.680453838211713E-4
3.656204821745264E-4
3.6322630118385674E-4
3.608622681752421E-4
3.5852782452198436E-4
3.562224252184047E-4
3.5394553846902717E-4
3.5169664529248983E-4
3.494752391395755E-4
3.4728082552479576E-4
3.451129216709643E-4
3.4297105616619286E-4
3.408547686328746E-4
3.38763609408119E-4
3.366971392351951E-4
3.346549289655466E-4
3.3263655927096095E-4
3.3064162036547325E-4
3.2866971173667195E-4
3.2672044188596317E-4
3.2479342807752425E-4
3.228882960955514E-4
3.210046800095402E-4
3.191422219472141E-4
3.1730057187490286E-4
3.154793873850166E-4
3.136783334903872E-4
3.1189708242521113E-4
3.1013531345231663E-4
3.0839271267661585E-4
3.0666897286438336E-4
3.049637932682601E-4
3.032768794576964E-4
3.016079431547036E-4
2.999567020746584E-4
2.983228797720234E-4
2.967062054908084E-4
2.951064140195579E-4
2.9352324555077477E-4
2.9195644554454837E-4
2.9040576459631994E-4
2.888709583085596E-4
2.873517871663015E-4
2.8584801641631964E-4
2.8435941594990953E-4
2.828857601890491E-4
2.8142682797594886E-4
2.799824024657394E-4
2.7855227102232605E-4
2.7713622511717044E-4
2.757340602310423E-4
2.7434557575850305E-4
2.7297057491514564E-4
2.716088646474322E-4
2.7026025554507027E-4
2.68924561755837E-4
2.6760160090276875E-4
2.662911940036653E-4
2.64993165392804E-4
2.63707342644783E-4
2.624335565004979E-4
2.6117164079506375E-4
2.5992143238776885E-4
2.586827710938447E-4
2.574554996181223E-4
2.5623946349043284E-4
2.5503451100274734E-4
2.5384049314795473E-4
2.526572635602957E-4
2.5148467845732776E-4
2.503225965834176E-4
2.4917087915472884E-4
2.4802938980560124E-4
2.4689799453633587E-4
2.457765616623222E-4
2.446649617644643E-4
2.4356306764087635E-4
2.4247075425980777E-4
2.4138789871373025E-4
2.4031438017463257E-4
2.3925007985040045E-4
2.381948809422927E-4
2.371486686034808E-4
2.361113298986103E-4
2.3508275376437265E-4
2.3406283097103045E-4
2.3305145408489118E-4
2.3204851743170363E-4
2.310539170609323E-4
2.3006755071090367E-4
2.2908931777478031E-4
2.281191192673815E-4
2.2715685779274353E-4
2.262024375125222E-4
2.252557641150787E-4
2.2431674478535038E-4
2.233852881753786E-4
2.2246130437557902E-4
2.2154470488664697E-4
2.206354025921287E-4
2.1973331173164089E-4
2.188383478746718E-4
2.179504278950387E-4
2.1706946994586788E-4
2.161953934352203E-4
2.1532811900219263E-4
2.1446756849362005E-4
2.1361366494128002E-4
2.127663325396113E-4
2.11925496623926E-4
2.1109108364912894E-4
2.102630211688852E-4
2.0944123781527007E-4
2.0862566327885753E-4
2.0781622828923982E-4
2.0701286459599724E-4
2.0621550495007014E-4
2.054240830855229E-4
2.0463853370173297E-4
2.0385879244593278E-4
2.0308479589616584E-4
2.0231648154455826E-4
2.015537877810144E-4
2.007966538771823E-4
2.0004501997082874E-4
1.99298827050507E-4
1.9855801694055648E-4
1.978225322864196E-4
1.970923165402615E-4
1.9636731394689992E-4
1.9564746953001875E-4
1.9493272907867377E-4
1.9422303913406555E-4
1.935183469765999E-4
1.9281860061320808E-4
1.921237487649137E-4
1.914337408546847E-4
1.9074852699549582E-4
1.9006805797865253E-4
1.8939228526235424E-4
1.8872116096047467E-4
1.880546378315675E-4
1.8739266926811774E-4
1.867352092859674E-4
1.8608221251397288E-4
1.8543363418387754E-4
1.8478943012036108E-4
1.8414955673129606E-4
1.8351397099819575E-4
1.8288263046685227E-4
1.8225549323813573E-4
1.8163251795901776E-4
1.810136638137047E-4
1.8039889051499965E-4
1.7978815829580188E-4
1.7918142790077036E-4
1.785786605781591E-4
1.7797981807178863E-4
1.7738486261319482E-4
1.7679375691389548E-4
1.762064641578421E-4
1.7562294799397039E-4
1.7504317252892406E-4
1.7446710231989917E-4
1.7389470236762688E-4
1.7332593810947974E-4
1.727607754127197E-4
1.721991805678493E-4
1.7164112028210884E-4
1.710865616730771E-4
1.70535472262398E-4
1.6998781996961046E-4
1.694435731061094E-4
1.6890270036918936E-4
1.6836517083622865E-4
1.6783095395894203E-4
1.6730001955777478E-4
1.6677233781636997E-4
1.662478792761382E-4
1.657266148309295E-4
1.652085157218142E-4
1.646935535319243E-4
1.641817001814027E-4
1.6367292792246092E-4
1.6316720933447652E-4
1.626645173192334E-4
1.621648250961907E-4
1.6166810619787624E-4
1.6117433446533814E-4
1.60683484043677E-4
1.6019552937766247E-4
1.5971044520742583E-4
1.5922820656420387E-4
1.5874878876619982E-4
1.5827216741446718E-4
1.5779831838889856E-4
1.5732721784426313E-4
1.568588422063153E-4
1.5639316816798106E-4
1.5593017268559294E-4
1.554698329751854E-4
1.5501212650888095E-4
1.5455703101129533E-4
1.5410452445603927E-4
1.536545850622536E-4
1.532071912912198E-4
1.527623218430038E-4
1.5231995565318334E-4
1.5188007188960466E-4
1.5144264994921102E-4
1.510076694549105E-4
1.5057511025248996E-4
1.5014495240760832E-4
1.4971717620279148E-4
1.4929176213453337E-4
1.4886869091038337E-4
1.4844794344613175E-4
1.4802950086300563E-4
1.47613344484932E-4
1.4719945583582401E-4
1.46787816636937E-4
1.4637840880423662E-4
1.4597121444582964E-4
1.4556621585942912E-4
1.4516339552986132E-4
1.447627361265996E-4
1.4436422050136246E-4
1.4396783168571544E-4
1.4357355288875122E-4
1.4318136749475423E-4
1.4279125906096313E-4
1.4240321131530484E-4
1.42017208154218E-4
1.4163323364047072E-4
1.412512720010294E-4
1.4087130762496417E-4
1.4049332506137384E-4
1.4011730901735222E-4
1.3974324435597825E-4
1.3937111609434177E-4
1.3900090940159468E-4
1.3863260959703843E-4
1.3826620214823734E-4
1.379016726691504E-4
1.375390069183089E-4
1.3717819079700613E-4
1.3681921034752135E-4
1.3646205175136525E-4
1.3610670132756814E-4
1.3575314553096414E-4
1.3540137095052328E-4
1.3505136430769931E-4
1.3470311245481232E-4
1.3435660237343938E-4
1.3401182117282932E-4
1.3366875608836605E-4
1.3332739448001867E-4
1.3298772383084202E-4
1.3264973174547794E-4
1.3231340594869475E-4
1.3197873428394538E-4
1.316457047119265E-4
1.3131430530919386E-4
1.3098452426675976E-4
1.3065634988873844E-4
1.3032977059099777E-4
1.3000477489983123E-4
1.2968135145065597E-4
1.293594889867137E-4
1.290391763578121E-4
1.2872040251905395E-4
1.2840315652962373E-4
1.2808742755155659E-4
1.2777320484853115E-4
1.2746047778470232E-4
1.271492358235209E-4
1.2683946852658137E-4
1.2653116555249184E-4
1.2622431665575436E-4
1.2591891168565534E-4
1.2561494058517953E-4
1.253123933899293E-4
1.2501126022707902E-4
1.2471153131431484E-4
1.244131969588101E-4
1.241162475562063E-4
1.238206735896167E-4
1.2352646562862886E-4
1.232336143283247E-4
1.2294211042833484E-4
1.226519447518652E-4
1.223631082047822E-4
1.2207559177466814E-4
1.2178938652992194E-4
1.2150448361885977E-4
1.2122087426880859E-4
1.209385497852557E-4
1.2065750155096282E-4
1.2037772102512509E-4
1.2009919974251904E-4
1.1982192931268092E-4
1.1954590141907767E-4
1.1927110781830828E-4
1.1899754033929482E-4
1.187251908824975E-4
1.1845405141912941E-4
1.1818411399041393E-4
1.1791537070678477E-4
1.1764781374718104E-4
1.1738143535827721E-4
1.1711622785376675E-4
1.1685218361364202E-4
1.165892950834841E-4
1.1632755477375624E-4
1.1606695525911473E-4
1.1580748917772964E-4
1.1554914923060292E-4
1.1529192818090038E-4
1.1503581885330466E-4
1.147808141333491E-4
1.145269069667976E-4
1.1427409035899295E-4
1.1402235737423697E-4
1.1377170113517484E-4
1.1352211482218827E-4
1.132735916727803E-4
1.1302612498100127E-4
1.1277970809683725E-4
1.1253433442565169E-4
1.1228999742759642E-4
1.1204669061706103E-4
1.1180440756209543E-4
1.1156314188387375E-4
1.1132288725614387E-4
1.1108363740468992E-4
1.1084538610678992E-4
1.1060812719071024E-4
1.1037185453517136E-4
1.1013656206884022E-4
1.0990224376982042E-4
1.0966889366515832E-4
1.0943650583034335E-4
1.0920507438882203E-4
1.0897459351151605E-4
1.0874505741633817E-4
1.0851646036773707E-4
1.0828879667621515E-4
1.0806206069787888E-4
1.078362468339807E-4
1.0761134953047537E-4
1.0738736327756663E-4
1.0716428260928022E-4
1.0694210210301942E-4
1.0672081637914889E-4
1.0650042010056035E-4
1.06280907972262E-4
1.0606227474096926E-4
1.0584451519468044E-4
1.0562762416228971E-4
1.054115965131869E-4
1.0519642715684896E-4
1.0498211104246479E-4
1.0476864315855002E-4
1.0455601853255775E-4
1.0434423223050452E-4
1.0413327935660873E-4
1.0392315505291208E-4
1.0371385449891607E-4
1.0350537291122976E-4
1.0329770554321177E-4
1.0309084768461851E-4
1.028847946612579E-4
1.0267954183464696E-4
1.0247508460167016E-4
1.022714183942507E-4
1.020685386790048E-4
1.0186644095693412E-4
1.0166512076308966E-4
1.0146457366624541E-4
1.0126479526859831E-4
1.0106578120544031E-4
1.008675271448563E-4
1.0067002878741727E-4
1.0047328186587425E-4
1.0027728214486168E-4
1.0008202542059817E-4
9.988750752059973E-5
The correct rate for BP: 100.00% 
