1.4691102249572618
1.12247210458518
0.8631922619166674
0.5595664812730834
0.3473454924709737
0.22670634620835692
0.15992667155346302
0.12016025781019735
0.09459905790455606
0.07711950816440026
0.06457018932625597
0.055205971219134044
0.047997809643505945
0.042306220111738235
0.03771598597230049
0.033947357991284344
0.030805836942370705
0.028152492122675205
0.02588573370052072
0.023929739544094327
0.022226889055116637
0.020732687193381883
0.019412280000416976
0.018238012997621424
0.017187688450843567
0.016243300534354643
0.01539010333349396
0.01461591455285535
0.013910588704768178
0.013265613873506254
0.012673799749388093
0.012129033876820025
0.011626089447515855
0.01116047244244233
0.010728299098334896
0.010326196952051876
0.00995122436949557
0.009600804678956626
0.009272671927607848
0.008964825952078655
0.008675494961132442
0.008403104214152218
0.00814624967476164
0.007903675747164529
0.007674256380251636
0.007456978963411997
0.007250930547362435
0.007055286009957276
0.0068692978559716355
0.006692287395146363
0.006523637087299748
0.006362783879330028
0.006209213388211209
0.006062454807991314
0.005922076438408087
0.005787681748879831
0.005658905904976267
0.005535412695548724
0.0054168918079242285
0.0053030564062776795
0.005193640974762891
0.005088399392423427
0.0049871032114963566
0.004889540114609599
0.004795512529674533
0.004704836384085696
0.0046173399822397555
0.004532862992439552
0.004451255531012476
0.004372377332989252
0.004296096999997194
0.004222291317153221
0.004150844631721124
0.004081648287148724
0.0040146001068405365
0.003949603922666594
0.0038865691437724144
0.003825410361748156
0.003766046988647744
0.003708402924729473
0.003652406253123449
0.0035979889589269607
0.0035450866704892317
0.003493638420877122
0.003443586427718136
0.0033948758897980606
0.003347454798951546
0.0033012737659273055
0.003256285859037632
0.003212446454515797
0.0031697130976066665
0.003128045373507584
0.0030874047873578367
0.003047754652548921
0.003009059986693069
0.0029712874146477436
0.0029344050780461704
0.002898382550833182
0.0028631907603480994
0.0028288019135367685
0.0027951894279093312
0.002762327866893463
0.0027301928792612656
0.0026987611423350314
0.0026680103087008853
0.0026379189561811967
0.002608466540836781
0.00257963335278786
0.002551400474659474
0.002523749742471977
0.002496663708811212
0.0024701256081255357
0.0024441193240083746
0.002418629358335704
0.002393640802137315
0.0023691393080899612
0.0023451110645283826
0.0023215427708777386
0.0022984216144181888
0.0022757352482981916
0.0022534717707195953
0.002231619705222223
0.0022101679820015316
0.002189105920196618
0.0021684232110908068
0.002148109902170489
0.0021281563819918574
0.002108553365808228
0.0020892918819140917
0.0020703632586645355
0.0020517591121316406
0.002033471334361904
0.0020154920822008497
0.0019978137666533005
0.0019804290427496967
0.0019633307998908754
0.0019465121526449647
0.0019299664319723216
0.0019136871768553145
0.0018976681263115744
0.001881903211770382
0.0018663865497931314
0.0018511124351200706
0.0018360753340263423
0.0018212698779715153
0.0018066908575276501
0.001792333216571761
0.0017781920467295077
0.001764262582057419
0.0017505401939520238
0.0017370203862744967
0.0017236987906805168
0.0017105711621452232
0.0016976333746739304
0.0016848814171896466
0.0016723113895890987
0.0016599194989591114
0.0016477020559460558
0.0016356554712709782
0.0016237762523838406
0.0016120610002503663
0.0016005064062654597
0.0015891092492874464
0.0015778663927876737
0.0015667747821102298
0.0015558314418370183
0.001545033473253307
0.001534378051909526
0.0015238624252749216
0.0015134839104792663
0.001503239892138562
0.0014931278202613494
0.0014831452082320505
0.0014732896308681399
0.0014635587225479156
0.0014539501754060465
0.00144446173759396
0.0014350912116024254
0.0014258364526437335
0.0014166953670910485
0.0014076659109726174
0.0013987460885185367
0.001389933950758038
0.001381227594165238
0.0013726251593513654
0.0013641248298016833
0.0013557248306553765
0.0013474234275265779
0.0013392189253650718
0.0013311096673550298
0.0013230940338504137
0.0013151704413455472
0.001307337341479502
0.0012995932200731317
0.0012919365961973912
0.0012843660212718108
0.00127688007819204
0.0012694773804852828
0.001262156571492744
0.0012549163235778219
0.001247755337359505
0.00124067234096962
0.0012336660893333999
0.0012267353634723443
0.001219878969828644
0.0012130957396103766
0.0012063845281567625
0.0011997442143227273
0.001193173699882102
0.0011866719089488559
0.0011802377874156902
0.0011738703024093311
0.0011675684417621342
0.0011613312134991685
0.001155157645340556
0.0011490467842182389
0.0011429976958069264
0.001137009464068646
0.0011310811908104164
0.0011252119952546594
0.001119401013621884
0.0011136473987252938
0.0011079503195768614
0.0011023089610044878
0.0010967225232799826
0.0010911902217574242
0.0010857112865215379
0.0010802849620458912
0.001074910506860488
0.001069587193228469
0.0010643143068316792
0.0010590911464648301
0.0010539170237378432
0.0010487912627863572
0.00104371319998991
0.0010386821836977046
0.0010336975739616918
0.0010287587422766918
0.0010238650713274128
0.0010190159547421038
0.0010142107968526407
0.0010094490124609107
0.0010047300266112446
0.0010000532743686859
9.954182006030451E-4
9.908242597784383E-4
9.862709157482112E-4
9.817576415550536E-4
9.772839192362561E-4
9.728492396337528E-4
9.684531022090678E-4
9.640950148627686E-4
9.597744937584945E-4
9.554910631513416E-4
9.512442552204551E-4
9.470336099057612E-4
9.428586747487206E-4
9.387190047369302E-4
9.346141621525295E-4
9.305437164242909E-4
9.265072439832311E-4
9.22504328121754E-4
9.185345588561081E-4
9.145975327921752E-4
9.106928529944129E-4
9.06820128857905E-4
9.029789759834173E-4
8.991690160554464E-4
8.953898767230234E-4
8.916411914834107E-4
8.879225995683584E-4
8.842337458331452E-4
8.805742806480427E-4
8.769438597923747E-4
8.733421443509366E-4
8.6976880061279E-4
8.662234999723501E-4
8.627059188327385E-4
8.592157385112956E-4
8.55752645147179E-4
8.523163296111113E-4
8.48906487417036E-4
8.455228186358623E-4
8.421650278109761E-4
8.388328238757318E-4
8.355259200726836E-4
8.3224403387465E-4
8.289868869074077E-4
8.257542048741686E-4
8.225457174816273E-4
8.193611583676211E-4
8.162002650303542E-4
8.130627787591213E-4
8.099484445665418E-4
8.068570111222041E-4
8.037882306877268E-4
8.007418590532209E-4
7.977176554750241E-4
7.947153826148245E-4
7.917348064800242E-4
7.887756963652714E-4
7.858378247953782E-4
7.829209674692389E-4
7.800249032050311E-4
7.771494138864748E-4
7.742942844102391E-4
7.714593026343846E-4
7.686442593278928E-4
7.658489481211895E-4
7.630731654576953E-4
7.603167105463146E-4
7.575793853149365E-4
7.548609943648149E-4
7.521613449258855E-4
7.494802468129885E-4
7.46817512382892E-4
7.441729564922697E-4
7.415463964563994E-4
7.389376520087685E-4
7.363465452613855E-4
7.337729006659471E-4
7.312165449756808E-4
7.286773072080054E-4
7.261550186078505E-4
7.236495126117326E-4
7.211606248124677E-4
7.186881929246275E-4
7.16232056750598E-4
7.137920581473036E-4
7.113680409935676E-4
7.08959851158115E-4
7.065673364681003E-4
7.041903466783231E-4
7.018287334409592E-4
6.994823502758697E-4
6.971510525414885E-4
6.948346974062049E-4
6.925331438203266E-4
6.902462524885223E-4
6.879738858427999E-4
6.857159080159357E-4
6.834721848154773E-4
6.812425836980957E-4
6.790269737445328E-4
6.768252256349131E-4
6.746372116245334E-4
6.724628055201091E-4
6.703018826564063E-4
6.681543198733259E-4
6.660199954933622E-4
6.638987892995298E-4
6.617905825136002E-4
6.596952577747773E-4
6.576126991187475E-4
6.555427919570661E-4
6.534854230569374E-4
6.514404805213489E-4
6.494078537695192E-4
6.473874335177399E-4
6.453791117604855E-4
6.43382781751914E-4
6.413983379876507E-4
6.394256761868792E-4
6.374646932747822E-4
6.355152873652245E-4
6.335773577437847E-4
6.316508048510438E-4
6.297355302661692E-4
6.27831436690783E-4
6.259384279330783E-4
6.240564088922302E-4
6.221852855430674E-4
6.203249649209716E-4
6.184753551070696E-4
6.166363652136339E-4
6.148079053697585E-4
6.129898867072388E-4
6.111822213467342E-4
6.093848223840935E-4
6.075976038769586E-4
6.05820480831577E-4
6.040533691898062E-4
6.022961858163479E-4
6.005488484861825E-4
5.988112758722439E-4
5.970833875332224E-4
5.95365103901622E-4
5.936563462720043E-4
5.919570367893895E-4
5.902670984378788E-4
5.885864550294133E-4
5.869150311927993E-4
5.852527523627846E-4
5.835995447694159E-4
5.819553354275018E-4
5.803200521262776E-4
5.786936234192031E-4
5.770759786139383E-4
5.754670477624773E-4
5.738667616514234E-4
5.722750517924253E-4
5.706918504127592E-4
5.691170904460652E-4
5.675507055232017E-4
5.659926299632708E-4
5.64442798764766E-4
5.62901147596857E-4
5.613676127908012E-4
5.598421313315124E-4
5.583246408492177E-4
5.56815079611272E-4
5.55313386514098E-4
5.538195010752125E-4
5.523333634254254E-4
5.508549143010954E-4
5.493840950365692E-4
5.479208475566754E-4
5.464651143693589E-4
5.450168385584148E-4
5.435759637763517E-4
5.421424342373358E-4
5.407161947102377E-4
5.392971905117919E-4
5.378853674998889E-4
5.364806720668849E-4
5.350830511330917E-4
5.336924521403183E-4
5.323088230455215E-4
5.309321123145264E-4
5.295622689158771E-4
5.281992423147353E-4
5.268429824669035E-4
5.25493439812898E-4
5.241505652721435E-4
5.228143102372116E-4
5.214846265681946E-4
5.201614665870937E-4
5.188447830723473E-4
5.17534529253395E-4
5.162306588053382E-4
5.149331258436755E-4
5.136418849191145E-4
5.12356891012441E-4
5.110780995294764E-4
5.098054662960904E-4
5.08538947553313E-4
5.072784999524738E-4
5.060240805504318E-4
5.047756468049008E-4
5.035331565697476E-4
5.022965680904735E-4
5.01065839999673E-4
4.998409313125722E-4
4.986218014226705E-4
4.974084100973727E-4
4.962007174737506E-4
4.949986840542938E-4
4.938022707027985E-4
4.926114386402238E-4
4.914261494406629E-4
4.902463650273794E-4
4.890720476688252E-4
4.879031599747948E-4
4.8673966489257684E-4
4.855815257031682E-4
4.8442870601757407E-4
4.8328116977310097E-4
4.8213888122972717E-4
4.8100180496653483E-4
4.798699058781678E-4
4.787431491713458E-4
4.776215003614169E-4
4.7650492526896387E-4
4.7539339001645273E-4
4.74286861024918E-4
4.731853050107223E-4
4.720886889822974E-4
4.709969802369845E-4
4.699101463578906E-4
4.6882815521080397E-4
4.677509749411024E-4
4.6667857397076983E-4
4.6561092099539305E-4
4.645479849812402E-4
4.6348973516232336E-4
4.624361410375696E-4
4.613871723679723E-4
4.603427991737926E-4
4.5930299173180706E-4
4.5826772057259144E-4
4.572369564778114E-4
4.5621067047759285E-4
4.5518883384787587E-4
4.5417141810784534E-4
4.5315839501736967E-4
4.52149736574453E-4
4.5114541501279135E-4
4.501454027992717E-4
4.4914967263155E-4
4.4815819743565706E-4
4.4717095036362134E-4
4.461879047911415E-4
4.4520903431525676E-4
4.4423431275206134E-4
4.432637141344719E-4
4.42297212709978E-4
4.41334782938452E-4
4.403763994899642E-4
4.3942203724265093E-4
4.3847167128058235E-4
4.375252768916701E-4
4.3658282956560027E-4
4.356443049917816E-4
4.347096790573354E-4
4.3377892784509476E-4
4.328520276316288E-4
4.319289548853052E-4
4.3100968626435035E-4
4.3009419861496427E-4
4.2918246896943095E-4
4.2827447454427283E-4
4.27370192738394E-4
4.2646960113130127E-4
4.255726774812799E-4
4.2467939972365355E-4
4.237897459690054E-4
4.229036945014749E-4
4.220212237770363E-4
4.211423124218223E-4
4.202669392304418E-4
4.1939508316432653E-4
4.185267233501444E-4
4.176618390781265E-4
4.168004098005222E-4
4.159424151300126E-4
4.150878348381429E-4
4.1423664885380956E-4
4.1338883726172137E-4
4.125443803008998E-4
4.1170325836321176E-4
4.108654519918802E-4
4.100309418800421E-4
4.091997088693238E-4
4.083717339484116E-4
4.075469982516494E-4
4.067254830576649E-4
4.0590716978799324E-4
4.050920400057163E-4
4.042800754141329E-4
4.0347125785543056E-4
4.026655693093829E-4
4.018629918920428E-4
4.010635078544805E-4
4.0026709958149794E-4
3.994737495903959E-4
3.986834405297284E-4
3.9789615517807147E-4
3.9711187644283537E-4
3.963305873590437E-4
3.955522710881649E-4
3.9477691091694187E-4
3.940044902562243E-4
3.9323499263984435E-4
3.9246840172345857E-4
3.917047012834539E-4
3.909438752158123E-4
3.90185907535057E-4
3.8943078237312653E-4
3.8867848397833174E-4
3.879289967142826E-4
3.8718230505884415E-4
3.864383936031011E-4
3.8569724705033603E-4
3.849588502150059E-4
3.842231880217506E-4
3.834902455043791E-4
3.827600078049222E-4
3.8203246017262573E-4
3.813075879630035E-4
3.805853766368989E-4
3.7986581175953476E-4
3.791488789995651E-4
3.7843456412819444E-4
3.7772285301822375E-4
3.770137316431807E-4
3.76307186076412E-4
3.7560320249020994E-4
3.749017671549362E-4
3.742028664381507E-4
3.7350648680377135E-4
3.728126148112206E-4
3.721212371145832E-4
3.7143234046179E-4
3.707459116937931E-4
3.7006193774375703E-4
3.6938040563624117E-4
3.6870130248643795E-4
3.680246154993474E-4
3.6735033196904114E-4
3.666784392778548E-4
3.660089248956463E-4
3.6534177637904995E-4
3.646769813707037E-4
3.640145275985371E-4
3.633544028750223E-4
3.626965950964649E-4
3.6204109224227335E-4
3.6138788237426416E-4
3.607369536359545E-4
3.6008829425186105E-4
3.594418925268197E-4
3.587977368453137E-4
3.581558156707771E-4
3.575161175449562E-4
3.568786310872304E-4
3.562433449939533E-4
3.5561024803783503E-4
3.54979329067267E-4
3.543505770057212E-4
3.5372398085108537E-4
3.530995296750827E-4
3.524772126226212E-4
3.51857018911211E-4
3.512389378303447E-4
3.506229587409091E-4
3.500090710745857E-4
3.493972643332824E-4
3.4878752808852834E-4
3.4817985198092787E-4
3.4757422571957114E-4
3.4697063908148667E-4
3.46369081911071E-4
3.4576954411954814E-4
3.451720156844155E-4
3.445764866489118E-4
3.4398294712147755E-4
3.433913872752159E-4
3.428017973473801E-4
3.422141676388525E-4
3.4162848851361613E-4
3.410447503982631E-4
3.404629437814818E-4
3.398830592135465E-4
3.393050873058326E-4
3.387290187303385E-4
3.3815484421916177E-4
3.375825545640644E-4
3.370121406159526E-4
3.364435932844469E-4
3.35876903537374E-4
3.3531206240032914E-4
3.347490609562142E-4
3.341878903447748E-4
3.336285417621509E-4
3.330710064604484E-4
3.3251527574726906E-4
3.3196134098529764E-4
3.3140919359184883E-4
3.308588250384586E-4
3.3031022685043693E-4
3.297633906064687E-4
3.292183079381757E-4
3.286749705297155E-4
3.2813337011737445E-4
3.2759349848914525E-4
3.2705534748434103E-4
3.2651890899319564E-4
3.259841749564582E-4
3.254511373650168E-4
3.2491978825949436E-4
3.243901197298822E-4
3.2386212391514183E-4
3.233357930028538E-4
3.228111192288077E-4
3.2228809487667336E-4
3.2176671227759945E-4
3.212469638098716E-4
3.2072884189854025E-4
3.202123390150806E-4
3.1969744767701945E-4
3.19184160447591E-4
3.1867246993540763E-4
3.1816236879408493E-4
3.176538497219277E-4
3.1714690546158335E-4
3.1664152879970204E-4
3.16137712566608E-4
3.156354496359751E-4
3.1513473292450565E-4
3.146355553915868E-4
3.141379100389951E-4
3.136417899105686E-4
3.1314718809189064E-4
3.1265409770997546E-4
3.121625119329821E-4
3.1167242396987725E-4
3.1118382707015355E-4
3.1069671452352255E-4
3.102110796596142E-4
3.097269158476892E-4
3.0924421649633905E-4
3.087629750532047E-4
3.0828318500467316E-4
3.078048398756129E-4
3.073279332290768E-4
3.0685245866603444E-4
3.0637840982507774E-4
3.059057803821631E-4
3.054345640503325E-4
3.049647545794364E-4
3.044963457558771E-4
3.040293314023385E-4
3.0356370537752247E-4
3.0309946157587917E-4
3.026365939273714E-4
3.0217509639719726E-4
3.0171496298553606E-4
3.012561877273224E-4
3.0079876469194964E-4
3.0034268798308054E-4
2.998879517383378E-4
2.994345501291187E-4
2.9898247736031533E-4
2.985317276700983E-4
2.980822953296529E-4
2.976341746429784E-4
2.971873599466283E-4
2.9674184560948635E-4
2.962976260325374E-4
2.9585469564864623E-4
2.954130489223216E-4
2.9497268034950043E-4
2.945335844573241E-4
2.940957558039199E-4
2.936591889781694E-4
2.932238785995223E-4
2.9278981931774874E-4
2.9235700581275005E-4
2.9192543279434095E-4
2.914950950020269E-4
2.910659872048294E-4
2.9063810420104505E-4
2.902114408180638E-4
2.8978599191215894E-4
2.893617523682894E-4
2.8893871709990027E-4
2.885168810487193E-4
2.880962391845731E-4
2.87676786505185E-4
2.872585180359908E-4
2.8684142882992754E-4
2.8642551396728066E-4
2.8601076855545594E-4
2.8559718772882403E-4
2.851847666485196E-4
2.847735005022624E-4
2.843633845041806E-4
2.839544138946225E-4
2.835465839399867E-4
2.8313988993253854E-4
2.827343271902329E-4
2.8232989105654794E-4
2.8192657690029825E-4
2.815243801154945E-4
2.811232961211266E-4
2.8072332036103493E-4
2.803244483037278E-4
2.799266754422076E-4
2.795299972938231E-4
2.791344094000941E-4
2.787399073265534E-4
2.783464866625803E-4
2.77954143021258E-4
2.775628720391891E-4
2.7717266937637123E-4
2.7678353071600614E-4
2.763954517643748E-4
2.760084282506591E-4
2.756224559268234E-4
2.752375305674253E-4
2.748536479694931E-4
2.744708039523604E-4
2.7408899435753617E-4
2.7370821504855064E-4
2.7332846191079497E-4
2.729497308514059E-4
2.7257201779910285E-4
2.7219531870405276E-4
2.718196295377296E-4
2.7144494629277734E-4
2.7107126498286986E-4
2.7069858164256315E-4
2.703268923271797E-4
2.6995619311266254E-4
2.695864800954405E-4
2.692177493922881E-4
2.688499971402153E-4
2.6848321949631443E-4
2.6811741263764276E-4
2.6775257276109073E-4
2.6738869608325535E-4
2.6702577884030155E-4
2.666638172878557E-4
2.6630280770087347E-4
2.659427463735007E-4
2.6558362961897854E-4
2.652254537695004E-4
2.648682151760837E-4
2.645119102084856E-4
2.6415653525503754E-4
2.638020867225678E-4
2.6344856103625825E-4
2.6309595463953607E-4
2.627442639939527E-4
2.6239348557908403E-4
2.6204361589239855E-4
2.616946514491491E-4
2.6134658878227194E-4
2.6099942444225845E-4
2.606531549970607E-4
2.6030777703197076E-4
2.599632871495068E-4
2.5961968196932145E-4
2.5927695812809E-4
2.589351122793869E-4
2.5859414109359976E-4
2.582540412578221E-4
2.5791480947574E-4
2.575764424675332E-4
2.5723893696977864E-4
2.56902289735331E-4
2.565664975332431E-4
2.562315571486546E-4
2.558974653826942E-4
2.5556421905237656E-4
2.5523181499050924E-4
2.549002500455973E-4
2.545695210817485E-4
2.5423962497855954E-4
2.539105586310351E-4
2.535823189495024E-4
2.5325490285950093E-4
2.529283073016926E-4
2.5260252923177867E-4
2.522775656203889E-4
2.519534134530152E-4
2.516300697299008E-4
2.5130753146596166E-4
2.5098579569069796E-4
2.506648594480838E-4
2.5034471979652306E-4
2.500253738087137E-4
2.497068185715941E-4
2.493890511862416E-4
2.4907206876780035E-4
2.487558684453744E-4
2.484404473619756E-4
2.4812580267439947E-4
2.4781193155319116E-4
2.4749883118250625E-4
2.4718649876008595E-4
2.4687493149713795E-4
2.465641266182651E-4
2.4625408136139007E-4
2.4594479297767186E-4
2.4563625873143724E-4
2.453284759000819E-4
2.4502144177400507E-4
2.4471515365654095E-4
2.444096088638678E-4
2.441048047249309E-4
2.4380073858138858E-4
2.4349740778750178E-4
2.431948097100934E-4
2.4289294172845572E-4
2.4259180123427859E-4
2.4229138563158624E-4
2.419916923366568E-4
2.4169271877794168E-4
2.4139446239601414E-4
2.410969206434875E-4
2.4080009098493947E-4
2.4050397089685327E-4
2.4020855786754223E-4
2.3991384939708643E-4
2.3961984299724622E-4
2.3932653619141938E-4
2.390339265145584E-4
2.387420115131085E-4
2.3845078874493598E-4
2.381602557792655E-4
2.37870410196616E-4
2.3758124958873756E-4
2.3729277155853324E-4
2.3700497372001707E-4
2.367178536982262E-4
2.364314091291739E-4
2.3614563765978193E-4
2.3586053694781416E-4
2.3557610466182246E-4
2.352923384810771E-4
2.3500923609550656E-4
2.3472679520564817E-4
2.344450135225634E-4
2.341638887678052E-4
2.3388341867334138E-4
2.3360360098149952E-4
2.333244334449078E-4
2.3304591382643822E-4
2.3276803989914798E-4
2.324908094462165E-4
2.3221422026090138E-4
2.3193827014646865E-4
2.3166295691614007E-4
2.3138827839303943E-4
2.3111423241013393E-4
2.3084081681017934E-4
2.3056802944566835E-4
2.3029586817877048E-4
2.300243308812846E-4
2.2975341543457516E-4
2.2948311972953566E-4
2.292134416665065E-4
2.289443791552561E-4
2.2867593011491224E-4
2.2840809247389634E-4
2.2814086416990016E-4
2.278742431498115E-4
2.276082273696767E-4
2.273428147946366E-4
2.2707800339889534E-4
2.268137911656487E-4
2.2655017608705355E-4
2.2628715616416708E-4
2.2602472940688926E-4
2.2576289383394364E-4
2.2550164747280215E-4
2.252409883596387E-4
2.2498091453929635E-4
2.2472142406522824E-4
2.2446251499946162E-4
2.242041854125244E-4
2.239464333834345E-4
2.236892569996316E-4
2.2343265435693078E-4
2.2317662355948655E-4
2.2292116271974255E-4
2.2266626995838575E-4
2.2241194340430183E-4
2.2215818119453664E-4
2.2190498147423384E-4
2.2165234239662578E-4
2.2140026212294953E-4
2.2114873882242474E-4
2.2089777067221738E-4
2.2064735585738021E-4
2.2039749257081963E-4
2.2014817901324702E-4
2.1989941339315257E-4
2.19651193926744E-4
2.1940351883790684E-4
2.1915638635818777E-4
2.1890979472671842E-4
2.1866374219020322E-4
2.1841822700286156E-4
2.1817324742640055E-4
2.1792880172996003E-4
2.1768488819008704E-4
2.1744150509069642E-4
2.171986507230092E-4
2.1695632338554594E-4
2.167145213840724E-4
2.1647324303155515E-4
2.1623248664813277E-4
2.1599225056107447E-4
2.1575253310474293E-4
2.1551333262056287E-4
2.1527464745697315E-4
2.1503647596939028E-4
2.1479881652018755E-4
2.1456166747863678E-4
2.143250272208879E-4
2.1408889412993272E-4
2.138532665955499E-4
2.136181430142981E-4
2.1338352178945684E-4
2.1314940133100542E-4
2.1291578005557825E-4
2.1268265638644295E-4
2.1245002875345048E-4
2.1221789559301496E-4
2.1198625534806306E-4
2.117551064680256E-4
2.115244474087744E-4
2.1129427663260728E-4
2.1106459260821604E-4
2.1083539381063917E-4
2.106066787212504E-4
2.1037844582769906E-4
2.1015069362389672E-4
2.099234206099915E-4
2.0969662529230697E-4
2.0947030618334E-4
2.092444618017197E-4
2.0901909067216803E-4
2.0879419132547393E-4
2.0856976229846402E-4
2.083458021339744E-4
2.0812230938081042E-4
2.0789928259372443E-4
2.0767672033338808E-4
2.0745462116634556E-4
2.0723298366500607E-4
2.0701180640759895E-4
2.0679108797814493E-4
2.0657082696643478E-4
2.0635102196800092E-4
2.061316715840724E-4
2.05912774421559E-4
2.056943290930301E-4
2.054763342166626E-4
2.0525878841623824E-4
2.050416903210935E-4
2.048250385661085E-4
2.0460883179167146E-4
2.0439306864365427E-4
2.0417774777337316E-4
2.0396286783757917E-4
2.0374842749842415E-4
2.0353442542342745E-4
2.0332086028545827E-4
2.0310773076270337E-4
2.0289503553863717E-4
2.0268277330200482E-4
2.0247094274679256E-4
2.0225954257220162E-4
2.020485714826151E-4
2.0183802818758137E-4
2.0162791140178782E-4
2.0141821984503202E-4
2.01208952242195E-4
2.0100010732321773E-4
2.0079168382308848E-4
2.0058368048178762E-4
2.003760960442979E-4
2.0016892926055845E-4
1.9996217888544612E-4
1.9975584367874614E-4
1.9954992240514005E-4
1.9934441383417272E-4
1.9913931674022506E-4
1.9893462990250272E-4
1.9873035210500457E-4
1.9852648213649254E-4
1.9832301879048347E-4
1.9811996086521814E-4
1.9791730716363292E-4
1.9771505649334838E-4
1.9751320766663854E-4
1.973117595004118E-4
1.9711071081618113E-4
1.969100604400553E-4
1.9670980720270544E-4
1.9650994993934828E-4
1.9631048748971913E-4
1.9611141869805643E-4
1.959127424130719E-4
1.9571445748794804E-4
1.9551656278028227E-4
1.9531905715210494E-4
1.9512193946982402E-4
1.9492520860423004E-4
1.947288634304585E-4
1.9453290282797812E-4
1.9433732568056473E-4
1.9414213087628346E-4
1.9394731730746492E-4
1.9375288387069015E-4
1.9355882946676926E-4
1.933651530007151E-4
1.931718533817318E-4
1.9297892952318933E-4
1.9278638034260292E-4
1.9259420476162186E-4
1.9240240170599783E-4
1.9221097010556956E-4
1.920199088942543E-4
1.9182921701001182E-4
1.9163889339483483E-4
1.9144893699472496E-4
1.9125934675968763E-4
1.9107012164369156E-4
1.908812606046675E-4
1.9069276260447597E-4
1.9050462660890425E-4
1.9031685158763393E-4
1.901294365142305E-4
1.8994238036612563E-4
1.8975568212459108E-4
1.895693407747318E-4
1.8938335530545582E-4
1.8919772470947044E-4
1.8901244798325394E-4
1.888275241270413E-4
1.8864295214480033E-4
1.8845873104423195E-4
1.882748598367341E-4
1.8809133753739383E-4
1.8790816316496928E-4
1.877253357418688E-4
1.8754285429414266E-4
1.873607178514488E-4
1.8717892544706566E-4
1.8699747611783998E-4
1.8681636890419644E-4
1.8663560285011894E-4
1.8645517700311063E-4
1.8627509041421408E-4
1.8609534213795943E-4
1.8591593123238007E-4
1.8573685675897086E-4
1.8555811778268554E-4
1.8537971337192103E-4
1.8520164259849548E-4
1.8502390453763724E-4
1.8484649826796715E-4
1.8466942287148768E-4
1.844926774335554E-4
1.8431626104288437E-4
1.841401727915152E-4
1.8396441177480154E-4
1.8378897709140783E-4
1.836138678432775E-4
1.834390831356306E-4
1.8326462207694027E-4
1.8309048377892437E-4
1.829166673565285E-4
1.8274317192790797E-4
1.8256999661442173E-4
1.8239714054060988E-4
1.8222460283417796E-4
1.820523826260001E-4
1.818804790500748E-4
1.8170889124353924E-4
1.8153761834664045E-4
1.8136665950272183E-4
1.8119601385821856E-4
1.810256805626268E-4
1.8085565876851424E-4
1.8068594763147742E-4
1.8051654631015594E-4
1.8034745396619916E-4
1.8017866976425938E-4
1.8001019287198705E-4
1.7984202245999688E-4
1.79674157701877E-4
1.7950659777416056E-4
1.793393418563194E-4
1.7917238913075156E-4
1.7900573878276284E-4
1.7883939000056E-4
1.7867334197523173E-4
1.7850759390074407E-4
1.7834214497391927E-4
1.7817699439443E-4
1.7801214136477708E-4
1.7784758509029776E-4
1.776833247791222E-4
1.7751935964219025E-4
1.773556888932207E-4
1.7719231174870767E-4
1.770292274279078E-4
1.7686643515282173E-4
1.7670393414819178E-4
1.765417236414833E-4
1.7637980286287487E-4
1.7621817104524075E-4
1.7605682742415308E-4
1.7589577123785572E-4
1.7573500172726373E-4
1.7557451813593616E-4
1.754143197100856E-4
1.7525440569855137E-4
1.750947753527904E-4
1.7493542792686848E-4
1.7477636267745753E-4
1.746175788638021E-4
1.7445907574772568E-4
1.7430085259362204E-4
1.7414290866842803E-4
1.7398524324163108E-4
1.7382785558523747E-4
1.7367074497378176E-4
1.7351391068430661E-4
1.7335735199635157E-4
1.7320106819193834E-4
1.7304505855557682E-4
1.7288932237422802E-4
1.7273385893732128E-4
1.7257866753672102E-4
1.7242374746673448E-4
1.7226909802408628E-4
1.721147185079138E-4
1.7196060821976681E-4
1.718067664635772E-4
1.7165319254566677E-4
1.714998857747291E-4
1.7134684546181393E-4
1.7119407092033254E-4
1.7104156146603307E-4
1.7088931641699788E-4
1.707373350936307E-4
1.705856168186535E-4
1.7043416091708168E-4
1.7028296671623387E-4
1.7013203354570452E-4
1.6998136073736753E-4
1.6983094762535893E-4
1.6968079354606945E-4
1.6953089783813355E-4
1.6938125984242752E-4
1.6923187890204556E-4
1.690827543623063E-4
1.6893388557073202E-4
1.6878527187704715E-4
1.6863691263316062E-4
1.6848880719316434E-4
1.6834095491331954E-4
1.6819335515205687E-4
1.6804600726994873E-4
1.6789891062971964E-4
1.677520645962207E-4
1.676054685364425E-4
1.6745912181947889E-4
1.6731302381654174E-4
1.6716717390093585E-4
1.6702157144806172E-4
1.6687621583540182E-4
1.6673110644251462E-4
1.6658624265101162E-4
1.6644162384457488E-4
1.6629724940892736E-4
1.66153118731832E-4
1.660092312030873E-4
1.6586558621450764E-4
1.6572218315992634E-4
1.655790214351833E-4
1.6543610043811172E-4
1.652934195685383E-4
1.65150978228271E-4
1.6500877582109074E-4
1.6486681175274228E-4
1.6472508543092897E-4
1.6458359626529906E-4
1.644423436674475E-4
1.643013270509055E-4
1.6416054583111482E-4
1.6401999942544987E-4
1.6387968725319318E-4
1.6373960873551657E-4
1.6359976329550347E-4
1.634601503581042E-4
1.6332076935016585E-4
1.6318161970039528E-4
1.6304270083936957E-4
1.629040121995117E-4
1.627655532151081E-4
1.626273233222709E-4
1.6248932195895872E-4
1.6235154856494364E-4
1.6221400258182802E-4
1.6207668345301763E-4
1.619395906237231E-4
1.6180272354095556E-4
1.6166608165351222E-4
1.6152966441197527E-4
1.6139347126870035E-4
1.6125750167780836E-4
1.6112175509518803E-4
1.609862309784734E-4
1.6085092878705321E-4
1.6071584798205043E-4
1.6058098802632133E-4
1.604463483844521E-4
1.6031192852274193E-4
1.6017772790920845E-4
1.6004374601357046E-4
1.5990998230724484E-4
1.597764362633432E-4
1.5964310735665794E-4
1.5950999506366298E-4
1.5937709886250614E-4
1.5924441823299303E-4
1.591119526565919E-4
1.5897970161642344E-4
1.5884766459725306E-4
1.5871584108548677E-4
1.5858423056915348E-4
1.5845283253791795E-4
1.5832164648306316E-4
1.581906718974808E-4
1.5805990827566963E-4
1.5792935511373338E-4
1.5779901190936328E-4
1.5766887816184508E-4
1.5753895337204047E-4
1.574092370423894E-4
1.5727972867689627E-4
1.5715042778113484E-4
1.570213338622316E-4
1.5689244642886463E-4
1.567637649912557E-4
1.566352890611689E-4
1.5650701815189382E-4
1.5637895177825328E-4
1.562510894565878E-4
1.561234307047517E-4
1.559959750421113E-4
1.558687219895282E-4
1.557416710693738E-4
1.5561482180549742E-4
1.5548817372324454E-4
1.5536172634943212E-4
1.552354792123551E-4
1.5510943184177665E-4
1.5498358376891928E-4
1.5485793452646866E-4
1.547324836485551E-4
1.5460723067075476E-4
1.5448217513009405E-4
1.5435731656501922E-4
1.54232654515416E-4
1.541081885225868E-4
1.539839181292574E-4
1.5385984287956034E-4
1.5373596231904523E-4
1.5361227599464984E-4
1.5348878345471825E-4
1.5336548424898182E-4
1.5324237792856092E-4
1.5311946404594995E-4
1.5299674215502369E-4
1.5287421181102242E-4
1.5275187257055389E-4
1.5262972399158814E-4
1.5250776563344274E-4
1.5238599705678745E-4
1.5226441782363625E-4
1.521430274973408E-4
1.5202182564258906E-4
1.5190081182539557E-4
1.517799856130931E-4
1.5165934657434204E-4
1.5153889427911362E-4
1.5141862829868235E-4
1.5129854820563422E-4
1.5117865357384825E-4
1.5105894397849826E-4
1.5093941899604972E-4
1.508200782042461E-4
1.5070092118211762E-4
1.5058194750996323E-4
1.5046315676935015E-4
1.5034454854312144E-4
1.502261224153647E-4
1.5010787797143166E-4
1.4998981479792634E-4
1.4987193248269267E-4
1.4975423061481662E-4
1.496367087846247E-4
1.4951936658367317E-4
1.4940220360474619E-4
1.492852194418468E-4
1.4916841369019997E-4
1.4905178594624622E-4
1.4893533580763267E-4
1.4881906287320747E-4
1.487029667430205E-4
1.4858704701832542E-4
1.4847130330155435E-4
1.4835573519633214E-4
1.4824034230747246E-4
1.481251242409553E-4
1.480100806039392E-4
1.478952110047544E-4
1.4778051505289077E-4
1.4766599235900227E-4
1.4755164253490036E-4
1.4743746519354532E-4
1.4732345994904729E-4
1.4720962641665738E-4
1.4709596421276727E-4
1.4698247295490737E-4
1.4686915226173308E-4
1.4675600175302942E-4
1.4664302104970434E-4
1.4653020977378333E-4
1.4641756754840964E-4
1.4630509399782756E-4
1.461927887473979E-4
1.4608065142358053E-4
1.459686816539327E-4
1.4585687906710135E-4
1.457452432928315E-4
1.4563377396195024E-4
1.4552247070636837E-4
1.4541133315906963E-4
1.4530036095411966E-4
1.4518955372664938E-4
1.4507891111285783E-4
1.4496843275000972E-4
1.4485811827642166E-4
1.4474796733147022E-4
1.446379795555808E-4
1.445281545902304E-4
1.4441849207793276E-4
1.443089916622443E-4
1.44199652987759E-4
1.4409047570010318E-4
1.4398145944592575E-4
1.4387260387291052E-4
1.437639086297503E-4
1.436553733661667E-4
1.4354699773288666E-4
1.4343878138165073E-4
1.4333072396520983E-4
1.432228251373064E-4
1.4311508455269238E-4
1.4300750186711106E-4
1.4290007673730027E-4
1.4279280882098053E-4
1.4268569777686906E-4
1.4257874326464664E-4
1.424719449449882E-4
1.4236530247953814E-4
1.4225881553090488E-4
1.421524837626745E-4
1.420463068393903E-4
1.4194028442655925E-4
1.4183441619064602E-4
1.4172870179906473E-4
1.4162314092018295E-4
1.415177332233121E-4
1.4141247837871692E-4
1.4130737605759123E-4
1.4120242593207042E-4
1.4109762767521895E-4
1.409929809610411E-4
1.4088848546446042E-4
1.4078414086132632E-4
1.4067994682840645E-4
1.4057590304338873E-4
1.4047200918487648E-4
1.4036826493238138E-4
1.4026466996631625E-4
1.4016122396800988E-4
1.400579266196878E-4
1.3995477760446795E-4
1.3985177660636832E-4
1.3974892331030197E-4
1.396462174020633E-4
1.39543658568333E-4
1.3944124649667742E-4
1.3933898087554325E-4
1.392368613942482E-4
1.3913488774298374E-4
1.3903305961281723E-4
1.3893137669567917E-4
1.3882983868436163E-4
1.3872844527251828E-4
1.3862719615466648E-4
1.3852609102616911E-4
1.384251295832525E-4
1.3832431152298015E-4
1.382236365432703E-4
1.3812310434287929E-4
1.3802271462140243E-4
1.379224670792831E-4
1.3782236141778257E-4
1.377223973390092E-4
1.376225745458867E-4
1.3752289274217587E-4
1.374233516324534E-4
1.3732395092211382E-4
1.372246903173766E-4
1.3712556952527063E-4
1.370265882536399E-4
1.3692774621112987E-4
1.3682904310720171E-4
1.3673047865210867E-4
1.3663205255691358E-4
1.3653376453347872E-4
1.364356142944474E-4
1.363376015532706E-4
1.3623972602418104E-4
1.3614198742219807E-4
1.3604438546312622E-4
1.359469198635517E-4
1.358495903408443E-4
1.357523966131395E-4
1.3565533839935329E-4
1.3555841541917167E-4
1.354616273930463E-4
1.3536497404219636E-4
1.3526845508860728E-4
1.3517207025501814E-4
1.350758192649255E-4
1.3497970184258982E-4
1.3488371771301608E-4
1.3478786660196319E-4
1.346921482359328E-4
1.345965623421785E-4
1.3450110864869026E-4
1.3440578688420147E-4
1.3431059677818314E-4
1.3421553806083908E-4
1.341206104631037E-4
1.3402581371664394E-4
1.3393114755385865E-4
1.3383661170786378E-4
1.3374220591250022E-4
1.336479299023345E-4
1.3355378341264223E-4
1.3345976617942128E-4
1.3336587793937708E-4
1.3327211842993145E-4
1.331784873892071E-4
1.3308498455604195E-4
1.3299160966996436E-4
1.328983624712166E-4
1.3280524270073535E-4
1.3271225010014613E-4
1.3261938441178073E-4
1.3252664537865256E-4
1.324340327444725E-4
1.3234154625363086E-4
1.3224918565120814E-4
1.3215695068296562E-4
1.3206484109534085E-4
1.319728566354592E-4
1.3188099705111096E-4
1.317892620907684E-4
1.316976515035712E-4
1.3160616503932245E-4
1.315148024485063E-4
1.314235634822529E-4
1.3133244789237204E-4
1.3124145543132447E-4
1.3115058585222623E-4
1.3105983890886378E-4
1.3096921435565642E-4
1.3087871194768973E-4
1.3078833144069494E-4
1.306980725910512E-4
1.3060793515577774E-4
1.3051791889254238E-4
1.3042802355965055E-4
1.303382489160525E-4
1.3024859472132188E-4
1.301590607356812E-4
1.300696467199793E-4
1.2998035243569274E-4
1.298911776449288E-4
1.2980212211042273E-4
1.29713185595531E-4
1.2962436786423533E-4
1.2953566868113223E-4
1.2944708781144397E-4
1.2935862502100337E-4
1.292702800762551E-4
1.2918205274426489E-4
1.2909394279269558E-4
1.2900594998983437E-4
1.2891807410455753E-4
1.2883031490635785E-4
1.287426721653226E-4
1.2865514565214576E-4
1.2856773513811543E-4
1.2848044039511303E-4
1.2839326119562012E-4
1.2830619731271178E-4
1.2821924852004252E-4
1.281324145918707E-4
1.2804569530302964E-4
1.2795909042894564E-4
1.278725997456171E-4
1.277862230296348E-4
1.2769996005816553E-4
1.2761381060894783E-4
1.275277744603014E-4
1.2744185139111776E-4
1.2735604118085803E-4
1.2727034360955904E-4
1.271847584578165E-4
1.270992855068011E-4
1.2701392453824377E-4
1.2692867533444053E-4
1.2684353767824415E-4
1.2675851135306746E-4
1.2667359614288134E-4
1.2658879183221312E-4
1.2650409820614593E-4
1.264195150503045E-4
1.2633504215087905E-4
1.262506792945918E-4
1.2616642626872565E-4
1.2608228286109958E-4
1.2599824886007986E-4
1.2591432405456896E-4
1.2583050823401497E-4
1.2574680118840234E-4
1.2566320270824654E-4
1.2557971258460941E-4
1.254963306090732E-4
1.2541305657375442E-4
1.2532989027130324E-4
1.2524683149489716E-4
1.2516388003823453E-4
1.2508103569554505E-4
1.249982982615675E-4
1.2491566753158214E-4
1.2483314330137595E-4
1.2475072536725305E-4
1.24668413526037E-4
1.2458620757506832E-4
1.2450410731219608E-4
1.244221125357816E-4
1.2434022304469794E-4
1.2425843863832494E-4
1.2417675911654722E-4
1.240951842797577E-4
1.2401371392884816E-4
1.2393234786521975E-4
1.2385108589076584E-4
1.2376992780788358E-4
1.2368887341946216E-4
1.2360792252888935E-4
1.2352707494004878E-4
1.234463304573152E-4
1.233656888855506E-4
1.2328515003010902E-4
1.2320471369683535E-4
1.2312437969205753E-4
1.2304414782258484E-4
1.2296401789571758E-4
1.2288398971923016E-4
1.2280406310138462E-4
1.22724237850915E-4
1.2264451377703498E-4
1.2256489068943798E-4
1.2248536839828543E-4
1.2240594671421605E-4
1.22326625448337E-4
1.2224740441222931E-4
1.2216828341793444E-4
1.220892622779729E-4
1.2201034080531975E-4
1.2193151881341872E-4
1.2185279611617983E-4
1.2177417252796673E-4
1.2169564786360729E-4
1.2161722193838789E-4
1.2153889456805144E-4
1.214606655687954E-4
1.2138253475727191E-4
1.2130450195058924E-4
1.2122656696630131E-4
1.2114872962241611E-4
1.2107098973738857E-4
1.209933471301212E-4
1.2091580161996277E-4
1.2083835302670601E-4
1.2076100117058861E-4
1.206837458722871E-4
1.2060658695292084E-4
1.205295242340459E-4
1.2045255753765941E-4
1.2037568668619197E-4
1.2029891150251169E-4
1.2022223180991657E-4
1.2014564743214336E-4
1.2006915819335324E-4
1.1999276391814253E-4
1.1991646443153257E-4
1.1984025955897465E-4
1.1976414912634213E-4
1.1968813295993531E-4
1.1961221088648124E-4
1.1953638273312192E-4
1.194606483274236E-4
1.193850074973767E-4
1.193094600713814E-4
1.1923400587825837E-4
1.1915864474724581E-4
1.1908337650799587E-4
1.1900820099057279E-4
1.1893311802545093E-4
1.1885812744351908E-4
1.1878322907607079E-4
1.1870842275481792E-4
1.1863370831186169E-4
1.1855908557973022E-4
1.1848455439133685E-4
1.184101145800106E-4
1.1833576597948015E-4
1.1826150842387193E-4
1.1818734174771532E-4
1.181132657859359E-4
1.1803928037385715E-4
1.1796538534720101E-4
1.1789158054207996E-4
1.1781786579500505E-4
1.1774424094287644E-4
1.1767070582298567E-4
1.1759726027301589E-4
1.1752390413104196E-4
1.1745063723552195E-4
1.173774594253007E-4
1.1730437053961332E-4
1.1723137041807512E-4
1.171584589006864E-4
1.1708563582782847E-4
1.1701290104026463E-4
1.1694025437914003E-4
1.1686769568597586E-4
1.1679522480267038E-4
1.1672284157149702E-4
1.1665054583511389E-4
1.1657833743654345E-4
1.1650621621918017E-4
1.1643418202680269E-4
1.1636223470355132E-4
1.1629037409393241E-4
1.16218600042833E-4
1.1614691239549888E-4
1.1607531099754264E-4
1.1600379569495042E-4
1.1593236633406168E-4
1.1586102276158904E-4
1.1578976482460175E-4
1.1571859237053045E-4
1.1564750524716726E-4
1.1557650330266692E-4
1.155055863855356E-4
1.1543475434464237E-4
1.153640070292054E-4
1.152933442888067E-4
1.1522276597337302E-4
1.1515227193319139E-4
1.1508186201889782E-4
1.1501153608148054E-4
1.1494129397227087E-4
1.1487113554295715E-4
1.1480106064557347E-4
1.1473106913249747E-4
1.146611608564547E-4
1.145913356705164E-4
1.1452159342809629E-4
1.144519339829502E-4
1.1438235718917593E-4
1.1431286290121328E-4
1.1424345097384023E-4
1.1417412126217404E-4
1.141048736216713E-4
1.1403570790812009E-4
1.1396662397765432E-4
1.1389762168672891E-4
1.1382870089214719E-4
1.1375986145103063E-4
1.1369110322084874E-4
1.13622426059388E-4
1.1355382982477076E-4
1.1348531437544927E-4
1.134168795702017E-4
1.133485252681361E-4
1.1328025132868528E-4
1.1321205761160205E-4
1.1314394397697429E-4
1.1307591028520288E-4
1.1300795639702014E-4
1.1294008217347233E-4
1.1287228747593192E-4
1.1280457216608561E-4
1.1273693610594463E-4
1.1266937915783385E-4
1.126019011843976E-4
1.1253450204859366E-4
1.1246718161369926E-4
1.123999397433013E-4
1.1233277630130255E-4
1.1226569115191316E-4
1.1219868415966712E-4
1.1213175518939668E-4
1.1206490410624559E-4
1.119981307756734E-4
1.1193143506344234E-4
1.118648168356248E-4
1.1179827595859441E-4
1.1173181229903295E-4
1.1166542572392857E-4
1.115991161005721E-4
1.115328832965571E-4
1.1146672717977623E-4
1.1140064761842447E-4
1.1133464448100298E-4
1.1126871763630291E-4
1.11202866953421E-4
1.1113709230174816E-4
1.110713935509696E-4
1.110057705710774E-4
1.1094022323234399E-4
1.1087475140534739E-4
1.108093549609513E-4
1.1074403377032281E-4
1.1067878770490674E-4
1.106136166364496E-4
1.1054852043698467E-4
1.1048349897883329E-4
1.104185521346071E-4
1.1035367977720309E-4
1.102888817798104E-4
1.1022415801589947E-4
1.1015950835922651E-4
1.100949326838341E-4
1.1003043086404715E-4
1.0996600277447477E-4
1.0990164829000667E-4
1.0983736728581446E-4
1.097731596373522E-4
1.0970902522035096E-4
1.0964496391082247E-4
1.0958097558505532E-4
1.0951706011961662E-4
1.0945321739134775E-4
1.0938944727737297E-4
1.0932574965508053E-4
1.0926212440214574E-4
1.0919857139650503E-4
1.0913509051638011E-4
1.090716816402509E-4
1.0900834464688125E-4
1.0894507941529905E-4
1.0888188582480116E-4
1.0881876375495852E-4
1.0875571308560464E-4
1.086927336968463E-4
1.086298254690522E-4
1.0856698828285962E-4
1.0850422201917017E-4
1.0844152655915224E-4
1.0837890178423385E-4
1.0831634757611231E-4
1.0825386381673918E-4
1.0819145038833662E-4
1.0812910717338109E-4
1.080668340546099E-4
1.0800463091502746E-4
1.0794249763788406E-4
1.0788043410669947E-4
1.0781844020524864E-4
1.0775651581755707E-4
1.0769466082791176E-4
1.0763287512085496E-4
1.0757115858117867E-4
1.0750951109393595E-4
1.0744793254442971E-4
1.0738642281821054E-4
1.0732498180109022E-4
1.0726360937912377E-4
1.0720230543861919E-4
1.0714106986613891E-4
1.0707990254848385E-4
1.0701880337271197E-4
1.0695777222613063E-4
1.0689680899628499E-4
1.0683591357097343E-4
1.0677508583823866E-4
1.0671432568636603E-4
1.0665363300389195E-4
1.0659300767958636E-4
1.0653244960246854E-4
1.0647195866180125E-4
1.0641153474708522E-4
1.063511777480649E-4
1.062908875547244E-4
1.0623066405728584E-4
1.0617050714621148E-4
1.0611041671220355E-4
1.0605039264620018E-4
1.059904348393779E-4
1.0593054318314858E-4
1.0587071756916011E-4
1.058109578892956E-4
1.0575126403567609E-4
1.056916359006494E-4
1.0563207337680376E-4
1.0557257635695503E-4
1.055131447341555E-4
1.0545377840168493E-4
1.0539447725305603E-4
1.0533524118201181E-4
1.052760700825237E-4
1.0521696384879309E-4
1.0515792237524812E-4
1.0509894555654965E-4
1.0504003328757666E-4
1.0498118546344133E-4
1.0492240197948382E-4
1.0486368273126078E-4
1.0480502761456132E-4
1.047464365253981E-4
1.0468790936000128E-4
1.0462944601482952E-4
1.0457104638656398E-4
1.0451271037210251E-4
1.0445443786856825E-4
1.0439622877330528E-4
1.0433808298387298E-4
1.0428000039805668E-4
1.0422198091385647E-4
1.0416402442948777E-4
1.041061308433909E-4
1.040483000542164E-4
1.0399053196083467E-4
1.0393282646233396E-4
1.0387518345801178E-4
1.0381760284738472E-4
1.0376008453018528E-4
1.0370262840635236E-4
1.0364523437604533E-4
1.0358790233963415E-4
1.0353063219769366E-4
1.0347342385102196E-4
1.0341627720062035E-4
1.0335919214769973E-4
1.0330216859368363E-4
1.0324520644020619E-4
1.0318830558910672E-4
1.0313146594243124E-4
1.0307468740243444E-4
1.0301796987158313E-4
1.0296131325254519E-4
1.0290471744819209E-4
1.0284818236160989E-4
1.027917078960772E-4
1.027352939550852E-4
1.026789404423269E-4
1.026226472616976E-4
1.025664143172983E-4
1.0251024151342388E-4
1.0245412875458118E-4
1.0239807594546897E-4
1.0234208299099344E-4
1.0228614979625826E-4
1.0223027626656324E-4
1.0217446230741032E-4
1.0211870782450204E-4
1.0206301272373496E-4
1.0200737691120238E-4
1.0195180029319813E-4
1.018962827762099E-4
1.0184082426692249E-4
1.0178542467221524E-4
1.0173008389916153E-4
1.0167480185502825E-4
1.0161957844728041E-4
1.015644135835713E-4
1.0150930717175231E-4
1.014542591198587E-4
1.0139926933612764E-4
1.0134433772897876E-4
1.0128946420702903E-4
1.012346486790813E-4
1.0117989105413181E-4
1.0112519124136272E-4
1.0107054915014445E-4
1.0101596469003853E-4
1.0096143777079819E-4
1.0090696830235396E-4
1.0085255619483123E-4
1.0079820135853811E-4
1.0074390370396597E-4
1.006896631418018E-4
1.0063547958290678E-4
1.0058135293833197E-4
1.0052728311930753E-4
1.0047327003725686E-4
1.0041931360377641E-4
1.003654137306489E-4
1.003115703298403E-4
1.0025778331349577E-4
1.0020405259394452E-4
1.0015037808369382E-4
1.0009675969543221E-4
1.000431973420295E-4
9.998969093653084E-5
The correct rate for BP: 100.00% 
