2.5388167992626114
0.3531215722115901
0.42086589527442075
0.012884875035876231
0.003747590440586666
0.0032165861640029605
0.0028232201565527126
0.0025163225220774764
0.0022702125517786802
0.00206842525009674
0.0018999324901455075
0.0017570817025462618
0.0016344005374134447
0.0015278733912501253
0.0014344871332981912
0.0013519365036904181
0.001278427532378914
0.001212543006160023
0.0011531483049103122
0.001099324156096507
0.0010503177393510498
0.0010055065518344878
9.643713089089831E-4
9.264753478331229E-4
8.914487822238568E-4
8.589761748393052E-4
8.287868487740644E-4
8.006472001463684E-4
7.743545453520711E-4
7.497321565389259E-4
7.266252255802999E-4
7.048975598039276E-4
6.844288590224719E-4
6.651124577928135E-4
6.468534426116061E-4
6.29567073262759E-4
6.131774524198569E-4
5.976163990588325E-4
5.828224901125394E-4
5.687402417279666E-4
5.553194069318907E-4
5.425143708175443E-4
5.302836277913194E-4
5.185893281609849E-4
5.073968835529458E-4
4.966746224311098E-4
4.86393488440125E-4
4.765267754805569E-4
4.670498943954158E-4
4.5794016694801465E-4
4.4917664343370125E-4
4.407399408182072E-4
4.326120987539152E-4
4.2477645120951243E-4
4.172175117705401E-4
4.0992087094015765E-4
4.0287310399889575E-4
3.9606168817683633E-4
3.8947492805725095E-4
3.831018882718679E-4
3.769323326687256E-4
3.7095666923719504E-4
3.6516590016369313E-4
3.5955157646846877E-4
3.5410575674021233E-4
3.4882096954251047E-4
3.4369017911630047E-4
3.387067540456653E-4
3.338644385922617E-4
3.29157326436707E-4
3.2457983659415997E-4
3.201266912967874E-4
3.1579289565802904E-4
3.115737189533179E-4
3.07464677369182E-4
3.0346151808793734E-4
2.995602045888163E-4
2.9575690305833855E-4
2.9204796981337384E-4
2.8842993964989515E-4
2.848995150388222E-4
2.814535560979258E-4
2.780890712754657E-4
2.748032086872854E-4
2.715932480544753E-4
2.6845659319351707E-4
2.653907650152647E-4
2.6239339499292555E-4
2.594622190627656E-4
2.5659507192444213E-4
2.5378988171075517E-4
2.510446649991092E-4
2.483575221394423E-4
2.4572663287538094E-4
2.4315025223738647E-4
2.4062670668836936E-4
2.381543905038464E-4
2.3573176237009792E-4
2.333573421852498E-4
2.310297080491611E-4
2.2874749342936688E-4
2.265093844910632E-4
2.2431411758023546E-4
2.2216047684971488E-4
2.200472920188355E-4
2.179734362579191E-4
2.15937824189658E-4
2.1393940999979387E-4
2.1197718565027404E-4
2.1005017918842396E-4
2.0815745314617276E-4
2.062981030237593E-4
2.0447125585278152E-4
2.026760688338095E-4
2.0091172804402986E-4
1.9917744721079236E-4
1.974724665471604E-4
1.9579605164584288E-4
1.9414749242811275E-4
1.9252610214453132E-4
1.9093121642458464E-4
1.8936219237235879E-4
1.878184077057798E-4
1.8629925993691332E-4
1.8480416559107576E-4
1.8333255946265925E-4
1.8188389390561918E-4
1.8045763815680282E-4
1.7905327769032625E-4
1.7767031360136005E-4
1.763082620177809E-4
1.7496665353821934E-4
1.7364503269513078E-4
1.7234295744160343E-4
1.71059998660694E-4
1.6979573969611914E-4
1.6854977590327275E-4
1.6732171421949649E-4
1.661111727526732E-4
1.6491778038726164E-4
1.6374117640686147E-4
1.6258101013253304E-4
1.6143694057614506E-4
1.6030863610794384E-4
1.591957741377585E-4
1.5809804080911348E-4
1.5701513070572122E-4
1.5594674656968936E-4
1.5489259903097847E-4
1.538524063475406E-4
1.5282589415565977E-4
1.518127952300593E-4
1.5081284925327692E-4
1.4982580259393722E-4
1.48851408093531E-4
1.478894248612648E-4
1.4693961807669525E-4
1.4600175879975517E-4
1.450756237878931E-4
1.4416099531996168E-4
1.4325766102662988E-4
1.4236541372698842E-4
1.414840512711114E-4
1.4061337638831485E-4
1.3975319654088562E-4
1.3890332378301806E-4
1.3806357462477708E-4
1.372337699008898E-4
1.3641373464410626E-4
1.3560329796301373E-4
1.3480229292408083E-4
1.340105564377879E-4
1.3322792914864442E-4
1.3245425532897544E-4
1.3168938277632045E-4
1.3093316271426672E-4
1.3018544969664722E-4
1.294461015149E-4
1.2871497910853092E-4
1.279919464785143E-4
1.2727687060354564E-4
1.265696213590176E-4
1.258700714386382E-4
1.251780962785819E-4
1.2449357398405664E-4
1.2381638525824193E-4
1.231464133334717E-4
1.224835439045937E-4
1.218276650644347E-4
1.211786672412611E-4
1.2053644313822888E-4
1.1990088767463975E-4
1.1927189792908667E-4
1.1864937308428431E-4
1.1803321437360562E-4
1.1742332502922098E-4
1.1681961023183812E-4
1.1622197706191397E-4
1.1563033445234474E-4
1.1504459314255805E-4
1.1446466563396293E-4
1.1389046614671087E-4
1.1332191057772125E-4
1.1275891645994689E-4
1.1220140292278955E-4
1.1164929065369435E-4
1.1110250186081534E-4
1.1056096023677922E-4
1.100245909234536E-4
1.0949332047773778E-4
1.0896707683828652E-4
1.084457892932082E-4
1.0792938844863134E-4
1.0741780619815693E-4
1.0691097569316441E-4
1.0640883131392623E-4
1.059113086415117E-4
1.0541834443046214E-4
1.049298765822244E-4
1.0444584411926436E-4
1.0396618715992005E-4
1.0349084689390512E-4
1.0301976555845964E-4
1.0255288641517022E-4
1.0209015372735266E-4
1.0163151273807586E-4
1.0117690964873288E-4
1.0072629159819081E-4
1.0027960664246179E-4
9.983680373492602E-5
The correct rate for BP: 100.00% 
